1
36.0104,57.6318,69.1885,86.8551
38.1753,60.0323,70.8091,89.9790
44.2591,67.5678,70.7142,90.6467
52.0325,72.3877,73.9978,86.5527
59.4898,75.4725,75.5161,85.1813
66.6095,78.3264,77.4059,83.1779
74.0155,82.0080,78.2626,81.4997
89.9296,85.0652,75.6774,82.2300
98.0414,87.0496,74.8895,81.0589
106.7474,87.7413,74.6648,82.0563
116.6267,89.2932,73.3279,83.4961
125.6169,89.2331,71.4404,86.3609
133.0316,88.9424,69.2443,87.9160
137.7670,86.7649,67.0813,89.4427
141.9669,84.7177,66.4888,91.5793
146.2819,81.2850,66.2895,94.3231
151.5127,78.6154,66.3690,95.6494
163.7933,75.7018,65.1145,95.4033
178.7700,72.5441,65.3531,92.8946
194.9607,69.4100,65.7285,90.1656
202.7855,72.1375,70.3932,83.7998
220.8391,72.7792,70.9977,80.5388
237.9949,72.5891,71.0570,79.3663
253.2223,73.0377,70.4500,78.6124
268.7489,75.7132,69.6240,78.4433
276.7606,74.7530,69.5845,79.3569
285.1859,73.4886,69.6525,81.8973
292.3385,72.1090,66.6496,84.0918
294.1609,70.2475,64.4482,86.0391
289.2100,71.5975,63.2211,85.4770
278.5856,70.4832,63.4499,86.2597
265.1544,71.6139,63.8286,84.3220
251.3734,70.5643,65.2925,82.8261
238.5953,72.0388,65.9642,82.2937
224.3497,72.7215,66.8172,82.1053
208.7418,72.8829,67.5044,81.8066
192.5484,70.1255,67.9309,81.7662
178.9766,74.9865,67.3091,81.4256
173.0819,79.9774,65.6301,79.4647
159.9380,85.2488,65.7252,79.8677
151.0153,87.3805,64.8628,80.9897
146.2907,92.8800,63.5957,79.5970
138.9429,95.8210,64.6970,78.3813
134.3050,90.7411,63.6080,82.5980
128.8116,90.0992,63.4857,84.2777
123.6365,88.8173,64.0655,85.7740
119.4128,88.3262,65.1954,86.2537
116.1829,86.7813,66.7535,87.4661
112.9843,84.9341,68.6513,87.6155
113.3950,85.4706,66.9367,89.1039
115.0780,85.8954,65.8529,89.2491
120.0005,81.9477,67.9425,88.1539
134.1808,82.3045,68.6308,88.6024
151.6231,81.0710,68.8560,85.8033
169.7831,80.9560,69.5245,83.7539
187.4558,74.9194,69.4150,82.2427
206.2693,75.1067,69.4067,79.2630
228.4768,80.3048,66.5912,78.6026
243.8306,78.1084,64.4396,77.1991
257.8104,79.8723,63.6597,76.4651
271.8153,79.6620,64.0301,77.4250
286.3504,77.1502,64.0682,80.4611
297.2030,74.2607,63.4333,84.5534
303.5123,67.0947,64.0398,85.3890
309.7302,66.0335,63.8056,86.1650
312.7920,63.7601,63.8278,87.7970
308.8431,64.2034,63.1741,87.9621
300.7485,65.4565,64.4874,87.4543
286.4545,69.7208,65.9397,89.8107
269.4254,75.3025,66.2706,91.7853
250.0781,79.0893,69.3526,91.2353
224.1164,79.8273,72.6095,87.3767
204.7572,81.5927,75.4248,82.4652
185.0412,84.1923,76.7953,80.4893
162.9709,84.9580,76.9075,80.6082
140.8742,85.2080,77.1551,83.2855
118.8178,82.6590,80.9268,89.6091
97.0407,79.1994,84.7664,95.1704
79.0259,73.6164,86.5118,98.3221
63.0581,68.2626,86.8262,99.3749
39.4345,61.2723,91.4062,101.1842
24.5035,64.5292,98.4213,98.4799
7.7728,69.1449,100.6726,92.4502
-1.3530,72.9396,96.4192,89.5088
-0.1922,72.4670,92.0466,86.5498
0.0212,72.5090,89.8099,83.6411
0.3988,73.0080,87.3361,81.9794
-0.1726,72.7731,86.7449,82.1312
2.1409,73.6061,85.8504,78.2270
4.1623,76.1217,84.6567,76.3027
5.1844,78.8736,84.1484,73.5224
7.8333,80.1809,83.9478,72.7033
9.0889,76.6656,80.3897,75.8078
21.9158,76.3779,76.2566,80.8157
26.5924,75.2376,76.6401,80.6590
42.1477,80.1997,75.3793,80.4373
45.9910,85.4298,75.4084,79.2617
53.1351,88.5672,75.9659,77.0349
68.9520,89.6212,73.4009,79.8090
81.5011,90.4939,73.3860,82.4952
96.6417,91.9071,75.2181,83.9489
115.2753,93.3099,75.2364,85.6701
132.9359,96.6142,74.4132,87.6158
159.4532,98.5110,74.4388,86.6711
176.9267,90.3406,75.3007,83.3919
197.9089,85.2133,76.5457,80.0635
224.9212,108.3761,74.5575,80.7664
247.9712,110.6369,72.4433,80.6888
272.1630,113.2526,74.6600,80.4183
290.1894,115.0936,76.4290,80.4459
308.4374,110.7348,78.4861,81.3915
325.9400,107.1712,78.2147,82.7660
343.3045,101.9194,76.8713,81.9227
350.0071,98.7131,74.3421,81.9209
355.2462,95.0456,73.4388,83.0773
355.9207,92.2112,73.9052,85.2719
349.2268,88.2434,75.0861,84.9321
340.5410,81.6288,74.9762,86.4064
323.7792,74.9869,78.2051,90.0851
312.9840,71.5043,82.2712,94.4310
295.2351,69.0954,87.0957,98.7341
284.0289,70.5445,92.4903,101.9227
275.5576,76.5465,93.9261,105.8592
268.2443,85.7441,95.3137,104.2850
262.8676,88.3407,95.8150,104.0819
258.1108,88.4932,96.2441,105.1796
255.8566,84.5360,94.1199,107.1546
253.1673,83.6546,90.6951,114.5374
244.9386,85.2935,95.4531,112.7516
238.8754,80.9759,99.0195,113.4723
221.7100,77.7358,103.0452,111.0278
193.0773,71.9769,103.7661,103.2041
176.6497,73.8197,104.1189,95.8309
163.1520,75.5569,101.4359,90.5494
167.1196,80.0557,98.7387,86.2917
175.9223,83.2918,96.9664,84.7619
193.3921,80.3024,93.9244,86.0741
211.9193,81.6954,89.3010,86.9520
228.3618,82.7039,85.7252,88.3892
239.3568,91.5842,82.0556,86.4953
245.6458,95.2086,79.0761,84.5677
249.9537,100.1587,76.1375,82.4519
252.7118,102.7634,72.5006,80.3310
250.4655,103.6990,70.1077,79.4238
245.7489,105.2823,69.1449,78.3698
240.5453,107.1772,67.6679,77.7049
234.6160,107.0741,67.0532,76.2340
230.0022,105.3305,66.3256,73.6718
225.2997,96.4701,65.3589,72.2269
226.7579,91.6734,63.5607,73.4077
235.4197,89.0873,62.5295,74.4595
247.2878,84.1108,61.1846,74.2891
262.5756,85.2331,62.3692,72.9138
278.1900,85.9963,62.7426,74.5084
293.4273,85.1616,61.7377,78.1125
301.0631,77.6966,61.5294,81.2067
306.4392,72.1172,62.4046,82.5252
311.2636,71.5710,62.1937,86.5094
313.1153,68.5863,59.7736,85.8108
309.8801,69.3293,62.0307,86.3288
305.4785,74.7941,61.3122,87.3374
300.1286,77.8325,61.4427,87.6066
293.8795,83.8336,61.8584,90.5763
287.1101,92.8304,62.5823,91.5267
280.8283,100.1722,62.9961,94.9457
278.0490,100.2649,64.4998,95.1346
272.7425,97.7261,71.8205,95.2633
265.6010,93.8725,77.8100,97.1039
248.8140,85.2572,83.4808,95.5393
236.5752,77.0598,88.1446,90.9646
224.5446,74.1750,90.2082,88.6512
210.6254,73.4293,91.1237,85.8983
211.1894,73.4209,90.2913,84.3157
209.5304,72.9978,87.0137,82.3969
206.9577,74.0072,84.7192,80.2197
199.1128,77.7076,86.5581,78.5544
181.1740,82.2963,87.9586,77.4933
167.8981,89.0957,88.2670,75.1405
160.9100,94.9503,85.5571,75.3797
166.1673,98.4397,86.0017,73.8781
172.2336,98.5778,86.3648,75.0133
174.7186,94.7668,86.6113,76.3563
176.3272,91.0946,86.9644,79.0723
185.2753,87.9550,84.3184,80.5986
191.7940,87.8720,80.8578,80.6885
198.7001,86.8311,77.9694,79.5878
203.7610,86.0895,74.8640,79.9356
207.7346,85.0618,73.8046,78.5694
213.8363,85.4179,74.4061,76.2961
221.6028,79.9552,71.6206,75.0319
219.7262,76.6522,68.1583,75.5164
220.8495,75.5648,67.6655,75.3393
222.4282,76.3210,67.1327,77.9516
221.0761,73.3122,67.3801,78.8893
224.6164,72.0554,65.0984,79.7954
224.1006,76.8080,64.1784,77.7254
225.2229,80.9889,63.5302,75.0372
225.3464,82.9633,63.2004,73.9466
224.3731,81.7739,63.3775,73.8569
228.9843,79.9579,64.4152,74.4342
241.0114,78.1660,66.7221,77.3082
256.0412,76.5948,70.7942,78.0161
273.5205,74.7923,71.8579,81.6762
280.8214,72.2437,72.9738,86.5256
273.0473,69.5013,77.1283,87.5624
261.9460,71.9672,80.3741,89.2608
245.1065,74.6984,81.1340,89.1578
239.7975,77.6701,80.3550,89.3340
244.2262,79.9820,77.9853,88.4410
249.0817,81.6525,76.8478,87.9489
245.2837,84.1690,76.1209,89.2774
230.0303,82.5448,76.3785,85.5276
215.5002,81.1267,76.5350,83.7756
197.4386,81.0393,78.6135,79.5780
180.9723,86.8301,77.1535,75.3948
165.8639,94.9844,74.0368,72.4025
157.3295,101.7088,71.4493,70.0060
154.9322,107.1087,68.9374,68.4969
157.8476,108.0298,68.5843,70.2355
163.7798,101.5046,68.8021,77.1244
170.0327,94.9431,70.5975,79.9063
176.7575,86.6891,69.6578,81.8465
189.6452,74.8332,69.5464,83.6222
198.9842,65.0242,67.3144,85.4681
216.3083,61.0103,67.1566,87.2634
228.6339,52.8277,68.0017,91.1091
236.1180,52.1324,68.9289,90.2282
241.4756,59.7723,69.1012,87.4943
242.9143,67.6154,69.0509,85.2306
240.7265,74.6025,69.0953,85.9540
233.2086,77.4495,72.1977,83.1620
225.1720,80.3894,71.7617,82.4855
210.4138,82.7010,76.5819,80.2899
195.8243,91.8205,77.7626,73.9998
188.1563,100.7504,79.0607,69.3619
188.3410,107.8644,78.6997,69.3706
190.1348,110.1848,78.5461,71.5115
194.0002,102.4895,77.9497,72.4430
200.1470,91.1463,78.0862,73.7197
208.3513,84.4227,75.8923,76.2734
220.8205,80.5595,75.7363,79.0616
223.2569,81.8918,76.4581,79.1291
229.7842,82.9168,74.8874,81.6151
233.5382,85.4343,74.1464,83.3667
244.6918,86.0379,72.4485,82.8549
248.1357,91.0453,71.4266,81.2900
247.5114,93.8569,69.9716,82.5882
244.7934,92.9025,68.5585,86.3072
237.1814,93.7260,71.7906,87.6136
222.8842,96.4043,73.8368,87.4875
217.6478,97.1485,74.6120,88.6757
209.6000,103.3757,74.9454,87.0388
205.7782,107.7852,75.0775,85.4371
202.7169,117.7167,76.2173,81.0274
203.0609,120.2203,77.1267,77.5943
207.5995,118.5747,75.4333,75.8445
213.7515,104.9198,74.0943,73.9936
221.4959,98.9664,72.4227,70.6377
229.7176,89.2765,70.7781,68.8599
235.0242,92.9176,70.2079,66.6782
233.9640,93.8744,69.9277,65.5498
227.1987,91.6429,70.8039,68.6660
219.0807,90.6645,72.4972,72.3754
204.3835,89.6824,73.7664,76.8523
197.2211,87.9915,74.3415,82.2146
194.0726,80.2844,74.8691,87.9998
200.7834,69.3087,78.0202,94.9441
204.7563,67.7035,80.8752,97.5556
206.3481,65.5352,84.0847,101.6784
203.6592,58.5213,85.6297,102.0771
201.2739,59.3518,86.9267,103.6148
198.1632,60.8906,88.3859,103.3005
193.4924,60.7733,91.2325,104.0368
185.8219,64.0194,94.6206,101.7266
179.4653,60.6576,97.5160,93.2167
172.3363,64.7218,99.9829,89.7770
155.6457,69.5494,97.9441,87.5328
133.2995,74.8972,93.6302,87.5648
133.2040,77.4428,90.5546,86.9067
130.5686,75.7041,88.6675,88.0123
130.1529,67.9490,86.0471,87.8498
140.2869,64.3460,83.6541,89.3517
161.4534,57.5004,86.4856,85.7939
186.0631,56.3255,86.1294,85.4417
205.8599,61.3714,87.2790,88.3323
225.7159,67.6455,85.9464,91.2995
248.6463,75.9292,85.8982,94.3155
263.2119,82.5559,84.5989,97.1391
271.5244,79.6770,83.7726,99.0893
267.9175,75.8108,84.1056,101.9067
263.0521,73.1160,84.6731,103.4502
257.6548,76.6396,89.5825,102.6761
252.2166,80.6503,92.9795,102.1181
249.3637,78.9655,93.8519,105.0156
247.4901,77.4000,95.1311,105.6809
247.2338,79.5892,96.0241,105.9134
243.3688,79.0175,100.4779,107.5193
241.2623,78.9207,103.8194,110.0138
241.8556,80.5588,103.9462,112.2350
245.9286,78.0085,100.6761,116.5831
232.7139,84.0888,100.8432,114.1913
223.0360,86.3312,99.4180,112.2815
219.2705,90.7978,93.9304,109.3443
230.7357,93.2572,84.5389,110.1390
244.7708,92.9413,78.1615,108.7991
253.2814,94.3191,74.9426,105.0825
253.6643,90.4276,73.4473,103.0371
250.0117,85.4466,72.8390,102.6204
248.9629,83.4988,72.4485,101.3643
251.1338,84.3173,70.9275,101.5147
251.3219,80.7314,69.7290,99.5886
244.8371,71.8479,70.3973,103.1473
219.4900,63.9647,81.3699,95.7160
187.4646,67.5508,84.3484,88.9350
171.0257,72.7660,86.0974,84.4977
161.6719,76.9676,86.4165,83.5176
177.3400,74.4737,89.1291,84.7379
199.4270,70.1563,90.7639,86.6878
237.8914,66.1152,88.5080,92.6601
270.4955,69.4104,93.2642,93.3725
289.9458,66.2476,91.1131,98.1609
291.0436,59.7693,90.1530,99.3042
270.9450,61.0698,85.6519,97.1319
236.7810,61.2556,91.8622,97.4919
223.9799,76.4089,95.6517,99.1624
203.7652,92.6648,100.1966,98.2575
186.5701,107.6553,103.5631,93.7600
181.7305,117.3425,103.6114,90.6616
190.0034,114.9299,99.2393,92.1103
200.2210,97.4293,93.9342,96.4456
220.4302,87.3031,83.6284,101.3316
239.2708,71.8512,76.4596,103.8915
238.7020,70.9508,76.2070,100.5779
227.5214,69.8990,79.6002,97.0455
214.6391,80.4418,84.7671,91.7955
203.3955,95.2693,86.2940,86.4188
200.6214,109.2776,86.2450,86.0973
211.9544,116.7469,82.8781,83.6855
236.2290,120.5824,78.7623,82.6482
264.7714,115.7630,77.0160,84.2445
292.3542,108.2032,81.9277,86.8123
322.9291,95.5001,82.1019,90.3534
331.6938,85.4129,81.6940,92.0953
309.9949,78.0787,81.2802,91.1992
284.9183,69.1175,79.4080,90.8233
255.2496,68.7687,78.2729,94.6422
232.6970,71.2728,85.2843,93.3356
200.5689,79.8880,93.9962,88.3507
168.4624,86.2223,94.8134,85.7854
139.3452,92.7811,93.4151,84.3906
139.8539,98.8358,89.4812,83.7784
146.6056,107.3431,88.5431,83.6754
175.9969,127.5196,88.6961,83.3410
182.5373,129.2494,88.9991,81.4431
191.4226,127.6597,86.9936,79.8440
197.2695,119.0893,82.8875,80.7555
194.6218,101.2442,80.4711,85.8811
179.0001,84.8491,82.5883,83.0279
153.7050,89.1960,83.1654,79.9459
137.3398,91.8855,81.9264,79.7080
131.5122,93.4514,79.7565,79.3856
132.2653,97.7031,79.0801,78.0545
141.7486,94.4737,75.1573,80.6830
160.6890,78.1231,73.3705,85.3085
