1
495.0957,403.4344,41.9503,44.0727
494.9583,390.1640,43.4271,44.8583
494.5634,380.6088,43.8223,45.6166
497.5129,373.3463,42.8365,46.4552
499.1051,367.8928,42.8065,45.0487
500.2657,366.2737,42.8345,43.8792
501.2790,368.1199,42.7725,42.9079
503.1578,373.2683,42.2041,42.7934
504.5734,381.7258,42.0799,41.6871
504.8452,388.9506,41.2190,43.3380
508.0749,396.5770,39.9007,47.9977
509.1066,424.1873,41.2779,45.5685
511.6093,422.8614,40.6587,43.3290
511.3908,398.5244,41.7143,42.6077
511.0031,374.1575,41.9714,43.3477
511.7933,354.6262,42.3827,44.9328
512.1686,341.4978,41.8949,48.7426
511.0629,330.5850,43.2736,48.1744
511.6509,314.3020,42.4058,49.5480
509.3918,306.3350,42.8594,50.4976
509.0021,300.1004,42.9107,50.3278
511.3050,296.6927,42.2266,48.7913
512.9661,298.4750,39.7210,48.3133
514.1924,302.1749,37.7640,48.1419
514.9434,308.8069,35.8299,48.1699
513.6734,319.7067,39.2327,45.0522
514.3934,336.2107,40.7796,44.1474
514.6841,352.9579,41.8361,43.2394
515.1674,373.2741,41.5483,42.5383
516.0458,392.6153,41.4046,42.9931
517.2535,423.5047,41.3131,42.9015
518.7829,432.3035,40.9795,43.2037
520.4868,410.0178,40.3767,42.6996
522.4913,390.7381,40.6801,42.3055
523.2260,372.2578,40.2705,42.1328
526.5992,359.2329,41.5344,43.9755
529.1183,345.6359,42.4508,45.2584
531.6804,337.5570,43.8945,46.8424
533.6359,331.9093,43.8910,46.7137
535.8204,327.6149,43.4818,46.6934
538.9248,329.5704,43.5164,46.9379
542.6503,332.2064,43.8067,47.2221
544.6284,339.0937,44.4880,44.6331
548.2155,347.7698,44.7579,42.1339
551.0538,362.1079,43.6540,42.3652
553.7695,375.6481,43.0981,42.4702
557.6538,394.5219,42.7793,42.7450
555.7081,381.0398,43.8223,41.4060
548.6343,351.1461,43.8207,41.5721
542.8474,329.3988,42.6434,45.4432
536.7051,308.6006,43.2805,45.9266
529.1776,287.7839,42.9973,46.7983
521.3366,271.5042,42.5046,47.5136
514.1572,260.9076,43.3901,45.9406
507.3370,249.9362,43.7706,46.1306
500.8953,242.0847,44.8392,46.5579
492.8206,239.3482,45.7662,46.0290
484.7292,238.7534,45.9670,45.8132
477.7413,241.5629,45.8875,45.7606
470.5128,245.2201,45.9661,46.0915
463.4624,255.3418,46.0481,46.2688
453.6957,269.0497,46.2553,45.8771
447.1946,286.3620,46.5937,46.2843
439.9568,307.1041,46.7647,46.3363
432.0719,331.0628,46.7076,48.7648
427.9801,357.1659,47.9317,49.1217
416.1555,385.4833,47.7560,49.1422
410.7517,381.3260,48.3032,48.7803
407.1563,367.0870,48.5871,51.1696
406.6487,351.8846,48.1696,53.0168
403.6519,343.1797,47.6458,53.9644
397.6034,336.4258,50.1688,52.6235
394.9022,333.3687,50.2483,50.9626
394.7360,334.4566,49.0742,50.3814
394.9818,337.2324,47.3833,50.6790
394.3345,340.6202,46.6196,51.5649
393.6614,342.4687,46.4359,53.2243
393.4311,348.8639,45.1651,56.3679
394.9236,337.7084,39.6428,61.5840
2
0
0
0
0
1
391.6657,392.8965,37.8437,45.6811
391.5123,383.8335,38.5748,46.9905
392.3798,375.4346,38.7983,47.7445
392.5787,369.3950,38.0810,47.1613
393.7541,366.5849,36.8744,46.4574
393.1779,367.4873,35.0724,45.1791
395.2446,372.5005,36.0605,43.4806
396.5353,381.0233,36.0855,44.1946
399.2676,388.5018,35.4149,46.0986
399.6458,401.9454,35.8030,46.6550
399.8917,422.3976,36.6592,46.9858
402.7709,441.3985,37.3715,47.1027
405.6168,455.1603,36.7139,48.8105
409.8312,432.2692,32.5511,55.1971
418.2610,406.9617,31.7331,54.2370
421.5268,388.1544,35.3637,51.1950
426.4656,373.6868,37.9646,50.7219
428.6535,359.3663,39.9691,51.0828
435.6713,347.3750,41.1073,51.6686
