197.5,203.5,170,149
194.81674329457996,204.46203846147273,165.3677655852175,147.09746550697855
202.08235912858422,206.6453385445043,159.58213080289016,151.01497159549302
221.64885578973343,206.36919844945152,157.18021276745694,154.64164243539412
237.70041846985765,202.56291924189475,153.24752617368802,160.57981422998614
247.33936552192407,204.65407676302038,155.88431827255812,158.77102862193897
261.53247409168256,198.35241362136662,152.03151406639074,160.9845147792089
277.2121387932441,196.34520362171932,154.6454855971055,158.90385297232064
267.90159041963136,193.94797114002495,156.1123217089551,161.51076905990067
237.08499596814661,180.64885285928548,158.38759664097728,155.41239612430928
194.61713977082107,177.94170220341982,158.33385285887056,153.04960068768852
165.62546355049855,176.2661851577235,156.51421915449606,157.23348308955175
159.83907389866903,173.2726354076822,155.81320809865804,152.66330777121397
173.94592177634354,169.8379961570506,155.1792490529037,153.43307846379184
203.09759854012614,173.2232067268144,153.28372862470377,150.82611424107333
250.37588505818582,179.5267988615529,148.65389051290083,151.89112922086395
301.2151867641226,187.5194952924677,148.7687365028827,150.98193207589225
322.11897798655855,188.62370757749434,147.3501234793975,152.0906876625467
300.094031796963,196.33984230421765,148.29223158734834,153.24060013964208
244.30237015080002,198.27040544747857,145.04349311209626,151.70515410901015
197.25612706172268,200.53358535097496,147.576668377165,150.51290885356156
170.6406230529748,195.66589694411712,150.5290509063795,150.01283206162537
167.10514629625732,182.19470453464686,151.05236504984987,154.17407559943797
175.10790529312666,176.8707975009715,151.19341153975375,152.1597469131876
188.0818463124984,174.2233703756672,152.08601221280225,151.78033196442487
199.65351581575118,172.9372893367339,152.2018647193582,151.26597050942405
210.48916160276573,172.98621858758554,152.68364359515823,149.87982520256787
225.63575953946588,179.89352978400558,152.24954424885755,151.68446264401734
230.93634056338624,206.2280133509687,149.7928695819983,150.74485036848955
228.92362580101445,234.23105091859816,151.53744488158313,146.32724569221497
242.05855565965712,260.8091392697224,147.868367558707,144.68728908274
252.5444592561663,263.78299159730267,149.04276245309097,147.49883411477424
241.1383700073813,255.78782880111876,152.3148160574725,145.86907875926607
228.89748409874042,245.7650746511044,153.32618038879235,143.8339748766776
207.59289756817566,240.28476861347832,156.70179479513675,138.9895752026622
197.80814048142247,209.84237727246133,155.05880553541556,145.25495023088757
201.9855435597935,183.43405147801894,154.07961449860755,148.36564631440123
211.12790332590365,189.7100679612504,153.84536150386288,147.93026297562392
232.6126801780565,218.53879157382178,153.33771041796535,145.8167763217702
255.77685990394863,245.2262991000079,152.29788322326118,144.62556482774755
268.2808664838465,247.90837569559287,151.23682479063825,142.02164003203967
264.30124549439336,242.63686600279692,148.9252556886119,146.64371281957855
248.72140451724457,209.98508491287612,153.74168355355408,144.50882132510378
214.00126486147948,183.8364475444988,151.4320010120569,142.02340792098923
174.73961872299716,172.52912121245737,146.48420106490045,148.1029424820448
145.93469718550676,179.6781462482739,146.2709812431527,148.1207302705192
133.74822087616272,194.91875976038116,146.30156859694824,152.52331519698822
141.58554495856532,205.48030528543174,145.97347995667917,151.4594129896605
152.67115848299608,204.32089499347566,145.98015322214872,149.6639056660104
175.17212686794633,200.97147108452643,144.25817708457242,150.06806335176776
202.90479223797522,200.36325734535887,146.68627133230763,149.59944201151458
225.76476120759247,206.56401872426989,147.08603096387392,145.06068361221313
243.80716216998997,226.76175960342516,147.2561385544598,140.31933469692012
270.68908484284384,247.15336267992436,145.6710422932247,139.39062073142173
288.6104790800001,248.86442066895663,146.34647281305269,143.49145826364162
297.8983939956121,245.8196257381186,145.84797071010027,145.0349088850528
277.29687254823125,241.66851441429677,146.03241695569204,143.58867171671744
222.5664258596861,212.54638302530435,141.3714460139347,144.53677665778824
170.3700517774856,192.47774105256386,147.21875350450756,144.35185601342545
185.48773933686618,194.02653640293462,146.0988092176556,145.0422623200539
225.78921222524508,190.53443211497034,142.99777841892515,146.4235937559373
249.87346775734198,189.93239124455113,143.33524498534658,143.98309584780418
268.97675417885364,201.0880344491207,142.9731431201065,142.39941335101852
283.69726118898797,207.7583684068621,143.94084720896862,145.31484513646348
283.1409461514435,233.5187467979169,144.51160949145128,144.28796576524257
274.43686071682055,253.6877423971638,147.6802736392006,145.6956067383796
260.76244337344855,261.67010849025564,145.20170811842502,146.31712104267447
255.84910156171787,262.46186329899314,145.51807489313146,146.91899522189135
258.9084339672193,261.4385558015668,147.11956198337373,142.59441585410366
239.22319426678774,250.26499025895913,148.46527636958842,141.54721023887953
216.85424848673904,241.25361983594075,147.83093358520344,143.9472828186199
210.55135296484323,235.3174033927083,147.23548408944424,145.86817380445007
215.41103836381626,230.50494921357938,147.6782446010075,143.434913751453
229.40814788881343,224.7960459125571,147.4652679216186,140.54685983408837
235.3562627374322,208.55746232516202,147.65848047749387,145.74412168966467
229.45041634934063,182.38066438818882,148.02381838764913,146.64962414930443
240.6163897252934,161.50879276704188,149.3277797625747,145.38438377953776
257.7382288759112,162.33309647447246,149.83477666275508,141.26483911263193
266.60306875569694,191.97102639549934,146.8761740592505,140.81112282526564
269.7879160204619,221.58924194850823,145.45096996245982,142.97732920093733
270.3769748802791,253.27773610774094,145.2773209222536,143.24219802968872
258.4105482946913,268.38979396414845,145.538419256393,146.63047855710812
227.8399796063253,269.8232966256313,148.02228429425782,143.9788744961873
193.65372676213622,242.4571308211135,150.21186761935473,142.14340367602364
169.00664446593888,215.8277497533969,151.75296138045059,141.75085584441587
160.783779287968,192.39736472903016,152.02981508844312,144.70097754720206
170.68206054073423,179.32178164550095,150.1162176708013,143.40027374966087
184.50259904054195,184.9203528803771,151.47320661967214,141.04566534515513
194.23929689427695,214.57179371494712,147.52459023196533,142.01447785936472
197.32724850866992,247.8387825568093,147.2931407194575,141.0759439012263
199.8090880143998,269.3859213188067,143.07661087744276,147.37311153714364
199.09726929622866,263.84597006606595,143.14868831718013,147.96987691188778
203.23568494857793,256.767451468384,149.03706582900992,144.00289829914612
217.2717443264211,242.08485928014187,153.10253175960287,141.8353334996051
228.61239947908612,216.72240162340356,151.42459364665564,141.95814844076727
228.52088355306944,218.11212601070199,151.47669099203426,141.8516916572135
218.37645755367737,221.66883742011822,150.44716835702934,142.71250532672332
217.59957731179395,213.9400963531883,148.4467134095828,142.42129971644255
204.36706407373916,202.75427821598018,152.15934807050684,141.161031388808
177.00360021849843,190.89162198662598,154.3073344357734,137.93178070664723
164.9313590804212,179.36870493062028,150.94294754078535,137.22942107781392
176.6660585335272,190.77413122295496,147.977435811087,134.6357105982471
212.37070984739415,205.26678052855908,145.43595392309916,134.7081207272732
241.7284814644418,210.46701136646178,146.07059226859369,136.19936647181697
241.99411339497846,230.9865145672331,145.22177816557326,138.36403057198336
222.91911739158593,244.6515561528426,143.90847518944813,138.17813342066177
179.34098645228215,249.08470396689074,141.54532788836818,140.43873465078084
134.972660578234,248.37992727265,144.75963313988242,136.80832908540486
128.15628350484153,221.7242361002014,148.00983132505854,138.76196530603448
136.30323652940245,198.66101754041756,148.85124021734296,139.129209005192
157.83029049667414,191.53249313750928,151.42890718514332,138.1805636124002
192.98277104322017,198.91217883669367,154.1084584211528,137.31260494901673
237.03257855160825,205.0817248320696,151.14265535506027,140.077679942823
245.17165799250427,201.39111855128422,147.47312665362708,144.138556639373
236.73967939488128,188.60093550468468,150.2372379626426,143.91789352724984
210.61910202944324,173.51527786303288,152.97193441104798,143.48776265882003
183.36219337023238,156.77340982222915,151.0693279318623,146.77477670978783
164.39568134891454,165.64474118608382,149.01785871888274,147.64534754836268
163.93523235635274,163.90858171222823,147.30916404691706,149.90474094275206
178.1797805424797,150.89145522870746,150.64324882700691,145.37213371081893
224.58789351893313,142.5971511943191,148.14770158503757,144.92092969158293
283.4395629560757,134.08907199854988,147.83907706622122,146.59940726647102
297.53551060548216,130.59383868466577,146.71416403669542,144.53457032063085
287.34637877526114,125.9066766776823,147.32026812072138,147.17729452685853
263.00131646052125,131.0345438919659,144.15022810786718,147.6258943573245
220.01311532979412,160.43383239178425,146.48921734441907,146.44286835256088
195.27944935699378,192.7337778169079,146.30114996751,145.71409795519446
190.41271058457374,210.0811795261857,145.26052625502587,147.80456904225406
193.26566465497876,209.63580913121942,147.2935845792122,146.573778584094
200.23694171010425,195.3149021267239,148.74289238454958,147.039250582587
216.220667923073,177.4873758103293,149.60916874889529,147.67003029667498
233.83256323030002,164.92407007238785,149.31867815275177,145.76803345041435
239.09710808740692,159.42895017031782,146.06993197110026,145.27459157578244
235.10873982248228,170.34995410886074,145.48402449612774,147.93322075313998
220.12521855108335,173.10673456670455,146.06099517002912,150.2350456559338
192.12735973158155,166.1283240759055,148.55914277119092,147.41085314876233
170.53885107014247,144.8852505519621,149.86766415290697,146.79645240612186
156.44996690312817,129.95280848831732,148.867316642209,147.15296518026193
132.41430392870055,134.57246678384152,148.05959519726542,146.95214079197234
129.49660192841176,159.04550044434106,145.9386054791235,143.9556660613053
143.57983477483884,168.4367244244293,147.6019527898094,145.74346193657806
184.350169141341,165.74963470654168,142.75376605143396,146.77084581342382
220.99958027866336,159.63552245999728,139.70084679192598,148.53711142131976
256.0836964099751,160.606755386473,142.0704105498103,145.274225064752
278.9088545257503,175.93224696063479,143.27653963075988,142.5154538304909
275.30764987826564,191.3259536090114,143.97314724802538,142.7657450015111
258.12055719580496,194.63734222394834,146.23587860293702,145.84108788882477
234.75801267240345,193.17008545126524,147.04679452351928,147.4014187330801
208.72118787538062,191.4740779012605,145.93604928113913,149.9738387941987
168.89982295288377,192.25184888715432,146.97897138687506,152.19709921727804
147.8655855037779,194.8173708457517,148.71204284270397,151.1406459830667
169.23037610367905,190.94020775432588,146.8031594273255,150.04500039467808
194.33602537219156,178.83305303119462,148.5605880021169,147.74071128442205
211.2343799786193,157.1894630976226,148.17878052265985,146.40004538740598
216.99513709175037,128.38595700099074,149.21835485840944,145.38752022715403
228.99533226858375,114.32553979180648,151.4602912411929,145.41961906507822
253.0652459906456,118.85588251690686,152.18257012031137,144.16975657859206
259.23940020288364,148.55788405309707,148.88085917660925,141.02048754551828
272.91661009652347,161.9699402876955,144.27265520964204,142.9587137146271
276.5796405798849,168.7460476623363,145.97626591192554,139.60713106068238
277.6474230203385,166.33997084879556,144.89486877851587,141.01414881778402
273.4630186487526,168.27958087229518,146.24708358858217,141.07700020862043
263.7512018472405,174.85333277706107,146.4928168772754,143.89645444504816
244.4312146383827,191.58962761324233,145.9966447495808,144.8607353476368
222.04326609718083,208.60733863837183,147.1375778427267,143.74859592066883
220.81094070493057,215.55106464088564,147.66433130266518,147.58667263268222
228.8551718091096,212.37335032006763,148.03785563605516,142.59839609701112
237.76287989521208,189.7834381398777,149.50584476780529,143.66368798668788
238.21443223545538,169.33858548547576,149.48257664661435,145.99883930989603
250.73507918216959,158.96812735990528,145.915850166516,149.4024352332782
267.26509561953276,162.66724438128443,145.5760550237232,147.39082552676257
265.6405419512439,178.52927092218067,144.8168901892805,149.66191633535092
256.73840886978803,188.67309972270283,145.6032692367137,147.92814514788083
227.0505250117865,205.40866037919017,148.54641595051947,147.38644049140032
209.58418930678732,211.38900480627996,150.92531920255882,148.74788374781645
205.05760351312733,219.73745537095886,148.07381339882662,147.93919959080972
190.39256699594256,221.3144956318279,151.7571140485526,148.31529642388426
195.48157587223358,214.7699150681708,152.09206245197643,147.38090847130343
211.0950852726554,196.83049188389043,151.62269784119624,146.7880827817587
250.68242164345506,181.9000899790243,146.77930866893286,145.40123835235522
290.730761676531,171.9409112706842,145.67196270922628,143.2037167101975
313.1008706470179,163.7726466209336,146.93491096698284,141.3772287367495
300.9825697297689,168.06335049553437,143.53293438656402,141.87123087676918
266.0990741113224,172.554445445979,142.72283059171866,144.2091455748789
222.851691281412,172.6686827892555,141.0382291861098,145.45395727863047
176.45744663146104,178.68986484819993,146.21174351042578,143.32990618716985
157.66526967330364,190.18467414040657,147.03298249754135,147.19729558310326
167.92091669463645,194.2468177138484,148.26208495450956,148.2740935268568
193.05608722032068,191.4566586203567,145.64577756402974,146.88254892087144
217.9176847429839,172.83912149092095,146.98339260781464,147.1748054917547
236.89819177582484,164.5289997590216,151.25615463466204,141.951113942736
260.0446933309262,159.61479980968736,155.4163795212855,142.53545618607
301.52632802890093,160.60658708060538,150.96427955892972,143.92687949846675
326.6927908020028,165.01648499582245,147.39829126858547,145.00454460553263
319.90319919550507,171.77318275704863,145.27532890510378,149.66111291975017
264.1059315785918,168.3857178232524,146.11698022779746,146.13180446794564
203.96355763439013,163.57751506833796,144.29714437596652,144.3360805756139
166.13283421496703,160.35094106995555,148.3958394447932,145.3158022303682
182.28669422791592,158.44097445007074,144.20382681635633,146.7883820117333
209.3601734839047,155.61319001077243,146.40640138543347,142.84992813947542
219.5530471385448,147.14788643809246,147.00938927512786,141.69978768046525
213.66544818723042,148.19139386849605,144.5697472424539,145.80991780485704
219.86002193206514,180.46230586328795,144.61086994779177,141.07172464413065
237.45582228490298,229.84294761014758,144.3126293800556,137.29510606740362
249.263188420427,274.01517840456535,140.93292442223992,136.5895681235876
256.4838255929488,290.1744760153658,139.49939581999422,146.15813034217217
251.84060837194875,289.439629957491,142.7291190650949,149.33252733863634
237.32273730231285,261.89362312238535,146.0076819441128,146.45939589776356
220.31306119318947,229.74988399336107,149.8042367685607,145.08745795708165
208.4790134387767,203.29465873396316,152.3372710133482,147.76175964164895
214.9916212684002,186.0577041228911,150.0816228437252,148.41009971096105
241.7400106471362,180.33066926824182,147.98270175226884,149.34580165292562
270.3350359263062,181.30642072058828,151.30091001350894,146.44105126068771
296.7594429468975,186.849300303301,149.4747056830197,146.34727836998152
298.64631049336606,196.3316938361162,148.402228295771,149.87387581057666
287.2894462041282,203.4830098344066,148.58633193528192,151.6129937682195
267.9384243389434,213.59570599103515,149.41947536657932,149.83112486194483
250.96078375582616,220.49869017936967,151.74842138877074,149.50746868772939
250.40316220995405,217.64997848604418,151.52321574337049,148.72935906580494
235.91242876656622,202.21952109788373,153.93584832533656,147.27488993099303
220.86754402763492,190.9933346243112,154.53262540207612,146.88908996554045
206.75421213768726,174.08114569340609,155.50849191024295,147.3951923756905
202.11195500321685,151.1036951740667,152.31301235899332,151.10805087286536
221.45732935048812,147.0769277677148,146.99989580556402,147.909547683555
247.57717979363238,155.11410958934246,145.72823157088686,146.32329458259704
261.6818835315519,177.3131827396437,147.32631539753814,142.55009106153554
264.5220804042936,207.5629212546679,148.89668983671652,137.69208207958286
278.7574033511602,232.63143533463713,148.09765572887198,137.55520269283778
271.9588116856618,250.68266649687962,150.39189392284487,141.97763508270828
253.8305937590243,256.9038447991175,150.58269790966477,143.3385373741065
231.27844610214336,256.8046860380543,150.26300869583878,144.5197532507633
210.7647980338075,251.25596088949507,151.71682231908275,144.3177517198788
199.7652436441314,237.27516764334712,153.1889669108129,144.87428602711609
196.73921317984934,212.33703941617583,153.74518442888507,148.37145312598994
205.26136858516153,182.46871601500396,153.73260808481342,149.94575785680047
221.28766176655145,148.97145651079674,152.84211583824452,148.51694465085944
253.79966350300285,119.96684789628495,150.19826983604486,144.6714293664553
281.0823233388501,117.94869659450552,149.17995486405744,142.49615646189648
290.4701551690785,123.6562521285673,150.27855305967967,144.28549409372408
300.0398186165298,132.9630936336259,150.52987405296074,145.99247453575532
301.7564035822917,152.38347517508495,149.27166783412923,150.75531481587433
287.9949468228367,170.86371194075582,152.08082669910848,150.3423151920033
274.6162993311642,189.57390092624985,153.1092913449291,152.25830196710902
258.03392178888237,206.19760875960776,152.964407452442,151.2228537686549
237.47917166323177,217.12756367023758,151.3150461619951,149.08441001184838
221.4418816476644,226.15727210746945,149.16330401905756,149.25934334185243
193.3773921068538,220.99210650049417,149.1740389295362,145.05193575575413
161.31564379741823,204.7533035739034,151.67326415558506,144.34096204960952
155.25961018941598,190.73433046009103,150.97706377820577,143.64382183619418
187.3801540776668,176.5464695629338,147.83307912060064,143.32080553236415
219.99862412130577,164.34291043898463,148.94513042736565,140.40428486424682
238.92027206062497,155.28559371878436,148.61697889687179,140.1001942445888
253.50499973734264,160.6500910677911,150.44221920688858,143.357677398443
247.70580577156917,179.63013204768913,150.25758521155564,145.42147544352974
233.66926974702022,184.38875874027107,148.64298559927659,147.6562352648478
212.39297254419398,187.65781623166632,148.89962053227282,150.01199921882488
214.6059550956482,192.46225170086075,151.23012229490394,148.0542913816323
246.0518248962508,192.99597748987324,149.14887234823976,148.31637457266555
276.98641611777794,190.01148087276013,148.74089061929683,146.93879063938078
285.7434525991522,179.80026928835542,151.55722384551308,144.4927827168816
296.22829516856586,171.43045426239632,151.26230524721308,139.15474553247168
314.0480303727901,163.89095864752667,149.05743566884274,137.55515361706938
325.8296994961905,155.9374256927884,149.36320371476648,136.32781439043754
308.3894770860067,165.24879409117696,143.6833038390893,136.81022781643873
274.9896990554537,182.53935625963356,140.06885843535161,139.03038064017008
251.0168458134777,192.2096275726431,144.65692942125668,139.2539878707184
251.18713458446712,200.03740293687682,143.8537430948406,139.86913759696284
248.73804218956843,202.97517449946736,141.39081529003354,139.55834466633132
224.6217378280302,204.52300098293853,138.57318063542442,139.74201432359553
212.48023467093873,205.5134788463393,143.27836521804,138.66149219674284
229.92889973997876,209.34186799290197,138.28232215881735,138.8038596021649
263.4062932882819,205.93960899756888,133.29590740718177,138.19377674367945
328.49278596126544,202.69112176438563,127.30962860418343,136.06913770754352
379.32931039612055,191.13079471204532,128.6879865948248,132.3715449707935
422.0954071948787,193.03491868582265,130.49989394945692,130.92082809394805
413.04845675789255,197.59134463159484,131.7608633048745,130.29052682343638
365.218733652253,198.6894283045371,130.00324866410293,130.52045210221618
306.0000517199419,200.43426649861436,129.3981473187642,129.20112173571383
261.44663839497423,207.29826379346207,128.50154837055487,129.7324826910624
236.8081609110604,211.18909279854,133.02085105566772,134.05724042950274
225.38130285218836,209.49345150967895,139.746589802196,133.5774602516401
232.01569915054782,204.11956894960667,141.43280380490336,135.64457942909667
222.3447432319819,200.92761449554973,142.7843153277041,137.58342903774158
225.2595153680645,198.2820413704715,141.74943686898493,139.71013203342721
245.95253764369284,196.46285183215747,136.6271557454627,140.98398436139803
272.123492814599,197.36308066182812,132.82417438924614,139.80068708194335
309.7602850540826,202.1939520366216,132.48660980773985,138.9128643915605
322.5481201355898,197.8297179984698,137.43576569453018,141.08793671972572
306.6328580533167,198.328083259522,139.43221583869064,139.9799321265835
283.70008353081613,196.149494381917,136.69755660122098,139.3673947633853
233.49709031262287,191.17561176023452,134.00640558643562,138.31721898959935
187.42883217997743,169.68687343622196,135.06231729850384,136.0601833085229
160.81807053373413,148.39178426276285,138.8812908473381,140.63745271989427
167.8170131896879,129.06123277176872,143.7936876704403,139.16279062619896
177.77385482692398,110.30355721109235,146.6290926833217,138.74237743480754
158.07891781004304,124.20483759898121,146.53519825394878,137.9929801874722
149.33749931939244,164.0646515458758,144.1379998348594,134.6453081652651
142.81009359077308,209.07923775128276,140.74851922361665,136.84712330327926
148.15733584326242,234.71954064806084,140.2239003268533,132.72725359370745
160.26240535360233,250.41157352752947,138.32420899904457,133.05101254180147
160.8211977955565,246.363135965197,139.32787164511979,138.42370935225745
163.6577752447661,244.3311215528094,139.97350670565442,141.5773653833581
171.7439016104874,248.7798047345693,140.41420143820108,142.10522332403758
182.14746507498464,231.44303559839253,146.33047653252203,139.70350524873487
195.79818625768857,197.13477671236515,149.4849229152831,140.22128339676618
203.8388568442623,175.6833771271283,149.18850052723087,139.50771904184927
214.2066922738614,169.70501619921325,147.94009811590865,137.64671380875114
229.6263111611312,183.60595495738997,145.55998204547058,138.57478052152368
238.69797304937316,202.54314980366243,141.28659998041246,143.1111421717522
234.01683961881795,201.74755186938603,138.75999564859075,141.4896665219792
223.53102037184271,183.96636426700047,143.18444061531955,142.87304850165265
219.4996194268974,161.87918341241235,146.49196105684592,143.4971401302625
237.19307188655597,149.96661158579343,143.01247534224072,143.55225090080987
249.84383354083226,129.23516273884164,144.00574802367834,148.7403759506705
236.1660177674169,119.57811740530855,144.36226648762334,144.57429159942615
229.04639599939927,117.05488791601131,145.66955945450576,142.2752849179254
236.65401488700346,107.23370166836341,145.1661375133428,145.12995866749367
239.62459786533896,95.34430430285315,147.18170526028504,145.0172166858677
230.83126626374556,115.49297057044751,144.81251214022967,141.87312816923367
223.48631005584636,196.96839857729532,144.56260235906763,141.53860516335055
226.95191505970834,225.4022495808982,142.73910986538175,143.15435118470924
232.3793951991121,229.9175585196744,144.8295889252583,150.42327668789414
225.9097031955169,222.9262662732693,147.09876400147948,150.92221955625365
219.20640186280838,209.94615549186074,150.21040664492386,154.04523332488137
219.24532719255637,191.85131299741263,148.40136959550478,157.74677820757637
214.70316489167092,166.23288917327324,151.07333448276762,157.90400167982978
215.68170030349657,144.4550953941794,153.41288641225964,153.21757339939438
227.39685349154652,136.2688752719453,153.991222232815,147.81834616339387
248.5912521944516,132.66562991662562,146.90384694614545,149.0663774967444
272.8112927905597,133.9161794392944,143.2398773567125,146.92348332282293
298.8489581184955,135.18268982610954,144.55203983438577,144.354348348243
298.09173275145844,128.94072878195684,147.86156896525708,145.16825796248833
293.4356118964021,135.14686638641896,146.38486929200795,148.9180597036373
288.8944178971304,138.26049992553058,145.86676862783165,147.7820873908865
276.53552672153705,144.60613790539801,149.2757130883933,144.5968033668816
247.72974614301273,162.71427985281534,149.62455604475835,143.47218283264266
210.3265912760291,183.6827500270976,150.3312945506983,147.6885742406699
195.08822913189636,203.88928684926952,149.55499187668354,147.0632889874394
194.90175704832671,215.12991715006945,148.79359516152144,143.8253183333493
196.0272241801255,218.80807864805604,149.87225908632416,143.52033114899112
189.31676932968233,219.59713107792476,149.17401385709576,148.71223246906322
184.89287648261322,199.48000464423382,151.67560289977524,150.72470265211894
185.88949933978006,195.39894554479736,150.34007959898145,152.23637872757874
207.03228777482047,191.57203021320794,145.239595654926,153.49526949131302
227.3748013790153,196.12458864334826,142.25971523608715,153.60292404674283
253.2459798596431,196.67514715927837,140.29166552580807,151.3815164970756
294.2348553417951,194.13116032807372,139.32692267917992,148.109434236023
336.60185103511697,196.17114647568866,141.9112372617745,143.2260587420741
351.6670041406197,181.94356094084807,150.83963924168683,146.5254413901244
342.0088068753968,176.79561510660739,151.41441656937405,140.61202252698953
313.444981810272,166.32189801312927,151.82494176065865,141.75429046943896
273.98574216287477,161.25535031135382,150.68436954178122,145.02517321506141
234.2049250587305,157.22737661275858,151.7089325220425,144.50546753608003
214.2771842040812,155.9994719212233,153.15198823646801,145.82635536839982
205.829728213061,153.71209957652636,154.97759479858652,149.20972778244123
193.3593773410986,151.59224655603674,154.41495677505532,151.9098069866437
184.20281346411286,159.28384035298257,154.97784038840177,154.1263794482941
182.512714526089,167.18084901980868,153.49810345762575,156.2899541251399
202.41458917598368,167.1914807240825,152.00573263684032,156.52702863153593
227.8763083547766,164.42344402528568,154.94314938179355,153.61388709382686
250.52591095242892,162.85611718291267,156.88652460030727,150.24710502188952
281.1952006804663,159.90225533125854,157.02383625751372,147.60253971610354
300.4171340822807,144.64664737323093,160.67910962112126,151.05573790144587
305.7252826313378,125.43177913067336,163.54252310192558,151.49876097713718
286.5149075029964,117.20106481588614,163.99264652755372,152.67438295082783
275.73857323193465,121.12822758897804,163.1253817505854,162.29670192063526
281.6392541790575,148.52818585212896,160.3539823960125,157.8080570618139
276.0378708382708,177.82615161104826,160.93246051862587,157.94564986648504
264.8823427372912,223.00572753419016,163.33922175293375,157.4026753883653
251.42122432546378,236.92078909482873,163.08568495598314,156.72665268517898
243.72294146463946,236.03096479908106,164.8907637467846,157.56380056618696
234.05709071417292,219.16212299485588,168.16206523856243,161.16857249250842
226.65562155470926,199.37920820903045,168.6241803839668,170.2595561779288
227.40519864430908,187.12760518760234,167.2180649574422,175.3836766800135
225.0123370781971,175.15432191975927,166.8626800536249,177.84978590979148
217.98232849815406,169.03486060830792,169.0406686339991,169.96515621030647
211.22267269297916,157.1802794883966,171.54663834066235,166.73686613384493
208.9225027895388,154.01901722652042,171.38494230083285,171.246144526654
216.41811149718302,180.8307374707042,170.34261080320803,164.49585772480984
231.42577392515977,198.27752505076168,168.49421519224964,162.10091690307382
