336.5,165.5,26,61
333.7200401868131,164.45195512201485,26.049316675324008,62.93842945047027
333.9197330464959,164.2679957626056,26.180236639571262,64.6658938769914
334.0517979747213,163.45138903720664,27.316760264603914,66.43886215958025
334.7446187290347,161.54556252963232,28.193457394282742,68.88018507943775
333.74569914438115,156.30113678422515,29.59908543630869,71.80434264248717
331.113532539803,154.96411791972614,30.8703542419311,75.23171721831369
328.6586887161793,154.6624290129077,32.00212235830982,77.05418203661213
328.75266924328434,151.6671433476563,30.692837003333775,81.20821040313331
326.2792685127682,155.40479700064634,30.396942179118263,82.29219875145012
326.57053332922936,158.32852121119498,29.873707835414415,81.34422447433474
329.4814429704907,159.8659594316655,28.006626454579283,79.69136167379745
330.61372076246477,160.9978495831806,26.791166262858372,77.98235058873523
330.4700978576957,159.88619181737533,25.92499615404627,77.5796094492032
330.3213398320547,160.05787655864182,26.100134548928025,80.25759750298612
329.98578000543944,158.99544757267984,26.42572971227901,80.70039594846659
327.4605342996744,154.77555980900644,26.061738530272724,82.82870668928385
325.96262844612374,155.50618625076825,27.630837724404053,83.72776626761326
324.4340452737373,156.60410948296294,29.340452008095973,81.20335906346824
325.1854339719199,156.7008688876566,28.741592818422518,79.4695973436958
328.09668185339274,157.6111348110142,27.242556680721048,79.51023638492771
330.3409731038361,159.81151218927636,26.638141612619286,76.81545370386573
328.9959227192421,159.10354257975976,26.584055503602926,75.65830928375404
331.4446448039953,156.58097533216815,26.407216707479137,77.53734423059741
328.39895260898413,154.90260675604765,27.54519476357815,78.8812389660751
327.5820245618952,156.6888619997195,27.25701146814567,78.00872828799652
327.13306945401865,155.7134719402292,26.58043602429955,77.29851793036886
328.3705161782744,153.38602893066187,25.95955983347845,76.07849407172642
327.29520277359234,152.7712691337438,26.965764469342467,77.2750933683273
328.0615627056522,153.17209784640085,26.48947518345465,76.80125087965112
329.4090754085374,153.17336103298146,26.56563207634454,75.45658466636382
328.89463785626634,152.77719689784635,25.795153581338276,75.1612510742607
330.46901233883426,154.6206021465631,25.907659642066026,74.50357294300761
332.05347336872813,151.68224972407404,25.793520449709895,74.39235750371452
332.31849077829315,149.8122781588778,26.66421492917153,75.61806966753898
330.8428896362747,149.79982839212676,27.38772818542217,77.31330902381026
332.2034242288621,150.44923998189302,26.972222211688447,77.49080229630405
333.19916104000447,150.70149789999053,25.767343278296067,76.66999706501515
332.52980101273295,149.8202578046388,25.860773649497062,74.73613979424701
329.22103296114733,150.26765712015444,28.042438151563616,75.55390288978589
330.4157708889932,148.5619723706206,28.43053516612632,73.65794654885724
333.47397380995096,148.8280446625236,27.651612730277712,71.5788468564086
333.88107139015534,150.54314676683757,26.665605825298265,71.48156629852228
334.60280817037506,152.05150087433404,26.208654939419333,72.60918858508575
333.08887505419125,149.49641111543008,26.706752466418962,73.58677447114925
332.590619068408,149.32417468274383,25.78847392685421,72.54158530916277
332.89545213798226,150.3868048904787,25.635305963565102,72.24532703564557
332.09985484778866,151.57488411128742,25.598627361655527,72.34745295300635
334.9856101134992,151.67608699565747,24.30715308893201,70.88828158024711
334.13421791070505,151.92809061785553,24.104037135366475,69.46799865578585
332.2792580244909,149.7449686192133,24.70888488631049,73.56554762643417
335.2043074601841,148.26706138343263,24.265239624390567,71.2338960488012
336.0527001081104,149.61666253562817,24.043771687508645,73.79865935109956
337.4427784442216,150.47212891159026,24.067706230419915,73.70108569284145
338.9069399765877,149.427968134518,24.240050642341757,74.97300576535753
340.67529675561775,149.0379433116099,23.154995094764484,75.78999978561588
339.7287988112093,148.96588057201132,22.476219600295895,76.36241411202107
340.8401908396762,149.32187201672883,21.639493754688655,76.49825305428918
339.98251996542626,148.01102405389736,21.613888733474184,75.87166177902441
339.79719492508957,147.15362033410864,22.367267986854113,76.24675707565753
337.17019121699263,147.08385602133143,24.58073280050889,77.39868942778969
335.8071607027346,146.47280965877832,24.92301859480259,79.74903525519848
336.37694147126825,145.68714218475012,24.2840239575117,76.92528582215137
335.04481260632315,146.25943697386023,23.810199659966656,77.61125561683303
334.23773315876855,145.90782293286657,23.421696611640144,78.76451193950103
332.83417736387156,145.21927794804128,23.47383359778123,79.8032840678602
330.3345520158101,144.52899514873155,23.721933209004163,79.79815921581132
328.1045212615923,145.50783021037503,23.044583123048906,81.53087562626155
326.98564717178243,145.66812958375323,22.853076055552613,79.14194659157181
327.3594008355847,145.5053771158975,22.086142318792895,77.69333727614652
325.2259632559821,144.24323017256285,22.812348275193635,78.72316104333945
324.0637774128227,144.49958040580242,23.972206611979292,79.49254134639918
323.5525879390049,144.49623786796715,24.52255867505901,79.89573237395115
325.02687495400227,144.34464569273,23.447219632323268,78.19319205592261
326.0547979375143,146.92326646128527,23.689639360871126,77.68605313416856
325.53177028210473,146.49178949169877,23.985451842367368,77.74782539933796
324.0213247567463,145.97430718857896,24.40842843576312,77.00017577446793
325.87428096186085,146.59334272532425,25.01416296385802,76.3549030532189
326.6264958751482,145.0250875164726,23.699544128570533,76.49163067024773
327.0556698426979,142.1619320345531,22.42236955381884,76.0718868893663
327.12495345293803,140.2076776607413,22.291352325169782,76.28665288491467
326.05689751647793,142.00623318684882,22.91280407807958,79.4250974815034
324.6961929343797,142.57649276575088,23.059811625225848,78.16531071100354
324.70883609451664,143.73211864343335,22.361435800710055,76.60596356245779
324.9556039886274,144.06212858462547,21.864006764217354,76.57239684131315
326.6652384821949,146.93986653811896,21.541745766965754,78.6890990120239
327.1397915542517,145.71027786578335,22.229557094737856,80.23543354654117
326.5277176046038,144.62719070970806,22.716076593707793,81.03567610934788
326.7938406816157,145.7136908434373,22.64842578732705,82.02890127523901
327.31525172061924,145.74514844540715,22.658444895843296,80.19989901609301
330.01995085535566,144.51884195805545,21.853199782651004,79.07291261030328
331.58955953569944,144.07106385086632,21.704324085324032,79.3754767573445
332.11189630063546,143.76911400631553,23.02973794062967,77.5462900511824
332.53174955777126,144.17561125884217,22.942642825054875,77.54613398130213
334.20230748255244,145.1152196000775,22.3799018858472,77.86022851327851
336.3919871038204,145.72306193603413,22.190956118347945,78.06456704426134
337.1841758664643,146.0174613084447,22.04515123824747,80.62190029178029
337.18685599142214,144.06611973175836,21.777155310278886,80.63780866678687
337.0309469353558,146.54002473286465,22.26940978026728,79.47567895861121
337.63410377484723,144.305987483377,22.71079259634061,77.80952951959816
339.6973142304531,142.85633923980188,22.029918312173578,76.70221561322427
341.45843379824623,141.40679560877686,21.81924362208298,77.36907745718348
342.43018622906123,141.35990761874535,23.03542747161934,78.16253895121973
347.5374272620765,142.55131495859004,26.365294122324556,80.46877303862023
345.54113703452924,140.43047924975122,28.66049773015198,82.50401855107017
343.9647178625296,140.25239548132657,28.602971732415405,83.33248780949235
344.29841138706655,143.69400765004073,28.04833787344174,83.17559470604233
343.94137445886264,144.01667240975314,28.45961921051856,85.31045136291752
345.1126103991416,144.25811131895207,29.543193224583447,83.70924127771214
346.9361662948873,142.90214613219513,29.03897641638371,84.8450307706413
348.9754470137268,141.08917758618102,28.459828230581504,87.3235175347963
351.24234595185186,140.00279079212095,28.16924543840735,85.1910857777626
352.3432813778867,139.79813514832975,28.25119378494611,86.9366464168465
351.34785932257944,140.23258185668215,31.010792914271594,87.0279583166853
352.01735241675163,140.7749753216189,32.8051504225215,85.98098705077531
356.88053884838837,140.58081344177748,31.58041311070064,84.06146927107523
360.685899870558,143.31253585888444,27.894991902924513,88.32490164938572
363.2808254092263,144.39494249427514,28.476886507350684,87.62131627243366
362.33662674935624,144.84006973772694,30.09627200176765,88.07482919008635
363.74409918762404,142.2190678538413,29.89142310301523,90.1951886993585
361.6543650372391,141.66794248737077,30.210077547660276,90.07964513317387
365.08257928506754,140.1608800154633,28.556730659821913,89.43960027909145
367.64369308803055,137.81519604414495,27.21063802169992,88.87141526610071
367.4885250919748,139.46059476986744,27.02750489473939,89.63668480455445
365.9434588931865,136.0142605919521,27.270454303195518,88.81082488966362
363.8234363333799,137.53742428980422,27.000798647662286,90.19012997076608
363.2216379223144,137.03627018776115,26.076596197256002,91.85093348182093
361.88855418533745,139.2765087195192,27.54985073499926,90.69184919288668
361.9464326463615,140.50155417327073,27.853854367980105,91.44732683740087
368.8834457766594,138.4149999369467,27.415520894554717,92.98010499541267
366.3327939095637,135.93348470606622,30.32671537581645,93.55105991853841
365.8312097877722,137.42938144717795,30.535249515624457,94.21809612534081
365.1759924117644,134.49877649362264,31.05896750843512,93.7055486700857
375.37050480539705,134.71417955276104,30.54762636069615,94.27686221218642
383.1187627450411,138.1901363785367,30.143646454003314,95.94054628554963
385.4124074267412,133.4830218135321,28.38824838889724,96.44215105642796
384.5832957996565,132.73842031756698,26.285659122085683,97.85849853109006
385.37813961221497,132.20457470101613,25.24313295689157,99.72721837346755
384.8462652483594,134.1836108145673,26.084145579279998,99.94520253140553
384.9639065465763,145.50383581145695,28.708240367031827,96.20464915933033
383.6001213905971,150.88676524634838,32.491978519947935,88.92731639542819
384.15788064179253,151.53618443726046,33.12125295578947,85.83294769439016
386.2239570463998,152.84399063156786,33.32845561532493,82.61135008152837
390.43572369451533,152.97391308409237,32.19163925711271,80.82659377282334
394.7696859137234,156.1622685714,31.103570260743705,78.9833562898768
403.2204823401906,158.473966667333,30.420994436617928,77.02269722912956
404.2085574354091,158.18541928244414,29.571238160403574,76.37399458412762
405.2290886004728,161.60287603164662,29.247577096374293,75.465773571532
406.039570347438,169.72520445270902,29.02001462916962,77.38341493192185
406.80063349465354,167.73652244411974,30.877368696676925,78.62009110196296
407.067152133627,163.9574481743312,32.326781069494444,78.45123368298292
409.2236288756932,162.09265059591002,31.285944008015345,77.22917345194686
410.87368023358977,165.54355777480367,31.30825378306689,74.80827368690242
411.3363178597767,158.61428122890175,31.420046182441638,75.4444566310012
413.9530142992388,153.04221424072375,30.21293752135198,76.39309881658576
414.68050353498273,151.96591805771828,28.962589931411976,78.4993187279832
412.6907276981254,150.156211629638,28.18204791616189,78.7679086585762
411.2804807669628,153.2586017956661,27.153917549055905,78.77759775935075
411.4028505523486,154.47245052945942,27.066900138504487,80.78282265504541
412.5271516987768,158.17451364333309,27.37344501666861,80.98289726729439
414.77951770962477,160.43977094350564,26.92576894513741,81.94881401765728
413.4420349198804,160.23156461858605,29.25232519974166,81.14402417478257
415.6582693216739,157.39772059926952,28.56468414349966,82.10779471005867
416.05513441600556,158.76191990409006,29.509172858377923,81.67225398577828
418.5924172583069,159.0177759699227,28.34575381455283,80.45810045978396
422.62353337920337,159.4177652310441,27.643503109625122,79.375906819133
424.90197758155676,158.66526674558227,27.69288930971569,78.42406279808273
427.53946470932726,159.4758374482688,27.006042190405154,78.06100354412261
438.51005902959076,160.12691877789433,25.958166004101795,79.94305118531713
442.178496419248,161.88479174527788,25.97401816112768,82.60654166259835
445.62301415295633,162.6997666097927,25.89856272987437,83.89984046300293
446.399568176654,163.04009502830343,29.356404770980028,84.29382080058778
454.8927818911069,158.46708757088402,28.933116303866193,84.42553250802919
457.5215095455666,156.88813968783376,28.156255629956625,84.92657722089174
459.00566673989255,156.95738648561766,27.38160221580724,86.59807510424395
462.59635003701123,157.54352669654108,26.05279947960209,86.44538768280908
464.74054243057634,153.6292162723154,26.897789383481385,85.95083596198555
464.038353658154,149.72266234326153,28.96571319249764,85.18636909017386
465.0378660543976,148.98152533428538,28.794470792512268,84.96449314665458
466.1221685466094,150.07809175064807,28.774008861143596,84.19134417775977
466.9737319456335,149.6274571546861,28.170066456978002,84.25261512444442
468.0598631733791,149.22269268321776,27.64340658537209,81.26336934814286
466.47221348676794,152.39145743803226,29.570516628493344,83.7972997994514
466.3454041576414,151.1861459612092,29.651502309380014,85.14665883422086
464.10964470391843,152.0110426192612,30.938234181837572,83.86308122398843
466.06754911679513,155.00506176728186,30.617268505269323,84.9243164188529
470.02272889837525,155.07897886312094,29.803228140717422,82.33549225601382
472.4304901675644,155.35131825830481,28.79102076499779,80.95214464240388
470.2406976517289,158.1888199294588,29.64402427086621,81.51597234333934
470.88249224820595,157.79112605817863,29.433264324433168,80.34270628779635
469.3289848289089,158.10995408600274,28.486891044283272,79.78153220776309
466.35779203086463,159.2207448977216,27.257814581350907,77.03801112786252
465.34346376165314,162.1228989481524,27.7723081025009,77.23140991710713
463.804559822046,162.50351324487758,28.294775691645654,79.67219886935686
462.8546716707654,161.91420907264478,27.209851314427745,80.595163369218
459.777424780951,160.38694420900913,26.110101243348588,79.84576281389651
457.42774970054296,160.14203934878805,24.89324838216143,79.55647920920057
458.2819444688939,159.46227632802282,23.873868869530227,77.4783743589311
457.8548382249792,157.47633123251074,24.27936477649201,74.7921281821574
455.52814559854556,158.77823656214434,24.1649744937757,75.50328730095111
456.36421123688166,157.8692434279346,23.17644084140548,76.91316414287218
457.25875647203725,156.92407184597073,22.688968351097643,77.60057375691898
458.09997115037595,158.59918703812951,22.990408547032523,77.56477933146367
457.97378431009474,158.9669965330664,23.876974515516828,77.90321327146815
456.22379227055586,160.20568763848766,26.624137625966704,77.98741553328186
455.62614363090927,155.55105293833623,28.95840396901867,77.13922853557446
455.5274563932655,154.51361862666874,28.576785839096942,78.12515367746417
455.4764373762319,153.1937495764116,27.51723508513161,78.11115637873223
453.97244539091577,152.92319807932412,26.87280521070158,77.97395934982826
453.50679807464746,153.10518200071272,27.51991815898262,75.86280079316865
450.5349130734842,153.33492953610101,27.617853906090605,77.12419159523287
448.56001183687215,153.99909635625897,28.634685617061958,75.74779721364143
447.62781348644245,153.89870733411,29.158450594517397,74.08085691897304
448.18160091690925,155.25773640380098,26.97911472150642,72.13174310265396
448.8611653159251,156.6319166794971,25.847519308632315,73.71674560744458
448.71046349140386,152.54808782941006,27.032497026221108,73.80092247265767
447.78963124834576,152.26445037620323,28.485296905718375,71.10915463920318
447.92803442437355,151.5744299324754,27.780922833249644,70.49883395534692
448.58861872249446,151.33896281536846,28.218306430649506,68.89347519792263
446.8438040883664,152.18726431145538,27.23478830663261,68.14091816665194
449.6076547328854,151.41014488823424,25.77498910575986,67.88738652244783
450.39234635919,150.96546219552053,25.840537059853908,68.83115472491596
450.3132761905205,150.0381837873685,26.063377486587942,70.64383208845504
450.48259756644677,147.54482907729587,25.804184671483007,71.94176334659772
450.27392752660285,146.37279980020523,25.48704675434468,74.49853482943178
450.7911320572779,150.14263603321012,25.084888657636107,74.48951488646279
453.10681380256017,148.62474708127587,25.077274900042788,74.79505029956285
453.82138817134404,146.40564978542344,25.50065080065097,75.93790697584717
453.0635720937401,143.68007834664218,27.54440764591472,74.87238058003325
454.40899461616374,141.92426391370586,27.80264616773306,74.05079897761361
454.6888679808716,141.65133063244576,27.56456505316082,73.14418689290176
454.64041710132034,144.21752821409422,26.855390941272546,74.2322626349088
456.94492323506427,142.1527392881277,25.714864267580396,73.27006459267683
457.66750561189446,142.06687838033105,26.880646646030655,74.3189635275252
458.9471290876491,141.33980017778842,28.31315112694019,75.12746251245203
466.337864655684,141.3710708801911,28.003995779139437,76.44344886815233
469.2545157238517,142.62025371084707,27.91550613135997,74.13016151482671
476.8350964147798,145.7535664053306,27.908942031913444,73.68561196967066
486.43824200114705,145.07908672319246,26.57880099040446,74.42054586035223
491.5099995217223,144.72687436748242,30.51262226059435,71.60541023470566
500.1083681011353,135.71330527904718,32.209392105552574,70.00486667939848
501.5053587199883,133.50804571826234,32.7926191007261,70.15869100726692
512.1220797279007,131.2508892920264,30.35076491449134,72.72808248541784
520.2519306528516,129.71941054542128,28.505095047011356,76.11303443229664
522.3931831481137,126.5144904680136,29.01835545641987,79.21285604768332
524.4998219304968,124.08015586969839,29.239969592398445,79.01689425905374
526.5599984414948,122.42482916693164,29.77724844448665,79.68803369516584
533.1177499144165,119.66426082269824,29.609063575730758,78.11320738238143
533.9056198289043,119.29800227591774,28.215506177976323,78.7848122468217
535.7348783983269,121.62333576561875,26.833151901908625,79.18732882302272
538.1668631127421,118.13128208150306,26.714326363459037,77.70613086288496
538.3911869640966,116.63267079585926,26.45890407431099,77.57877686556904
537.9332763742465,119.01966266008918,27.355983350184765,75.21333672384013
535.5080885749268,116.45302837710192,27.724085370180326,73.81683634602805
532.8772541970434,116.68593648431595,26.795890920991003,72.55770698596248
530.0560180217218,119.28772664373585,25.81588097182963,74.93727800760729
529.488336473648,117.13969842480738,25.193119716475714,76.12945904682837
527.0459576596244,115.77073620512611,25.019934954080984,75.54619646684276
524.285883738844,114.68306380041702,24.684453351519444,74.4213012364355
521.0921439286489,112.77572243745027,24.24743622584642,76.2181836312533
517.8181668631896,114.35910938429778,25.52746557115102,73.65407134720792
516.6991389118339,117.04474394521509,27.4282578301209,70.82254469516091
515.8660396219833,115.44834130983833,25.92055079878373,72.70222089849345
515.1619419973815,113.95950441992585,26.26249369718019,73.33099269124261
513.2935794855092,113.39129084447126,26.898545999061987,73.65709684219759
511.51570449735516,113.41602515480649,27.307688814801857,71.81980871678925
504.73981018910064,112.27502126260431,26.784773261083792,72.91643270450172
503.7750344310224,110.21982318141141,25.653816764468715,72.7641941127066
502.59726824700067,110.25427280183865,24.4812422046405,74.60535944990848
500.93487872185193,108.12109969360519,24.49530081121231,75.29493321497463
498.56682723600954,102.3476675697469,24.372059777312373,76.80402528404129
495.40223654442565,99.5070892057943,24.581864024249686,78.4146210797871
493.9861230193453,98.21320006473545,24.04594966167545,79.49208239394062
491.8990280042291,97.92307242291312,24.605852077085448,79.7002541030518
491.0902113821137,96.04301183511507,24.421397418293466,79.40545985048628
491.9807540430969,92.52405828975358,24.190908095091125,81.0159549081282
492.02852425137195,87.87898112714676,25.42278815163974,81.3888986544234
491.1240060824079,85.51027656755602,26.161043377850696,81.43303709031629
488.6961582651827,86.73890323780178,26.520014406740714,80.94573740602138
487.1214751109586,89.09986394004288,25.770495465097394,81.51699074519152
486.72338210928365,90.03009554783829,25.81517662998066,82.43028665626392
487.9903830999843,87.388700618899,24.165356684502413,86.78561030043934
487.84729410071446,86.11470181013144,25.094464713864838,85.52541757221029
487.5834935753403,82.7860244639008,26.678823214716925,83.03544388790155
488.2339270889447,82.24512483978697,27.733470475456656,81.97076305266366
490.60080734731713,83.45463484935665,27.42577683416956,82.15270161926341
491.8916135991593,81.9276808386552,27.343556601527126,83.895680580684
493.7326793514805,82.18629362129488,27.18646667708495,83.01609149812028
492.760528829106,83.52405250714452,28.5323804804704,83.15577381682931
493.2613923907187,81.5405877026437,30.04267775986338,87.1615974905554
493.9697934518017,76.75437075086565,30.804607317613755,89.03728695212541
495.3024912058973,75.15343298712739,29.583157694127156,89.80431178685289
493.81367592677697,76.69775728641581,28.56718335391504,91.4206359322641
490.4286508064849,81.1501590172186,29.52937035902557,91.28136019587825
489.71241670973575,81.21764837620175,29.955544421244895,90.80311928232479
489.57876961430577,80.31421560224439,30.036912904883835,89.96959085784268
488.6128727052737,78.0863085601586,30.215788598749107,86.66864196059944
486.75578775182606,78.67808462762105,29.908899469389418,85.9376995733228
483.93316988754253,80.53907059414826,28.992347115833702,86.44542439090924
481.306008712505,81.65277340683558,28.35644787014465,88.02422904499932
478.56046282485545,79.62159254774242,28.629760009060597,89.39125489816487
475.87711704976977,80.27794697678745,28.167124452756187,90.80885552646399
471.61987242788877,79.42899537882975,30.70091797203093,87.90311625869529
468.8619773171297,78.1983817668274,31.333329211005065,85.73366435214581
465.8711467150802,80.36939983428331,30.430345429905096,85.45111985160287
458.173076707531,83.67814922412097,30.185442735652934,84.43376259719611
454.0561076397961,88.06876451328498,29.126619068449404,86.15358869001066
446.58022737632905,89.0715577837456,29.36913105259777,89.14531183384284
441.94320396932966,86.53973605531985,29.85782706703608,89.39717436112892
439.57182213855043,87.3997130880331,30.139243625475643,88.84821243170401
438.4023943891866,89.09224465875768,30.154797093639907,88.98631523149325
437.6880662796053,90.11614749757507,30.072210446286405,87.36239343900365
437.30479342952947,90.90216626738368,27.837612214095515,87.24392078166487
437.1511960298891,90.9885975458838,28.045327442391503,87.75811536215394
435.9739872147363,91.47061324537026,29.099859084461514,87.22204248144772
435.1010779868777,90.26481968018007,29.959337518091644,86.04887013802743
431.8045037375111,89.22652747942391,30.405783727243623,86.25535642552609
431.2257672900179,92.60323850698713,30.797429681693455,86.42233737409228
430.59803246136295,91.61267456130035,30.43353626946904,87.42503392143354
427.6439534621144,95.27097135111391,30.719625385977647,89.07910150513649
425.22649742790225,94.81999306562363,30.730615773951513,92.11173100778818
425.54486285449116,92.61277412605028,30.233959144053678,92.36702162436166
427.2546130546309,94.77632326918808,28.030463115417163,98.04335084357922
428.6026708009187,93.15373336372168,27.364818232506558,100.3362505503517
429.57868858338946,91.05378579977737,27.127343653130204,100.0163159281793
429.747353771055,90.0164061041247,26.749058945000485,99.07005705280679
428.00187697463076,88.31858877536554,26.41725386322733,97.4632765301188
426.36935217926987,84.81003970455497,26.33649709370429,93.04792437724532
425.81175618947,86.21907831388121,27.217845865944803,87.71737023751129
424.0023787619545,89.58102023644204,27.895785033796223,83.30120872248301
421.0081190895701,91.4543984518188,28.018710468347766,80.88241254449132
416.988216678631,91.15675543387505,27.943455437625886,78.0904646078294
413.6209567605152,91.34334310961215,27.178081131706513,75.43331127097312
411.84520358700445,92.0022167140203,25.59620277413819,74.57708601550117
411.09599752720425,93.88065829724553,25.83843448812178,74.24470593704814
410.5118280407383,95.19355717081815,26.09405117149152,73.82098557866632
409.97030417283594,95.72834517496264,25.892852104966195,74.4644011656456
408.7137686888441,95.66044212427826,25.461150591031593,74.45463613948043
403.682507964759,87.02398930362753,23.880726749589932,73.31445202858465
402.6824557117416,87.27485662293519,22.49507786245151,72.91472533783147
400.82473619812305,91.59104515052039,21.880684335825045,72.85730040821039
398.29406838758433,92.19051905175104,22.0605707343378,72.64737790052982
397.2898525021552,91.26500638089328,22.41974472607467,70.58224909605086
394.24918045550663,91.06028656149178,22.599411687718998,67.73113752063576
387.5152589450512,93.47686750695358,21.847345040661104,67.00521487608054
384.7316495743039,93.90460672623611,21.919680244863223,66.9325127932589
381.6058303688883,94.82259168843288,22.47485364028313,66.442296896232
379.02925859708677,92.79143602080607,22.583033347216166,66.34974916547608
377.9286829152275,92.36094240527382,23.06866707082083,66.39428419135947
377.1623853982239,92.02561732307278,23.086959493477153,66.59795035197928
