176.5,75.5,47,102
175.64230211566974,75.27717833890756,49.9005995593252,101.857534544185
175.08747674426056,77.6479785818557,51.85764947731066,103.08734528646866
171.52560594274112,79.413875060271,53.504375108212045,104.90374645195251
170.61388817815825,81.0867966901075,54.38285546722325,105.87931051039473
171.63150563261797,82.7840971598055,54.21987302259819,106.03075415908772
168.5968633160948,85.85587595352695,55.90890291016113,107.53258994322688
167.01746479958032,87.65044068218477,56.84280303538374,107.48838665244566
164.97440973371553,85.0665065789207,56.82190280258083,106.75773391247111
162.76296352732754,80.77094164839374,56.98334015630533,109.19641893404746
158.20625141290807,76.83237226456595,55.842744647900595,108.25720199644185
156.63729062502654,74.89579260998141,54.753514829773295,106.74889014853693
152.96722174143596,75.95394507159861,54.51562058020026,105.74666541596109
147.9516022923463,74.68316374235323,55.03142902794012,105.85136441363947
140.21443916711627,68.77738226041578,56.08198628120784,106.77210019855931
137.14119756112564,63.75547069859381,56.37369787911442,104.23175107336291
135.7137115684473,61.23121530145205,56.00368235760457,103.36651789486811
134.68091784113,60.98258634885578,54.34122816337448,101.92384059269371
132.99796954266645,60.520430070371816,51.506803085954616,100.38492397027932
131.37830724484996,62.397015193097914,51.72578533158149,96.76097280980522
132.40806880869863,63.93218278307044,51.84071665449146,94.78720561825587
131.7718730666301,66.22404097374886,51.160046677179864,93.40536587721886
132.08953369091986,71.00399075253647,51.012281588096634,91.7525860706202
132.60235936889478,76.16273527357723,50.52317157488211,90.61840181522079
130.7591112784655,80.47560573718121,50.22060043968538,90.13058603602309
131.04138368367913,81.85506978514125,50.35874181986327,88.75004133815904
130.36723751634509,82.84773527876662,51.37194175898729,88.20587043372538
129.91563542611007,82.3669921700339,52.370699151325155,88.52081493652256
130.14036144753203,76.41646137538211,54.11317311098365,89.08033332819429
129.97165483577464,71.71333083461097,55.53700174454022,88.82458230951684
128.11546831990492,64.40969419009383,57.724286227619416,89.02562181101449
129.68532136592873,58.29456985880559,58.33062882446036,89.94686568996062
134.8130668538061,54.74053652718222,58.638891930431654,88.25349402160334
133.95329620011904,51.21250213891877,59.908028563990996,86.66120063840124
133.04769290900632,48.357804642830104,62.220783913306335,88.2759110297485
134.2593198374276,47.90542967537189,63.5337687744966,89.81126707952927
133.83884043295998,46.179686235061624,65.39741895248851,91.00203990604214
134.2892792588267,46.581408824287294,66.13684348199902,91.9882960701735
130.5284597851885,50.917893894089836,65.13453185249315,94.76950855538531
128.79692149899498,53.74239712244544,65.94046411678998,96.96467934476786
130.1555840968279,60.53239975985207,66.15128170715016,98.68895911939308
130.3669412946577,62.12468521004557,65.83126016887522,100.25616157639743
131.43722643618455,69.557230891253,63.95035704394836,99.06851848668764
131.687151620939,75.67528365566142,63.54235071906524,100.29206013652072
130.9520674615324,78.820126454882,63.51329246774898,99.21925962795383
128.78012207832268,81.01626542773799,63.54964997000832,98.62862052387086
127.6273932903197,79.85543501937143,61.75013899819322,99.38825090599553
125.90259705958314,78.04070831210466,59.88394223694906,99.24149854240713
124.24467646207663,75.41552421217447,58.59883271403608,98.75191322435367
121.70980975632276,72.59892638737836,57.63953675618957,98.66547672520323
118.99533401061854,73.2862141942047,57.06958068152744,97.84297453064463
115.85811883292271,75.5348943625722,58.082301823662235,97.3917114725046
111.77705177911047,78.09212941179118,58.701512003979616,96.34852280717213
108.58990639775718,79.25287826167167,59.51711412609173,94.60193205263973
105.90726356509879,78.13635439711071,60.728438132930705,94.97492350067185
106.34930794776535,76.77103170779786,61.3828342985897,96.16015264337378
107.56263791318838,75.30011827872343,62.359705203849,97.40687263754711
110.67235388151273,72.04647249132027,62.86858862059384,99.35814204514762
117.38928835492263,70.25413709087661,62.18617021240932,99.5352513054313
121.99405580316083,69.359021700879,62.27227721504178,100.76859845228978
124.17981831851155,70.8806860607367,63.55831587071119,102.9869889594115
126.90680525884886,68.88762106325966,64.86035729078732,105.39776628560341
135.42130060495833,61.641975124336426,64.72651773687403,108.81819348602068
141.67939756037978,56.14645465349192,64.77058745975914,111.63283615042697
143.9541015664233,54.78648818828049,66.4975204091284,113.30560154125328
143.17374320784035,49.58309832177592,68.01727460903285,116.75869789795016
145.28576558229977,47.877748202315516,68.72265653018843,114.98285181118737
146.60683280020567,44.01982153521832,68.722053800233,114.78719181682952
150.496054512785,44.61008255037203,67.61625594392194,114.63163662249775
152.71046196337926,43.114412753901505,67.00572555429959,114.65251222427364
157.37298849951827,41.705655731951396,67.6188362393458,115.38573433320681
162.5852761107024,42.9214519594776,66.33568996442625,118.62680365946544
167.33612492125508,43.03257047226993,64.72124085940368,117.96505306977097
166.93750911033266,41.58997374522542,61.7475898747422,119.79690620804121
173.9597894229359,42.509940359927135,61.47339019619098,122.74870862774667
176.3496665958351,43.70844983596682,60.865187077962176,123.8995047601247
178.15195356667112,45.00556640934644,60.48773591995095,123.85095332837705
177.86782553342556,49.70516006798435,58.99215016667893,123.29390239415787
176.06883123101676,55.03253056392327,56.13484845396111,122.1892540994236
176.51719985191096,59.02289259723277,55.27112171358728,119.66174372451601
175.45962296431753,58.6592479950183,54.7393042630356,119.5322220015539
173.72501572366545,56.048384868989324,55.77057218634112,120.68171600721293
171.0390533715466,49.64382853690498,56.70375949815326,121.42770401470437
173.58835840461091,46.597307854454016,57.15259091456858,123.2575446197186
175.0392867515449,46.61179359665547,56.42228592510735,124.13733827251129
174.86898686386485,43.99227267667274,57.741167675259945,124.97573056489983
176.38447420865532,45.50424342000025,57.69213873877654,123.6068219513985
176.34782356904157,42.06065890324127,58.02821385962353,123.26378115749337
175.53838945166822,42.66196308868612,57.40727281969674,123.46367651547024
177.08756285939415,40.35901684296019,57.562223094775305,122.85489739513622
177.66525656898824,37.10077812792526,57.17289662395898,122.48927662726906
175.97010610128,40.06980756228647,56.89565557863204,119.79467173803883
175.24532422295266,40.087554611622885,57.210076174466764,119.28970016467652
174.53117002188898,37.8262285581978,57.4775414426677,118.9138050989803
169.07475604916408,35.723652234691855,59.35034749175519,119.68679713007117
165.67408010939852,36.421144059821344,61.09573251719088,121.17387019291644
165.11530657995291,36.79688842255384,62.386229083914586,121.93239480935513
164.71121585306182,38.713907336707265,63.71276954314802,122.48907544113129
166.19685548387955,45.44979716575246,63.189967549731534,120.85999960231581
166.9581121799378,47.057048766169245,63.71408740117579,121.61152199237884
164.7900063272901,51.10435540231663,64.28149717890469,124.3420010357579
165.2670042763472,53.62263481951088,63.95086823273292,126.34005056547463
166.58048603356116,56.84890199244276,63.89117452039852,125.18263407468288
160.0460584290425,58.87333030145362,62.95447553021712,123.27653177299112
162.87174110295012,55.06803859744602,62.68026977789132,120.77311581424607
157.11321607014355,52.222414111125495,61.49483761999376,118.79593445851798
147.87257893533626,43.61862550473843,61.863460064657154,117.7613527815216
142.67213322073027,39.04900078755804,60.88632643893747,116.56212984954936
140.59146061681133,33.981277129681246,59.52730116337695,116.80656020515892
139.43913512177713,32.77852105136028,58.78039747357475,118.13357662091035
134.90276795874456,34.339234437263926,57.66086342805785,118.79111866013821
132.98239331369285,34.51878295369637,56.57206254726279,119.05411017879462
133.50261111901006,37.577639693478844,55.990936902000485,117.50486097840448
133.86902270596795,39.93991779218848,55.211787426092755,117.9030493412269
135.20043537080994,46.32032769863121,55.551853160098986,119.20843073836342
137.83365931123288,50.82960061066257,54.007579685304755,120.394514812372
137.67779309614983,56.56794636369753,53.44227220610806,120.78099869845295
139.22877269129208,58.11536994839773,54.22788625801101,120.6226413495329
135.82052323559674,50.903826084339414,57.005339835539424,122.5629514821295
138.93412304959142,46.00705118013165,55.799093862792986,123.90424318049865
142.83225761244026,41.54027613898053,55.020234061741306,124.4621895869586
143.67406451568823,33.337173487136035,54.98606304718412,124.9774561317975
144.40794281451676,27.38807445882469,56.439368442172345,118.67931553485573
144.18286548815706,23.12483691880159,58.29980570673863,116.37677774411335
142.79117663782512,20.31092381333739,59.99349343738605,117.08949050594508
140.5129990890282,12.805207723034847,61.15504119626531,122.26118288705065
141.7562788857367,11.341731460791607,62.81645990866497,124.13931598881527
141.94884944410742,11.951598768332367,64.58561042171475,126.29074784140037
140.95285587004355,15.757988381388216,65.28199274482269,126.67203962206358
137.9671821626335,19.871210781247868,66.06026688693771,128.33808330195853
140.1654735987736,29.985505872774638,65.05410039840082,130.53477845826046
139.9933493690269,37.57142564320313,65.24524005247616,128.7831297285607
138.34951785931872,43.69104948300684,64.52253091002731,127.29567877136539
138.21382714396285,47.83346810761988,64.48305710110928,126.57016244880558
134.30000892777184,51.91585848289395,63.38964918382088,127.27688838923643
131.5346513823552,55.003389111919915,63.76841296163536,129.04589031783001
131.7917996279585,57.14790393903252,64.22969066581372,130.0084671279908
131.92591647451792,54.864686987451535,64.40311690006305,132.33069174160198
133.92094263187823,53.93228110041491,61.275348828449324,131.95860342450396
131.59238285103157,49.33582646841988,61.0444941279051,132.9082132042411
133.8970901642742,49.68757479425133,62.86594908073497,130.84257220157264
135.23111398676144,50.05233562580813,64.87630529013063,132.67019327298664
135.82939727047324,53.351885183557556,66.05847498026013,133.61788189628783
137.9781838081713,53.281645510868174,66.82969663218942,132.66925718530825
140.17315429393318,54.393458731778225,67.2440955463774,135.25153417824157
141.35998624786572,55.38557182434164,67.46724984720672,137.4295194112666
141.9200547162321,55.375710113445535,67.86970271321597,138.741622927587
142.50724557310062,53.429604151829,68.38390532717669,140.28372026685096
144.16376605411955,51.09040229498814,69.04413549665435,141.12422238827804
148.55370420212355,50.67374876923165,69.57513318593686,141.3462139509757
153.84126875451267,46.30186555692444,68.89639881077287,140.97727514487724
158.05909754385246,47.29018946791443,69.23255843942975,140.01438622067863
161.2135047471197,48.09291117493373,68.85661012939184,140.817424642959
161.2053059984347,49.83888083459826,70.44639155410712,140.25942501898822
164.00150430168853,39.42794562957431,71.6356288015118,138.6747650487871
164.82840705630983,38.86251189991495,72.92482885409781,136.70058575899083
168.495715418577,37.2241391315799,71.46676661869924,137.6474439055242
168.79314197738287,36.213217337070006,72.0390651906169,135.51652698886772
173.65993712467707,30.40684702648541,69.73900141198922,138.1569708952542
172.67461409830128,29.60603478327829,68.53425602911759,138.56116047947728
176.3796002296714,28.247544608100398,67.40740249120033,140.38720910433105
176.69321455162537,28.249898453937647,64.47235305032584,140.91109805228973
181.9475255610999,26.93428691569855,65.36017821307848,141.16165654174705
183.2639029469405,28.07595900572602,65.65941358803421,137.99208976075522
181.7564448570021,25.81535144822581,65.92250205108367,139.26945154514345
182.09951046187672,28.06444560488677,66.84833637840566,139.5026041169839
182.95551312964972,29.44240125310077,67.87927766761547,139.7572821817467
179.90503530597715,32.878667616191024,68.93403447005099,141.95132736694313
180.61922168300646,38.51661806633582,68.10986941052283,142.38686083097238
177.12776717745277,42.17823823346046,68.32818148254329,142.2944578418464
174.41237048950399,42.71576231367237,68.40813238254975,143.32057187662826
173.27126293562793,41.003124384777294,71.48059779166292,142.6821899737983
171.6242940128597,36.69255985579038,72.1059324553604,140.38329892831754
169.29363501478323,34.281048041400595,73.42752877182585,139.11138475573603
174.12587572222716,35.78856103063326,70.66432871374951,138.22020220874347
175.27165058844025,35.532952579826315,66.91767784893044,137.49300076967438
179.4025041394844,36.61214947649978,66.5460273569496,134.98465696078256
177.15487694299054,35.999094488649234,65.32367329809406,135.46261658782032
179.2275635824439,33.23842122821367,64.75552570430696,136.09891138139653
177.62624287177994,32.14566422848307,63.48437409584973,133.83967507186725
177.84853576436566,32.122543254872596,63.705477957875964,133.05896754189246
178.14597563043574,34.45762628692704,63.81221576466481,131.07343973957862
175.5943865402489,34.862124768369085,64.19416868335027,131.3863377323296
173.6058851705883,33.24710693247762,65.32427835054318,133.78014944418973
172.93922549908285,34.1368279416224,66.8585969833051,134.2446778200347
172.76373081948867,33.33468522710393,67.90309514633793,136.16779922281125
174.04253740737886,31.3277793349192,69.07336936260162,139.43686473938516
175.02008907876427,29.802249978443058,70.31953731537827,139.6341345996458
177.1139016723734,33.791834408693845,70.08537902040248,137.19487224091424
177.7262978280648,39.622902983972196,70.0276673498125,136.21907828341173
177.76891466805273,46.76899209448689,70.00526139852539,135.825225028813
177.93097959400296,48.6744404337764,69.92786899698615,136.9201425210714
177.2789223686458,50.24681831144565,69.64226200643157,135.53303916765702
170.35312153723729,51.51863138609134,68.88030203899956,135.28850459589555
168.90886402982912,45.52835335256408,68.04593907453734,131.5936065232406
165.19486232163473,43.065093778918865,68.85318586479696,129.8377507163074
156.95026914684482,38.53633898033317,70.02924469667657,131.4821786675132
149.3776345367714,33.39639972399712,69.27281198963836,132.27900969483375
142.81923879548168,28.409326880576245,67.23026166008401,131.60922113179757
141.94050696585612,29.057944039758922,64.75761515087808,129.36076457250738
140.22612975039064,31.597312682980174,62.8615562158728,127.64508966780926
138.00485133243612,35.168190866013916,61.590216300378025,124.80009719868391
137.89255106576056,40.11061317708511,58.91905224441945,123.89751232690773
137.4133960795427,45.64141712352395,57.22841426267729,121.8203805235076
136.70925304157655,49.68057908744039,55.31080192971986,120.39958690344449
139.0152828058442,57.79009042634832,54.34148193556254,117.4558194288757
139.4771325814421,58.17015163331894,55.17219467780094,121.41490477860634
140.18591024523795,54.869907503069506,56.99690290573597,121.31956412446287
141.56860999224406,47.674842337825,57.26999537606395,122.36022717742503
143.84845849087375,38.45252325471645,55.53396447453822,125.2611632180928
148.5233667067538,30.33090265787918,56.909116952995426,124.95014034316384
150.58009420694373,23.56850022247481,57.610903289438035,124.87827983158732
151.44920244186858,25.072197466657272,59.04594011739415,120.51574024644353
151.07156398332054,24.906732746098115,59.27779658141861,118.37465001516804
150.73483789418125,22.54096621851137,60.87303506798577,120.40052773396152
150.0025034692674,19.22504874168355,62.517583493781274,122.94056009057127
150.56239619078457,17.28162945757458,64.13203405271528,126.01021748880248
149.74316594442695,21.067290843150232,64.79874023291532,126.5175785708006
148.29748168111428,26.03706011183339,65.06487487091457,127.97243586168135
147.74641670737157,31.079018067932054,65.19374179311615,128.51023549513832
146.24644893195656,38.38739701668778,64.79766766033714,127.7874700216381
145.95122752234803,45.49186906496335,63.83984561844731,127.72287311594388
141.12109155356,51.77559876670125,63.89120127336955,126.64120015045637
137.7046016015029,55.832415835170515,64.10796880947231,125.51824432391213
134.27647755482656,59.76801256007063,65.49531622228298,124.9570021795013
