110.5,101.5,30,91
111.21619346601275,99.7698842705787,29.330220284809513,91.80442002981886
111.97279175695269,99.0865799732509,29.431031295130886,92.5315655574197
112.71912539127861,98.86609361532783,29.074658629826814,92.24705539219667
112.81740835150873,99.28607887344822,29.265734586302514,93.19322734440833
114.17794098859535,102.78690343841473,29.086659353862082,92.10342532903833
113.53841128831772,105.33853239240811,28.927788766509934,91.03943305368094
115.66254739298661,107.17128200695956,28.24251771302543,88.01064524320674
118.50405674507604,107.8957641041659,27.854134304714464,84.80473078958536
121.0173397840304,107.42126466710194,26.702955656996796,82.88369186960014
123.56934080439893,107.40483544403685,25.95350969993893,81.58494726549839
124.73136217664778,105.84778898040108,25.975581352490202,80.95071794431107
126.81023518431095,105.43214716297287,25.420923716070106,83.16910620963776
128.88074752403844,104.63833942207478,26.09752217504288,83.38260360175803
130.26919057128475,104.8413947769457,27.04929904823213,82.69576300214649
129.0623510565903,104.2342324890648,27.22779316970779,83.18913423260955
129.22519948260233,103.50915711597992,27.365987406646312,83.71969426718567
130.15217341441718,102.41878789704796,26.845071555002402,83.68271768010146
129.77629126208814,100.8415146698187,25.445249088649135,83.7739165565113
132.60767788582044,98.6288528804284,24.646989238401304,83.7515215149916
133.87687575576734,99.36951419393247,24.856684719363216,83.50148040691961
134.96661013201148,99.36285192378305,24.56653073757348,83.61655358507349
134.78754342006872,101.86195028347618,25.893847129598683,80.90105215911375
136.9368270268964,104.10210658538918,25.900233967914765,79.02021350853481
139.7601750899363,103.78808593802586,24.98075646976462,78.23189955099554
142.44166561312835,103.839118162152,24.3086833785502,77.35087368268404
143.3211318037783,100.70350321076153,23.933336092655928,78.78037012980704
144.80189851693515,102.55036089951403,23.941091492330933,77.30171236376748
145.26245750883632,100.78444307280765,23.328794709853096,77.9022125679615
148.0089617458845,100.638563565119,22.43847407145003,78.31961646089178
146.8452861808381,100.11487765235606,23.693543125660916,75.91397152845258
148.44060383930392,100.23900005940865,23.787355478712207,74.27151566049913
149.84227879974435,98.80733050877022,23.81939850979666,73.22125813167955
150.46291032599115,98.59095294248432,24.447184767987263,73.06727753884851
150.7768454382808,96.28026235010695,24.35287380616054,74.35805130935765
152.02669472162881,96.36822728391087,23.911543683907205,75.17622272768426
153.22643728938212,96.48952373981572,23.018431000182833,74.97060844808624
152.36501031176147,96.54373104160808,22.53560768453484,74.15881457108691
150.5309121986473,96.97275266840288,22.418909205944487,73.14085339666944
151.2614787978189,97.0420619968701,21.849796471544707,72.27506045766103
152.08464643685178,96.13933313824327,21.608925127423657,69.90331022813734
154.1803120172617,98.47943838323852,21.06916214096597,70.23853781798084
156.01715140797737,99.53988341501221,20.418334588248708,70.24242840934066
156.72102999708326,100.47820166920488,20.191109031016175,70.3531415303575
157.82696733617405,102.06929020922571,20.24848259998126,69.44205018945158
158.7305476873485,103.443270262621,20.453175830966707,68.40486605407366
159.14186754535683,103.49384344154909,20.57458124138816,68.51934814136595
161.45170171410746,103.32212503209684,20.268085721117146,68.64661399364525
163.56488996712693,103.11249262290289,19.72868445578561,68.54798251743931
165.15804554824632,102.05282465121752,19.87552201142706,69.47488128887402
166.6446018480744,101.1512634658205,20.23084936271389,71.40227756333599
170.50645659367453,101.93067608618438,20.870664308464313,70.78094069970251
172.76213167808007,105.18603196060579,21.032726462651297,68.79140290486968
173.81221285194795,103.71191168836813,21.205366467820795,68.83281886056936
175.19770851340706,101.20945262057462,20.565083362523424,68.72253409240884
176.7210267013805,99.54784144041346,19.901148145100098,67.31766092126752
175.51843534324811,99.09518832604081,19.309721650396842,66.85901880482851
177.08343782795626,100.43952965709799,18.808291529155618,66.5359372054888
179.21295784350082,100.76919705274904,18.49892181285532,65.64138986461948
177.73495855515253,99.4416164228426,19.272687532801417,66.05908359704284
179.71139151578566,101.16445823546167,19.403103605401085,65.19047497638233
179.7602787197826,102.70247100841377,20.081458145142022,64.09414594270042
180.61096587780884,102.95129557314822,20.522718697711404,62.85998546355349
181.78093955119664,102.4142068447174,20.4562868138112,63.522810136973575
184.338279296455,102.32753059762122,20.534020176535414,63.77838709707256
184.42389449708332,102.63816433930269,20.712016071226813,64.91329882723349
184.2197022896481,101.20777220635236,20.70131161581032,66.17128701540588
185.02805837433812,100.7848619003891,20.73768181718833,65.10563506835716
184.74993931666793,101.47918003981614,20.40945954291457,65.1819292046566
184.33675665751713,100.5341124399911,19.9907156607386,64.70447707634952
183.40906612221204,100.66337228621495,20.35539147965507,63.715568921358354
184.35616566750693,100.91570187261078,20.372986217075855,62.354774976265944
185.11559540511558,101.93648796236484,20.509677817793886,62.507900176823775
187.72298563580142,101.84821144789616,20.67654542008185,61.834932939705055
186.4728731482392,102.66481214711324,21.201816266940952,61.33098409425704
189.07638881741497,102.58065063404256,21.012847996979325,60.809941912249464
188.888566892178,102.49876548335216,21.079381921229448,60.22097898303942
191.52593577079796,102.45005262134562,20.456787642383112,60.09385815534811
192.07586833213412,103.28389186715408,19.98765416195705,60.052888171269025
192.213502493546,102.53641253462087,20.032415902524015,59.99387494970061
192.80498553265883,101.48719196066705,19.13823718925807,60.39615804611746
193.69670687682935,102.33900666753698,18.717893718331894,60.71785226175689
194.75238229749291,103.94422381744913,18.83510260944189,59.31924562153952
195.77879352954415,105.2212330484371,18.371046481780468,58.33683021933225
198.63463141549622,105.45718876023578,17.78273325107505,57.940847178310406
198.96580909503402,105.89564535916088,17.41882797453998,58.572262060637506
200.43629223980815,106.68949755067013,17.019577545358494,58.932898451201496
199.93273136236536,105.16404409265868,17.02694344086909,59.2319683520724
200.62842239051267,104.30729435553106,16.645281590835165,59.52536439557965
199.85412900861067,103.28907228276833,16.694504693826808,59.395028784559074
199.53422601746448,102.74761638494027,16.8432089045261,58.51912369426701
200.21200856285304,103.8018026595156,16.789409613271346,57.90296057962563
201.35374867776383,105.23884725319775,16.525985392742374,57.597333048831786
201.76489955884077,104.47453249613027,16.269295589092216,57.213206000733784
203.25882706923267,103.55531323630817,15.676548314432718,57.445807056045396
203.29259487102627,102.39673949504552,15.791029158031987,58.627025550113956
204.0780972079679,102.13989065340364,15.98678018426012,58.67773995297742
203.15489006746367,102.73662199717921,15.99524936162323,58.64537610327874
203.33564630883492,103.47673672366561,15.678756296881904,57.670131267539226
203.82818050353714,104.11570077440115,15.93186687590701,57.26089639860446
202.47556409980797,102.52643331668475,15.747263133606479,56.75918114619061
203.52536006770245,102.40802785050568,15.533738588259407,56.13106854177124
205.05828873074643,102.81458940196318,15.186031401026424,55.58213617228901
206.0271453082868,103.09840027107357,14.870583108006226,55.75831167670967
206.7689391134456,103.37509472325559,14.8417459163516,55.28991045743
208.85139637166304,104.24275755804243,15.008706247328881,54.435183154116814
209.34046646898605,104.92956669586691,14.859529868848764,53.744451896194754
210.83735112330032,105.47351098419713,15.149191613381845,53.40269503769304
210.68164764592848,105.19484779002892,15.211921344204711,53.86209176207332
211.98700723789338,105.33803602821581,15.053434521114749,54.223768037717505
209.9980641303477,104.30445236138688,15.468888923919737,54.87048051164178
209.71462731615094,103.99039224861909,15.52939916043706,54.24029530676506
208.9482138062783,103.87364609194289,15.61979854498945,53.33724804167966
207.52958094730232,103.32700637767473,15.218629232957884,52.89632048378864
207.4197662132266,103.02024940926319,15.070770078443926,52.721326541831374
207.35961992933832,102.91203771489319,14.987484546612032,52.12574971551781
206.8757169603746,101.95650046427299,15.014261531940932,52.14458798400065
207.20775265982124,100.19422097619761,14.998636454535053,52.43787569321414
207.94474550095242,99.2198309877968,14.71190400904334,52.61672208866355
207.29817214971,98.75997640663064,14.812987618342724,52.559922514385434
208.06035700608825,97.98897482477818,14.563409146278367,52.12905020220687
207.5598398868611,97.96266110144562,14.369828616704389,52.266695546060674
209.27759992880323,98.63871380580754,14.2425699273209,52.09534444126903
210.96443934200647,99.90254919246561,14.335501532585589,51.647336706206644
211.5925107191906,99.85539184423854,14.009328029373128,51.97567922050615
213.5298365216204,99.51526171767443,13.802716461668703,52.083775176530494
215.46911177168977,100.01933874212415,13.868326184537153,52.042607485796786
217.23031559385714,101.40566718114343,13.857718829356498,51.33189318512029
