136.5,35.5,52,182
131.9028443639985,33.16847397101583,50.970776687957596,178.23510215257284
127.69091885330917,40.663356282888174,50.19801916594025,171.72023300612307
123.17349256469538,42.43856447830581,51.28571006866831,170.7423046848221
120.61190022752055,41.7025886769338,51.56504222302898,164.01682376956074
118.7643070923381,45.21416016550995,51.68112335461517,156.8952972837858
119.69944298661773,41.16235054199613,49.84802789197319,153.84099187871382
120.16116292863882,40.68171390440709,48.10066537380624,152.43529533005463
118.68228315180689,35.46060851271153,48.17491672205629,149.55932507554292
118.33826542724715,29.84111450277021,48.62689962825087,148.2301244281282
109.46288796507334,25.248510837742714,47.879470348496945,146.8398989807784
112.4389775026723,31.720162721333054,47.539817213240404,143.5158283450064
124.64265998387228,41.256220080237355,46.74921822679259,139.62679906878716
125.18025357022819,44.290182280162,46.626369749606894,138.88451963887806
133.49280369372065,58.90765846508894,46.95986477850092,137.21503510349683
134.36984579213095,63.42169150935334,46.55435343190763,134.5553390711204
135.9916079940151,61.04525933786513,44.758623107919874,136.01259894670483
138.39309467815963,57.04525678369802,42.81200516832657,137.6579263778845
140.94684698551208,55.351116059718095,40.7795973992485,139.6721291944433
141.88466717954904,54.93558771051818,39.5868486184591,140.88017308189762
142.6435331852164,53.469496598345884,39.07314027827459,145.1777609849913
144.29065894146242,51.56155923654765,38.64537197729987,148.60691669036686
153.5365343848177,44.8923544676168,38.966096295057056,151.9542678786192
153.4181587251656,40.67509092478085,38.46641738660481,155.0388408360257
153.58261793098129,35.88551700822333,38.93346661346601,157.51999243424694
153.53842380839748,30.532034926125277,39.2663594444958,160.5472752973261
152.42164053597338,32.8513960706662,39.9942510311149,164.65544116894984
154.06026531989846,27.493797098826747,39.72083308824947,167.24260642830257
155.3925093062805,26.934785999605765,39.84245027143028,167.73111715118148
157.76970495240346,15.711234208281326,40.38466265884129,164.20679090900126
157.09866522147408,23.5624028936532,40.729421349482735,163.91394316991034
156.30118898584018,19.10861676704191,42.73774139019707,160.45874343521788
153.76563381086947,22.769019194977872,43.49040033556698,159.5089712941897
151.86599997256454,19.11866455935069,44.86924593499787,155.0697218023215
151.6945662531688,18.88241909676708,44.98596189251856,153.96736955923006
148.65961569209819,28.600515257160566,45.245446316203996,152.129514411905
149.11552547706324,28.137713846457785,45.04649758253179,149.3400345878943
157.82039268140016,28.61500006125104,45.36581094912654,146.80975710688568
157.4687632681805,30.238817356787848,44.2998711194837,143.0741761247064
164.6778131253909,31.373388440983035,44.34311326297299,138.78859189584546
161.7715542280974,31.267787842610076,44.371509544193394,136.06740764795026
160.6065840641,32.959723302290996,44.29414367788276,132.56813499119647
159.39371352284329,32.64506473607075,44.03535354854311,130.16362434195972
158.83784094889216,33.15933554660498,44.111262238239206,128.51773643411758
159.57542661796342,33.20366832272505,43.724094058666026,126.64728801635314
170.52013361402618,27.02495649421821,43.34792469544673,121.44620566140394
171.59415449445464,28.705165407358784,43.34840984155701,114.80849248409434
178.0355861214684,29.439888795965203,43.84977910858658,109.93696946252726
177.22569352877252,27.731894677311843,44.43023893749489,104.37762925439941
178.77853102157593,29.50766120034274,43.65528056184292,98.99774590278037
178.95311960912315,31.20794425032635,42.312310197222885,95.84718442217311
179.2066826118973,35.20024463867383,41.475376075715424,93.83189917434778
180.46053882525126,36.65868322646007,39.70682847826164,93.0430167745474
181.5993798651932,41.95554209875745,38.962987412286125,92.05231683695948
182.89877194244156,45.54035256071759,37.54383353733044,91.93078875514125
183.7766836098427,49.23408845252824,36.826175175787114,92.46584666893816
185.4805458895166,56.43612584907407,34.13421251638745,93.5569815697552
185.3479338089002,67.99654091224,33.44859531037552,90.81043809503467
185.40332841076085,75.43997983891627,32.849675090161384,89.03498468778807
185.8549415425483,86.30437743660772,33.70958402136495,86.12512107199501
184.91653386786606,96.01239196420065,34.668182963430354,82.65995108663338
184.72438421876495,101.6613682269508,37.020356311772964,79.28519916843287
184.23688223009248,107.90417163349672,38.99148801376546,77.08830008849534
181.77734501299318,115.93323697554654,44.255081765114156,72.7158497938
179.54844274855992,120.30378800245911,51.83303542957026,67.30175551051317
180.6199858562624,132.34217685901012,55.348568618004414,64.60287505998437
170.62910806622557,152.45202989670355,58.525224710773365,63.51965885276159
172.20017433453614,154.5439131269163,55.43182735315928,66.55590934866545
173.64268245936557,163.89902158812384,51.581036924995466,70.94368055491246
179.07436978569245,161.49090133294592,49.07349055755898,74.90085076421241
176.91069364508408,160.59522640984687,46.39498537112439,77.94870478845772
177.34755918514304,159.34647049493722,44.52168696112289,78.93139806912079
182.1439002824777,161.72490473616344,44.11169347952735,76.08652988516842
187.30665393941186,164.40435605022412,43.30109781727032,73.29212854260007
188.15495353642396,158.1608396877147,42.16141897284403,72.83286076102709
189.6174955368389,157.94227364529513,40.73949425660585,73.32539592570379
191.61997295700226,151.28061975977408,39.29320087715559,73.0131236338797
193.26029853313722,151.1717009927998,38.47109016449137,73.60632261039416
199.4925632883958,146.41838363341247,37.5778401797311,73.69678339423228
198.85532202035785,141.2837735937517,37.47895349888799,73.24217611149328
204.18414139483198,139.14069418182092,37.38590329669269,73.06133635823693
209.693415045332,136.47775361247048,38.098869972743444,72.60774466902642
228.4028076448428,130.53719152296762,38.22320229691517,72.44967283362786
228.12383237755316,129.04605209442502,36.67572199004853,75.28189830879317
215.95536000719335,113.65560210169595,43.85525515545075,67.63393858355798
216.92247051179146,119.17542359335356,50.008949566786754,61.28234968502059
227.15045512909646,114.07986318907976,53.012172608177764,59.19910506845833
211.98818795541905,116.59403031354657,58.22121699581577,55.6152597025432
171.31754593838184,120.14157781608057,70.03357036582769,48.27401147694087
134.7405994980992,108.71329485510736,67.96273943047503,51.35569412862362
121.30092208179715,102.02402564721228,64.78343375587696,54.72944986771698
129.32152161632357,104.22551933480032,64.79654453179482,54.94976066072329
130.33459938050933,96.59227697725574,62.85234865334378,56.82934161299507
131.6871440922586,97.47980433083416,61.24847673816127,58.573249765945675
133.12180441209773,90.04187551427933,57.437452361700956,62.22322105414566
128.08130539868517,91.5701391349377,54.96988738498601,64.85757649562919
136.88546566174318,91.88761186973079,53.36242325840613,66.63741378857048
131.32129708433283,86.99468559019871,51.13757094484304,68.81563084958778
131.292422718798,90.0306157791463,50.68474223565082,69.18026720631174
132.18471197272325,86.43694675693578,48.404226320783586,71.84628967608678
133.16340502921167,84.12511822171822,47.38057700895424,73.24655235260099
132.76661006634424,86.45435459452847,47.09668053885322,73.48893610188408
132.90953915900067,87.43283170513969,46.51825939196199,74.18389886140503
133.35039389102124,86.32375362328625,46.11460021945908,74.69781625271963
134.13197020926287,85.53902333240657,45.61436195446629,75.37498820923865
134.1057905990214,86.45507697705224,44.795289585822694,76.48137083388774
134.99833352491908,85.0765129060412,44.04586185513633,77.67567103115428
135.78618710498068,86.08674341050309,43.98186855743219,77.81343555857694
136.65598484653003,85.94337244953931,43.94786499137151,77.89473539464234
137.1558124531898,85.00114447842223,43.822411493044456,78.08409853959714
137.87632057189273,85.00288695192924,43.75293782861374,78.21965869696754
138.91890680558862,82.86613364991624,43.03775749817727,79.27237229218923
139.3559531776286,83.37388797989612,42.65175053066472,79.87395612242568
139.27399847322292,83.52964477703092,42.328808783718195,80.38081698313121
153.3705811127472,90.8852335838356,42.14965488772629,80.5108154025419
152.70525273631804,90.74370999405696,42.11257971175924,80.55300773764823
151.00560080689655,90.74678908257542,42.06590063755777,80.59117890583758
137.20357373997516,89.74120282906179,41.98195504605875,81.09044419297804
160.31107965629366,96.01159225083381,42.100160834271364,81.48186101288616
159.57587577036952,94.66440399194558,41.70978037999204,82.07611579413614
158.59423623291627,93.83885142667191,41.731229535083465,82.02254703838436
167.2557747638734,93.03853772043945,41.75003136416043,81.9853371600854
