142.5,125.5,91,40
137.43820484680327,125.30548893390551,92.43450148498232,40.98153617027492
130.90190567184501,124.9204694416157,93.74104472778215,42.21804092605281
124.89505297578876,124.37620382596369,95.22309671565883,42.658187824699986
122.19691553085251,125.8987047288577,95.04442806305084,42.6481157712618
113.70340159553761,124.01866976545975,97.63668531142721,42.57123992588669
111.60526748721531,123.76369767117751,97.63525779595511,42.179382528300025
105.54273938423714,122.66384892655927,98.41115190016586,42.21094055983389
102.06028385294121,122.65227864340213,97.37340030406632,42.07416132777401
95.02851452767189,121.74840102927786,98.87710161329636,42.1310155722121
91.18837695272849,120.25704746620684,98.6335424393001,42.17914070334376
84.43371762749042,119.86792465435894,98.93717356688805,42.61621306563552
79.94096357783596,118.80893828148095,98.49066529351632,42.7723996604592
76.17789437616632,118.7458697406748,98.12826724360852,42.65730699930607
70.17954202105543,117.41853632859458,98.50303515573461,42.88582874671479
66.23804017513937,117.48224606376795,98.32560259878741,42.912941798331175
61.29604521392854,116.87923666784388,97.67706936599669,42.914715499694694
56.981858539712455,116.50756778970893,97.29898252460951,42.79563430636057
49.49604465772611,116.05630786828398,98.7530025996784,42.83715265766384
44.75922798401224,115.95707597320433,98.75235654341961,42.38860522736799
37.099717661114795,114.61557773607868,99.97555580859927,42.07359035098756
33.92996630001535,114.23945207785036,99.53675538443585,41.60806286552615
26.531707419758995,114.2559898152544,100.25024816631087,41.863854596099486
18.926902613382865,113.0232572352316,99.99904902509584,42.210280459041186
16.467043267581126,114.42710253047662,98.640352990442,42.1600106468257
9.637846316104557,114.30628205566583,98.32096655129308,42.454814659228376
8.049087214302652,115.86021533025858,95.99413504633976,42.41102548736219
4.844173433686237,117.78531196114685,93.50199937362484,42.16473170449802
1.6914701337068436,118.63966805188831,90.21111824622767,42.500716330876436
0.954729144715607,120.8682465076151,87.41623341055048,42.46181522539209
-4.417248262182646,121.51853334979023,83.94670918229376,42.070044944419365
-3.5450330547952618,123.82290942219903,80.81953373997688,41.412338551173406
-6.170278595114581,125.044959181764,77.37276682501005,40.221500478996276
-8.797829421590862,126.31529576031411,74.12990075793087,38.811132373699635
-8.126880734110827,128.08637497835275,71.52467876463126,37.484727492920214
-4.860241765513052,127.31982448078543,64.70021103766368,40.22792615861
-2.7049779869837494,127.4231090186648,60.98017811332602,41.04023816538604
-2.221328925785784,128.19223820377866,58.35892214714957,40.7712112337951
-1.3584117838099417,128.40355564435646,56.88447510170039,40.160249889536175
-1.470341596798356,129.06720817973104,55.85784024754416,39.49759329204985
-0.08642881236400513,128.4538566813689,55.279426557261274,39.11582489518892
-0.840670261264826,128.77850457822828,54.99269277548986,38.80260610614124
0.699957308754307,126.88669296398731,55.94574416163567,38.69869948461707
0.5073932565633186,127.30980837919596,56.62567564698384,38.39987395672435
1.076405788786147,125.88497986961977,58.367253491626315,38.64987463241665
0.006560224638619161,123.7746363568115,60.86824839642398,39.33622389901523
0.6078933433969738,123.52740285272225,63.103301265581464,39.43459178681525
0.5933194687976311,122.093478537275,65.572230203745,40.04116798728982
1.5018636827648564,121.86706182435225,67.37712482711059,40.16124921515445
1.3208556157231541,119.72021091369724,69.26201495888229,40.27940486718344
2.1463270092319107,119.71692327463322,71.13749872559097,40.17449798700825
0.7559485880529238,116.74771783955158,73.5460488800217,40.58060313970324
1.7364203354392274,115.57952833237664,75.28399845547004,40.64176056782572
2.4637009780419348,114.76135127413629,77.0514775850748,40.94716323205116
3.846126878904805,112.50062031995333,78.58753482570746,41.20571811221885
7.746885293651147,111.46911009594663,80.996473890685,40.757153324636526
9.887146106290729,109.65544286206219,82.78614031090754,41.237564250382704
14.251582373601593,108.26322885830405,84.61480962351482,41.48835783368939
15.253699055413591,107.2178462207834,87.19667731503608,41.57353863035239
19.386410626312973,106.69305999808569,89.24846055598879,41.31922501980147
23.32940016198456,106.39205901217025,90.54898203396202,40.38274551770961
25.03555662640298,105.49592917374736,93.49785704000067,40.36659669579137
30.844835978332654,104.62893359873178,95.07485593044063,39.87317967512245
34.5303720847666,104.4440192917142,96.9999406008125,39.51225361567663
37.31748450994708,104.35465523318074,97.83008558153674,39.28772543563204
45.94704709854777,104.90373715759105,98.06826913541445,39.3910347036861
48.476904642468455,105.45830258573037,98.64456612490463,38.98910747404017
53.10541577672339,106.26381041520845,98.68570345569896,39.14294004735327
51.10535353499809,108.17646156772173,98.39266988479775,39.791448891923906
52.72362282138371,109.57549013573106,98.59024672187759,39.10034537681588
52.47918066955812,110.07540715939521,98.73181076691137,38.80525668175579
53.724100424516976,112.17693152624642,98.62317109372461,38.5009303582554
55.555167775892755,113.34901957686856,97.63899917097183,38.26897025279969
55.89436800690065,114.02858463193081,97.4017159062312,38.47860828632908
57.355020614547925,115.90293016083861,97.15108978334388,38.07997888355803
56.23744958389802,116.58108232740577,97.62698668740187,37.736934676537594
56.47351492415657,117.99728647222612,98.23110644080658,37.47907844607048
56.328069748891,119.0058811287284,97.6075444769609,36.96260546168682
57.02181366350511,119.80439928360325,97.50861870713514,36.44811467081225
58.23949346674209,119.31278323713644,97.24607966874589,35.881749738828276
58.57838053127158,120.70149121602661,96.80053916831756,35.796922348781685
59.197670955338666,122.03986829648298,96.28944314245663,36.10496423507966
57.76525563571144,122.71616378676792,97.21446743958614,36.11296097061236
58.60964600743112,124.07894289104794,96.43060483035929,35.93288468229462
57.05103300081065,124.76946590340384,96.65056397882361,35.58670522900922
57.81320492209986,125.72057845569589,96.2086700492701,35.06716256709024
56.64415445869365,126.67634085016843,96.42429201413793,35.25227025876649
57.354299973846764,126.55063678210465,95.92900576412421,35.413172444741164
57.65141118744897,127.45979817594414,96.3006652806225,35.1713807096516
56.35628652053413,127.95821618851451,95.64828723217374,35.10987388334816
59.10260551350531,127.83465676534001,93.45524913217193,35.02655483106126
60.889780912832904,129.9004709129443,92.29528794380727,34.342685925730045
60.427715747820926,130.5715809479068,90.52679513540349,34.0133020736853
62.14318687734493,131.57431307046838,89.65703942840321,33.36764007465585
62.217076785496864,132.2374902823026,89.22569149805706,32.865901069898456
62.183697953180044,133.12288986176634,88.24988620111233,32.45696635856464
63.3764119109725,133.1481860659174,87.50704058285255,31.74011591317219
68.36386600578518,133.95189283791035,85.8950645984274,31.742188233825573
69.57258336917245,135.08606220639945,84.96772477178408,31.44742949963208
75.3748974766954,134.95057467505572,83.56009038455801,31.403790862406524
75.8472814653181,136.28562459494663,83.19655370337507,30.744933650722256
78.822295865749,136.24705236232433,83.07763776414659,30.289043314483703
80.64908522439758,137.85713373106495,82.73088706885258,30.013385314856457
80.0282745644866,138.4395019742852,82.84282310596734,29.78615365639216
83.8868823428019,139.21697165486827,81.87943035283405,29.95481647093864
88.41215816951365,140.41519739904578,81.72061663733781,29.508246297814953
91.2772760730671,141.75752252882688,82.4317050642397,28.89365891400042
96.40391963686395,143.52182003914194,82.12984348901414,29.193619238905548
97.85832915608322,144.44422700349506,83.18949550083808,28.811008932063636
103.73109906253248,144.95979031024896,83.23737743323984,29.151378399908083
106.25310230368629,145.9788668162739,83.61384786438435,29.277917551325615
109.49682279687116,146.549659443511,84.47202894069771,29.879149102690974
113.98186427345286,147.89355783490154,84.39103652555923,30.18755383510763
118.22969089648231,148.58333609402774,83.68244830864461,30.676215142744816
122.57213699583781,149.59869623365003,84.44567241242386,30.923895284642796
126.07758468566209,150.78096190831053,85.43238950912416,30.71342811378858
127.7733104775869,151.4528162739081,86.40162518113391,31.076430436441747
132.7441499118089,152.89101171406273,86.6306654594184,31.455447604762238
136.52517828812432,153.0849215162413,86.69688934643601,32.443126414444706
138.9431569231843,155.15552386798984,87.35089560781024,32.47687040326939
142.92795382927585,155.8209871015911,88.94206706204558,32.95956140394715
146.32099797997063,156.76026011971538,89.1101070260369,32.70991160411825
151.0027118396956,157.49607892045816,88.71721839960452,32.98520948942624
155.27346654484637,158.58554602613634,88.26568434635865,33.202465206124636
160.06897657870525,159.63818888999546,87.27045514167801,33.64170486330935
165.02902246574035,160.1388453901174,86.6402660546805,33.923723614888914
168.75787704353633,160.51851373521063,86.50310686399335,33.643690493304064
173.47152496219576,161.2335092663589,85.74911272345182,33.315252632682935
178.72871388406244,161.89267114639912,84.51520572780197,33.131917418973956
183.66812322042753,162.97582524963468,83.40847892061134,32.867372055634846
185.00810245558537,163.38968270849804,82.98553329438136,32.324459336318164
189.6015910389792,163.94600573192758,82.93348483090182,32.75947590523516
193.72806006694975,164.66925099519415,82.81972314367411,31.96003611703669
199.31494922508136,164.98479611705608,82.42182087263788,31.959363458685765
204.23114669576307,165.67306919800373,82.58218182116708,31.512055914210652
208.09924928802928,166.26484245493833,81.4575798966749,31.038013229820635
211.7691383725774,167.19485985192307,80.71768337659601,31.227740684844104
216.4562066081015,167.4846194135179,79.93440345767186,31.35552496646249
215.51534602851848,168.10987029895216,81.15215515968838,31.333894898741875
218.63732846252572,169.24619964810753,81.20734648063873,31.35387497911762
218.34891638654,171.2348278836074,81.22995669151297,31.188714388626313
219.96845407113466,169.99921745912172,81.18712866157225,31.75501084489749
221.95514142224442,170.8406703109545,81.34843899887298,31.293032498905582
222.07078165763107,171.43260689490947,81.24420532179897,31.06076685634431
225.9880069235536,171.7370431895616,79.78912786353182,30.810657872396213
227.13675799949914,172.88370399598531,79.1689994785398,30.330110321705476
228.07923310727847,173.04072279308417,78.92457508085224,30.52648387081067
229.911383831055,173.9829423322193,77.92035454302822,30.30799187219894
230.9752923435741,174.57743082578395,76.13219080134766,29.87530287707022
231.15199581707714,175.94651335742142,74.4946884478093,29.56332771323987
232.01935122703247,177.38948854227775,73.74654506554737,29.50785172020567
230.96757279788008,177.86880144890856,73.13757464876669,29.388981203651227
230.11659472686705,178.7938375387083,72.97020574902182,29.2402548254052
229.9111725360707,179.788196644177,72.42876650978022,29.000386840870107
231.86627709815417,181.67667727473795,71.38502438466719,29.19317097731592
229.75489770774433,182.67506374920904,71.35091527989725,29.08064831161497
229.49568441024124,184.35725738998198,70.89227404672505,29.273274303308277
228.4055244849241,185.79471443181032,70.79568693019627,29.047510352784514
227.49977695243993,187.36663010367198,70.91976460720225,28.761945601086936
226.14582919367047,189.31090941697275,70.52759560867369,28.982468719633125
224.52820164621065,191.1993439618327,70.70713085114579,28.73847922090137
219.19187391208754,199.17413938270101,72.14628488506582,28.762442036696477
215.28657084002413,200.37721370899826,73.55697104246781,29.68936509278119
214.94736435234094,199.2358023689617,72.76776972473573,32.295145050152236
213.6644336121396,199.65702760816677,72.43762915092398,33.369390166529726
212.2963795177828,199.8735044231259,72.65557938065314,33.81669163972278
206.69985458689638,200.5965457126377,74.93864942217454,33.34666474240467
204.54598757412876,199.0094360674031,76.21535017019816,34.4463446098849
203.26911848515,198.02353837412673,76.99099572539873,35.15864759912931
202.4383578054668,196.60420447126032,76.67045617549385,35.769562957733854
202.49388451826127,195.19075722649868,76.8876494327873,36.35009356900703
201.35434575479297,193.9938226349077,78.6720625291056,36.527049052085175
198.32716098163016,192.45731742145617,79.68913482659087,37.05053755592311
194.01454873505017,192.76007649400242,82.6577230816527,36.76315443394766
193.32524945622038,192.2538848948944,85.29885852266645,37.058089516814846
188.64206376003523,190.7532927023039,85.96736824358905,37.788503352221724
187.759288135041,189.32360855392912,87.01701388683077,38.40897551745575
186.31022156090387,187.51368122392887,88.43389817951426,39.42114389625205
184.83716853290122,184.74612096308215,90.05379337908184,40.88283626395379
184.55515449954183,183.82065357303094,91.18542014632402,41.8439021289752
180.57751813862194,181.95890075149137,92.311371960571,42.56091992567981
183.3717204089611,182.3136816989917,91.50380352523936,41.916210901679904
178.56388331524096,180.25992652580004,91.67429586606099,41.64073994770921
178.99577018969111,179.2634593858816,91.31167594387426,41.615514838050274
176.26268944032157,177.74550892130188,91.69400279448104,41.86763972236411
173.61406179915866,177.3838897464445,92.15177815355852,41.95150918036287
172.9229748562758,176.84603548943517,92.09476248606344,41.792774268249346
172.66492816805913,175.8500480589746,91.9709082692847,42.03663299357322
171.336560073395,175.04600719308831,92.56255046447237,42.21402467522067
169.0963315121376,171.90700785829796,94.27118441918623,42.57949435310215
169.39646481614795,171.14638260236964,93.13423538423602,43.47600366832641
167.41876665745878,169.4978311377624,93.58248415103148,44.31382920610718
164.3365298319618,168.43218263015342,94.846424125878,44.785962031032795
163.68083621117228,168.3567380960396,94.87228401893869,44.56812615705308
163.70574519864445,166.01917832375622,94.13595428900472,44.283285717794186
162.038870760106,165.78270668237553,94.34726735789984,43.98566754387523
160.49197624446668,165.09693514943726,95.01546921190186,43.857198092776414
161.10878448597435,162.65973273143067,94.56834835485927,44.01714350953907
158.9110620902526,162.94997603738918,94.41829858987575,43.83112934763999
156.27653694126695,160.866670926773,94.28309540502846,44.17275382630337
158.50249137346424,161.10172376828035,92.62707615664647,43.88694373798092
154.20166965673377,158.90328972887383,93.12661540309566,43.85289073906567
150.83805683415082,158.18716832914924,93.84556458570664,43.569884715348934
149.73987497117514,158.92957149193634,93.87648083813201,42.63956490291258
147.49716706264292,158.3363112666919,93.43997015678336,42.14196171810944
148.26068453154488,156.6023712900798,92.67767669932991,42.63658246074709
145.41388731137835,152.95171519292634,92.93975306181264,43.14522154409207
146.1206758447621,153.15518589486126,92.93432547586482,42.519697524965935
141.6718835286908,151.6391225729813,92.61031720487023,42.02421362833584
144.3592244274744,152.86920101610957,90.62426746640034,41.43807672250991
141.97076477385542,151.23532681625517,91.27301819072201,41.300259621959285
140.6367742071884,148.90764060670125,92.96051996442932,42.202132533163095
139.05024813741326,149.89944872830634,92.94994545221567,42.361941754583036
136.98783352662127,146.59079926575504,94.54267638049521,43.47803666586114
135.92422403761182,146.83279370887277,94.2727276758664,43.63305755335696
131.51960800831264,146.35158495983174,94.5157537560712,43.312013123071395
128.65474408652506,145.12830324312318,93.31183921225627,43.386940642639615
126.60503105092265,145.56586501234432,92.15444174372718,43.33393538651549
124.02171452973238,143.54876079454957,92.50319844714897,43.46153237953903
126.0705187858934,145.1151741001026,92.69375025892361,42.205095629539855
122.38928733432816,144.35308611800045,92.98435714017299,42.13949615066706
123.12013161753343,145.1989637749448,92.72237286319879,41.762156887689365
123.09247494977691,143.9117785476166,92.44644491887136,42.057752365615386
120.44928512909105,143.97976942278473,91.67615818603653,42.77112982958499
121.26880263891039,144.21113087868565,91.67469223626024,42.879184691640255
118.4471856385587,144.1992547720715,91.77803404030834,42.797734274706315
119.73449548686766,144.83945959573512,91.51484384427025,42.23086285684458
118.68672480129071,143.5195620902481,91.28876856579646,42.473082727819275
116.18757031182986,143.23902716734074,91.64242899277724,41.83052749066428
112.1387755360474,140.87401435610414,93.26478594317636,42.34436897388574
108.95566738496788,142.0950622007848,93.71870308914646,41.24673889788959
106.15918908985162,143.0845961618454,93.63084827419709,40.07738112076501
105.47851737226921,141.63718578702273,93.57916394599522,39.37041358801601
104.9377157908006,141.77034745673967,94.08336332513423,38.65030780935024
100.72851209733169,141.79425601068806,94.07842896097341,37.34946207024316
102.20230143569458,141.9463432882795,95.14649578824543,37.22456407083682
95.90047988994368,141.74053617363012,95.60841238591176,37.1220853183203
94.94703433622774,142.989826766799,95.9525268085826,38.36979815358893
88.03470512944688,143.43544631243182,96.59806229733965,39.44123689874147
90.33714752245724,143.06989259284063,96.28100118838191,40.706179450972414
92.7727484901715,141.62198573667376,95.76624885698783,42.354738314825894
94.49912872971618,142.21629964243397,95.89243925985647,42.30187295638474
94.7016102865939,140.34700075883117,97.92881253945734,43.08477032609885
98.50659099231918,141.193112649799,97.58569492378317,42.87173808583499
99.84146793697303,138.71859674395625,99.54706696144687,43.219184032499726
103.46465320865435,138.56735656816366,99.2596321556941,43.179725411611756
105.73076047081088,137.54402641140047,99.5003172590666,43.08255924045797
111.69603896224187,136.45049882241432,99.67977614534524,43.23052235452646
113.167020354225,135.9887852795372,100.16380322763568,43.30243259743855
117.85405395297013,133.87961584924557,100.20629334215715,43.638451292387714
120.32395241066803,133.20691813189515,100.46142173498889,43.13879782266959
123.52596100636298,132.77441593406093,101.1489892260636,42.1673161171875
127.25544621080086,132.02105195370845,101.18019644856602,41.89418060113921
130.07386267783966,131.1077127781676,100.40596050316637,41.9383973090019
134.8222022501334,129.78334020987597,100.66295491204573,41.81135032369795
138.23196432850287,129.23291118809237,100.26316141860633,41.76557951060623
140.06613909642206,128.5396983872162,100.38863536337402,41.78651145715382
147.16811397501363,128.52322168818392,100.18469705028271,41.417230122113665
145.8396761830869,127.50377709419666,100.6532534278983,41.49983550233367
153.94644220392286,127.05094068261931,100.15548447826747,41.62024037638405
155.9240600733852,126.5408422021891,99.97202303133494,41.67289445051048
160.48081704912707,126.34066508734891,98.40894176188858,41.71249380286198
163.74504087001125,124.60518595053344,99.47202825784603,41.84280461746276
164.26174995279845,124.66617596979013,99.83133520232566,41.50344111973899
169.6468691729599,122.55057261374786,100.49028739768391,41.80139549722881
171.69629405570015,122.78087031794288,99.92704663908512,41.32072304283185
172.18866561925773,122.16758082227871,100.1272715066599,41.494063523074686
174.41192539509677,122.59769217259466,99.54340902514173,41.0538340740049
173.97933910928987,122.04668859409634,99.6520868958469,41.23743289674634
176.2128697434372,122.74235146651961,98.92842715495699,41.0360290078263
176.23552400161742,123.43603667566603,98.80054093321328,41.10901124875891
179.09945019066456,123.02201380039205,98.33834598004573,41.35587845335506
180.9234212810434,123.97778961875126,97.61228332924104,41.066080032426406
177.7092561491775,124.56378092431979,96.67101806532395,41.177060339570914
176.54030141322414,126.45282407801155,96.93811245086587,41.28993925549978
172.70038926849878,127.11242893049427,97.16635383168628,41.41687079351526
172.0476083711228,127.84381148735847,97.08852424612815,41.850733105934346
168.85674492840047,130.63472187375868,97.49303917936335,41.706418055179796
164.79825258476433,131.63339537481812,98.37054051015977,42.23553718427128
167.3294651624729,134.08804269222648,97.68590914365255,42.132375342881076
160.69463883016465,136.08120948211698,99.0339986597705,41.58432735231821
161.22007587461275,137.54109697527636,98.92736520054737,41.35813060925504
155.89855906886515,139.31592829826593,99.77244711373928,41.59032593065261
154.1585808542269,140.70601594232033,99.0724990821088,41.797846574932095
146.7116296168751,144.08232125972071,99.48584411510103,41.57479412189406
148.28845483146736,145.40946356715983,98.88863308563573,41.525225569561584
141.9855083429489,147.31163706605344,99.4344760519915,41.1927177613038
140.80710111851624,149.22831150640064,99.3943600446953,41.23880847297083
137.57349857807753,149.27333345770677,100.21312428771265,41.60062207758742
136.17587317141198,149.93633694799277,100.1611284541626,41.712835717170776
134.8297498594062,148.82257967036463,100.5785051593509,42.05989132143068
132.92937113175444,147.7175083602906,101.03325216810599,42.58497379810798
129.865078678693,146.01748338914467,101.60829589075715,43.20314932214117
125.53799661643971,144.80606735581574,101.77452113434336,43.32228070329788
127.30497900960279,145.63135789443473,101.63524900739527,42.390613658042355
121.28364675583126,142.5798595665414,102.52197918113707,43.068457535203535
120.86668739017851,141.6571082055458,102.38046116536842,43.062820950172664
117.96735478701389,139.97615042986325,102.64576350624966,43.2321825044979
114.49617114752022,137.79114725639496,102.55385716081685,43.633042838174596
114.66349157440297,136.2133490896874,102.68212749565379,43.94038735197914
108.01062415103345,134.08874379787238,103.19722437242211,44.159047455720284
109.60309931964301,132.32787429332637,102.48282814859107,43.95464834988308
108.56589517524789,131.57531342727336,101.7249290986667,43.923826216213065
106.5669641883454,128.65155114873318,101.36951052819069,44.61042109342284
105.43254456374657,128.8394176265959,101.2262475549457,44.21965011120061
101.49894347433144,128.39414268148397,101.53097071461094,44.225980056947364
101.40230974091027,127.07202791302149,101.56024731133513,44.43495049009732
100.47078785789306,128.24225543218222,101.02545939897905,44.14288035663732
101.92774439483914,128.23533107959958,100.68722824990684,43.89113103290433
101.77242759227468,128.72620550338146,100.39086305380438,43.71014275252886
104.33711294167978,129.62872833381758,99.7890149189285,43.43790253446667
104.00686123018784,128.92659090738374,99.69983674992477,43.38148998842381
106.9660197483918,129.7629920424137,98.82130891334596,42.68218487069235
107.49494154665268,129.89932435571976,98.3148743825476,42.34599663116379
108.035632757895,130.64477842391824,97.88543278266428,42.41846730564941
110.9285901617871,130.86862046706037,96.95857397082125,42.23606725099471
114.8740977805296,130.2640854698161,97.04353424679451,42.04501806003552
115.75850490788581,129.2788946043535,97.40415791551348,42.186339355665666
120.44534471632352,129.61018162098725,97.07815533873814,41.96368664188287
123.36141415136919,129.1879130442801,97.14690634215145,42.017063152196414
126.47547987818142,128.57967595824988,97.57787303687294,42.3011193354797
129.79562299584705,127.11587741815102,97.83552552987416,42.462916416440386
132.00863397664216,127.25299580487876,97.74401437150667,42.10648035259011
134.82351903807714,127.48383739399289,97.64035394407125,41.85381404879441
138.20633210800656,124.1603957364571,98.56112011149386,42.18767665768921
142.2545175396779,122.38311097705676,97.89204350245421,42.67534210849675
143.72147688394398,118.80253150242078,98.41551726806938,42.50828784289444
147.97263296763958,117.27859616149524,97.64979691662668,42.04888079761842
149.77354633204777,115.33817758854758,96.92352498784382,41.80499784692563
149.64005270621468,111.47275157066898,97.91607493119858,41.914948298057595
151.48330449281667,110.40265836199943,97.87092115047506,41.5295557397192
152.03719898418112,107.15944709627126,97.98776335804614,41.78597348373045
154.52027198144287,107.2010920931555,96.97679133279141,41.51736554150141
154.93066490446557,107.70883577896282,95.83572204401034,41.39463689696042
156.36978396829534,107.80148551861703,95.77299609667918,41.14799975292864
158.14045321431155,109.4226277609618,94.87091622776998,41.32496122656734
157.10097535179418,109.82872269485956,95.03199797418988,41.563075533195025
158.47322867944595,110.07053594990624,94.41710161895043,41.61855759749207
160.58562159440896,111.15838435751573,94.15829464987951,41.503362834580216
159.98624605712473,111.53471486249379,94.48266471868394,42.280924002129595
161.2922714861238,112.04168030156008,93.21966569383855,42.46698280047255
164.88856331242664,112.98742764923023,91.5337558540991,42.68617130787579
165.56988174219953,113.5887892487539,89.59511043628007,42.82439573684967
166.83068666974842,113.00842929735344,88.17704064408662,42.6496801299689
166.5142831353882,114.81713271318827,88.41479146509582,42.82937527278652
167.98960730934346,115.08181530877592,88.60343869518829,43.11122893937644
169.88170570892055,116.68488337686126,88.09461821591935,43.5391367351668
168.05872739228585,116.59026450346852,89.50932885462089,43.288725704705826
166.12874740887565,117.7590696776795,91.16718782923854,41.99912558634824
163.3622848222493,118.50430012951156,93.18663901491186,40.30277350562592
166.4427200750043,118.71561558181551,92.0919496922632,39.6719212548781
167.8584149005881,119.02231739502767,91.95589256825627,39.01837824761134
169.94879384799574,119.25557092398594,91.5961609986668,38.84714190087835
169.6664408264324,119.01999970915617,91.81007770344317,38.202832756212345
170.29325448851193,119.84459353133192,91.43513960877246,38.75010774308642
167.96096903774588,121.38913448219733,90.9532742958576,40.369161446213994
167.327621962473,122.76877773816528,90.98311746945937,40.95054480465467
168.91456271427268,122.26966205190588,90.83901921476141,41.40580432773194
168.78850997237035,123.02599513224033,91.61368332807882,41.686229941049874
168.25769398523414,123.06241136379546,92.38090194437817,41.560343264415735
170.0185023551361,124.20152339232152,92.14074048297081,41.76643794057894
170.04099995347204,123.9781015415854,93.07862868006345,41.84304163918062
170.5425794975202,124.90766384038177,93.60465286051416,41.55327980117803
171.06836023351974,125.67996253439067,93.84096131878243,41.73522631651108
170.30583404217452,123.86090558694605,95.12111179104865,42.23721464682511
172.04706324755452,126.18710589474458,93.66003428162531,41.872523744210255
171.4616280207669,126.0505605800145,94.49704570876847,41.703367131934925
170.79212221961592,126.58881269834724,95.27938122130683,41.16653425671583
172.08624310028117,126.47723217617917,95.22830677069106,40.84811885594927
168.5080062411648,126.95494168167065,95.76391228289964,40.27015877498191
167.6746021432579,127.12569736129552,95.60128918331847,40.1421350855577
165.89456406160005,127.149867297307,95.43011386843904,39.98816244645347
162.4318542464789,127.40178321981227,95.55933179274871,39.86807427500594
159.90606044978472,126.77519350184457,95.56508341430481,39.74496327038197
159.30490919839244,128.72060496956271,94.3384668401698,39.54807382188416
156.1651712559015,128.763919097209,95.11653414818636,39.81258654254375
151.8999232768895,128.12709780675493,96.40217422547308,39.81439773020999
149.2709552942597,129.0316880340274,96.50778122268454,39.6544566965558
148.6672461547501,128.6656326346812,97.00660011310433,39.96983601846448
145.90019333205785,129.43514347891372,98.08770473615,39.566388432401176
142.99089624173254,129.16527658052158,99.68202571199714,39.34506413706818
141.59593079894495,130.68251675482887,98.92028294683078,38.96772404342795
138.61500739218386,130.47059398850232,99.11860522803482,39.05879258256796
139.81561433609863,130.48801490316666,97.1615064722987,39.40523680808889
136.69867877508023,130.34726323282706,96.8538364947872,39.224425692066774
136.42956643464998,128.87129102629362,96.11651987010563,38.61428352294987
133.53553588298885,128.65350943051135,95.23370160941425,37.8703469691454
132.60612703119676,127.94229896612697,94.58541205515544,38.07121087677312
130.2438494167319,128.80467125426657,94.69259477126772,37.65630447626755
124.8338327386779,129.5526255810482,95.11557917718045,37.90289505499645
124.51407719230419,128.99980574370755,95.59842293310632,38.50096333046591
122.23986988706413,130.66528864440104,95.70324880991333,40.035277203608935
116.71044604308821,129.42575580167832,97.25434407934712,40.792887434228035
113.94787796030236,129.28604523565858,98.0618083737335,40.85382532685518
111.1801532216048,129.52341577690004,97.88340830660349,41.34123297035873
108.49556951222372,129.17265711833357,98.02181515102481,41.64938886805238
107.88498474413673,130.61446784885825,96.78542605530183,42.15955693680341
103.51228101598736,128.8121307501582,97.67525413537987,42.82723968103279
103.81601119232474,129.67681777621797,97.22133157765272,42.76193456621487
98.35264192584864,129.44018825897254,97.76544357709662,43.175112237981395
95.0697061424831,128.74089118686584,99.08329163384846,43.08537566033964
92.17018976868289,130.4554872236458,98.81788079319203,42.88004551953425
86.88453620428734,130.0801976221687,100.0366355080427,42.648729752548284
87.86302544457935,131.38331151525568,99.6650160047765,42.46759561719214
82.76012365809302,131.41525653894638,100.56509638744154,42.57418424159991
81.50738261943943,130.78951917217452,101.81218350815999,42.51203554679891
77.1043295278474,131.2137337931123,102.03709195269657,42.52070947388775
74.21242957494225,131.36240367249854,103.01401615278789,42.209929584836786
71.95204943590527,132.84633291527763,101.15870545460453,42.13630742549627
69.02480919447734,132.0544347937954,100.78715701824042,42.08250718046182
68.67662759433392,132.59243315798057,99.74971837679142,42.028247908413135
63.151989879431994,131.42522228430929,100.25845311140483,42.34367603965162
63.2445936539242,131.67224472767742,100.09699142518753,42.08194798963007
60.56044399456063,132.5058682529935,99.41671963414294,41.885406328974405
56.803686309085506,131.73683314945998,99.82427034444865,42.10931261277792
57.51500038350376,132.79779658681295,98.59455528083438,41.878266322788754
50.88656474182354,133.51109313456337,98.72381158921924,42.27138205144563
49.54492751379456,133.22248474637323,98.79335561467417,42.00426708649294
47.6039962100362,133.49632831805815,98.93952238326267,42.419825931015254
44.137451186266716,133.33576184646512,100.50948710655237,42.560833756899356
43.475731730483744,132.65160421058727,101.07952897059863,42.31117748915768
39.3978459830481,133.04429475067658,100.51726667488154,42.86075996908342
36.89881409218908,132.29315345177082,101.1839744080156,42.52545699846689
35.38869335375598,133.16185609985303,100.41336119242268,43.077314950746086
31.976773618957097,133.02869184860438,100.94374935281635,43.01715725314915
33.216929451199405,132.33147351885887,101.49116028545393,42.735530017414646
30.460578203684065,132.40298123620775,100.9692029179663,42.67290547563978
29.866555520091794,132.25224657759406,100.71327355179818,42.925955160849554
25.17708395569082,131.87428225099669,101.63641280944535,42.97840404719857
25.50528427230033,131.90102085418422,100.84080132622594,42.5677518780645
21.13284685379216,131.41515792977327,100.98760887961191,42.89596780247463
20.2656741616697,130.85078565325875,100.71731726091188,42.904901178249915
17.986720509462415,130.64113026279298,100.63118255025077,43.00768256598534
15.93983866945922,129.7534813527216,100.22914239724935,42.694470588078204
14.52367743551305,129.5332328515835,98.80409582369882,42.48843654491753
14.03398012642603,128.81763962245728,97.23157837255218,42.52407358662795
11.230299647057706,127.92525320049839,96.59342589211036,42.50191076255406
11.531013477801693,127.63194512798626,95.86033948283014,42.63945406974874
9.79481077287602,126.74009373338336,95.05844050272788,42.43246126321327
8.110573846258504,125.85459727104121,94.85531654140297,42.79415457585228
7.219180463630053,124.77531629672318,94.88896256721895,43.097193772680185
9.220320786896828,122.53854986370433,94.27700365225279,42.58799720375083
10.164973156017396,122.07060154107235,93.91534962793224,42.12521864569143
10.399756262828745,119.34985737319654,93.88259962982468,42.45562204339373
13.991788034658839,117.78437113227639,92.88938634403803,42.42981285180262
12.802968604264294,116.32574964494816,93.75879451863938,42.51431861904638
13.056406756141222,114.38575539178363,94.32881810101681,42.454424846933044
13.998202351995033,113.17963033934872,94.44210910955027,42.17608218599477
16.875635044281324,111.97371492385099,94.00316598526211,41.9637701317821
16.077832360291012,110.85153629644853,94.58222283887659,42.059014208333856
16.532282775586623,107.79741137878813,95.11799936119064,41.92115932640003
16.086517198197058,108.45109701877573,95.0627015545974,41.92835620838923
15.139941383337387,107.60505257360603,95.98747905120669,42.05948087200589
17.622208216612023,107.35477091653821,95.49174974409345,42.02188940527682
16.005154063928728,108.38816774210443,95.47719986922323,41.775873885629366
17.231210778413413,106.74349947484566,95.33132318418086,41.83485205794903
17.94012539449038,108.4031232289168,94.82522012876566,41.327447706621356
17.218194521532823,107.33171959001062,95.41671489079025,41.63615831428294
20.60391004084414,108.252732594291,94.7306624990182,41.5574000612306
20.55765927780903,109.13198870818225,95.39108631922828,41.34846232780999
19.246228419743566,109.13532128512729,96.18924601089937,41.320551465230814
20.975666785992757,111.14000328147765,96.14078969618663,40.81092258948871
19.339646199585843,111.00643913022384,96.77079967622092,41.33368704760164
21.887538434209155,112.6610687090924,97.27690338675335,41.26888298897036
21.369338319634984,113.70938409132557,97.71426966414235,41.34529976707603
21.679623276033325,115.43600753510268,97.59820180937484,41.3721034433341
25.391396911601163,117.45162900033799,96.96117883404605,41.077428486954034
24.57728284156623,117.91876294242367,96.86667729119355,41.146498105262225
27.7519511442606,120.9574748929478,96.79952385612341,41.05042605663096
25.30780811472947,122.99779991169197,98.91446015322279,39.912841185616
26.2054594501314,122.75892725896152,98.78138773563853,39.98602267667527
27.741946653778285,123.87439029787646,97.70182069700473,40.013215466719544
28.241751996455633,125.52461970683444,97.11846524732204,39.535883918548464
33.08530736609488,126.03246787545932,97.95300100767733,39.799721682784906
30.74152314075652,126.63117953200491,98.8553853133803,40.280394068050356
33.3624815346807,127.80837056859183,98.32770478499239,39.986909106769225
32.234293296703285,129.1359633634353,98.29450997569941,40.15440732826998
34.21338477990621,129.33377672478395,97.64171832093908,40.17895660497573
35.78501612052315,131.73299539239918,97.61560570798827,39.908094285767
37.61412480435909,133.35929046980965,96.84676521905479,40.013790273295285
37.15005350248497,133.73775058175374,97.24655413170196,40.523488181998346
37.95363585946597,134.32726364452827,97.90778245744333,40.653749127677294
41.33621777163342,135.41567184595823,97.60630891402273,41.02444454084219
41.77580518250309,136.379728710108,97.64922974867835,41.1345984249999
42.2535870484837,138.20897453530753,97.49017420973318,40.727612149509284
46.01220820256067,138.79602563424078,96.03733066714321,40.9249758730448
48.52857667528538,139.99845088000552,94.88518869048957,40.983710758254794
48.11736651667607,141.02893401105575,94.81040198599493,41.24429200439411
49.25527786626677,141.90920795824601,94.70566488289812,41.27542158498914
51.78626146267807,142.43800855821286,94.39441580683578,41.17628137166967
51.856927279677365,142.99342130353938,93.80545761191075,40.948613968747026
54.387523063123766,144.52294344752494,93.18472672693323,40.324162643040935
58.40331751461719,144.75779348733587,91.54831900299301,40.167365490817744
61.33441481241536,146.211877217506,90.5670290819267,40.15791853333093
63.67116719417308,147.40669709731705,89.29566064424745,39.91391008703279
67.48639055330055,148.10457560425715,87.66566215292121,39.03095859464074
66.35774861695917,147.2231453297436,87.37518100904819,37.60305805434288
69.25103107996821,147.80701424566735,87.45800227916658,34.75248357069337
67.97604295123787,148.52835196816798,88.39667377664802,32.22197591324399
70.79346290788976,149.7334960054844,87.49285002240185,30.549032938060268
71.65338957609548,152.12613915980555,86.63903471041593,29.51343096321929
71.28859357806871,154.6217564101511,86.93655400739948,30.023059060947332
73.36732583821342,155.87259174929352,87.74221662334054,29.30946251844287
75.96786633323667,157.00887697753922,86.02400263578122,31.00634730410846
76.06924281707754,160.0105776101872,86.20562810132701,33.53584017333393
76.96220568873107,161.33774006009185,87.03083235718071,33.96397925324574
76.95683562955075,162.1516092072033,88.44328608523679,34.069792818878426
78.53815459352211,162.95549102040962,88.25510375231056,34.389098618048735
80.89342787561894,162.08965654242718,87.4465814572209,35.00362716168294
88.23711214907865,163.78314802952525,84.45031207717159,34.91346506646936
96.3524894223408,164.48609404364345,80.92881656385043,34.78683069337674
99.49696543943537,165.82441966079978,78.64426573663148,35.10995296141389
101.21623996885563,168.04711236125252,76.41939515698562,34.31379160340086
101.49816222172862,166.928851247836,76.11113334147859,33.56366384015213
102.61701311637201,165.55042561390394,74.56450890376195,34.771603536513574
94.81774352188042,158.83877560925333,76.69316512765724,33.410536938148766
103.43834920477062,158.35377899076815,74.49585234433535,34.053797658830405
103.11659567291287,157.87563287031102,72.42813103738433,34.00862791701759
104.91895131347763,162.89444131063576,75.14506215508901,34.32746302458833
109.88842514499952,162.9867385549092,81.51652022324643,32.13849808506788
110.36329354510308,164.0883012300767,84.34762191257178,30.437960768409106
117.34146359556944,164.24317145976067,86.78826018993496,29.734563697598574
123.20351950217102,164.1759886268525,89.76059288814537,29.651624686643736
135.49802629032857,162.67603301325678,87.11828989837811,30.861597702394125
146.47937090478212,168.26664108352912,86.98534882315752,32.382849480245476
153.28078287104145,174.41798844600333,87.96380369160322,33.77642665165932
175.64565126230647,167.22213803904083,88.79309171986421,33.77087156806235
185.13402007317637,167.7145881510832,88.18562633018007,34.17664390848417
187.79717299987678,167.30447254775362,84.93057425332955,36.242556281792204
197.2140719239618,167.8360825235254,86.2938570173421,35.69902022774393
206.2787456517057,168.6519085680575,87.12579801400277,34.98906307304783
216.36153853506357,167.3461799757459,84.44191886654974,37.75074132235777
226.12416500976212,167.1842245671742,83.4720515067522,39.73155492957078
231.5114023827237,167.93865685801495,83.3122770782119,41.26444578574021
241.9438248482778,160.32602505207072,81.98551808460368,41.554341813400185
196.08844877237075,152.3016723906059,84.40571237508965,37.31520343210621
195.98005917552283,152.14176976369941,87.13100716517529,35.29032813820493
205.48269685099294,151.3879392775897,89.04823051723798,33.939881305172285
214.22074141052389,151.20005353894157,89.86527418015854,32.57368200495692
224.5780550118304,151.29491431708257,89.56959419739411,32.01526140468577
233.21499281216302,151.12072266997646,88.5976690514408,31.84922430876891
233.64283310154738,150.22026997669434,86.69966118785914,31.90123643437734
238.19185534560816,149.16542122806004,85.03548558477787,32.5253542025657
205.09031657048544,147.78646171411114,82.07244832789438,34.7854100569787
198.65469284945286,145.6349715950843,79.23882554596055,36.179150049213305
207.20355932904204,144.64553632077252,76.61697607066887,37.05378494872801
218.83080623831196,142.80293030569405,74.57003039360855,37.560649152880885
229.42369992332044,141.76555956100603,72.23140527029568,38.0724883109047
239.21114694028716,140.83762165470847,70.55371086709951,38.30091437259957
246.98831354286744,139.2368055960375,68.31850951313528,38.53474015067758
255.99482337580332,138.25912491682996,63.577446291050165,41.35660564184029
263.7411654468689,137.11240251594197,59.28912883287897,43.47153918167629
258.19872766245976,137.02378605612662,58.01450256301313,44.426087658309974
210.49948215681297,139.09280013712046,61.243781232998145,41.09539070073669
216.8697366626218,139.86103228262527,65.19462315827012,38.79095274830434
224.03690339158473,134.5907439933592,71.40330041201418,34.536623664299825
225.1259214708068,134.4420806334948,75.98483962054394,31.60649762905425
233.24020979304908,134.302541127012,76.68807716978498,29.71703950212728
228.06150595349482,137.61913679618755,74.37349636164981,31.567346737079458
235.71462857285658,134.8083045335761,72.9882144102798,32.77946202600475
248.36790121529285,134.6696332874385,73.46018017277056,30.921326021728422
241.22173350076636,131.4339652072898,70.3474042889573,32.17108406084055
237.16767950148954,143.5499203672094,66.3768036388293,32.627265019077484
238.54894166116685,143.98539908471673,64.02015386981728,31.818076223895584
248.01979365830937,140.54625182953123,57.80633035343747,35.690863503507906
255.64203188244255,137.0595714545449,53.165679474323966,37.58042870599521
261.7046194284957,141.46470555366386,50.498712466324136,37.334767174322224
267.3935599548172,140.20435467894924,48.54193107646189,37.1855568239132
272.8190327326562,126.61266911612091,46.04000266403344,37.22993373265092
275.2419978146771,129.96523874005976,45.06338669371709,36.875184442201224
275.79699068140764,123.47950127215643,44.53031485347893,36.902137474016165
269.04377418087864,129.6920831875943,46.644961279219515,34.58315574152907
273.21534705998954,128.1700022425193,45.404111396546995,36.20382078929474
252.35251818269904,124.1364421653461,47.09829789868658,32.18373696414899
254.1668099334959,125.76342330918516,48.932176345487676,29.51925424209128
251.61488641634045,125.97946103114649,49.09074330472531,28.569958181827985
265.1311260984797,125.95877315213909,48.76101891481207,27.88500586491068
266.8219947341255,126.47137821606343,48.3227518831597,27.286368357930687
266.02896436447793,124.44305639401873,47.58722434463816,26.937591221838197
245.54908917217978,123.95456361112313,50.04917199485945,26.21925034014251
246.5257896152969,122.3027681083634,50.73836234664702,26.08915675818336
254.1374353003316,121.12600287357905,50.60692697938528,26.630516126181902
261.8070796324288,120.42120109298914,49.98686038397756,27.128367642207174
265.8809359216811,119.3168010983901,48.861117600699956,27.16821063639487
273.08735866658355,117.7020001699935,46.542309166864236,27.338999159676725
280.9925763597231,115.61453895182049,42.00391986975755,29.547865845175853
283.52538586506046,114.03491905104718,38.73699654256208,31.0968989235093
291.00370567247984,115.0154275736036,32.59048037132684,35.76263950016157
293.8007599917629,111.57396013146416,28.446412550021524,38.97335630010514
295.30228387795785,112.36317345856725,25.94085199481943,41.15921830976309
294.78398914589224,109.2549800386665,25.082028060208067,41.89392284899697
294.96575639651616,110.66822452484091,24.63739490558408,42.18163279975911
294.13133582337036,108.90954565285791,24.39928486283449,42.28243823850354
293.73124806615505,107.21098133932772,24.252425720263638,42.12141395151671
293.63142340926976,105.81365653403671,24.22600778902767,41.8845136315262
293.6483070932075,108.222645155261,24.185779938897532,41.700482807839805
287.5941935531826,108.14187408174193,25.534027770900444,40.31368618401157
285.764649563856,105.45669597410658,27.406461634830478,38.66062588011724
284.0664243239381,106.14632082693613,29.053824423359142,37.19927471763717
282.68875029496587,106.33860279938742,30.31679150462669,36.23953000376794
284.9645213002379,106.83486459944147,31.769410375125172,34.888808386777875
284.1461536001063,106.76527391460408,32.43937637812959,34.235049139844975
282.9258120929567,107.37083820978852,33.10015419242421,33.68098474892375
277.4502961967688,112.37657982894937,35.43087996978534,31.586293426495583
275.3613543813207,122.03770283946868,37.800493146274746,29.39929940435835
274.0501131646782,128.1122721496496,39.33118514186148,27.938182443847534
273.1800288818977,125.07606418666523,40.81871196996138,26.472206779697892
271.7686380670789,108.329413176175,43.360629807894895,26.000268322162757
276.1917036695952,106.66077841774394,42.22670019816856,27.36389954289754
280.86539293939455,105.55991493795005,40.490153872925404,28.304617763013876
283.9558289923464,102.3879305478223,39.17892068685199,28.972419055171255
274.47044649733823,106.4422571145286,40.850457008655425,27.96273538129233
273.57815684309315,106.57692528651071,41.69567039374095,27.73163441112313
278.31083330049813,105.30813347670582,41.333328610217585,28.154919687074493
280.5962184238016,104.26351317897617,41.14252366893901,28.331427085321554
284.7909974102561,106.54401058106664,40.49448276298552,28.9469688411992
284.53218728986894,104.73133703154032,39.92568854739234,29.482808360448377
281.04176276582365,103.57277367261713,39.8403216035091,29.561434721620568
279.81034540637955,102.34166071722795,39.781610912240986,29.608683320310917
284.04393005192264,100.53614458998068,39.33955281958014,30.025757530753346
284.8941757166866,99.28905175311984,38.744405785553916,30.578941789222334
289.48903060381656,101.3531740033428,37.210903095949796,32.22836147334673
282.0382698104822,99.57238001252604,37.13839704895154,32.100785531716696
279.82061328698893,98.00494608601613,37.20123542552787,32.055711253694014
273.4505778732364,102.02459055446667,39.37361731107737,30.31992535329199
271.7878015744919,97.79813282268705,41.03558174232952,29.45532448994691
276.67474654525705,96.3985769338868,40.81222128077972,29.880868686370665
271.7709551711288,96.28140798870379,41.30610716776913,29.741754360349876
273.42374942233084,96.05607490439169,42.290708408406964,29.034902857389003
271.79272102554603,92.56166525566616,42.93546516840732,28.900394422753877
270.4674746570103,96.8970880652504,43.726635834403304,28.59936176897846
270.03984254202146,96.27658859422884,44.07032525959818,28.46453625957506
264.97240247446734,101.31629628379083,44.78929753490414,28.112492096271378
264.387947139938,101.42229242687618,45.796123967221774,27.758459020973326
267.5387914264053,101.01502618658404,47.025803649902365,27.417912136781005
265.50210849492106,112.27753818595437,48.52139618027506,26.148287842019826
272.95345338972993,100.33865912581935,47.39655177334769,26.93731228919419
275.27185080324966,98.09239694683616,46.46721734975068,27.6997541352587
274.55917290897276,96.97676552488251,45.74290706736637,28.268661556192377
267.97679724735843,100.72105621449082,46.28607445199631,28.006847240116638
266.47940774971715,100.43832882343891,46.84581798013103,27.828272083045785
263.8937356708067,100.37489095956047,48.002330118146176,27.634072818384382
263.714532259039,100.34299109154377,48.641695325956924,27.517543917056255
263.5425717760231,99.5293737877975,48.850946988094634,27.50953177085616
262.7860987736263,110.60487777728376,49.6000703777416,27.03876823768442
262.23496848276517,116.95645073531743,50.1440516239651,26.674943458091693
261.405232683406,113.52207434341486,50.670075098751546,26.352338152449814
261.65107793957515,115.15027644292229,50.89746819361009,26.1951811706133
261.1424907206074,111.6280897870738,51.57490006043012,25.82369955143257
260.8260563468645,113.10020960877067,52.03994619360369,25.538029243976343
260.5052695114956,115.2797002093833,52.50897195770423,25.22825811431482
260.7683301272177,121.54704843130861,52.887961621893794,25.071961519402183
260.6208115097745,118.21822301606704,53.30903795945366,24.882063388245907
260.8597580046496,119.41560445243621,53.5296318938749,24.749637961720342
263.5604939114452,116.37023425387815,53.976748546928036,24.25739677238017
263.2526202267436,117.61937328890312,53.93013882442758,23.99986067048514
262.60410905931354,113.99337061351585,54.357650925885416,23.683038869007483
262.79622725165757,115.12979658337325,54.55587279887255,23.537393016405098
266.0995754729892,115.89289532500253,54.11362175644724,23.500120751728694
264.56178202247884,124.68800500248554,53.895125777447845,23.78559185696776
262.26362632057476,128.7243913655539,53.79742453934934,24.04016021054293
261.17590978024305,127.8615746447893,54.095413829576934,24.194328040614312
265.3818959000263,122.36569327137487,53.54442925327954,24.50645955422786
270.00338015075647,125.49029022050766,51.58237076692535,26.347262947527227
272.8884743285297,126.03776943426463,50.07046793383986,27.55970307767623
254.83325552287604,121.19311378400081,50.73653909006902,27.287681103362566
260.8391013107223,125.13432843779849,51.85025473330959,26.383528048513792
261.406689866784,134.1639293463847,52.12389729663174,26.42563886867047
233.44174358499174,117.42704079006961,51.481989628282705,26.796991359718625
221.1991723071466,102.12312461418888,57.49824866956868,25.221737316216416
223.84468005118143,100.29824260473917,60.91340135624267,25.39582551381151
227.09287183963136,100.53114667820552,63.94315608500686,27.098426952831566
231.90387551717902,100.64334840314987,65.2655094629438,30.110304421064214
237.48143907923284,101.32934438195312,63.66930892117254,34.41821358650457
244.4133423615236,100.41424143038314,60.882148207726274,37.35194250562048
251.13367689945474,96.65093770890178,56.30857412545534,42.266172304998
253.5249841993031,93.94286144061176,52.31005123680289,45.736152365763225
255.12728868069726,91.7344608936125,49.927985954682484,45.87124188139259
255.06573241971353,89.6239907546879,48.02315200448197,45.23354196530262
259.4937030697011,83.2098251936173,46.60603583496944,45.09805262998529
255.69301367176206,77.79354094274306,50.75890994449196,38.813178047016976
260.66639032022215,77.79850643668526,52.65561100853374,35.03153451755239
264.21083744504455,77.11807846479917,53.42514142243255,33.175718756078595
256.97516490435476,78.3908669847145,55.42810652944691,31.617615025287993
257.17789961599163,73.94213891307685,57.63244841217295,29.743357911727372
220.96710329079195,84.73789794784058,57.03284660456451,29.321075071692093
214.10628483045144,90.83517459342488,55.20048267075332,28.690640165838435
216.52169385762858,92.45099704274304,55.56418222885636,28.00270812158749
222.09717618836473,94.21407134126015,55.441413902222926,27.79250848771855
223.92748599341144,94.9670044154743,57.753065257705686,27.540466573299035
224.91666230892244,94.95833400138018,61.504706923711254,26.694609061548164
225.9552528617415,94.72842156669034,65.54842740269835,26.450690830761502
223.44795754856952,94.29512467294222,67.99576968462092,26.733319793581245
222.8946239169867,93.91159767758583,69.80263530012348,27.200340661992918
221.53937522765818,94.65348577055533,72.32295269003859,27.57769781307479
217.69310514044952,95.72764508231393,75.38063187202434,28.504440272397577
215.91868068324152,96.47058655438774,77.69183778297656,30.63866784002974
213.59134153103457,97.45921407923115,80.44607908997683,32.448999956175435
207.35406962425864,98.33368590705332,84.65184124154138,34.479075656305014
204.20803375890688,98.5785884723455,87.6083576572272,35.93122525766188
201.86343342553937,98.78075316148494,90.09193755827619,37.524047373409175
198.37946999588593,97.13911813237132,93.08388270524179,38.83869725055275
197.24133223207585,98.30506619415362,94.63769402902739,39.46358299115441
192.2795222850662,97.61882177247692,96.55687743012672,39.91684882396779
192.23009228130144,97.65739243475718,97.45877806132115,40.52506983842703
190.68273458528486,98.31837184756105,97.80176873335306,40.90754767263222
189.12225558114156,96.55431113293687,98.90656482299956,41.26413861672741
190.91968583741135,97.27757963795835,98.60863247780313,41.59078197224689
188.41640129382702,94.75578890867051,99.44456014270003,41.61983515628643
189.4178190036394,95.62308230383678,99.45689625093777,41.82917744214866
187.90640135652853,95.5247330759928,99.95414589376185,42.13295402539963
187.18358940572412,94.06058943703108,100.42621846242008,42.82248226249053
184.30591300228878,95.27476195362036,100.43880918051512,42.697963322985686
181.13999768389584,95.18895118395244,100.64408008295653,42.789835099309585
178.81604316456458,95.79639452759315,100.57446506995282,42.85948203190884
174.46533811567056,95.35505082471504,101.17218692768955,42.611884055394256
171.55951257801104,96.4848766580765,101.77379075798294,41.98794632356969
169.86959562786683,97.61364763186343,101.40434992758898,42.00693321129248
165.29736154827205,97.33427916918687,100.89068934837525,42.3271857540162
161.77186769346258,98.96396839295693,101.71735426212624,42.01416050357385
158.86376541937733,98.73460254770558,100.75272365862442,43.08354470042802
159.74378506834094,98.54910833404345,99.98881446953051,43.47779289787744
151.75703078966228,99.47454265447945,100.3279188444537,42.502649705137
146.6013274432732,99.10175621007565,99.90428868725634,42.70025080887609
142.64711055141592,100.84875998947432,98.98514488002847,42.20818159312686
133.6685074263614,101.15138735711736,99.28313329566488,42.20300836123203
126.63433937944399,100.70533873873812,100.11196076065447,42.24791688682412
120.52823389686888,103.60272226382672,99.88181943088281,41.71867851554097
112.61538666819453,104.02051326040541,99.34765823637603,41.413569575838935
111.10040240461171,104.60517280514495,98.00956474419355,40.641589591965946
102.25301519344444,106.30970756240225,97.12819780910623,40.93941447518692
96.31082673431409,106.37100861052136,96.96828895313595,40.491613162344485
92.03620649838311,108.5653202404743,96.45516389307654,40.11554121011683
81.394175622002,110.48864949465408,96.3124945362196,39.57568926608832
75.20967100744443,110.4800512211161,96.97630738471953,40.53229733412222
72.49123883599451,112.86498482297199,97.17917438264865,39.85005706446198
68.16316722455511,113.61409793774608,97.7102622924171,40.323674912024075
66.9934963459818,115.10917055318058,98.51908289516004,40.07298180479704
65.97557462645365,115.81669504520255,99.28556603033755,40.359277787641545
68.88799031188515,116.64488391566822,99.47248201970405,41.18249976098938
69.41203101446698,115.9186494456423,100.57786707762936,40.94722122255608
70.44406266528301,115.73524551686072,100.94761830160155,41.41707491621031
73.1108948440349,115.48828720983866,101.54244982803942,41.78618574453883
72.19526983128415,115.46189242749064,101.52126700651792,41.92015675346258
73.74184775601054,115.62023766699116,101.11583407843659,41.96375400038699
74.15327464598903,114.21331220613673,101.61187921472413,41.86741934661061
76.70656377294772,114.62042720382645,101.90148254421129,41.59644873347909
77.94135064103611,114.98152975219027,101.8778862574516,41.32268287720708
81.04209050307963,114.32709943980788,102.48450532639436,41.47454307949414
81.51311683836444,113.80301919254838,101.942066602501,42.4024716699237
84.30374964905062,114.43386915768693,101.95805859526438,42.201930515929845
87.36962919363738,115.13840197771111,101.60028822984575,42.15356452950698
89.09838816676299,116.43631132980514,101.31508898057025,42.11459602024996
90.66028651431853,116.49163351222958,101.11404418899308,41.96982400648123
93.90277713789285,118.94636457977128,100.6139758141589,41.81203556982313
93.08815549255122,118.40969268019148,100.7550011549749,42.01994740458532
96.6264092983206,118.48109341856986,100.73882298069202,41.98153584865928
98.1258369767888,119.54447921317805,99.94041542153087,42.22909811793291
100.06821027220988,119.05943481424177,99.5815353391726,42.60813217823754
103.66117883064526,120.84534123925997,99.74567299036826,42.36311085308823
104.1777623476871,120.7381741695504,99.21778484164909,42.54244146823372
107.4292933249858,121.12240380249276,98.73844839669525,42.7681551330665
108.27116075967406,120.96503967519524,98.79075948393037,42.99290857449823
110.84642441303485,122.45425261878694,98.74533423943413,42.887752722104906
112.75934157824801,121.23550682351387,99.2012887349966,43.26422989881742
115.4203570366925,121.659411214942,99.58961166942598,44.069456756677695
119.07084454567222,120.75991373671266,98.45876785797898,43.77329909663554
123.28651812961527,120.77455416497106,97.17938630822641,43.95787665083478
127.42178643827889,121.08033731089697,96.00059983585768,43.159266230207386
131.29185667386247,122.19104656084633,93.48773998145077,42.05200075784312
138.93500371570428,122.08383822036004,90.15917714471541,41.396544213126774
146.7160689566367,122.7888909229402,85.19726162104149,40.730449792864064
154.8677194319912,122.98717241270724,81.2780758894487,40.40650745849544
159.21987354852865,124.00679027529017,77.4981594028948,39.01031823162823
164.2532765181021,120.95599010362866,72.92652119598668,40.22861397900398
164.2436333889299,118.4069638182666,72.52280357216131,40.035223678634324
163.13292562331878,115.1196845058966,72.87079302363352,40.08526381353669
160.11271030887033,107.67538693656459,73.45311761157579,38.927874684012245
160.74806006215846,105.98907528525012,72.16082730776893,38.427474238243335
160.59892963954968,104.08982340931075,70.33535153303717,37.46526870438599
162.54675458245464,102.1686603420847,67.77828702396675,36.6470804841323
164.66599021773962,101.11404526256675,66.91328534453753,36.331882180186014
164.44849084472895,99.43240730254924,66.34155174593147,36.14133844384899
110.83140042688521,119.23821114446778,61.494792335036934,41.00599952832242
109.09964978704957,119.79407157178056,56.486357388817126,44.136489538717626
108.28895956875832,119.81886946541076,54.33219246674179,45.66004677040866
109.35069457162518,119.75571239777898,54.672377932809795,46.500814900900025
116.41745441908503,121.18942535991224,62.36211568417917,42.3480194612145
114.788675467979,121.55138926173959,67.1242998605001,40.36369350806944
116.07629537096693,120.91778352413225,73.10248393605504,39.717210959198134
114.49590570798256,117.88090430504693,78.45799783538801,40.509095217528696
112.29050637430984,117.36379116822955,84.76306871094727,41.94769007055109
104.4903473156694,115.86097171024772,89.78639288596742,43.4066246942174
98.66317603818432,114.42616793868723,92.25605354854255,44.442026729106274
94.20406860436775,114.38013585229865,93.3670298373793,44.813740248950296
88.41611096287991,114.44316797319544,94.66712152721533,44.802829915886264
83.03928717378756,113.96819833133986,97.36151255175015,45.13994422315318
79.12780230644816,113.93032266287088,98.55552882955027,45.818312645071174
77.21735676062482,113.59067881917652,98.85319675949955,45.55737008210129
72.2414585644619,113.76699552826557,100.19480466763352,46.133601381406706
69.8491550088935,113.88727290377022,100.10627335103592,45.85649439118801
67.54295358148998,113.36016493331628,99.97397148248481,45.7081589671972
66.2768747110054,113.65162167435287,100.02829356824157,45.53417516094153
66.79221383769148,113.52487187647404,100.3214611782117,45.3232076186472
65.64405172181023,113.07820650094791,100.49374480633651,45.120259463830905
65.50129004341288,112.72076350977329,100.66490590094182,44.96534642827395
64.70080449596917,113.03268435007283,101.11712335279336,45.21434097986025
63.35945095990637,112.12727925459883,100.93238161815626,45.45397201927321
66.39848486236292,112.21067957775236,100.0667166338303,45.42170170863092
65.83898191886803,114.04756174402065,99.51573460387368,44.763233120036574
64.08593207674747,112.76341247034486,99.64524761247087,44.41414871183703
70.30767473423309,113.92310730616995,96.49852190290736,44.44916587383551
62.673081561967905,111.55648984870824,98.12920231176878,45.0189867872941
64.08273518179217,112.39702293914132,97.8486535884319,44.557896316343076
64.33774509852746,111.59639297157915,97.14288558971148,44.627836156405166
66.94063774127935,113.82319275860334,95.85322965486995,44.240220354634644
63.927504380622665,112.97710604198264,96.66224936690597,43.153345583454055
61.990043560061146,113.11274933856443,97.18621790591719,42.56678671865731
62.27561658799324,112.9223253146554,95.91121466659658,41.83575100697677
60.28067702494144,111.6205004564988,95.76192553021849,41.45544271738481
58.61355403153606,110.54813772074593,94.75154079879805,41.223434170564744
53.84897015086243,110.92423504710925,94.50986123958867,40.876639734417566
52.66273633751325,112.18034994213409,94.7666133625944,40.56709410841512
48.23174646159465,112.83169399247966,94.37889447551558,41.43938211818235
45.35022334212536,112.84306857317985,94.81019699726056,42.2232504551798
42.626088318622465,113.3677167783357,95.74529823246826,43.14493099360617
39.01775574985375,112.34395172786074,97.00715799586018,43.47413023441816
33.24379997310334,111.33991569930146,97.54200611857486,43.2487061024193
34.51582388344221,112.599213317188,97.44229089753702,43.207358104805394
35.70246522166512,113.12406122913532,97.34845649188892,43.249195822590124
32.80332916785376,112.29333788976437,98.01421507640984,43.495464679219005
33.756042338614165,112.52781047769864,97.6905510487318,43.24970505749725
33.4361941957163,112.30178240295245,98.01090966849284,43.62730832994491
34.19357945028723,112.84058326127888,97.62133895412026,43.34907368349012
33.18879188004249,112.1601411316863,97.82997966067268,43.85442809791439
34.96028541565359,112.09484992945592,97.41413859508097,43.7498069531093
35.218701260002646,112.7837173035266,97.80284349838954,44.12352226676603
32.21331579124795,111.78617785656118,98.02535922120776,44.15337927883043
33.86838647070527,111.91015193685965,97.79358914868534,44.07062719426897
33.814544826205676,112.8100892768858,97.44894742142438,43.82225128493049
32.225032482005226,111.98724096629974,97.54512737563338,43.63797993048617
34.6483348157024,113.79792548244662,96.57873692256399,43.41241101187037
33.17046631783954,112.77652957616021,96.99641182264762,43.571004397242845
33.94234818872167,111.92903033815867,96.94536594301258,43.543433765236614
33.68412321456837,112.82351007194097,97.26185756688679,43.578813210635865
32.557602435228844,112.17110108242824,97.63241933869298,43.703959544496854
32.526933184979384,114.92472765083537,97.8529131036887,42.80503665746899
31.52215157099208,114.84223335825986,98.16359553999919,42.60060262804554
31.564662099685506,114.3846262204764,99.01451045673343,42.50080261280283
29.537747633407506,114.56923697291421,98.89398531290394,42.45261950309363
31.621532729059638,113.04279997612316,98.81743665938043,43.128985260744315
31.731424282223145,111.09866751885971,98.54188016818432,44.30354988077657
30.666527938368134,110.4164005773666,97.86135057119586,44.784575319930426
33.159189068998906,111.82562562774407,96.97501731979149,44.218207567045326
30.206424110643702,110.85060784666703,97.08437509447309,44.12421293968525
32.69814561380091,111.73046282897135,97.19431349303538,44.33109302195925
30.687404762874365,110.79858068904511,96.70664802768266,44.78502375135855
28.37618420532617,111.49063061871179,97.12827775667066,44.71682362175388
30.009329040559628,112.73485361344008,96.5774312205116,44.04792099396113
25.91484741188861,110.82288162772414,96.16436181641565,44.50894611163325
28.492412538838202,111.35980137024086,96.58034896363951,44.47726618394234
25.23181538474428,111.64221761056793,97.00007661609615,44.535624821528565
27.405068005198096,111.71246879999507,96.50375295477836,44.34762086747254
25.549255716465623,112.75117814763571,96.65412016987759,44.41059972086676
25.680615856636884,112.21121355397554,95.85352000529205,44.612583663874844
24.021301323719754,110.73973935663946,96.20598114433798,45.001223405669165
24.06115069430267,113.36674068426444,95.79998789161553,44.83890080031544
21.529121073228985,112.17994176274533,96.13464411481148,45.08312509293866
21.607129618035387,112.45368777245616,96.01765216053698,44.90313120312321
21.522077619833325,114.8793227433599,95.44041851760929,45.02312848467391
20.071261675346165,113.01626550048886,95.54281553948766,44.86457676596349
19.549163459323864,114.81231830187966,95.10929826742307,44.891323778538336
18.677253925994513,113.14863895365848,95.48013232870305,44.80286092270408
20.52275746599824,113.48482806294041,95.45249919583915,44.487106919981485
15.38735666482981,113.87151434319813,95.71074472212621,44.30508551093243
19.044991324314026,112.90434950705695,95.1971588290611,44.40283717170203
20.59755591145266,114.23035178197667,95.43498047570668,44.30983263712139
22.07605362022919,114.11953613191099,95.4247397521386,44.28289014229178
27.010869652112184,114.54862921210852,94.38600215858746,43.95894303562291
27.843456152403334,114.71548768360731,94.2896089841694,44.11609874396389
30.022726530516536,116.14820936713124,93.63421778505665,43.99210473299513
31.670736080545637,115.7570436221189,93.66273262436002,44.1109044427769
33.25617196232297,115.76725958617484,93.88980245016081,44.16291579130875
34.485402662966806,115.68512839303665,93.45323288122484,44.05507001017527
37.46643573086404,115.97215375830353,93.79308763623847,43.8214046868509
39.20085716920427,116.09626651588053,93.57419898319083,43.62335291625618
40.37774132946091,115.14380936948788,94.29867010359551,44.014088336933
43.62315260640718,115.55969014208938,93.85678153255209,44.02900296255598
44.000033093992116,115.29738576151237,93.52522540948641,44.44257165305703
46.99109590500224,115.017374345517,93.3728980090543,44.41391302562091
49.4053145423428,117.51947259488675,93.6416821088849,44.442044178858936
48.75662908512463,115.81736376015161,95.09384497450074,45.236914743302975
51.63010590954231,116.38660616637321,95.73579017515269,45.68471278017161
50.76760275894107,115.84528822139079,96.46015811060963,46.40347149289797
53.06478217087911,115.43949576918934,96.08118043221083,45.85403142152422
51.82584730219134,117.77006405922893,96.59769352972431,45.77649870039278
54.495492872575376,116.97561372917971,95.6928248819372,45.42987835390706
56.6237558609604,116.74405505966803,95.21019035414176,45.08550212546368
58.41389751188991,118.2697970505769,94.83438984609073,44.40531669520537
59.7543706725215,118.17899929246452,94.43609971760708,44.044655438911974
63.203196843333714,118.78057615507906,94.29311704227294,43.70985531895329
61.94889312437187,117.55933654932939,95.1707536445109,44.30833657513037
65.24717694137624,118.26708660348777,95.58526150717574,44.1177746210342
63.721598662825244,117.56819705820486,96.05598064247903,44.526317595190704
69.2269098694511,117.98787698967276,95.5788112168982,44.84563089948361
66.87825572711394,117.90894849201698,96.01587846992581,44.806248272321454
71.13063175162137,118.0506875970741,94.98772802155793,44.378210544704416
70.44261051791806,120.04187206975928,94.50179183887147,43.93255806051572
70.49861609978235,117.61748827219157,95.04888228055822,44.452096300792725
75.01393329097333,118.57003962419947,95.50731306846436,43.9583923652019
72.13361737426536,117.53934670285156,96.20802029937174,44.150453166126795
78.29976493515724,118.29907669985904,96.81826820737314,43.86512236255678
74.63764268790008,119.21583346666375,97.45306529893335,43.87980640833122
78.26554342668837,119.72216858359107,96.94494925379085,43.55561249855798
78.1920593496421,119.56860086724555,97.36960358656765,44.37020971751919
78.50254309769244,119.50155071192044,97.37190004558323,44.5636826581397
82.17196825562428,119.53190315042819,96.92665305460969,44.764046393461314
81.34852886698759,120.12636424289741,97.09041866221295,44.827918474269964
82.88875125737253,120.13948350895242,97.15023076315694,44.55336080804375
86.19144001496504,119.90293971891575,97.16662029203931,44.77715099276856
87.09751315742275,119.4842743711302,97.39959472321884,44.8751524694752
87.24626506415649,120.14624946233506,96.73155285385464,44.65352164684484
89.98326282270345,120.9077919470408,97.13118738360518,44.55414225528369
91.83279567991292,121.44381456470474,97.02984896792283,44.37607823829385
92.18515356399216,121.2115092597464,97.50933300979241,44.5472746727001
95.6785523445388,121.88004735139681,97.45905411782755,44.28004702684435
93.5078870428045,121.46001329209187,97.907247027891,44.11606012226086
96.68240200610666,121.95591557664869,98.07916360397223,44.106180861851605
97.97385332397063,121.80347113210972,97.27148756126186,44.37771738707491
99.82828936391046,122.44442420793614,96.86318167782386,43.91221653174777
100.99243810001597,123.10523527519224,97.008779755387,43.616698847461386
104.01874681962146,123.97736939418314,97.15990100559864,43.387243675008435
102.61819448310466,123.14165947731524,97.25684927985904,43.54253961786748
106.10808649811425,125.15306819333446,97.43879601613625,43.85227986405168
104.8118429901371,125.42001185208457,96.9911841265272,43.54492388822344
107.85630074867989,125.55352947241568,97.2065193266047,43.97709643030659
106.02926380954415,126.37400872712618,97.37313473739266,43.803756624727725
108.96153788133292,126.29552017434654,97.88810033435468,43.748758930654006
110.96552516376225,125.38151265498752,98.33457017791275,44.38867172404122
111.89404074490568,125.95562922702203,97.70206315598388,44.543342232163354
114.3602736560147,126.17018231067277,97.34259967217527,44.62262100787029
114.10541885897382,126.64263231325336,97.35140279881927,44.730988600861274
117.4507819224344,126.93246225469832,96.41528864089224,44.733807122016465
119.41259758557959,127.82440654613923,95.88323741942975,44.53964999398389
119.9686514789822,128.31506844909046,95.56812163654223,44.582394662851016
