1
662.4402,127.7738,30.0221,66.9398
662.3536,124.9472,28.8828,66.2343
661.2365,131.9118,27.8621,67.2109
660.9784,137.6821,27.5048,68.6964
659.9322,141.0504,26.9287,67.8995
660.5776,137.2863,26.4748,65.7529
660.2454,137.3080,26.2473,64.0439
659.5741,139.2698,26.0623,63.7057
657.8937,141.6660,25.6884,64.5131
655.7252,146.1715,26.0352,63.4760
655.6033,147.5273,25.8940,62.4185
655.1942,142.3158,25.3365,62.5233
654.8277,137.0940,24.6663,61.9147
651.7117,132.6553,23.9426,62.7155
647.0880,131.6861,23.9153,63.3258
639.8021,137.3274,23.7990,64.1131
636.2930,145.7383,23.7902,63.5811
633.4855,151.0888,24.2965,62.4820
631.9603,158.2042,24.9813,61.1459
630.7943,156.8867,24.5685,59.4689
631.6458,154.5244,24.1417,59.2833
635.4810,154.3228,24.4409,60.2839
637.9997,152.2097,23.8075,59.3888
639.1710,150.6785,23.8247,58.8912
639.6143,148.4978,23.7875,57.9817
639.5128,147.2310,23.4756,57.4489
640.5708,138.5207,22.7102,57.9506
641.1797,131.4203,22.3429,57.1004
640.9547,135.0954,23.1268,57.0917
641.5867,138.5392,23.3746,56.9903
642.3964,143.9700,23.4597,57.5663
642.8268,141.6137,22.9404,56.6858
642.8827,146.9238,23.4630,56.6216
643.5484,157.9607,23.6528,56.6771
645.2398,163.2810,23.8955,56.7898
644.4276,154.2693,23.2385,57.6803
644.3188,145.1364,22.9045,58.1421
644.8057,138.7520,22.7901,57.2670
645.7081,133.8327,22.5142,55.8657
646.6784,131.6991,22.1615,55.7893
644.7593,132.5334,22.0714,55.8497
642.2796,126.9882,21.8663,55.7388
641.4969,123.7046,21.8858,55.1928
642.8151,127.1297,22.1328,55.6359
643.1909,130.3589,22.0305,56.4588
642.0648,134.2753,22.3768,55.7858
643.2693,135.9165,22.0577,56.5497
644.7029,134.5774,21.9123,55.3451
645.2177,132.6181,21.8266,54.8019
645.6924,131.5351,22.1178,55.2828
646.5545,136.0184,22.6021,55.1203
647.6329,139.4468,22.4418,55.4842
648.9655,140.2673,22.1833,55.2918
648.2483,139.0964,22.2127,54.5493
649.3829,137.8498,21.7814,55.5973
648.5139,141.5356,21.8703,56.2991
648.4405,146.3350,22.0887,56.7962
649.3709,149.4085,21.6691,57.5106
650.0661,153.1463,21.9028,58.5651
652.4171,152.4599,21.5299,58.3503
652.1553,150.9640,21.6975,57.7097
651.4642,150.2287,21.9409,57.0530
651.0095,150.6698,21.7475,56.9873
650.9452,150.7301,22.0324,56.3018
652.2143,150.9672,21.9559,55.7717
654.2933,151.7917,21.7805,56.2556
656.6107,153.4313,21.9195,56.2447
658.5073,155.5855,22.6482,55.4190
660.9365,153.2459,22.6907,54.8831
662.2166,149.2883,22.3604,54.9054
663.0097,142.3240,22.7223,54.8892
664.6803,136.6385,22.4767,56.1298
664.9572,138.4259,23.0647,57.7504
663.7784,135.3024,23.7133,58.1805
661.7784,127.0886,23.7667,59.2416
659.2416,126.5851,24.5393,59.8261
661.3786,133.5903,25.2865,61.9602
662.2871,144.0189,26.4676,62.5879
663.5850,157.2409,27.2020,62.1964
666.3134,162.0314,27.7856,61.7737
667.9904,165.0074,27.6420,62.6023
661.8325,165.2928,29.1169,63.9605
657.4096,165.8291,28.8527,67.6491
662.7714,162.9947,28.9101,69.1589
664.7684,161.2621,29.4564,68.9760
666.7023,153.9649,30.6478,68.6002
665.7808,146.4201,31.1121,68.2148
658.9802,140.0053,29.6551,68.5591
657.0341,139.6362,28.2048,67.1628
654.5713,144.5356,27.8869,65.0512
652.8764,146.5982,26.9120,63.7473
650.9059,150.6351,26.1047,61.9195
650.1821,155.2978,25.5531,61.2214
651.9023,156.4325,24.8991,61.0720
652.1374,155.8172,24.9412,59.7493
652.7312,158.9018,24.4528,57.9375
654.3073,157.0177,23.8837,56.7138
654.4117,156.0069,23.0665,56.8108
654.8389,157.5502,22.5251,56.2917
655.1725,159.3588,22.5770,54.5214
655.7318,160.1462,21.7919,55.1559
653.6609,157.0575,21.8856,54.2405
651.2072,156.7619,22.2861,53.4712
649.9327,157.9442,22.3789,53.8152
648.2964,160.7353,22.5026,54.3315
647.8978,157.7245,22.5766,54.5216
648.5659,153.7974,22.9305,54.6274
648.5164,155.7408,22.7954,56.3372
648.5775,159.6983,23.2074,56.3273
649.8658,162.5029,23.2640,56.1186
650.2668,157.7235,23.2300,55.0214
650.9945,158.3781,23.6406,54.2350
650.7927,163.4289,23.0220,55.8074
649.3597,167.0152,22.9556,56.8208
646.6580,169.9498,23.5880,56.0710
645.2649,167.6543,23.8329,54.8197
643.8332,164.9469,24.2611,54.4191
643.8762,167.7445,24.1231,55.8636
644.1058,165.6532,24.1247,55.0522
644.1115,162.9062,24.1071,55.0332
644.3587,162.8549,24.2067,55.4504
645.0627,162.1403,24.3664,55.9743
643.5942,160.3117,24.1483,55.7797
643.0701,158.2242,24.0028,54.9183
642.5398,157.1970,24.4380,54.5133
642.3901,158.9916,24.8593,54.3782
643.0617,159.1449,24.8598,55.3694
643.2095,161.1479,24.8733,55.7989
642.3396,160.0697,25.0715,55.7974
641.4208,159.5218,25.2807,56.1353
640.9990,161.5089,25.4836,56.8862
639.7070,160.7572,25.7781,56.7960
639.2938,157.1937,25.9233,56.5648
641.3627,155.2777,26.0970,56.0564
642.4084,150.8023,26.6707,55.8869
643.4858,144.5952,26.8733,56.0942
645.1865,142.5473,27.0320,56.6479
643.5698,142.0240,27.3674,57.0334
643.9059,140.5020,27.1010,58.0056
641.6650,141.2210,27.4734,58.8306
642.3590,142.9122,27.1060,60.8277
642.5842,145.8843,27.1867,62.3771
643.2341,147.0425,27.5076,62.5680
644.7569,148.0022,27.5237,62.4750
643.8903,150.5703,27.9362,62.3982
644.9940,151.6762,27.3272,62.7577
643.2155,151.8615,27.8509,62.3503
642.3342,152.0899,27.9011,63.3251
642.4357,154.6070,27.4534,63.9450
641.7543,156.3961,27.7120,65.2648
642.9003,158.9257,28.1528,66.3772
645.3265,160.1931,28.4513,67.1920
646.7888,161.1319,28.2077,67.7616
646.2021,163.1188,28.4471,66.9300
646.5496,164.6815,28.3380,66.6558
646.2640,163.6693,28.6335,65.8370
648.2493,164.8909,29.0157,65.4485
649.3649,164.1702,28.8906,65.5611
650.1613,163.4397,29.1802,65.7941
649.3553,162.1982,29.2188,65.6763
649.1445,159.5911,29.1256,66.0343
648.8833,156.1598,28.7830,66.0420
648.1375,159.0338,29.1792,67.4496
646.8988,160.3869,30.1346,68.4743
646.3679,159.6179,30.1741,68.5267
645.4321,155.2029,29.9174,68.2904
645.3192,155.3766,30.3996,69.0298
645.6461,156.7937,31.1178,69.2549
647.4636,155.1283,30.6381,69.7837
649.2020,152.7723,31.1907,69.6804
648.8431,153.0278,31.8935,71.6402
648.6905,155.4656,32.6780,71.9654
649.1205,155.6710,32.4154,73.7231
650.6625,154.4837,32.7504,73.8799
650.9848,154.6775,32.8018,74.9442
653.7322,154.0075,32.6982,74.7248
654.0571,155.8591,32.8736,75.8875
652.0724,154.2190,33.2242,76.0563
651.3085,150.1969,33.4659,76.6255
650.9224,151.9435,34.3798,76.4953
651.8332,155.7403,34.2190,77.7878
653.3568,156.9078,34.0693,76.7116
654.4975,152.2455,33.9204,77.7902
654.9069,150.7148,33.6444,79.4429
655.5247,149.6069,34.0676,81.8404
655.8759,145.1711,34.3367,83.2787
658.5831,142.4351,34.4782,85.2496
660.2858,139.1164,34.8082,86.6891
662.7401,134.6268,34.9051,87.4961
662.5185,134.7338,35.4148,89.3557
