1
192.5953,25.4763,77.6255,77.0778
194.3226,26.3531,77.6787,75.2026
192.9192,26.8615,78.3568,75.3779
191.9872,26.5199,78.7984,74.7886
190.6458,28.2308,79.5427,74.7078
190.6538,27.4398,79.4868,74.0211
189.8525,29.0814,80.2403,74.1949
189.5231,29.4394,80.2588,74.5000
187.7941,30.9744,80.5535,75.6533
186.4176,33.4582,82.3827,77.0389
184.8054,34.9432,82.7895,76.3766
182.6777,36.5972,84.1309,75.9036
178.9735,38.9692,84.7333,74.2667
178.7375,40.1916,85.5740,72.3270
176.3834,41.6354,85.4702,72.0955
175.0315,42.6811,85.5030,70.5031
175.7522,42.3603,83.4785,69.9396
177.4870,44.9262,81.1714,69.8139
174.9119,46.1362,80.7311,69.1115
178.8489,47.4448,78.0278,70.0702
177.1909,51.2639,76.9503,71.7441
174.3714,50.8218,77.7647,71.7146
177.9966,52.3788,75.7345,70.5334
175.9254,53.1565,76.4251,70.0190
177.7872,52.5237,74.7460,70.4665
176.3174,54.4528,75.1512,69.2661
179.5084,55.3702,73.6452,67.8608
181.2239,54.6254,71.8074,67.8186
183.5479,55.3356,71.1352,67.8523
184.2876,55.8910,71.0622,67.9238
185.8139,55.6002,70.1380,67.6058
188.4936,56.9084,68.8036,68.1972
187.5302,55.6919,69.5624,68.4220
192.3863,55.5172,68.1655,67.9868
195.9360,54.5648,65.8691,68.0190
198.7343,55.4056,64.4679,69.5481
200.7950,55.2383,63.4666,69.7957
203.3393,55.5660,62.2786,70.5408
205.8054,55.0460,61.3901,70.0572
206.9585,54.3310,61.3638,71.9999
207.3230,53.4489,61.6480,71.6915
209.8699,54.1933,61.0337,71.7716
212.3892,52.3803,60.2080,73.0704
214.8666,51.7614,59.6118,72.8461
217.4981,51.0120,58.5500,73.4095
222.8665,52.8596,57.5361,74.7318
221.0650,51.0403,57.5228,74.6074
220.6093,51.4129,57.1181,75.1470
220.9129,49.2335,56.5769,75.7235
220.5444,48.6043,56.3847,76.2500
217.7762,46.3945,57.3856,76.7463
216.1272,43.8895,57.2827,77.4518
214.7623,42.3738,57.0433,76.7316
212.3320,43.7127,56.7519,76.3704
209.5879,45.1342,56.8955,76.4642
205.8039,43.9829,57.5699,75.5887
204.1069,44.0042,57.4801,74.5897
203.8455,47.2062,57.2933,74.8072
203.1288,48.1726,57.6314,74.3860
201.9792,48.8256,57.4156,74.8706
200.7386,50.0555,57.4734,74.4887
198.9545,49.7237,57.6788,74.1356
195.5896,52.0904,58.4503,75.6189
188.2787,51.2701,59.0772,74.9918
187.6423,51.1439,59.4579,76.5627
179.3747,47.4684,61.5431,74.8840
175.9520,51.7550,64.6059,75.9489
173.9254,53.8066,65.5218,76.9773
167.3323,54.8915,67.6356,78.4963
164.1973,55.5333,68.7399,78.0270
158.1033,55.1659,68.8813,78.1813
153.6682,60.6084,70.5226,79.8549
148.8095,61.5164,72.5609,80.4706
142.5871,62.3987,74.7302,78.7681
143.1463,63.0292,74.5559,79.1801
142.1209,62.8769,75.4173,80.3909
138.7724,64.1298,75.2768,80.8810
136.7884,64.9850,74.6515,81.0525
134.1412,67.8622,74.6434,83.4416
129.9364,67.8301,77.3195,86.0108
124.8153,68.0137,80.4985,87.7346
119.4323,69.1277,81.9732,87.3231
114.5632,71.4977,84.1151,87.8759
110.0567,74.2449,86.7841,87.5649
105.9038,71.8179,89.6613,88.4485
102.7114,74.6840,90.2267,88.8841
101.9698,71.5631,89.3348,91.1125
94.2935,44.3157,87.6744,90.5918
93.0296,43.7977,86.6197,90.8239
92.4200,42.8748,85.1717,90.6510
92.7457,43.5860,84.5171,90.6753
92.5269,44.6520,83.9325,91.1063
92.8573,46.6111,83.1924,92.3848
93.1810,47.5699,82.6719,94.4971
93.2823,48.5098,82.2928,96.8332
94.1485,44.0228,82.7593,96.5339
94.5962,46.1226,82.5273,96.5959
94.2695,46.5389,81.8087,96.8278
94.5919,42.7658,82.0647,96.0475
95.4040,44.3612,81.0915,95.4278
95.3023,45.2385,80.6932,95.4995
95.3000,46.4133,80.4387,96.2356
94.7314,47.6681,80.2790,97.5433
94.6420,50.6557,80.2442,99.1345
94.6262,47.2829,80.7749,100.9053
95.0015,44.8908,81.0026,101.6249
94.7832,43.8595,81.2925,101.7183
93.3774,49.7936,81.7019,103.4663
94.1796,44.7878,81.8694,104.0363
94.6584,47.2223,81.6920,104.7213
96.1546,43.2915,81.8501,104.4219
96.1463,47.9413,81.7626,105.2383
96.0047,44.9047,82.3300,105.6817
95.9885,43.2231,82.8301,105.5519
95.1514,48.7305,83.2120,107.1055
95.0362,44.9394,83.5982,107.2189
95.6761,46.8028,83.7332,107.3786
95.3179,43.5580,83.3938,106.0443
94.8414,49.0927,83.6147,106.9568
94.4860,44.1775,83.8853,106.9041
148.7516,76.3941,83.1830,103.5583
150.6622,74.3373,81.7574,100.7991
159.4823,75.9315,79.5785,97.9751
177.8321,66.0732,78.9364,95.3936
189.9346,56.8803,78.1730,92.6832
193.5910,49.2302,76.9852,90.8566
198.7797,42.3967,76.3473,90.3211
193.1909,47.2832,73.9912,88.9575
197.6374,51.0159,73.2330,87.0778
202.4828,45.2555,73.0888,87.1051
204.6733,46.2792,73.1570,86.8507
206.5642,48.5056,73.1665,86.0696
210.7063,49.9558,71.7430,86.7707
213.5409,56.9210,71.2128,86.5313
218.0706,62.3790,69.8830,87.5609
221.5570,62.3631,69.3338,88.3770
221.8742,68.2717,69.8312,88.6525
224.4677,66.6755,68.8824,88.9048
225.4959,68.9431,68.3101,88.7479
226.6166,68.6743,67.7975,89.2721
227.9139,71.8895,68.1349,89.2266
229.7269,71.3755,67.0171,88.9033
230.8167,75.6033,66.7937,87.9710
230.0004,76.5249,67.1676,86.2370
230.4078,76.6971,67.3578,85.9327
228.6251,76.1195,67.5931,86.3124
228.0204,78.1692,67.9937,86.1445
227.2381,81.0243,68.1398,85.3478
225.9419,83.9001,69.2332,84.1069
224.9026,92.8450,70.2607,83.3654
224.1454,100.7874,71.5738,83.7834
224.6240,102.9240,73.0199,82.7427
227.0141,106.0961,74.2528,80.0685
215.9495,105.5050,74.7344,81.1002
219.4534,99.1635,75.5952,80.9023
224.7611,98.7834,74.8798,80.1646
219.3944,90.2250,73.9274,79.0996
222.7396,88.7004,73.1871,79.5449
216.6869,88.7951,72.9875,78.5380
221.0318,88.7675,71.7766,78.5216
224.0814,89.8872,72.1320,79.3246
217.3041,99.2085,71.9389,78.6739
219.9560,92.2646,71.4572,79.1686
223.6693,93.9463,70.8768,78.7425
216.7868,96.2835,71.1726,77.2843
220.1025,99.1740,70.8837,76.5601
223.3203,92.3458,70.9831,77.1935
216.7060,95.5896,70.2600,76.1632
218.6379,98.3819,70.3275,75.5686
221.5106,92.4602,69.7736,76.5271
225.7252,96.4469,70.1283,77.1820
227.4624,99.8475,69.8882,76.0020
221.2021,94.2872,70.0121,77.1783
225.1838,94.6326,70.3418,76.9196
218.9075,87.7903,70.3667,76.5931
221.8009,90.7316,69.9967,76.9899
224.5913,100.9963,70.4031,77.1130
217.0104,93.1368,69.6408,76.5541
217.2999,96.3850,69.4135,76.0789
200.7131,93.5288,69.0130,75.3431
197.2270,130.5587,70.0123,74.8128
193.9848,130.3475,70.3936,75.2604
192.3574,129.3940,70.1607,75.7613
196.7950,113.9692,70.0569,76.0346
187.5063,108.1709,69.6747,76.4103
185.5311,111.3018,69.7034,76.6809
173.9033,104.8983,67.6727,79.4207
170.6020,106.9705,67.0247,80.1080
166.5927,99.2271,66.3641,81.5651
161.5072,98.7194,66.0744,82.2338
157.0970,93.1038,66.0068,82.4753
154.2532,90.6881,65.8172,82.4525
158.6768,89.5498,66.0717,82.7656
153.2245,86.7320,65.8355,82.8105
147.5640,77.1406,65.1943,82.6802
143.0189,74.4488,65.4406,83.1920
137.4646,71.3868,66.0264,83.0607
130.8617,68.0413,66.4372,83.2435
124.2275,70.8569,67.1378,83.5313
123.3692,67.5242,67.8105,83.6003
112.8007,64.0522,70.1756,84.5951
113.0590,66.3034,72.4354,85.1016
101.9692,60.7283,77.0827,85.9239
92.5736,53.6855,80.8128,88.8516
90.1676,50.4272,83.5931,90.1787
83.0303,48.8538,85.9627,91.0133
82.0619,46.3926,85.7488,94.6121
80.5009,42.5762,86.2518,94.5523
78.0277,38.9874,87.5718,94.4700
77.3736,36.1941,88.0739,94.5698
78.4409,36.1697,87.6725,93.9892
74.9509,34.3541,89.2675,93.5757
71.2114,34.9288,91.6698,95.4148
68.2722,31.6325,94.0011,94.4294
62.5329,34.5683,98.4450,93.4441
54.2800,34.4221,103.8254,92.7762
48.8644,34.2088,109.2017,89.9899
47.4308,34.3687,112.3056,88.4124
44.3313,36.4855,114.5480,87.8885
40.0783,38.0949,115.8737,87.8383
38.9722,39.3977,116.7803,87.0645
40.8592,41.5718,116.9685,86.6169
41.9680,42.7735,116.7636,86.2757
44.1839,44.1879,115.8959,85.9514
46.9678,44.5062,114.0683,86.1112
50.1678,45.4225,111.4257,86.7422
50.4811,47.2923,109.8180,87.6798
53.3625,47.6933,108.6280,88.7564
55.6942,48.4067,107.7892,90.4112
58.8589,49.9108,106.4683,91.4191
61.6061,51.2125,104.5657,92.3287
63.1368,50.6769,103.4945,93.9033
64.6214,49.6491,102.7230,94.7835
68.5074,48.7725,100.7675,96.5450
70.7135,48.0565,98.7567,97.6786
72.6054,49.3362,96.7834,98.8234
75.0695,48.5347,94.8583,99.5910
77.8625,48.6693,94.1407,100.0955
79.9256,50.0521,93.5878,101.0575
80.6782,49.6581,92.6476,100.3069
81.5993,50.5890,92.2495,101.9631
84.7742,49.6376,90.6602,104.5322
87.7452,49.9019,88.6033,104.7616
89.3132,49.2345,87.5987,104.2202
91.2090,46.6523,86.5914,101.6452
93.4481,46.3402,84.7863,98.8551
94.8655,47.1982,83.3061,97.7287
95.0956,57.8771,86.2830,97.3797
96.3841,52.8357,87.6240,100.7410
95.5049,54.6240,90.8804,100.2584
96.8653,58.0260,94.2517,101.1219
96.9883,54.9512,96.2061,104.6142
102.1985,58.5511,97.3405,104.0944
97.8285,57.5635,97.3030,105.6200
94.8170,51.9271,97.3532,107.7287
85.7212,42.5410,93.3773,106.4111
88.7187,40.8252,90.7449,104.2704
89.5285,43.7322,88.8000,103.1770
90.6088,45.6261,86.8081,104.4082
90.6590,43.2169,86.1230,102.8425
91.7137,45.7302,85.0534,104.5683
92.5591,43.6611,84.7798,103.1069
92.3577,48.3077,84.3685,105.1255
92.3164,45.4774,84.7587,104.5805
92.4432,44.4191,85.3007,103.3830
92.4478,43.9180,86.0961,102.7579
93.3269,49.3824,85.3406,104.8607
92.5349,45.3399,85.3403,105.9322
91.2894,43.7476,85.5213,105.2880
90.4453,49.0478,85.0997,107.7542
90.5494,45.0414,85.2715,108.6712
89.7037,43.3338,86.2858,108.0773
2
0
0
0
0
1
201.4687,132.1460,94.1615,53.0722
202.1909,136.0871,95.6321,51.4904
206.0407,137.4082,96.2464,50.6015
208.0879,136.3625,92.6530,51.1270
212.1695,135.6617,88.0015,51.8267
222.4902,133.0096,85.5478,52.1927
227.7775,130.4202,82.8799,51.0612
224.8031,125.5408,82.9443,51.2552
224.1500,116.3796,83.7807,52.5662
223.0392,107.5353,85.4928,54.5538
227.8350,95.7454,81.7245,60.6182
229.5613,85.9419,79.1161,64.7675
223.5307,81.7119,78.2316,66.8536
221.8434,73.2724,78.8508,68.9728
222.3627,65.7664,78.6262,72.4894
214.1046,58.0639,77.6488,72.3444
203.4569,58.3063,79.6545,71.7772
205.0610,65.0864,77.2348,73.7710
196.7459,64.5798,77.4148,72.5915
191.4057,71.6233,78.9256,72.2730
184.3953,66.2324,81.0703,73.3900
179.0970,64.2568,83.5672,73.0509
177.7381,63.2162,83.1741,72.8083
178.7160,61.4279,80.3819,74.2791
176.6920,59.4658,79.1232,75.9014
171.1043,58.8618,79.1723,76.2233
165.5421,55.7376,79.7101,76.7489
163.7795,53.8046,78.4167,78.5674
160.8659,54.9922,78.2661,77.7032
159.6135,51.6449,76.1034,80.9742
156.6014,50.6082,73.8648,83.3186
153.5366,51.7141,73.1484,83.4428
154.3754,52.7863,71.1371,81.5047
152.2231,53.1001,69.7608,79.3625
149.6791,53.9626,67.4791,80.5599
146.3904,54.1058,66.9867,82.1389
142.3102,54.2009,66.9981,82.7056
138.8104,54.3739,68.3790,82.7475
135.7982,55.9932,68.9197,83.3655
133.3456,58.3090,69.3668,82.9500
131.1196,59.3240,69.1832,83.1579
130.3842,61.3396,69.0822,82.5033
127.5327,62.5295,70.1997,80.5305
123.6165,55.2991,72.1274,80.4692
126.0711,49.1748,74.1295,78.4220
121.2496,53.9903,75.6546,77.7973
116.4341,57.4310,76.7942,79.5255
