1
167.7311,53.7105,41.9355,177.6825
170.2978,49.6705,41.4362,181.5447
170.6774,47.7692,41.3537,183.2857
170.9431,43.0428,42.9305,187.1349
171.4922,42.4323,43.4719,188.7403
171.7523,43.9360,42.8358,187.8298
171.5228,45.1148,42.4450,187.1588
168.8516,46.8062,40.1813,188.0273
169.4908,45.9604,38.8715,189.5070
165.4012,47.3670,37.5705,188.3236
165.3911,46.8661,36.6567,187.3744
162.9810,48.4928,36.3816,185.4794
162.8004,48.6117,36.0832,183.7531
159.0226,49.4561,36.2138,180.2943
158.4819,48.4462,36.1215,179.0856
153.9460,50.4880,35.8203,177.5769
155.3936,49.2924,35.5540,176.8800
151.9818,47.1372,35.0522,177.8135
151.2802,45.3184,35.1131,179.4187
150.3609,45.5965,34.7203,178.7935
150.1168,46.4244,34.6204,178.2057
149.9442,50.8129,34.5001,175.3851
150.5008,50.9233,34.5052,173.5266
151.3403,51.1364,35.1490,173.0854
151.8990,51.5948,35.5105,173.0595
154.2023,49.7806,36.1082,173.9561
155.6487,49.2954,36.7176,174.0439
154.5201,53.6505,36.4889,171.7609
154.7473,53.3629,36.2313,171.5798
153.1194,56.3431,35.2562,169.7904
153.0675,57.2497,34.5735,168.4622
153.3169,56.2828,34.9188,168.3520
153.0598,55.4148,34.9269,168.3798
150.7381,55.7221,35.4711,167.1485
150.7744,57.4040,35.5876,166.2527
147.6471,58.0004,37.1445,164.3502
147.6689,58.8614,37.5062,163.3975
145.5888,58.9845,39.2815,162.9407
144.3445,61.6355,40.4717,161.6435
141.8725,62.8894,41.1599,160.3194
142.1118,62.6626,41.3793,159.9565
142.3883,61.4339,42.5902,160.3109
142.3119,61.6259,43.1328,160.2635
144.2600,61.8507,41.7569,161.5198
144.6806,62.2244,40.8026,162.2683
147.4346,63.6577,39.4721,161.4867
147.8901,61.8252,39.0364,160.9592
151.0439,63.5252,37.4505,160.7578
152.8103,64.1356,36.6034,159.5542
154.2992,65.2162,36.7531,158.1641
155.2319,63.9935,36.4666,157.2873
156.1962,63.9415,38.8874,155.2805
156.2368,63.6285,40.3298,155.2522
158.3980,62.3343,41.7949,157.0471
157.8983,62.0071,43.1998,156.4709
160.6706,61.4388,42.9641,159.8573
161.2011,60.8843,42.7348,161.9611
163.1589,59.8935,44.0994,162.9084
164.2265,58.7228,44.2924,164.3375
166.2660,59.0228,46.4497,164.9309
167.7376,58.6038,48.5850,165.9476
169.9692,59.5355,50.5332,166.5746
171.5470,59.1732,52.5103,168.4035
174.4467,57.7017,53.5904,168.8699
175.1406,56.5914,54.8984,170.6856
179.5944,60.2465,53.3871,172.5625
181.3505,61.0008,54.9967,170.7838
184.9604,60.3633,53.4690,174.2106
186.3292,61.2462,52.5760,174.0535
189.6270,58.5835,52.6399,178.2755
192.4030,57.5146,51.3512,182.3395
193.1599,57.1927,55.3788,181.7850
193.4172,57.7118,56.3480,182.2223
195.9198,57.0051,56.5660,182.7934
196.8154,56.4004,57.5739,181.9574
203.5520,55.5918,55.4481,182.1875
205.7642,56.8548,53.4371,183.5665
209.8446,57.2077,55.7925,179.3468
211.5000,57.0541,57.4898,177.6095
215.1270,55.5417,58.3513,176.0667
216.5712,55.4338,58.6647,175.8981
220.4217,52.9211,59.2311,175.5166
222.3261,54.1287,58.7149,173.3211
218.7816,55.8243,56.1149,172.2422
218.5534,57.1708,54.9490,171.2883
218.7864,52.0918,54.8042,173.3367
219.3637,51.7448,55.0856,172.9726
219.0483,50.7086,55.2060,172.6276
218.6273,50.8351,55.3341,172.3544
218.3730,51.7555,54.9311,171.7984
218.1527,51.7539,54.6961,171.4974
215.4101,55.9440,55.0455,169.7060
215.2960,57.3047,55.3954,169.3075
214.1620,61.9533,55.4421,166.0395
214.8250,62.0897,56.6154,163.8235
212.4646,67.6390,58.6816,161.7073
211.5773,67.6486,59.7959,161.8905
211.5279,74.0806,58.7216,158.5466
210.0772,74.6021,59.6636,155.2930
213.9309,81.5600,56.4867,152.6483
216.9557,81.7199,54.4777,150.0876
217.3020,80.7039,56.0766,145.8343
217.1902,86.1394,56.0566,143.4059
216.3769,89.7070,56.3436,140.1828
218.3551,92.4307,56.2087,137.4826
221.2195,91.9604,54.9057,135.0802
224.2559,93.1320,51.9031,133.3606
224.3344,93.2750,50.9014,132.6660
222.0892,92.8923,51.0918,131.2446
220.6889,91.1732,51.4134,130.6972
220.5031,89.7570,52.0912,132.5751
219.9913,86.5489,52.7846,135.1410
219.0567,86.0028,51.8401,135.3769
216.6728,86.7270,50.6715,135.7194
217.0328,89.0300,50.8882,136.2637
218.3592,85.9389,51.4204,139.3574
220.2236,87.2631,52.6679,138.9009
219.9860,86.7004,52.8836,137.1792
215.9644,80.9352,53.0329,135.8575
213.0940,79.8978,53.1195,135.6429
207.4146,79.8874,51.4978,137.6551
191.0995,68.1537,49.3871,140.5808
184.8166,64.8658,49.3991,140.1236
178.9448,54.3208,48.7883,142.5189
173.6990,47.6717,49.0236,140.5422
169.3085,34.6091,49.4163,142.9577
164.3813,23.7150,52.4029,144.9708
160.3462,22.4603,52.4379,147.9016
152.1256,20.7441,53.7823,147.8172
148.8513,18.8372,54.5523,149.4890
149.2031,14.9665,54.4959,153.2962
149.9991,8.4887,54.3668,155.1745
150.3547,11.2587,54.3345,154.7505
152.5419,17.5862,52.2428,153.0237
157.1663,15.5854,52.0870,152.9201
161.4903,16.9653,51.5882,154.8204
166.9502,22.2095,49.7086,154.7630
172.2502,26.9585,50.4086,154.5167
177.2383,34.4913,51.5853,152.8334
183.8253,44.3008,51.1653,148.8003
197.2670,58.9777,50.6969,146.8196
202.3778,63.4117,50.3906,146.0862
208.8023,70.1185,49.0992,145.2400
216.2076,73.0060,48.5242,143.5090
222.2511,76.8034,48.5097,141.1444
226.4525,76.4313,48.7399,138.7525
230.8014,75.1310,49.0585,139.4334
236.7520,75.7611,48.2022,138.1721
242.2681,77.3078,46.3238,137.7213
245.5075,78.5469,46.8825,133.5981
248.2420,80.5896,47.7645,131.1037
250.5331,81.8004,49.3257,129.2151
250.7345,81.2321,48.2166,129.2269
250.0731,80.3713,46.1835,129.7362
249.5941,78.7100,45.2068,130.6323
248.5806,77.2201,45.1218,131.4737
247.9360,76.8428,44.7477,132.2019
247.6449,76.7008,44.5532,132.4706
248.1866,76.7513,44.5444,132.9590
248.8724,77.0040,44.6369,133.8014
247.6423,77.3643,45.1041,134.5787
246.3504,76.6620,45.9892,135.5269
243.9647,76.1403,47.0655,136.8278
241.4702,73.7986,47.9067,139.4446
238.2081,72.2609,48.1357,141.6339
232.0858,71.9836,48.1625,141.4644
226.0933,69.7336,48.7059,140.8532
221.7488,65.7084,49.3257,140.7121
217.5083,64.5100,49.4725,141.1611
213.3877,59.6224,49.4290,141.7394
207.5692,56.6901,50.5014,143.1427
202.6815,53.8905,50.7355,144.7396
199.0292,51.0859,51.9856,146.6521
195.0498,51.9598,53.6208,148.9415
192.5442,53.6077,54.3618,151.5362
191.2120,56.0828,54.8648,152.9117
188.9193,57.2992,56.5838,154.3324
187.2007,61.2884,57.9126,155.5541
186.6007,64.2284,57.9682,156.3488
186.1908,67.7136,56.9990,155.2575
186.7609,71.2843,56.2521,153.8773
186.9587,76.0991,56.2257,152.4650
187.6563,78.3317,55.9274,150.6082
186.7577,80.4782,57.7365,149.1757
184.3953,82.0215,58.7956,148.3412
184.1701,83.7346,59.2285,146.7281
185.4916,84.5419,61.1355,145.7683
188.2423,84.3536,62.5798,144.8930
190.7277,84.8183,63.2333,144.2752
192.7489,85.3779,63.5096,143.9207
193.7378,84.7384,64.3284,142.9239
198.3806,84.5935,62.2087,144.2108
197.6989,83.8055,63.7048,141.8537
199.2733,82.8154,64.1418,142.0243
201.0971,82.6199,63.3631,143.0037
201.8715,80.7347,62.9515,140.3186
203.1244,79.8350,62.2270,140.0405
203.3657,78.1756,61.6493,138.7756
203.6168,79.1741,61.1905,139.6669
203.1285,80.1827,60.9067,141.4329
202.7670,81.3327,61.2140,142.9755
203.8744,82.2797,60.5516,145.1768
205.1032,81.9045,60.5098,145.9110
207.5358,80.0735,62.8028,146.0061
210.6514,78.3145,64.1031,146.7583
213.4531,76.9061,64.8164,149.1856
217.0828,75.6222,65.9565,150.8419
220.6316,75.1012,66.5375,152.2388
224.5683,74.5762,65.7681,152.6947
228.6049,71.4594,65.8903,154.7431
232.4452,69.6819,66.1667,156.5185
235.9312,67.8199,65.3701,156.9801
239.3047,66.5630,62.8644,158.2306
241.1351,63.0646,60.7633,159.1823
240.0419,61.5280,60.9408,158.9093
236.1268,61.3878,61.0764,158.9186
231.8182,58.8391,60.7431,159.1290
227.5780,58.8328,60.1336,159.7491
225.6663,58.2046,58.8099,161.3510
222.1241,56.0513,58.0938,163.4946
218.9157,55.8658,57.6843,165.6411
216.8949,51.4952,57.7879,166.3043
216.3727,52.0486,56.9659,167.9402
218.3219,52.2040,55.6473,168.1216
219.6105,52.6522,54.0663,167.0786
221.1275,54.3173,53.9460,165.7779
222.9870,54.4528,53.5051,163.0872
224.3994,56.1837,54.0199,160.2335
225.6336,56.6870,54.2613,156.7701
226.8404,58.6331,53.0475,153.6526
227.8399,60.5320,51.8113,151.4040
228.3537,61.8519,50.7588,150.2467
228.8620,64.3021,50.8149,149.2887
229.3221,66.3245,50.7160,148.6937
230.0275,68.1927,50.7973,147.7545
230.0533,68.6027,51.6113,146.6666
230.1992,69.3519,52.4637,146.1024
230.0018,71.2742,53.9012,145.5238
229.8855,73.4995,56.4776,145.5726
229.5304,76.4825,59.4871,145.7291
229.1226,80.9337,60.7517,146.8286
228.3388,81.3722,60.5319,148.0507
229.4766,80.4279,60.2438,150.8954
231.1719,80.0144,58.9424,151.9489
229.3220,80.6710,57.7196,151.7856
229.7930,81.0584,57.4351,151.5084
229.7486,81.3318,57.8482,152.2890
229.8136,84.0409,59.7410,151.4259
229.1845,83.3722,61.0600,151.8626
227.0810,81.0877,60.8922,153.1307
220.3233,80.4431,59.6763,154.1366
218.2306,78.7918,58.6504,155.5741
216.4121,79.0763,58.3799,154.6515
214.4289,78.0118,57.4667,155.7810
213.1528,76.7408,56.3422,156.5600
211.1741,77.7506,57.2261,157.1134
209.4452,77.9778,56.4338,158.9599
210.5577,75.5309,56.6329,160.3824
210.3790,69.6418,55.5842,161.7923
210.4951,65.7841,55.1951,162.7751
208.8789,64.3228,55.3731,164.0161
205.0228,63.9106,55.7344,165.2922
202.1010,57.6093,56.1337,165.9120
200.7476,55.1176,56.6676,166.2188
199.0563,55.0900,56.8256,166.9187
200.0076,56.1367,56.2255,168.1120
198.8012,56.3437,56.6325,168.3692
199.3552,56.2669,57.0714,169.9462
200.2611,55.8962,56.6220,169.8937
199.6656,54.5544,57.8646,171.1810
199.3230,56.8154,58.3591,171.4186
198.7437,56.2620,57.9338,171.0116
198.8501,58.0639,57.4855,169.9155
198.7230,59.5183,57.2708,169.3099
199.3519,61.5344,57.4421,166.8446
199.8255,64.2046,57.4663,165.5690
199.7313,69.2649,57.1970,164.7881
200.4899,70.8444,55.7963,162.7634
201.2846,71.7477,56.9909,160.2013
202.2790,71.9961,58.6560,159.1251
202.9744,71.8588,60.9612,158.4520
205.0052,74.3327,57.9170,157.9342
206.1282,75.3226,56.1095,156.5307
205.8610,76.4782,55.0612,155.4774
204.5370,77.2948,54.3396,155.3138
204.8918,77.1176,53.4710,155.5771
203.8318,77.2452,53.5961,156.9096
205.7090,76.6274,54.3497,154.8284
206.4996,76.7929,55.5127,154.1844
205.4460,75.3076,55.2943,153.7308
205.1174,76.1882,55.6752,153.1531
206.0461,76.2480,56.8724,153.1564
206.8607,78.4151,57.8362,153.7277
207.9890,76.5892,58.7349,154.0067
207.9338,73.8926,58.5564,154.9153
208.4365,70.9471,57.4741,157.5096
209.4226,68.4428,56.4113,160.4860
209.8881,66.7914,55.8641,161.6329
209.6048,65.2799,55.7614,161.6204
208.9718,64.0543,56.2785,161.7196
208.2840,64.6581,56.1984,162.3518
211.1792,59.9463,55.0945,163.9893
211.4583,59.2811,54.3075,165.4122
211.7405,56.9069,54.0937,168.0428
212.8980,55.4626,53.5150,169.7469
212.8436,56.9306,52.5807,170.2819
213.0511,54.2721,52.6568,170.9897
214.0628,53.1815,52.7509,171.3209
212.3306,53.4646,52.7071,170.1641
212.5503,52.0397,53.3649,169.9612
212.9979,53.1604,53.6981,168.9836
213.8772,54.3138,53.5413,167.3844
214.4491,54.9748,53.5679,166.0157
214.0462,53.6237,55.0641,164.8002
214.1196,51.3497,55.5253,164.6600
214.2917,54.5207,55.1943,165.3691
215.9909,54.8101,54.7129,165.0572
216.6330,52.1885,54.0705,166.6764
215.3768,50.6538,54.6383,167.6235
214.7329,49.9862,56.0448,166.8264
214.2492,52.9789,57.3003,166.5063
214.6044,53.3838,57.7289,166.4452
214.8353,52.3801,58.2472,167.7395
213.0311,55.5311,58.8032,168.5367
213.3880,55.6756,58.0562,168.9258
213.2596,57.0194,57.8922,169.7137
214.1546,58.1264,57.2537,172.2251
214.9381,58.3747,57.6394,172.7696
213.1627,58.7817,58.6841,173.6649
214.0354,60.8240,57.9916,175.3534
215.2433,59.2151,59.6340,174.8669
217.5279,60.1079,59.6430,175.1128
217.9681,59.8026,59.0035,175.5501
218.0596,60.6041,59.3043,175.4493
219.1050,61.6928,58.5686,174.9680
220.7015,62.0538,58.1844,174.9340
221.3619,62.3929,58.4771,174.8069
221.3457,63.6933,58.8041,174.1286
221.4825,65.5900,59.2879,173.5093
222.2044,64.1067,60.0489,173.4704
224.8058,61.7607,60.2942,173.0613
227.3237,59.8543,61.6777,174.3478
230.5922,56.6306,62.9984,177.6048
234.3667,58.7845,64.0471,178.9769
238.2582,55.6904,64.6268,182.9308
242.6044,51.9238,64.5371,184.8028
246.1385,49.4071,65.4361,184.4124
250.2208,49.7338,65.6478,182.3591
252.7351,52.9782,65.1488,180.8605
255.1291,51.4924,65.3708,179.3707
258.4328,51.0461,64.8133,178.7748
260.6297,50.7732,64.4964,177.9485
262.8754,50.1151,63.6841,178.4860
265.7051,46.7885,62.6092,181.1593
268.1389,45.1245,61.4967,182.5069
269.8224,43.2652,61.0447,184.1171
270.0076,39.0375,61.6068,186.0485
271.2309,35.6554,62.0272,188.3261
272.8636,33.0913,63.9289,189.8916
274.2722,30.0312,65.6027,193.4162
275.9561,26.1316,67.3737,197.5803
274.5830,26.4872,65.8912,198.2669
272.3313,25.6605,65.4345,198.4091
268.7357,27.2030,64.2046,198.2119
266.9056,27.6766,63.6481,198.3616
265.3276,27.4590,64.2680,198.2868
261.1615,26.7541,65.1651,198.3790
255.2941,25.0801,65.3527,195.6272
249.8163,28.2919,66.0037,193.2343
244.2502,31.5505,65.6155,190.0912
240.3820,34.5981,66.4589,188.2708
236.1835,33.1761,67.4942,186.1594
230.5489,34.0135,68.2775,184.0857
224.4122,36.2007,68.5588,183.7977
218.1367,37.8884,68.6931,182.9986
212.1429,38.6476,68.7419,182.9201
206.3768,38.5619,68.4806,181.5434
200.6804,37.2196,69.5917,179.1169
196.7492,36.8792,69.3021,177.9144
193.4900,39.2978,68.7330,177.4100
189.3930,38.9509,69.3388,175.9817
184.9707,40.3916,69.6696,176.1698
180.1700,44.3203,71.4436,175.6183
176.6101,45.9909,71.9243,173.8316
174.0769,46.1583,71.3138,173.2529
172.8728,46.1719,70.6431,173.2917
169.4211,46.7614,71.3909,172.8539
168.8533,46.6991,70.8213,172.7076
168.5414,47.3848,70.4671,171.7672
169.3420,46.9346,68.2056,171.8359
167.9780,46.3083,67.9770,170.4273
167.7789,45.3111,66.3010,168.9635
167.3215,44.2138,65.1240,167.8758
167.1276,44.8700,64.5401,166.3859
166.2221,45.0183,64.1983,165.0163
165.8386,46.6409,62.4457,164.8168
166.6572,48.4043,60.6114,163.9850
167.1602,51.8339,58.5274,163.5571
167.8733,53.8423,57.6757,162.5294
168.3334,54.1702,56.9223,163.2581
169.2836,54.0595,56.5463,164.0593
168.6898,52.2316,56.6048,164.7436
168.0634,52.0235,55.9123,165.4899
166.4265,51.9486,56.1314,166.7840
165.3567,50.2717,57.4500,166.0244
163.2701,46.4000,59.5757,166.1836
162.6286,40.8646,61.1171,166.6472
162.8232,40.1122,64.1509,167.6821
163.0410,39.3901,65.7596,170.0043
161.9944,36.9298,65.3933,174.1349
161.5851,32.5328,65.7529,177.5901
160.5536,31.5257,65.0644,182.3576
158.9075,30.4957,64.4342,186.2189
159.4320,32.5872,63.1382,187.1304
161.1080,37.5036,62.7186,186.2364
160.7141,44.5798,61.4676,184.6177
161.3513,50.2504,61.6736,182.6161
161.3890,57.4459,61.5177,177.7676
162.0535,61.0605,60.6233,173.2524
163.9532,68.6012,59.9602,169.6272
165.4074,75.6159,59.2855,165.1354
165.1219,82.5661,58.6999,162.1401
164.8452,86.7482,58.3396,160.1481
162.7094,88.7534,58.7323,158.1038
161.6090,90.0889,58.7877,157.6036
161.0721,90.5270,57.9749,157.4932
161.3278,91.6878,57.1399,155.6685
161.0272,92.7885,56.7490,154.7413
160.3610,92.4596,57.2586,155.4012
159.8008,89.7732,57.9403,155.9109
159.6196,90.1246,56.7569,155.3538
160.6926,90.4817,55.5197,155.1815
161.4506,88.6490,54.6133,156.6094
163.2940,90.4327,53.0875,155.8455
166.0255,89.5012,50.8581,154.7375
168.9923,89.5381,49.4562,153.0117
171.5285,85.7476,50.9654,154.5433
175.2104,80.4591,51.2357,153.4554
178.6920,79.4972,51.0136,150.8941
182.2097,82.3473,50.8311,147.7925
187.7971,82.5406,50.3836,146.0226
193.7076,84.7168,50.4311,145.4916
196.6504,87.2140,50.2813,148.2139
196.5491,88.3017,50.8763,149.0613
195.6490,87.9100,51.9638,149.0264
197.5352,85.8482,52.6770,149.0590
197.4866,86.1442,52.4859,149.6822
198.9172,87.5342,53.3907,148.7653
202.0018,88.7969,52.2815,149.1843
205.0457,87.7268,51.4327,149.2817
208.5490,87.7302,49.2624,146.7476
212.7221,88.3432,46.6801,144.8532
218.0083,89.4192,45.0017,141.4183
222.4344,89.3709,45.2531,140.5062
225.7762,90.3935,44.5088,139.4668
226.6936,90.2231,44.5623,140.1697
231.4497,87.3845,44.6597,140.8992
232.9145,86.2147,45.0062,140.7832
234.3097,79.3818,46.9781,143.0390
233.3661,78.0702,47.8414,144.1406
233.7641,75.8577,48.9617,145.6830
234.2220,72.9091,49.7386,146.3816
233.1622,70.3409,50.4616,146.8885
232.7212,69.7007,50.6820,146.9015
232.6072,69.8862,50.0612,146.1727
230.0154,71.1971,48.7747,145.0374
227.9392,69.8891,48.1175,144.3258
223.3583,70.6138,48.0670,143.1142
218.1635,73.0927,47.8035,141.6800
213.8575,74.9818,47.5603,139.7263
209.6946,79.0880,47.1897,137.9114
207.4165,81.7160,46.3141,135.2934
204.7186,86.1622,45.3943,132.9000
203.6443,88.5086,45.0311,130.4139
203.0760,91.1397,44.0643,128.5883
204.5670,94.1429,42.5839,126.1544
204.5889,96.5160,41.8909,122.7102
201.9486,99.2004,41.5565,120.6434
200.7074,100.0521,40.6458,118.4412
199.4604,101.7401,40.7770,116.9137
199.5713,102.6003,41.1728,114.6039
199.7046,102.2655,40.8786,113.4193
199.5015,100.4322,40.3252,112.8119
198.6279,99.4142,39.9565,112.1775
197.0829,98.6420,39.2240,112.9353
195.9421,98.1535,38.8435,113.8262
193.9131,99.9068,38.8918,115.2781
192.3883,100.2274,39.3291,114.6676
192.5211,102.1087,38.6627,111.7593
192.5506,101.5658,38.8011,110.6767
192.6077,101.4871,39.6931,111.4551
192.1694,102.3473,40.9344,113.9005
191.0349,101.2759,42.1775,115.7045
190.8271,100.6920,42.8185,116.2556
191.5449,100.9282,41.4938,117.6858
191.4651,100.8624,40.6491,118.5612
192.7304,99.2719,40.2952,117.6483
191.0701,99.4837,41.3312,115.8464
189.9884,100.1553,43.3919,114.3481
191.7267,103.0924,43.2765,113.6544
194.4182,105.9889,41.7988,113.4192
196.9905,108.4993,41.6009,111.7462
199.0590,109.5351,40.4083,111.3318
200.3939,110.9426,40.1742,111.4154
200.8722,110.2727,42.3264,111.4952
202.5782,112.1241,44.1204,110.1592
205.9835,110.6437,43.5660,110.5711
208.0593,111.4445,43.5117,110.7261
208.1507,110.1494,43.4560,111.2523
206.4827,107.6656,43.8662,112.2291
205.2845,106.9546,43.6637,113.8523
203.9500,104.1391,43.3442,115.7464
203.2095,100.5500,42.7949,118.0175
201.7294,95.4667,42.3381,120.5642
199.1241,92.4496,42.2309,123.3321
197.0116,86.9919,41.7759,126.0296
195.9756,82.5749,41.0411,126.8600
194.4216,82.5014,40.8105,126.9724
193.0460,80.7823,41.1103,127.0197
190.6784,76.9854,42.5442,128.6317
189.6277,71.5869,42.6008,131.8048
190.2745,71.1583,42.3959,131.2199
191.8043,68.9970,42.9508,132.2486
191.7496,68.9854,43.0405,133.2611
193.5607,69.5597,43.1776,134.7000
196.2755,70.3836,43.2397,134.8961
200.3149,69.4142,43.9329,136.5295
204.2316,66.4612,44.8054,138.7463
207.4201,69.7950,45.3516,139.2041
210.8649,72.7782,46.9045,139.5993
213.1270,71.0892,49.4074,140.6584
216.9705,72.2698,49.8565,143.8396
220.3064,68.5563,53.4642,146.9595
224.7863,67.6621,55.7417,146.9730
229.0056,63.9030,55.5691,147.5902
232.8579,64.5768,54.3728,146.0547
237.5507,65.6132,52.5239,144.6468
242.9032,63.2484,50.7457,145.4850
248.2194,61.5495,49.7861,146.5485
251.5646,60.2927,48.4699,148.3389
254.6676,57.6264,47.9588,149.6418
254.4662,59.9092,49.1982,150.0028
257.6520,59.9744,50.5085,147.5226
261.8823,61.6483,50.7928,146.4055
265.9270,61.7798,50.6360,146.4093
269.9306,59.5686,50.1855,146.0384
272.5021,56.9294,49.3152,144.0213
272.9100,57.4862,48.3430,142.4123
273.3293,56.8736,47.9167,140.7036
274.4548,58.2801,47.1680,138.9066
273.9596,57.8835,46.3500,136.7460
275.3301,56.4280,45.9223,135.2199
276.5684,53.8604,46.0018,135.2911
278.0722,47.2397,46.1667,138.0605
277.1635,42.8993,46.1697,141.5714
276.6060,42.6277,46.5688,143.6909
276.3310,39.0279,46.7007,146.9333
274.4894,34.6605,46.9147,148.7009
271.6515,32.4613,47.7211,151.3378
269.0623,32.4136,48.5395,155.0725
266.9512,31.5857,50.1469,158.8085
263.8602,32.7845,51.6101,161.8539
262.7548,34.6250,52.8779,164.7405
260.6728,39.3855,53.9105,166.0821
259.8018,43.9006,54.8656,168.6104
259.6438,47.3721,55.5896,168.5067
257.8626,49.4782,57.0735,168.9715
256.2750,52.0286,58.3082,168.8896
252.5207,51.5018,60.3358,170.1048
247.2497,50.9330,63.0582,171.5977
242.5075,50.5368,65.5308,172.1501
238.7685,48.7923,67.5880,171.5254
234.1296,47.4193,69.0477,171.1971
217.8925,42.7452,67.2418,175.3146
211.0646,40.9118,67.1636,176.8631
203.2355,41.0068,67.3720,176.2858
186.8534,36.6135,66.4481,180.9855
180.4547,30.7713,66.9440,182.3232
173.0657,27.3852,67.0368,182.9233
153.2236,21.1024,68.2965,183.9205
145.7948,16.0859,68.2014,184.6595
137.8419,11.3239,68.3920,184.1745
121.5253,5.1348,70.1568,188.0373
115.8741,2.4869,71.7172,186.1378
108.5300,3.4407,72.4897,183.9792
105.1017,2.9210,74.2031,181.7027
102.1213,3.1907,74.3624,181.1908
99.4507,4.8824,75.5128,179.4330
98.3290,10.4751,76.6627,177.6420
97.2005,12.9534,76.2072,174.9880
94.6994,21.5246,79.0717,168.6612
93.0299,28.2669,76.8852,166.0167
92.9691,34.1376,75.6690,164.8164
93.9863,40.6646,73.7066,164.1550
94.4808,46.7416,72.3784,164.8114
94.7784,52.4721,70.7355,165.7186
94.4314,57.5435,71.0006,165.0972
93.1278,63.1842,71.7105,164.9129
92.7650,67.9337,70.4684,165.2944
94.4989,71.8042,69.9956,163.9258
96.3469,71.5765,69.2146,162.8384
98.7706,76.0871,68.7808,157.0536
99.8562,77.2467,68.2624,154.5306
102.3307,81.9053,66.8896,153.7159
104.7830,83.9993,65.3184,152.8869
108.5315,84.8304,61.8899,150.9944
110.8466,85.5654,59.3324,148.1764
111.4593,81.7663,59.4786,145.9495
113.3481,83.0403,58.2539,143.3260
116.8537,78.6189,58.4236,142.1637
118.7551,77.5675,57.6783,140.2446
120.1498,74.1740,58.6308,138.8609
121.7632,72.9931,57.9152,137.8473
124.0446,73.8764,56.7100,135.0332
126.0362,74.6753,55.2169,132.0920
125.5824,75.8617,53.9664,129.1700
125.9166,75.4496,52.7927,128.0412
126.4008,77.8935,52.9123,127.5283
126.3951,78.2431,53.1254,127.4758
127.0380,77.7861,53.8475,127.5312
127.6232,77.3863,54.4486,127.7075
127.6639,77.1411,55.7429,127.2346
127.4905,77.3563,56.5575,127.6546
128.3951,73.9989,57.7054,127.1452
128.7022,72.5885,58.6320,127.4493
129.0786,74.6295,58.6190,126.1696
129.1457,75.3174,59.1740,125.7293
129.9623,76.0976,58.0982,126.1399
130.4570,76.2831,57.5554,126.0075
132.8554,76.9447,55.3937,126.2287
134.3752,76.9903,53.8976,125.5025
138.4030,75.6929,51.9880,125.6182
140.3971,76.5441,51.1576,125.0583
143.5067,75.4377,50.1511,123.7208
144.9414,78.0016,49.4735,121.9930
149.9648,80.6289,48.3823,119.0574
151.6890,80.5941,46.5100,118.3808
156.2013,77.0361,46.0593,117.9209
158.6197,75.6112,44.5641,117.3351
159.3959,75.1538,45.3162,115.8114
159.4987,74.8578,45.3780,114.8017
159.6733,75.1750,45.7403,114.7407
159.6554,75.3329,45.9713,114.6258
163.7743,76.8727,44.8632,118.0490
166.7734,78.9622,44.0230,119.3294
168.3843,82.7878,46.0477,119.2722
169.7931,82.9369,47.0916,119.4786
173.9065,82.4358,48.1615,121.4153
177.9616,80.0959,47.4775,122.6644
183.7546,80.2097,46.2723,124.1874
185.2543,79.4867,47.0149,123.6001
186.5254,77.9019,48.7828,123.2805
188.3631,77.1774,48.8137,124.3789
189.0823,74.9855,47.3060,125.6417
188.6027,75.3630,46.7832,125.4432
187.6528,73.6254,45.5955,127.7650
186.3822,73.1901,45.1301,128.4620
183.8297,69.8777,45.4379,129.2171
182.0550,68.7480,45.3298,130.3277
180.7971,69.3386,46.1726,131.7337
