1
398.2218,186.3940,28.4485,32.4855
398.6803,186.4211,27.8074,33.7145
398.9759,186.5970,27.7460,34.1893
399.6539,186.2446,27.9114,34.2786
400.2646,186.4027,27.2546,34.5658
401.6411,185.7645,27.2892,34.5037
402.2538,185.5766,26.4667,34.7117
403.6357,185.9941,26.0725,34.6703
404.3144,186.2462,25.5808,34.2109
403.7375,186.3474,25.0245,33.9327
404.1751,186.4112,24.8980,33.4656
404.2903,186.8089,24.6308,33.3608
405.4777,187.0189,24.7378,33.0965
405.2086,187.3654,24.3834,33.0192
404.8824,187.1072,24.1198,32.9416
405.0913,187.1096,24.2359,33.0014
404.9443,186.3926,24.5038,32.9062
404.8036,186.2867,24.5406,33.0682
404.7213,185.6365,24.6993,33.2225
403.9892,185.6576,24.8103,33.4092
404.4225,185.4518,24.9970,33.5741
403.6671,185.2748,25.3056,33.7763
403.5543,184.9842,25.3312,34.1315
403.5232,183.9242,25.1608,34.6850
402.9624,183.8928,25.4345,34.7254
403.1639,183.4987,25.3055,34.9037
403.1232,183.9212,25.1397,34.6732
403.4598,183.7908,25.5133,34.4098
402.5845,184.3912,25.7298,34.3515
402.5866,183.6614,26.2303,34.4991
402.3570,183.6913,26.3838,34.8353
402.3975,183.8356,26.3371,35.3034
402.3352,183.9586,26.5138,35.6080
402.7063,183.9297,26.4117,35.7943
402.6889,183.2037,26.3764,35.9766
402.9980,183.7037,26.3156,35.5990
402.2741,183.8026,26.4454,35.0168
402.9417,184.6137,26.5118,34.5368
402.3050,185.0920,26.6438,34.4039
402.2007,184.8594,26.9475,33.9019
402.2816,185.1457,27.1269,33.7808
401.8249,184.5638,27.5213,33.7661
401.0098,185.4326,27.4860,33.9517
400.1711,185.4288,27.5256,34.1731
400.0858,184.8916,27.0981,34.4469
399.0299,185.0335,26.8786,34.4815
399.0632,185.4255,26.7002,34.5311
399.3516,184.9020,26.8549,34.4663
398.1413,185.7779,26.4911,34.4876
397.7869,184.4146,26.3167,34.1741
397.5634,183.8457,26.2925,33.5472
397.5635,184.4548,26.2550,33.3137
397.0912,184.3820,26.1554,33.0886
397.5219,184.5249,25.9968,33.0120
397.9372,184.3153,25.7131,33.1084
397.0724,186.2312,25.6045,32.8884
396.6362,184.8183,25.8045,32.6558
395.6869,185.3040,25.8579,32.8580
396.0406,185.8600,25.9193,32.4899
396.2763,185.8843,26.4779,31.9531
395.2581,185.8910,27.0124,31.4845
394.7917,185.7616,27.5628,31.0699
394.3892,186.0235,28.1213,30.4799
393.5049,186.1007,28.6655,30.2546
392.9925,186.1370,29.2873,29.7194
392.1965,187.9811,29.2003,30.1609
391.3389,186.8204,29.4437,30.3934
389.7192,186.3036,29.6921,30.6551
388.8036,186.4825,29.6329,31.4095
388.5915,187.3083,28.9810,32.3896
388.1897,186.5040,28.9552,32.7746
386.8849,187.0160,29.1017,33.0049
386.7070,186.7569,28.9680,32.9552
385.8490,186.7026,29.1962,33.1741
385.5111,187.0856,29.3728,32.9408
384.3589,187.1800,29.7022,32.5698
383.6425,187.9215,29.8194,32.3503
382.3199,187.3111,29.9751,32.3433
381.5735,187.4291,30.1650,32.4367
380.8813,187.2433,30.0021,33.1049
380.3669,187.3266,29.7584,34.0424
379.2277,187.4949,29.5185,34.5392
378.1710,187.5085,29.6543,34.7789
376.3994,189.1185,29.9452,35.0350
374.1101,188.5629,30.8816,34.8634
373.0681,190.1127,30.8158,35.2740
371.8034,188.5759,31.2025,34.7640
369.3059,189.0856,32.2102,34.3138
367.9300,188.6238,32.4009,34.0885
367.1596,188.7152,32.5772,33.9741
365.8846,188.9897,33.2764,33.5107
364.7054,190.4359,33.3669,34.0346
364.1599,189.4384,33.3976,34.4573
363.3508,189.9966,33.1374,35.5218
362.5127,189.3999,33.1658,35.5692
360.5044,188.8138,33.5722,36.1508
360.4835,190.8175,33.3111,36.8583
359.6196,190.5602,32.7622,37.1774
358.3337,189.6045,33.1956,37.5592
357.6094,189.9769,33.2692,37.5381
355.8866,190.0333,33.7661,37.5747
354.1557,189.9720,34.2713,37.5463
352.4038,190.3456,34.9177,37.7038
351.2397,190.6579,34.8651,38.5600
349.5403,191.0902,35.2377,39.2341
348.4020,191.2375,35.1780,39.9603
346.7930,191.8657,35.5408,40.5974
346.0162,192.1315,35.2837,41.2844
346.1991,192.4002,35.7293,41.2639
344.3139,191.9432,36.3661,41.0506
344.9274,194.3166,36.3330,41.2882
344.3011,195.0767,36.7288,40.7086
342.6190,195.1825,37.5205,40.3609
339.8119,194.9030,38.7337,40.0609
338.3379,195.7926,38.8735,40.0645
336.2625,195.0664,39.4009,39.8350
334.6171,194.9844,39.5831,39.9372
334.1112,195.3482,39.0697,40.4529
333.7333,195.3713,38.3391,40.7470
331.6609,195.3853,38.2649,41.3116
330.2585,195.7164,38.4510,41.8133
328.6310,196.0959,38.7003,42.5383
327.8237,196.8462,38.5802,43.0091
324.4129,196.2794,39.4767,42.9930
321.5435,196.2140,40.0748,43.3028
319.6972,196.2467,41.0624,43.6924
315.8801,195.5015,42.9714,44.4282
314.8636,195.3720,43.3465,45.0553
314.5742,195.3406,43.1518,45.9749
314.3303,195.1386,42.9089,46.6378
312.4853,195.5295,43.1652,47.1109
310.9498,195.6047,43.2233,47.9290
310.1082,194.7341,42.8761,48.5340
308.2238,195.2549,43.2646,48.6889
307.6567,195.0997,42.9692,48.6544
306.0186,195.8036,43.4435,48.6042
304.7711,196.4522,43.7698,47.6455
302.1403,196.3497,44.3199,47.1638
299.8098,196.9019,44.8372,46.5126
297.2970,196.7238,45.0707,46.4631
294.3239,196.4863,45.8314,46.6235
291.3865,195.5194,45.8577,47.1269
291.3997,196.0105,44.9501,47.6590
290.2478,195.5748,44.9376,47.9787
288.3987,195.8159,45.4574,48.1985
285.7035,195.6783,46.5584,47.8260
284.9830,196.5022,46.0902,48.2650
280.7863,195.4516,46.4673,48.8556
278.2843,195.3049,47.1928,48.8317
276.7558,195.0708,47.2928,48.6378
275.2986,195.2350,46.9807,49.0763
272.2635,195.0958,47.5935,49.0758
268.5885,195.2423,48.7055,49.1112
265.3661,194.4573,49.7425,50.1903
262.5170,194.1272,50.3876,51.5636
259.3372,193.6073,50.5223,52.6007
255.9648,192.8236,50.5886,53.3531
255.9117,192.3955,49.8833,54.1960
255.2295,194.3663,49.9326,53.7916
252.2190,195.2058,50.6558,53.1369
250.2993,195.4035,50.6455,53.3436
247.9151,194.8059,50.8946,53.0607
244.1675,195.0019,51.9515,52.4133
239.4492,194.4970,52.9638,52.8021
236.7966,194.0065,52.7873,53.3213
234.8925,193.5207,53.1573,53.5253
233.1707,194.0600,52.6977,54.0807
230.6720,194.6143,52.8143,54.1750
227.2698,195.0030,53.3642,54.3244
225.4274,195.9496,53.3538,54.3017
221.4858,196.9628,54.2448,54.6052
219.3810,197.7999,55.1243,54.4583
220.0730,197.1256,54.8697,55.0760
219.1881,196.7686,54.6152,55.0503
217.0219,196.0907,55.8526,54.4538
215.0440,196.1436,55.9922,53.9985
213.9825,195.8132,55.0525,54.5113
211.3959,195.1714,55.6049,54.4750
210.4027,194.3611,54.0773,55.3457
208.4980,192.7351,53.4388,55.3102
207.8565,194.0151,52.0045,55.1425
204.0339,194.6342,51.3792,54.8771
201.5080,196.3516,50.7929,54.2859
198.7857,197.5217,51.4646,53.6905
196.5854,197.2636,52.2246,53.4784
193.8143,196.4399,52.5890,53.7425
192.1358,197.0569,52.2685,53.9780
188.4818,197.4591,53.0485,53.6451
184.2022,197.3439,54.1926,53.3639
180.7688,197.9664,54.1607,53.4153
179.0963,199.2692,53.3450,54.1566
176.6438,199.7611,52.8328,54.7440
175.0103,200.5153,52.1668,55.6969
171.6522,202.6011,52.0974,55.6278
169.0623,203.3388,51.5707,55.6620
163.9868,204.2125,52.4762,54.5451
158.5292,204.4938,53.7710,53.4627
154.0572,205.2018,54.6104,53.0090
150.0851,205.4168,55.4256,53.5364
147.1844,204.7920,54.8679,54.6070
146.8682,204.2099,53.9266,55.0638
144.9308,203.5709,53.2929,56.1673
143.4263,201.9967,52.4258,57.2162
142.0072,202.5220,52.0337,57.6242
139.4041,203.3194,52.2743,57.0473
136.7276,204.5599,52.2153,57.1390
134.8743,204.4269,52.4863,57.5035
132.0352,205.1392,53.7612,57.1171
130.4624,203.7101,53.9036,57.1817
127.7356,204.8312,54.7985,56.3124
126.7743,204.3155,54.6426,56.1681
123.0083,203.5563,55.0471,55.9104
119.9661,202.0816,54.8300,56.0277
116.0738,202.8111,55.5060,55.4198
113.2640,202.3729,55.5453,55.7902
112.1112,202.9417,55.0562,55.6316
112.3745,203.0085,54.4395,56.4913
110.5482,202.1995,54.4041,56.6364
110.1487,200.8362,54.6324,56.9547
106.2655,201.3424,55.7519,56.5271
103.3244,201.0029,56.5183,56.5068
98.2160,201.4154,57.7705,56.6104
100.5427,202.3106,58.0695,56.8852
97.6565,201.2952,58.0638,57.4489
104.0102,197.5964,57.1680,58.4519
100.9320,201.1649,57.0716,58.5765
95.8894,202.4689,56.8185,58.7099
91.1539,203.8357,56.4455,58.6253
85.6783,203.6869,56.8116,58.5579
82.6414,206.0852,56.5757,60.5979
79.6438,205.3655,56.9303,60.8077
76.7868,205.3889,57.7653,60.8339
74.6371,206.0421,57.6755,60.8481
72.6613,205.0782,57.0508,59.5139
68.7282,205.6830,57.5672,58.3480
64.4109,204.1652,58.6781,57.8754
51.1632,208.3489,57.7673,58.3950
49.5494,205.4336,57.9752,58.3320
48.8081,204.3583,58.0540,58.4849
46.4147,203.5143,59.0468,59.0131
43.9363,203.5497,59.1366,59.5314
42.5737,203.8969,59.2807,59.1598
42.5215,204.2841,58.8748,59.6247
40.3132,204.7519,59.3498,60.0089
36.9470,205.4142,60.4530,60.1656
35.2968,205.5798,60.2236,60.4480
38.5770,205.7656,60.7332,59.9434
33.6105,205.3526,61.8831,59.4042
29.4126,204.3860,62.0349,59.5791
15.7940,203.8152,64.1321,59.5273
