1
233.8960,158.6676,33.2215,68.7176
236.3243,162.4008,31.5196,69.1843
233.7968,161.3983,29.9565,70.8370
235.0730,168.1006,29.3020,71.1243
234.9128,172.3915,29.2699,70.2541
232.8032,181.4160,29.2788,70.5947
223.4370,185.8819,28.7941,71.1586
230.4031,199.2273,28.4579,68.4412
248.0449,223.7050,27.1057,69.3080
267.6903,251.4627,25.4237,71.8929
261.8466,277.6165,25.7970,69.7165
241.2466,285.2838,29.1469,65.6768
240.0490,288.6548,28.2117,66.3060
214.4440,306.1924,29.9172,66.0704
195.5147,307.6696,30.5476,64.5692
170.8244,303.4179,31.6580,61.9079
153.1863,293.7093,32.3438,59.2511
151.1471,290.9255,32.3455,59.2485
151.8481,289.5032,32.3667,59.2265
2
0
0
0
0
1
100.1429,237.4236,41.3999,38.1544
2
0
0
0
0
1
244.1842,273.5705,58.9649,45.7285
248.9810,276.1478,59.1353,45.1851
261.0803,281.0029,58.5319,44.9493
269.2378,282.2761,58.0340,45.0178
284.8104,285.3475,56.9410,44.4122
305.7016,293.0417,57.0597,44.1043
323.9937,296.4702,57.6659,43.1710
334.2721,304.4220,56.6836,42.2243
335.3887,308.8993,57.1516,43.0464
332.0388,313.1724,59.6985,44.4603
346.2854,317.8242,57.9015,44.5835
371.9699,334.1502,56.7692,44.9024
369.6156,333.5156,58.7715,46.4734
367.7907,325.2135,60.6803,49.7558
373.6985,326.9994,61.1547,49.5200
391.5830,333.9448,59.0738,49.7434
407.3051,336.6823,57.8845,49.6897
420.2952,336.8733,57.7641,49.5203
431.9901,351.5677,55.7872,48.5152
436.1300,354.5396,55.6097,48.2309
425.3133,353.5098,59.4668,52.4303
408.1767,336.2436,60.5765,56.4053
390.5836,312.4394,63.5660,59.7748
372.7181,296.2327,67.3441,61.0432
364.9549,285.7285,68.7454,60.7573
345.1610,279.8560,71.0654,59.4366
326.7100,273.0728,72.6794,58.3091
307.2196,269.6060,73.0211,57.3407
293.4958,267.0288,73.0255,57.0596
285.5071,257.2051,73.0462,56.7536
268.3411,247.4437,73.7531,56.7695
247.5955,233.7318,74.7700,56.6048
229.1558,219.0596,75.1700,56.0415
219.3907,210.9956,75.1037,56.5184
200.7436,203.7144,75.3587,56.9692
172.3216,189.1753,76.2593,58.1199
151.0132,176.0596,76.3548,59.0986
132.1248,167.8312,76.1248,60.0472
123.3030,160.9206,75.3251,61.3202
118.1344,148.4580,73.9722,61.5089
105.9728,141.4228,74.8996,63.2651
94.9225,144.8866,73.8702,64.7478
101.5588,160.3766,72.0440,64.4268
120.8026,188.7778,70.4603,63.2570
121.3866,188.6408,69.6448,63.1397
122.1955,176.0560,69.1228,65.5264
116.7553,174.1601,71.5081,64.5154
117.4583,187.2323,71.3970,62.0978
119.5430,208.0873,70.6515,59.5028
136.9269,224.6567,70.2027,58.8187
167.9785,236.0839,68.4208,57.8323
184.1612,209.5114,63.3472,57.1869
2
0
0
0
0
1
148.4690,72.1421,40.4739,70.4718
140.1964,69.0538,43.0472,71.6861
148.7287,71.0507,45.3110,71.2870
156.8197,74.0323,46.3974,71.7543
156.8964,76.7453,47.4806,70.7190
158.6151,77.0141,47.4568,71.1724
169.5420,78.0229,46.1452,70.1342
187.4859,80.4487,45.9394,68.1009
197.5292,77.7589,43.4741,67.1147
194.9995,74.0864,42.6866,66.3412
187.7855,71.6289,41.8886,64.8331
183.1474,73.3100,41.5716,63.8842
179.1313,71.9380,41.4989,63.0762
160.8516,74.7112,42.5811,62.3402
141.9560,78.4221,43.0812,61.9455
132.1670,83.9241,42.7805,63.7174
128.7420,89.0610,42.6650,64.6079
118.5830,101.7338,43.1876,66.7914
106.9878,113.6196,44.9827,67.8329
101.3049,114.8403,47.2436,68.0738
97.3566,114.7283,48.0254,68.9410
98.1806,127.6991,47.3804,69.9991
98.6215,132.3780,47.9438,71.7361
99.5103,136.5713,48.1378,72.4049
108.7137,136.1630,48.6551,72.6973
117.1751,129.2958,48.2012,72.1168
112.9875,123.0942,48.7988,71.7231
108.0254,117.8634,49.2377,71.1404
103.8974,105.8971,49.2161,69.9508
