1
185.5919,18.9866,47.0584,38.5041
186.2853,18.6003,46.3308,39.2985
187.8266,19.0657,46.0977,39.4809
188.4743,19.6406,45.8262,39.1443
189.8618,18.7719,45.3435,39.1000
189.0571,19.8099,45.5860,38.7576
187.5773,20.2628,45.3983,38.4843
187.6506,19.9838,45.1061,38.1850
186.6662,20.1343,44.7845,37.9230
185.5089,19.8061,44.4858,37.9542
186.3855,19.4146,44.1930,37.8621
186.9072,19.5138,43.8687,38.1501
186.7460,19.5337,43.8905,38.2820
188.0569,18.7296,43.9070,38.6324
190.2298,18.3727,44.2538,39.0569
191.7266,18.8709,44.5888,38.9244
191.5929,18.6665,44.9291,38.7955
192.7400,17.9707,44.8409,39.2132
193.3764,18.9566,44.9575,39.2956
194.1919,18.5714,44.9863,39.3005
193.5814,19.3773,44.8779,39.1672
195.6986,20.0766,45.1018,38.8905
198.1507,19.2316,45.3985,39.4193
198.8519,19.8387,45.8065,39.4141
200.7529,19.7693,45.9690,39.5028
201.7841,18.0372,46.3394,40.1085
204.3830,18.7245,46.6397,39.9255
206.7090,19.1253,46.6052,39.6359
2
0
0
0
0
1
172.7929,56.7090,46.0562,40.1354
174.9271,54.7282,43.9170,43.5641
176.6676,54.9669,42.3980,45.8261
176.3538,52.9277,41.7908,47.2046
177.5587,53.1703,41.4846,47.5181
178.5540,53.1592,41.6668,47.1008
178.8144,54.3865,42.1863,47.0924
179.6702,54.1148,42.4417,46.8955
179.4572,53.1793,42.4426,47.1192
179.8299,55.2029,42.7887,47.0539
180.1828,53.9418,43.4239,47.4754
179.4250,54.3660,42.9437,48.3449
179.3954,53.3160,43.0155,48.8333
181.0174,53.8347,43.3990,48.5580
181.8452,52.5013,43.1103,48.9589
182.0877,52.6299,43.9074,48.3954
182.3329,52.0152,43.5626,48.2379
182.7266,51.4735,43.3252,48.4989
183.1400,52.8964,43.6165,49.4883
182.9595,51.5682,43.9220,49.9638
183.8095,53.1187,44.1596,51.1070
183.6329,50.7437,45.0929,51.9659
183.0828,50.7279,45.5697,52.6121
182.2448,50.0856,46.1067,53.2444
182.3660,49.9988,46.2141,53.4067
173.3856,52.2301,45.6651,54.7049
164.8215,56.1163,45.7962,54.2012
162.6460,60.3957,45.8530,53.0818
160.5801,66.6823,46.1343,52.1613
164.0876,58.7338,45.9605,52.3592
162.7555,63.8434,45.8367,52.0675
166.3537,60.6587,45.7046,51.8589
164.9118,59.7448,45.2351,51.8734
163.9792,59.3144,44.7754,51.7071
167.7744,57.4956,43.7222,50.7705
167.2574,60.6170,42.9870,50.5531
167.7542,58.9470,42.9669,50.3010
167.4906,58.8973,42.8051,49.9652
171.4845,59.9020,42.2368,49.8771
170.7790,58.9508,42.2716,48.9298
174.9906,62.2213,42.1152,48.7010
178.8116,59.0015,42.1150,49.5402
183.0059,59.0957,41.7079,49.9085
183.1004,59.1875,41.9824,49.4173
186.0041,62.0606,41.9489,50.5118
185.1818,60.5154,42.0005,50.5185
184.2275,61.3994,42.2199,50.5256
188.2079,60.0487,41.8517,50.7901
195.6098,53.6938,38.7777,54.3949
198.2106,52.5950,36.8556,57.5692
199.3507,51.1075,35.6393,59.3660
200.4852,50.3084,35.4230,60.5285
200.7030,48.3474,34.9951,61.7170
192.7011,54.6813,38.4671,58.0714
191.3230,54.5782,40.6096,55.5822
190.7127,54.5663,42.2727,53.4363
198.7795,51.8296,39.3303,56.9118
200.3712,50.3999,37.8032,59.6462
201.4781,49.3932,36.7102,61.4686
201.9604,49.4159,36.4411,62.1245
194.4375,53.8199,39.0798,58.9925
191.5956,56.5396,40.7294,56.8544
195.6313,57.0881,41.7656,55.5323
219.4245,49.5732,44.1381,54.2398
221.9520,51.7620,44.7904,53.5783
221.5698,49.9924,45.7996,52.5420
220.2118,50.6834,45.9268,52.1226
219.5579,49.4824,47.1470,51.6100
218.0560,49.9783,47.7250,50.9995
219.0388,50.6330,48.0218,51.0671
218.5207,50.8813,48.1495,49.8725
219.4615,49.8789,47.5666,49.8375
219.8277,50.0279,47.4008,49.8079
220.6084,48.9314,47.5811,49.5059
221.6054,49.2039,47.0740,49.4326
220.4015,49.6262,46.2267,49.4009
220.1613,48.9194,45.7766,48.9034
220.7218,48.0865,45.2836,49.1919
222.5364,49.8897,45.2242,48.5347
222.4630,47.8070,44.5702,48.9142
223.1921,49.1285,44.0575,49.1991
222.8317,47.9019,44.5336,48.2336
222.0592,48.9108,44.3382,47.9320
222.3438,48.7870,44.2938,47.2935
222.6022,50.0732,44.3627,47.5118
223.8426,50.9765,44.0430,47.6904
224.6637,49.7036,43.9469,48.1149
224.1509,49.2526,44.1557,48.1034
225.6801,51.3714,44.1702,48.1667
2
0
0
0
0
1
221.7871,13.2275,22.3927,30.6202
221.1689,15.2383,24.8561,27.6130
219.7918,15.7892,25.8917,26.2009
219.8285,15.7864,26.3945,25.4380
219.6956,16.2909,26.7261,24.6924
220.9575,16.1165,26.7459,24.4595
222.0410,17.0446,26.7271,23.8636
220.7625,16.8997,26.3768,23.9990
222.5448,16.5266,26.4016,23.8164
221.1405,17.1076,26.1545,23.5718
222.3641,16.8513,25.8649,23.5437
223.5457,16.3769,25.6871,23.5968
223.9834,18.6045,26.1031,23.3668
224.5700,19.5637,25.9211,23.9793
224.6849,17.9257,26.0106,24.1621
224.1771,17.0416,26.0120,24.1304
224.9473,17.9552,25.7646,24.7685
224.7938,20.0537,26.0147,24.6702
225.0586,18.9474,26.3995,24.5565
2
0
0
0
0
1
244.1191,76.7850,18.9131,53.4071
246.5103,77.3073,21.3317,51.6787
243.8468,79.7272,25.2053,47.5736
245.9955,81.0126,29.3752,43.0758
243.6633,81.5392,31.2211,40.0067
238.7213,83.1763,31.3482,38.7115
238.8602,84.7460,31.3389,37.9774
237.9828,85.1744,31.8568,37.3605
238.8127,85.6827,31.8045,36.7726
238.6949,85.8720,32.1958,35.9397
238.0972,86.3547,32.2429,35.8724
237.4868,87.3295,31.6824,35.3215
2
0
0
0
0
1
228.3196,132.9082,21.4736,56.8947
227.5061,133.7025,23.1914,56.7905
226.8637,133.3264,24.5048,57.0281
226.5093,133.5304,25.1825,57.3685
226.5544,132.0779,25.7819,57.8993
226.6460,132.1268,26.5677,58.2106
226.0581,131.2964,26.9891,58.7607
224.6209,130.9129,27.0305,59.2997
223.2006,131.1532,27.1263,59.9452
222.3395,130.5318,27.5553,59.8879
222.3887,131.5497,27.8148,59.2363
221.5533,131.2946,28.1061,59.3953
221.6225,131.8179,28.0210,59.2606
222.1024,132.6728,28.0402,59.1091
221.8467,131.7394,28.1744,59.1746
221.5229,131.5184,28.1672,59.1043
221.5285,130.1987,28.1443,59.6346
221.4109,130.4071,28.1990,59.5879
220.7220,130.4077,28.0980,59.6819
220.4598,131.5977,27.8395,59.9528
221.1706,131.2184,27.5575,59.5111
221.2203,132.6178,27.3661,58.7334
220.9113,132.8943,26.9127,57.9261
221.1363,132.1694,26.7443,58.2665
220.7749,130.9521,26.4704,59.2144
220.7010,130.2187,26.1195,59.9946
220.4903,131.7038,26.2719,59.7001
218.8517,131.4050,26.5126,59.5956
217.8498,130.8952,26.6857,59.2986
217.1964,132.2250,26.4453,59.6284
216.9673,132.0805,26.4303,59.1595
217.7522,131.5768,26.5083,59.6007
217.3324,131.1125,26.8448,60.1365
2
0
0
0
0
1
149.1829,197.0245,64.9437,54.5804
151.7947,195.0342,61.1474,57.8320
152.7208,194.6603,58.9329,59.9491
152.0493,194.8901,58.2606,60.7393
152.2831,196.1437,57.7061,60.1314
151.4258,196.2495,57.6242,59.3849
151.8730,195.7334,57.8072,58.5718
151.7501,195.9395,58.5312,58.5869
151.7961,196.9560,58.0778,58.9224
150.7574,195.9839,58.2728,59.1804
150.3938,196.1051,57.9563,58.5060
150.9391,196.3516,57.4413,58.3046
151.8923,197.2805,55.9000,58.1628
151.6119,196.1573,54.3212,58.2906
153.2815,196.8895,53.6630,58.4620
152.7553,196.8183,53.0380,58.4779
153.2682,196.9936,52.2753,58.0062
154.4806,197.0669,51.2408,57.9752
154.2449,195.3710,50.7914,57.8170
153.9911,195.5129,50.1498,57.1553
154.5369,196.1439,50.2341,56.2910
153.7967,197.5237,50.1410,55.3897
155.3619,195.9603,49.8792,55.3699
154.1306,195.7133,50.1452,55.6294
152.2087,195.4564,50.6842,56.2461
152.4635,195.4576,50.6742,55.8540
151.4252,195.5375,51.9654,56.2705
150.5607,195.0810,52.5790,56.6968
150.5706,194.5348,52.4882,57.3234
150.1372,193.0448,53.3286,58.3045
148.9644,191.6220,53.9439,59.7214
147.9363,190.3832,54.5766,60.6511
147.1134,190.6822,55.0402,61.0697
146.6857,190.4764,55.3234,61.6691
145.9052,189.2918,55.5385,62.7895
142.9593,189.1123,56.2179,63.0070
141.1207,189.3003,57.0371,63.2255
139.6517,191.6307,57.4928,62.4422
138.3480,193.6302,58.0781,61.7350
138.9639,194.0900,57.2824,61.5002
138.8750,192.4825,56.8146,61.3867
139.6742,190.9513,56.6619,62.0620
139.2538,189.7133,56.3454,62.7237
2
0
0
0
0
1
64.0043,229.2619,67.9656,40.9464
60.3271,232.4027,76.7314,34.2550
58.3353,234.4358,82.6680,30.0867
57.7363,236.1193,86.5223,27.2269
54.7391,237.4082,90.5095,25.4699
54.2014,237.7830,92.7348,24.3263
54.5545,238.0784,92.8958,23.7903
54.3054,238.5778,93.6472,23.4581
55.2247,238.7932,92.9017,22.9074
55.3543,239.0022,91.8023,22.5798
55.8801,239.4879,90.9710,22.4724
56.2775,239.7339,89.5038,22.1788
57.2395,240.0707,87.7478,22.1201
56.0826,240.0656,87.2424,21.9130
2
0
0
0
0
1
167.3520,238.5836,47.6506,24.9463
163.2325,239.2498,51.5094,21.8113
159.5787,240.4801,53.9840,20.2196
158.1107,239.9899,54.9800,19.7131
155.8191,240.9704,56.7388,19.1736
153.5287,241.6399,58.3632,18.4333
152.3880,241.4628,58.8821,18.0150
155.9299,241.9355,60.2756,17.7838
156.5050,241.5278,60.3629,17.6793
157.6828,241.7493,59.8069,17.9610
157.8941,241.6302,59.3308,18.1230
156.8947,241.4944,59.5260,18.3463
156.6077,241.0760,59.2706,18.3734
156.9082,241.0293,58.9778,18.5373
156.9481,240.9963,58.5492,18.7244
156.4620,240.9425,59.1211,18.6523
155.9911,241.2110,59.5986,18.7049
154.7245,241.5233,59.8171,18.4709
153.3496,240.5650,61.3884,18.7343
151.4925,240.5678,62.3289,18.8164
149.2201,240.5331,63.2684,19.0638
152.0694,240.5666,63.6377,19.3817
153.6228,241.1977,64.2281,19.2121
151.6714,240.7942,65.0915,19.2017
149.5170,240.8773,66.5826,19.4009
151.8011,241.2467,67.6463,19.1141
149.4870,241.3085,68.1653,19.0569
151.4726,241.7329,68.6853,19.0312
149.8689,241.6986,68.1648,19.1286
153.3052,240.8544,68.2122,18.9320
151.8129,240.8989,67.4911,18.9298
151.3133,241.2663,66.7106,18.8515
157.3995,241.8951,64.4153,18.4259
158.8017,241.8288,62.2477,18.3071
2
0
0
0
0
1
229.0734,189.6143,52.2848,49.0431
226.8054,188.8668,54.1776,48.8511
225.4007,187.6098,55.4428,49.4152
223.9013,187.1565,56.1507,50.1885
221.7337,188.0543,57.5710,50.6267
221.1654,185.5157,58.3571,51.5827
220.8250,185.8462,59.5708,51.8121
220.4112,185.8968,60.4470,52.1862
219.3011,185.4692,61.4338,52.4333
218.1366,186.0508,62.5566,52.2181
217.8721,184.0675,63.0126,53.3060
216.6039,184.0228,63.8188,53.6716
215.9932,182.8547,64.5477,54.6411
215.4308,182.3885,64.9845,55.5544
214.5669,180.8792,65.3329,56.4421
213.7636,181.2504,65.6758,57.2783
213.4552,180.5619,66.2390,57.8135
218.8985,181.0985,66.3949,59.0047
2
0
0
0
0
1
338.6974,130.9408,66.8066,65.2195
337.6982,130.8058,64.0703,68.4066
340.8951,127.9437,62.5189,70.3115
338.4388,132.2141,62.6918,70.6407
340.9084,127.8843,61.6325,70.8233
338.7350,130.4782,61.5585,70.9506
339.6282,129.7714,60.7641,71.0353
338.9656,129.0903,60.7051,71.1442
340.3656,128.5998,60.6617,71.4397
337.8287,129.6801,60.4704,71.8559
340.2218,127.6410,60.1503,70.3067
338.3751,132.1044,60.0215,69.1225
338.4189,126.9186,59.6457,69.4131
338.7355,129.9366,59.7729,69.2965
339.0608,126.5685,59.1126,69.5394
339.0443,130.7494,59.2709,70.5792
338.6870,126.6283,58.7032,70.0770
337.8817,131.1796,59.0532,70.7594
338.9139,127.7709,58.9249,69.8534
338.5071,130.2476,59.0932,70.3991
339.4364,129.1910,59.0052,70.5849
