1
269.3919,85.4505,30.7015,47.2959
266.9378,84.7968,29.5652,49.3983
266.1799,80.0639,28.0242,52.2801
265.5511,81.3402,27.3578,53.3337
267.0965,80.4553,25.2418,54.0650
265.7889,79.7521,26.5024,54.3204
264.5073,77.6153,26.7953,55.5289
263.9557,74.1838,26.8238,56.4370
265.3335,67.4376,25.3332,58.2888
264.1040,68.5521,25.4392,58.3460
261.9418,68.6301,26.2343,59.4094
259.2892,67.8113,27.5984,61.1186
256.6325,68.8739,28.6903,61.8371
256.2074,67.6252,28.0155,62.2846
253.9581,70.0403,27.3691,60.9171
250.6161,70.1219,27.5075,59.2998
247.5659,70.2125,27.4815,60.3395
244.9768,71.7078,27.9209,61.2775
240.4843,71.3893,27.9695,62.7873
238.2268,72.5184,28.5801,63.0448
236.0735,74.0774,28.7741,62.1630
238.7548,75.3779,28.0952,62.3830
239.3703,75.9347,27.9056,62.2778
239.5033,76.1159,27.8364,62.1728
237.1494,75.1864,28.4942,63.7487
235.3228,73.3533,30.8108,64.3351
238.9639,74.2883,31.8574,61.4934
242.0006,73.3107,30.8934,60.2341
244.1171,73.0048,30.1733,59.9022
245.3775,70.4963,28.5601,60.4656
246.1981,68.7096,26.2566,63.3174
244.4582,66.8091,26.4222,64.6821
240.9766,68.0963,27.1890,65.4301
234.6409,66.0874,26.7754,65.6279
229.2178,66.4097,26.7858,65.2870
227.2793,68.0765,25.8064,64.9371
226.5464,69.4317,24.1163,66.1378
223.6442,70.1879,26.1151,66.7802
222.2778,70.1896,28.5160,68.2431
222.7129,69.1003,30.7267,68.4619
225.2833,69.8499,30.5072,67.8772
226.9150,72.6990,29.9306,66.2200
225.8856,76.0229,30.5925,66.6726
226.3762,76.8587,30.7085,65.6119
226.7495,78.2581,30.5522,66.3178
228.4329,81.0319,29.9051,68.1915
231.5794,79.8390,29.5977,66.7038
232.3939,82.0240,29.5810,66.2103
234.0451,83.0040,29.0276,65.7878
237.6404,82.6401,26.7925,66.7077
239.9033,84.1841,26.3289,65.2148
238.1236,85.4029,27.2841,66.7969
234.7631,86.1084,29.7030,67.4676
231.4156,85.5583,29.7376,68.2342
227.4112,81.6204,29.5440,68.1772
223.6687,84.8124,29.0555,67.6038
220.9232,87.7502,28.9327,66.1712
218.8965,82.4078,28.2001,66.8324
216.8205,83.7488,28.3870,67.7708
214.7865,83.4216,29.8331,66.7974
215.9287,76.7675,30.4222,65.6399
216.6030,76.4806,29.8068,65.8063
219.9586,76.6031,27.1775,68.4187
223.1592,76.6965,26.1754,68.9910
225.2380,77.2250,26.8134,72.8389
228.1739,77.0087,29.5510,72.4603
227.6336,79.7878,31.9435,70.1794
227.2231,80.6616,31.5902,68.8006
227.2544,80.5825,30.9583,68.0002
225.6064,80.7793,30.0772,68.5746
225.6035,88.1518,29.1025,67.8751
227.4183,89.5504,28.6708,69.5489
227.2650,91.9154,30.9860,68.1493
234.0933,93.4326,29.4242,70.1708
233.5456,94.4728,29.4845,71.5608
235.8367,82.9059,27.7179,72.6060
242.4267,83.8791,26.3774,74.4816
243.5560,84.5190,25.8869,76.5695
247.1716,88.4009,29.1063,74.2567
248.5200,85.7410,31.2338,74.6481
249.2808,87.8677,31.7618,74.3933
249.8479,88.5223,31.9152,73.4955
248.8038,92.8474,31.4408,73.5352
248.4647,95.0166,31.5537,72.5644
248.3084,95.1519,31.9627,72.3343
244.6198,95.9449,34.5584,71.0437
243.8568,93.0761,34.3632,71.1887
237.2118,90.6071,33.3078,72.4561
259.0235,79.0695,32.6236,72.4217
253.6828,77.4318,32.2515,70.4466
237.0195,86.1832,34.2354,69.2628
229.1870,86.5415,36.3186,68.9106
232.8713,85.9708,37.8800,69.7345
237.2227,83.4701,37.7822,72.1543
237.3374,82.7697,36.2496,74.7687
242.8202,90.4675,35.9722,73.5897
243.4011,87.3206,34.6923,76.0968
244.0941,90.7860,34.6788,77.5422
246.5768,90.0860,37.2813,76.7878
252.8983,88.1284,36.9221,78.3082
253.7145,90.6885,36.0958,80.3284
255.6124,86.6680,36.0735,81.5743
259.7629,87.0916,37.8733,79.0810
257.8065,81.6811,40.8448,75.9903
255.4082,77.8526,42.4653,75.3292
245.2890,74.0634,42.1362,78.4902
242.3710,72.3117,40.3989,80.9355
232.5243,65.7690,40.0894,82.5407
222.3185,66.0933,41.3296,83.6537
213.2522,67.0257,43.0248,80.6151
210.9822,64.5719,44.7446,81.0867
208.5410,63.5599,46.6030,81.7637
210.5853,60.5238,45.6723,82.4604
217.5844,59.5388,40.3112,85.7596
219.5290,59.7757,38.3533,88.3034
223.0228,61.5289,36.6680,88.7793
228.6456,63.0265,36.2743,86.3592
231.9399,63.9560,36.6249,86.2647
238.2395,62.3136,38.1461,88.0709
242.8192,66.2735,38.3265,86.1991
249.3503,70.0179,39.3331,83.4965
256.0634,71.2793,37.9166,83.7615
259.6411,71.9059,38.0801,84.0810
261.8599,73.0134,39.5565,83.1814
264.2487,72.6170,41.0144,81.8357
270.4601,72.5341,41.4500,79.0600
278.3061,76.7394,43.2407,75.0046
285.4399,75.6062,39.0922,78.5672
290.0497,73.8206,37.3531,79.8437
295.5884,74.5452,35.5367,80.7549
300.6243,76.1382,34.2928,79.4234
304.3530,77.4731,34.2238,79.1724
309.0521,79.2248,34.1160,78.6135
311.5159,79.9039,33.9963,79.3533
313.6776,80.1907,34.3583,77.7485
310.9545,81.4678,34.2795,75.3239
308.3369,83.2646,33.8661,74.8587
306.7182,85.4276,33.2924,74.1749
304.4594,84.7392,32.7814,72.7157
301.0452,84.7112,33.2753,71.1072
295.1538,82.4303,32.5119,70.5960
292.4954,82.2737,31.3056,69.3033
288.9590,81.9608,30.3949,68.5759
285.4151,80.9968,31.1404,67.4646
282.6861,81.4554,32.2111,66.9137
280.6550,78.9878,31.3147,67.7037
279.5569,79.1528,30.3619,67.8984
278.5902,77.8349,30.2384,65.3319
277.1400,77.3347,28.9299,67.2153
275.0454,79.0710,28.2070,66.9499
275.8174,79.7057,28.1989,66.4587
278.4192,80.4041,27.9488,65.5270
279.6564,79.4262,27.6225,63.7925
283.2713,79.7089,26.9837,64.0686
289.3389,79.9929,24.3630,67.3865
291.6587,78.1148,23.4078,68.9190
292.6989,73.0780,24.8955,69.7062
292.1859,76.2988,27.4021,67.9899
297.8173,79.1021,28.0113,66.6949
299.8794,79.4399,27.8691,67.0381
300.0666,79.6666,27.4931,66.0158
301.3296,81.1103,26.2286,66.0213
300.5918,81.0485,25.3352,63.8675
298.6887,82.3018,26.3758,62.4589
298.6342,83.7183,29.1336,59.6537
299.9964,84.7411,29.1229,57.7518
301.0219,85.2085,27.8570,57.8178
299.7036,86.0290,27.5673,57.2128
299.1681,86.2209,27.7361,55.1989
298.5300,88.0561,28.7441,54.2968
299.4087,88.1398,29.3792,54.5180
299.6009,91.6022,36.7786,49.4374
304.2973,91.5498,37.3924,48.2848
303.8196,94.5318,38.3427,47.6350
306.3888,88.9007,33.4564,51.6916
308.1164,89.9552,29.6544,55.9849
309.2948,88.2969,28.6393,57.0875
314.0798,90.6424,31.1177,54.3204
315.9031,88.1448,30.4374,53.6519
318.0293,94.9689,33.7986,50.0101
321.2816,94.9718,32.5104,52.6301
326.3397,78.9001,30.4051,55.4646
331.3741,75.1449,28.4669,57.3245
336.2244,73.0570,28.4589,57.4837
336.8347,72.8485,29.0160,57.6744
336.4380,77.4398,29.0761,59.3212
336.9497,78.5620,30.2442,58.9657
335.5830,78.2273,30.7541,59.9455
335.2679,76.9821,29.4290,62.1087
329.5963,82.6157,28.5623,61.3040
332.3773,89.8047,29.7307,59.1774
333.2117,89.2807,31.0843,58.0549
338.9772,84.8009,29.3762,60.0277
338.1468,76.6252,27.9131,62.9888
342.5295,74.1259,27.7504,66.4087
342.6282,72.5445,27.6234,69.8892
342.9601,68.8633,27.5250,71.2970
341.9733,62.4614,30.3363,68.0338
345.0577,62.5617,31.6616,63.5791
348.5931,64.8512,31.9735,61.7112
348.5301,73.6378,31.5029,63.0837
355.3956,82.6826,28.2516,67.8087
350.2324,83.3966,28.1622,68.4436
351.8283,89.6788,27.3012,67.0663
349.0063,92.7082,28.2911,66.0130
347.2262,93.7383,28.2022,67.1087
343.7172,95.0932,28.8136,65.9258
335.6833,92.0177,29.0351,66.2528
332.2853,91.9809,25.7866,69.9980
334.1183,91.4399,23.4866,69.5908
334.0722,89.5361,23.4811,67.8711
333.0108,92.7348,25.2234,65.6242
332.7893,94.2937,26.0237,64.8240
334.2847,96.1854,25.8233,64.1936
334.0945,98.5364,25.0733,62.2322
334.9379,98.0529,22.4317,65.2313
335.4635,98.2864,21.3320,66.1260
339.3346,97.6226,22.5998,64.8033
341.9954,98.3641,24.3073,63.4902
344.1024,99.3589,24.3749,62.0892
345.0218,99.7022,23.4724,62.5326
345.4683,99.6796,22.1910,62.2561
346.9731,101.5406,21.9881,61.4594
352.3528,102.1553,20.1578,62.4625
352.9947,101.2651,20.4306,60.1011
352.9610,101.0940,22.8969,58.9696
353.9093,101.1268,24.2118,57.6876
355.1062,102.0003,23.7034,56.8855
355.5015,101.5205,22.7160,57.2255
354.3070,103.2284,22.1819,58.3762
353.6150,102.7461,22.0035,56.7488
353.2406,102.7676,21.9575,56.3536
351.4135,104.6523,23.2194,55.9443
350.9222,105.6075,22.9218,54.7238
349.3334,103.9668,23.9346,53.3447
350.2228,104.8813,23.0763,53.3968
353.9927,106.9110,21.9502,53.8814
358.7046,108.1922,21.2886,54.2885
359.1283,107.5098,21.8222,52.6610
359.5833,108.4274,24.1498,49.9169
362.0778,107.5593,24.8057,49.3204
365.6771,107.0304,22.8966,50.5622
366.6795,107.8682,20.8678,51.0643
370.9993,109.0964,18.4119,54.4291
371.2333,108.2022,19.0681,52.2911
374.0368,110.2296,22.6352,48.4685
374.6123,110.1887,22.9622,49.5190
374.3642,110.1094,22.8427,50.2998
373.3297,110.4779,22.0488,51.0646
367.5103,110.8864,22.8849,49.2920
368.2007,110.1556,21.3830,51.0441
370.3370,109.9144,20.9813,50.4415
370.3829,107.5589,21.4518,50.0108
370.9948,106.8938,22.0844,49.2284
371.5285,106.9475,22.2467,49.5693
370.1438,107.2718,22.0088,49.5619
364.5853,105.7559,22.0670,48.4796
364.2754,105.3593,21.1142,49.9517
364.1073,104.7548,20.7245,48.7188
362.7098,105.4674,20.7139,48.3550
360.8925,106.8904,21.6979,48.8215
359.6003,107.4224,22.3030,48.8437
356.3667,107.8317,23.5992,46.2284
351.1052,104.4152,22.3782,46.9137
349.6723,103.5705,21.6233,47.0164
349.1824,101.5418,20.9270,45.9585
348.9790,102.1428,20.8139,45.0723
348.5896,104.9838,21.8174,43.9382
349.5179,105.3331,22.6558,44.3331
348.9290,106.1950,24.0178,44.5216
351.4595,103.9252,21.9233,46.6967
351.3068,103.8107,20.7785,48.7111
354.7415,105.0264,19.7006,49.6476
356.5311,105.5383,18.6008,49.8645
358.0699,105.8076,18.9928,48.9224
359.1594,108.0750,18.9401,50.0296
360.5667,108.7615,19.6595,49.8879
361.8719,109.7813,19.9210,49.5182
363.3845,111.6198,20.1817,48.8822
363.1341,113.0851,20.1729,49.6225
364.5569,112.0857,19.3961,49.0321
365.4115,110.5703,19.3014,47.5816
366.3651,109.8261,19.2960,46.8479
366.4150,110.7198,19.0591,47.1601
367.8529,110.4702,19.3691,46.9369
368.8388,112.6175,19.1663,46.9153
370.0267,114.3262,19.9913,46.4367
373.9486,114.9997,19.8842,46.7923
379.9193,114.7804,19.5580,45.2710
385.2231,114.6466,18.7099,44.7781
390.2457,114.6305,21.2991,41.4634
396.2946,113.1667,21.2052,40.9454
