1
293.7453,144.2373,43.9601,148.6925
293.7211,144.2285,44.7993,149.3461
294.6614,144.2089,45.5306,149.2560
295.6223,144.4563,45.9985,149.2221
295.8569,144.2912,46.2063,149.1471
296.6673,144.7899,46.3613,148.9901
297.0025,144.4352,46.2131,149.1252
296.5825,145.4400,46.1013,148.9407
296.6732,146.1740,45.7730,149.0544
295.2904,145.1643,45.6695,149.2609
294.6184,145.1923,45.4070,149.2138
293.1687,145.8209,44.9877,149.1973
291.1095,145.2145,44.4099,149.4615
289.3322,145.3883,43.9338,149.4410
287.0943,145.5780,43.4403,149.4715
286.1097,145.5024,43.0804,149.2806
282.7488,146.5210,43.0558,148.7359
281.6602,147.7847,42.9741,148.3914
279.7310,148.5629,43.2452,147.0175
277.3643,148.3972,43.8601,146.3874
274.4874,150.1287,44.9118,145.6333
272.6656,150.1706,45.5818,145.3104
271.7178,151.6567,46.0796,144.6826
271.5735,153.2447,46.4068,143.9469
271.0838,153.4142,46.4584,143.7024
270.9608,154.5606,46.3752,143.4733
269.8942,155.3430,46.2621,143.1849
269.0032,155.9999,45.5875,143.1270
269.3336,156.3175,45.1276,142.9480
267.2669,158.9210,45.0843,141.1761
266.2778,160.3680,45.0042,140.2037
265.1438,163.0918,45.0217,139.0004
263.9839,163.3985,45.1404,137.7341
262.3933,165.3322,45.3387,137.1212
261.2880,164.6961,45.6567,136.4307
258.3701,166.0666,46.0711,135.6447
257.0125,166.3726,46.4063,134.7017
256.6026,165.1464,45.5806,135.5278
254.6530,165.6186,44.7438,137.3432
252.8447,165.0723,44.2047,138.0087
252.5290,165.1871,43.7285,139.0506
251.5710,165.5223,43.5447,139.5482
252.1801,165.7551,43.1466,140.4312
253.4198,165.2851,42.6036,140.3893
254.7009,165.7676,42.4304,139.9529
255.8930,165.8450,42.2492,139.4386
255.6973,165.8822,42.2898,138.9259
254.5899,164.0046,42.6372,139.2562
253.3523,165.3002,42.7243,139.3268
252.0530,166.7074,42.9774,139.0537
255.9307,163.2908,42.6085,138.5627
252.8723,163.1268,42.5158,138.4710
250.3419,163.1607,42.5623,138.3565
253.6790,160.6298,42.3404,137.9366
251.4864,160.6229,42.2705,137.9840
250.1360,160.8032,42.2265,138.0137
225.0444,131.1073,42.8718,138.9281
229.6335,135.8793,43.5267,141.1224
236.7588,144.4669,45.0338,144.0510
236.9924,141.2379,45.9307,146.3305
245.8841,143.1910,47.1817,148.2794
246.2225,142.1075,47.8975,150.0165
245.3934,143.2864,48.1207,149.7025
245.0710,143.5107,47.5218,148.1092
244.0426,146.1870,47.5447,147.4314
245.6215,138.1833,47.4858,147.0026
245.6776,140.5359,47.4251,146.7099
246.2330,141.4415,47.3789,146.6089
246.3055,140.2400,47.3364,146.4378
246.1326,140.8188,47.2636,146.2162
247.3551,141.1412,47.2573,146.1452
248.5557,142.0976,47.3474,145.5331
249.2370,142.8761,47.3382,145.0384
250.0547,133.1958,47.2935,144.5193
245.2337,144.5864,47.6941,144.8340
243.8047,138.4156,48.1304,144.9724
243.8083,141.2441,48.2869,144.9475
243.5554,143.3614,48.4520,144.2771
244.1920,142.7601,48.5091,143.8728
237.8417,143.4887,48.5860,144.3389
242.9896,142.3919,48.7251,143.5083
237.6705,141.4145,48.7326,143.1991
242.1466,143.4405,49.2494,142.4040
234.2102,143.9913,49.5777,142.9834
237.3643,146.0007,50.2084,143.5481
241.1355,144.4834,51.1149,142.3351
231.8924,143.9263,51.2944,143.0110
234.7302,142.4107,51.6837,143.7361
238.6054,141.3846,52.0504,143.3248
242.7758,141.6351,52.2890,143.5009
246.1970,139.9552,52.5695,143.4337
257.0551,141.5244,52.5165,143.1821
248.6909,140.6882,52.6629,142.8103
258.4089,142.1611,52.5680,142.7030
256.0907,140.2302,52.5545,142.5864
253.7247,140.1840,52.5579,142.4501
252.8134,140.6373,52.5519,142.3776
255.1741,141.3717,52.5413,142.2348
257.0679,142.2615,52.5460,142.1844
257.7849,142.0646,52.5477,142.1545
260.1545,142.2672,52.4595,142.6871
262.9482,141.5715,52.1749,142.4969
262.5500,133.8627,51.8484,142.4946
271.0666,127.5378,51.4733,142.5273
271.9764,127.9250,51.4693,142.5278
271.5852,127.4895,51.4693,142.5278
267.5401,127.3133,51.4693,142.5278
262.9050,123.2842,51.4694,142.5287
260.0078,115.0238,51.4761,142.5912
260.1036,83.5419,51.6038,145.7164
268.5376,72.5282,52.1003,147.0772
275.9981,62.7078,52.4437,147.5503
275.2952,80.3717,52.8028,148.6659
283.3490,82.1304,53.4442,149.7610
290.8780,72.6698,53.8694,150.2190
298.5019,75.6848,54.1291,150.3916
2
0
0
0
0
1
281.2993,147.4751,43.6547,102.5456
279.7764,146.5660,44.3825,103.1438
282.5131,145.6981,44.8817,103.7964
280.9718,145.8255,45.3188,103.9397
281.8063,145.8272,45.5241,104.3460
280.6902,146.8260,45.6762,104.8119
280.2735,146.9029,45.7382,105.2565
279.9191,146.3451,45.8741,105.4187
279.7126,146.6073,46.0930,105.5036
279.4491,147.2822,46.3650,105.8404
277.4685,146.6047,46.6482,106.2001
275.9811,147.2787,46.8838,106.5672
275.1470,147.8992,47.0731,107.1160
275.8653,148.8165,46.9942,108.3289
275.7292,149.1326,46.8805,109.5793
274.7505,147.2182,46.8335,109.8396
275.4130,148.2855,46.6798,110.8531
274.3135,147.1370,46.4657,111.3256
274.8057,148.4829,46.0495,112.0447
275.0222,145.4932,45.7003,112.0463
275.2967,144.9152,45.3518,112.5230
275.7557,144.4137,45.0185,113.0112
275.9120,143.6061,44.7054,113.5044
275.9058,141.7042,44.5007,113.7036
278.4977,141.4727,44.7140,113.0555
277.6396,141.7279,44.6934,113.1324
277.9291,142.9129,44.6607,113.3430
282.1355,142.5921,44.7136,113.2343
280.9396,142.5282,44.7222,113.2292
283.6234,143.1776,44.7932,113.0051
285.8099,143.5161,44.8005,112.9221
283.3952,144.1423,44.7966,112.9038
2
0
0
0
0
1
276.7285,156.5795,54.8053,141.8421
275.8383,155.1645,55.1375,143.1046
273.2211,156.0495,55.2470,145.1297
274.1342,156.3998,55.6451,146.3923
273.7166,155.1756,55.8725,147.4809
273.9186,157.7013,55.8548,147.4251
274.4251,157.6428,55.9888,147.2078
274.5233,158.2025,56.1053,147.3125
276.2284,159.1412,56.4681,146.6422
278.9037,158.0486,56.8040,145.8902
280.5826,159.0660,57.4198,145.1595
282.4903,157.3802,57.8671,145.1523
283.2994,157.9389,57.7392,145.9737
284.2926,156.7022,57.7695,146.4356
280.4595,157.7492,58.2611,147.0811
282.5339,155.9115,57.7880,147.9176
278.9814,155.5403,57.7234,149.2081
282.9384,154.6045,57.0676,150.4828
285.5702,154.0387,56.2053,152.0460
286.9913,153.6048,55.8897,152.6415
288.5682,153.4792,55.4085,153.3345
290.2833,154.1637,55.0825,153.7292
290.5962,153.9727,54.6139,154.0361
295.4763,158.5624,53.6088,154.3517
294.4333,156.8036,52.2161,154.8691
294.2776,157.9683,50.7005,155.6869
297.1476,157.4299,49.7671,154.9077
296.0024,156.2431,48.5181,155.4643
298.2950,157.9675,48.3504,154.7883
296.8934,156.4970,48.3562,155.6380
299.2785,159.1083,48.5437,154.1729
296.3799,159.8752,48.4737,153.8177
299.0957,161.5254,48.6410,153.0144
298.6876,160.6285,48.5975,153.1564
296.7456,160.7887,48.6234,153.3521
295.0861,160.4328,48.6408,153.3089
293.9868,161.5811,48.6414,153.3055
293.8893,161.4611,48.6428,153.3013
295.0089,160.5695,48.6438,153.3001
295.3912,159.4817,48.6448,153.2990
297.1316,159.4676,48.6472,153.2973
299.4446,158.9960,48.6491,153.2959
302.4226,157.7363,48.6508,153.2952
305.4923,157.2883,48.6527,153.2952
313.0135,154.0912,48.7383,153.3166
312.4988,152.3668,49.0444,153.7983
312.7401,150.3977,49.4700,154.8021
321.3854,145.5304,49.9041,155.6437
310.2805,144.6672,50.0165,156.5614
310.6999,144.0398,50.1342,156.9394
330.9097,155.9640,50.2371,156.7808
326.4105,155.4646,50.2583,156.6757
332.0956,161.0479,50.3759,156.5332
324.0086,158.9547,50.8940,155.8104
320.3397,157.4628,50.7000,154.8122
317.8297,159.7212,50.7871,153.6308
316.3805,158.8899,50.5716,152.0718
314.9657,160.0793,50.1082,151.3335
313.4140,158.2954,49.7082,150.5229
313.0127,159.3850,49.6857,149.7228
311.8270,159.4192,50.0397,148.6249
310.8013,161.0204,50.4160,148.0595
310.2404,160.4077,50.7830,148.0321
309.3377,161.5683,51.6025,148.4177
308.9964,161.6041,52.3870,148.7937
307.8912,160.6548,53.2425,149.1022
307.4555,161.7437,53.4625,150.3140
309.5977,161.6779,53.7962,151.0905
310.6208,161.3427,53.8410,151.3614
311.9997,162.0329,54.1187,151.1531
313.6278,162.7717,54.1867,150.1720
315.6677,163.3855,53.7327,149.8913
317.4792,164.4767,53.3975,150.0796
321.8041,164.2913,53.2758,149.4208
323.8687,164.6226,52.8055,149.6748
325.6351,165.5235,52.3485,150.2853
327.1950,164.9989,52.3364,150.4695
329.5665,164.7719,51.8205,151.0671
331.3042,164.6621,51.7463,151.8034
332.7372,164.8178,52.1209,151.8182
334.5667,164.5234,52.4380,152.0148
336.5102,165.4172,52.8429,152.2307
337.7328,165.6940,53.1517,152.4042
339.2805,166.3863,53.5812,153.1682
340.3957,166.3057,53.6327,153.9588
340.8030,166.2070,53.5087,154.7951
342.1453,166.5120,53.2080,155.0555
342.7423,166.6524,53.0519,155.1594
346.9140,167.1012,53.0878,154.4686
344.8664,163.8258,52.3196,154.8169
349.5558,165.9352,52.4359,154.4465
347.5957,162.7072,51.9113,154.7726
353.3946,164.8853,52.2569,154.8477
353.6062,165.6128,52.2208,155.4673
360.1495,166.2025,52.6585,155.2164
361.2866,166.3206,52.7128,155.9913
367.0968,167.2841,53.1254,155.9851
367.3257,166.4412,52.9923,156.5081
373.8007,166.7247,53.3693,156.4835
377.8155,167.0284,53.6791,156.3396
378.5442,164.3159,53.1545,157.2659
383.3765,165.3141,53.1297,157.8119
385.0739,163.7280,52.4945,158.9296
387.1701,163.8945,51.7615,159.9133
389.4487,164.2662,51.2771,160.3063
391.2851,163.6070,50.9980,160.3775
393.3441,164.5491,50.5393,160.7199
394.3396,164.1109,50.4511,161.0977
394.7518,164.3280,51.0745,161.7909
395.9143,164.4125,51.8820,162.3755
397.3861,164.4122,53.0038,162.4604
398.5747,166.1647,53.8217,162.2715
399.4967,166.5061,54.1989,161.9890
404.3235,164.9310,54.5320,161.4928
403.8210,166.8621,54.6382,161.3636
409.1262,164.3209,54.7389,161.1786
414.3391,164.3156,54.8649,160.9429
417.3914,168.3942,55.0203,160.6243
420.3668,169.3939,55.2052,160.2138
422.9861,168.3736,55.5367,159.5059
426.1280,162.9370,55.6488,159.1871
429.6919,162.1259,55.8637,158.6075
427.3225,163.1801,55.9651,158.5252
428.1241,162.4149,55.8837,158.7959
432.9077,161.2645,56.1091,158.7988
431.0097,162.3152,56.1373,158.9752
431.4522,162.7998,56.0022,159.1441
432.5502,162.7957,56.0445,159.3012
433.0892,161.5914,56.4087,160.1415
431.8771,162.0096,56.7232,161.4901
430.9560,160.8562,56.9698,162.7035
429.2634,161.1916,56.9419,163.7992
428.4514,160.8238,57.0841,163.8599
426.1967,162.6436,57.0392,164.5344
424.3748,162.4114,57.2411,164.7315
422.2540,162.5854,57.4180,165.1735
420.4269,160.8372,57.3290,166.6890
417.4348,159.6226,57.2308,168.2124
414.9369,159.2916,57.2791,169.1680
411.7754,158.1800,57.2912,169.5745
408.2976,157.1504,57.0687,170.4371
404.8802,156.2766,56.8491,170.7007
400.7538,157.1427,56.6836,170.4677
397.7047,156.8106,56.4430,170.1122
396.5703,156.6168,56.3315,170.0872
395.0995,152.6844,56.1574,170.4721
393.4370,156.4827,56.2215,170.2536
393.4035,151.9179,56.0866,170.5943
393.2390,154.9942,56.0020,170.4543
392.7171,155.3082,56.1594,169.6292
392.6335,155.0878,56.2015,169.2130
394.2676,151.8100,56.1487,169.5875
393.6630,153.9222,55.7825,169.3947
394.2428,151.1653,55.5219,170.0318
392.9492,152.5773,54.9900,169.7013
393.2518,151.7706,54.6550,169.4216
392.8137,152.2052,54.3565,169.3523
394.6678,151.5388,54.3266,169.2278
395.0620,150.9762,54.3047,168.8232
395.2492,151.8922,54.2942,168.6891
398.5235,149.3121,54.5990,169.2744
398.2530,152.9500,55.2352,169.4628
400.0051,150.4456,55.3804,169.9016
397.9541,154.1240,55.9860,170.6742
398.5856,151.1137,55.9203,170.3867
397.5743,150.5454,55.9013,170.5562
396.3692,151.6098,55.7447,171.4734
397.7230,149.7079,55.1127,171.9404
398.7899,148.2958,54.4733,172.5309
397.8110,147.2880,53.5874,173.1358
398.3019,145.3609,52.4710,174.1053
400.1482,144.6393,51.6190,174.4277
401.1904,144.6644,50.9731,174.9470
404.8429,144.1572,50.7838,175.3667
404.6102,143.7857,50.5832,175.8965
405.5316,141.9584,50.3954,176.7416
410.2721,144.0168,51.1022,177.1750
412.0364,143.6149,51.8274,177.3829
409.8966,143.5066,51.7917,178.6059
412.4377,142.8136,52.5263,178.9016
410.4208,140.8020,52.7940,181.1620
413.9085,140.2353,53.4891,181.7578
412.4323,138.0228,53.4922,183.8275
412.3138,137.2123,53.5094,185.0766
411.3480,136.6349,53.7075,186.1895
410.6681,134.6959,53.8769,186.9202
409.6099,135.0745,53.8855,187.0592
406.6725,133.8219,54.2314,186.7505
406.3152,133.5373,54.5060,186.4334
403.4798,132.8069,55.1465,185.7474
399.0305,132.2408,55.7204,185.1149
398.2530,129.6950,55.8377,184.5747
394.4167,132.1083,56.3796,184.3406
390.1157,131.7610,57.2604,184.2503
390.5680,129.0428,57.3946,182.6997
384.3113,128.4301,56.9519,182.7477
381.6112,126.9702,56.5812,182.8984
381.9755,125.9384,56.5383,182.2178
376.3206,124.8419,55.9514,182.2941
378.0052,125.2978,56.0101,181.4390
371.6190,124.0888,55.5722,181.2784
374.0995,124.3752,55.5468,180.5518
369.8885,123.9780,55.5760,180.3140
367.9028,123.1727,55.3698,180.3725
369.6136,123.2061,55.5356,180.0358
366.4846,121.1139,55.2274,180.0775
367.8069,120.0159,55.3218,179.3924
364.4049,117.8454,55.0456,178.9575
366.4085,116.9234,54.9390,178.3233
366.8057,115.4499,54.8131,177.8836
362.2707,115.2191,54.5781,177.6332
363.5211,113.0354,54.5919,177.2150
359.1219,112.9117,54.4413,176.8178
361.0799,112.5708,54.5175,176.0619
357.2625,113.5740,54.4683,175.6701
359.3775,113.2648,54.6043,174.9097
354.3069,113.8595,54.5112,174.4165
357.3517,113.4744,54.5150,173.9348
352.3305,115.3288,54.5640,173.6602
355.9711,114.8091,54.6292,173.2989
351.1065,114.9777,54.6682,172.9324
354.6117,115.4393,54.7389,172.4772
349.7708,115.8084,54.6953,172.2473
347.2235,116.6127,54.5636,172.0931
346.8127,118.0910,54.4705,172.1060
346.5080,117.4137,54.3248,172.0151
344.7636,119.0734,54.1751,171.9575
347.0231,118.4160,53.9790,171.7545
342.9742,120.3605,53.8173,171.8007
341.9757,122.5371,53.6152,171.7336
340.8769,123.0928,53.3162,171.7503
339.1479,125.1797,52.9592,171.5789
337.1450,123.5228,52.6895,171.6995
335.3883,123.1227,52.4711,171.7135
332.4331,124.0149,52.1360,171.9897
330.4380,121.7715,51.8287,172.2581
327.4707,120.5007,51.6654,172.3610
324.8979,119.5126,51.5053,172.4385
321.0002,119.8882,51.4150,172.5207
317.8345,121.8532,51.3338,172.5895
315.3916,122.9251,51.2986,172.6369
313.6732,124.3082,51.2628,172.6862
310.4613,122.5260,51.2010,172.7152
308.0657,125.7407,51.1800,172.7419
305.0906,125.6232,51.1738,172.7533
301.0464,125.3891,51.1663,172.7645
297.4062,124.3243,51.1644,172.7692
294.7014,124.7134,51.1610,172.7787
292.0489,125.8538,51.1589,172.7939
289.3580,127.0207,51.1653,172.8163
288.1748,126.8081,51.1677,172.8207
289.2846,126.8411,51.1729,172.8202
290.8418,127.9266,51.1797,172.8083
289.8481,128.4675,51.2112,172.7566
285.2249,123.0063,51.3147,172.6327
284.4043,126.8454,51.3241,172.5348
279.7143,123.8516,51.3822,172.4333
284.7387,124.6257,51.4827,172.2487
281.9402,123.6616,51.4682,172.1393
279.4392,124.9387,51.3997,172.0368
285.1070,126.7539,51.3817,171.4469
283.2055,125.6894,51.1802,171.2111
280.7785,125.9640,50.9867,171.1151
286.0176,126.9367,51.0987,170.4239
282.0487,127.8844,50.7822,170.2175
279.0886,129.1177,50.5224,170.5112
277.5366,127.9994,50.4493,170.5874
275.4069,130.3346,50.4518,170.6061
273.1400,131.3592,50.5501,170.7706
277.8483,133.6060,51.1963,169.7220
271.8963,136.5876,51.8606,168.8076
268.2866,137.1859,52.0343,168.1016
266.5845,135.6602,52.1227,167.8526
265.1949,134.6028,52.1536,167.7780
263.4377,135.3334,52.1728,167.7363
262.2596,136.2399,52.1837,167.7050
267.2958,138.4669,52.2549,167.5738
263.5269,139.3653,52.2852,167.4976
267.7787,140.7899,52.3559,167.3101
264.9231,142.2634,52.3807,167.2442
269.3248,143.4093,52.4524,167.0673
266.5770,144.9297,52.4709,167.0236
270.8666,145.4712,52.5951,166.7796
274.9036,146.1801,52.6584,166.6567
272.3607,149.4418,52.6599,166.6524
276.4374,147.1519,52.7188,166.5594
275.4891,152.0453,52.7193,166.5575
278.4155,152.5169,52.7199,166.5577
279.0279,150.2705,52.7203,166.5581
281.6689,149.0817,52.7207,166.5592
281.7899,148.0393,52.7210,166.5609
282.3260,146.7539,52.7212,166.5618
282.1709,145.3953,52.7214,166.5623
282.1701,144.2308,52.7215,166.5629
281.7446,142.0261,52.7220,166.5646
282.3004,142.1241,52.7224,166.5655
281.8287,141.1349,52.7228,166.5663
281.6801,143.3442,52.7232,166.5677
280.9185,144.5349,52.7234,166.5686
279.8706,145.1428,52.7237,166.5694
278.6187,146.3449,52.7247,166.5710
276.4082,145.7379,52.7255,166.5723
274.0960,144.9618,52.7282,166.5758
272.2253,142.9062,52.7306,166.5796
269.9622,139.8477,52.7319,166.5815
268.1815,138.9852,52.7344,166.5847
265.2001,132.3640,52.7613,166.6172
262.3801,127.4215,52.7737,166.6495
261.6472,133.8785,52.7778,166.6600
261.3438,136.2173,52.7802,166.6680
261.7394,138.0353,52.7818,166.6720
261.0277,139.4765,52.7830,166.6761
260.9319,141.5488,52.7842,166.6806
260.7532,143.3309,52.7849,166.6837
261.2341,144.6430,52.7858,166.6873
261.7690,146.7152,52.7865,166.6901
262.3031,149.0615,52.7870,166.6926
263.4221,150.2064,52.7872,166.6940
264.4566,151.7470,52.7875,166.6968
265.2485,152.5981,52.7876,166.6992
265.7544,154.6989,52.7881,166.7024
265.7573,155.1607,52.7886,166.7051
264.6068,154.7877,52.7891,166.7081
263.6558,154.0389,52.7897,166.7114
262.6856,153.6398,52.7905,166.7156
261.6111,153.2370,52.7914,166.7194
260.4040,151.7807,52.7924,166.7234
259.3591,149.8121,52.7933,166.7296
258.1144,149.2396,52.7942,166.7330
257.0366,148.6362,52.7953,166.7359
255.8351,146.1737,52.7958,166.7374
253.4780,143.9471,52.7967,166.7398
252.2060,141.5608,52.7978,166.7423
251.1840,139.8495,52.7995,166.7461
250.0528,137.8976,52.8010,166.7492
248.7640,137.1614,52.8032,166.7519
247.7034,135.6660,52.8049,166.7551
247.0305,133.4130,52.8059,166.7574
246.8710,132.3690,52.8095,166.7648
247.1390,132.7894,52.8121,166.7695
247.6453,131.3138,52.8134,166.7714
247.7337,130.4790,52.8149,166.7737
248.0778,130.1970,52.8164,166.7778
249.0650,129.7355,52.8169,166.7803
250.3316,129.7353,52.8180,166.7844
251.5764,129.0421,52.8189,166.7885
253.4420,127.8934,52.8208,166.7962
261.3471,107.5657,52.9451,166.8426
258.0462,115.7924,53.0302,167.0042
255.1197,113.5112,53.0764,167.1142
254.0260,110.3172,53.1046,167.2590
262.6659,108.4075,53.2639,167.4754
258.7229,106.2825,53.4416,167.7206
256.8669,103.4599,53.5187,168.0208
264.1649,104.1841,53.7751,168.3392
259.0650,104.0576,54.0454,168.8376
256.9200,103.7977,54.0616,168.9905
263.8432,104.4938,54.3336,169.1412
258.8623,103.4736,54.4041,169.6888
265.8107,101.7553,54.5401,169.7123
260.0887,100.0016,54.8829,170.4327
257.3827,99.3773,55.0649,170.9443
264.3961,98.7704,55.2627,171.0390
258.6846,97.9547,55.6928,171.9594
256.4229,98.2566,55.8147,172.2442
255.3457,97.9965,55.8354,172.4800
262.9571,97.5631,56.0360,172.4297
256.7649,84.0615,56.2671,172.5323
254.5001,98.1349,56.3444,172.8299
250.3119,84.7789,56.4077,173.2030
258.1889,84.1266,56.5388,173.3237
252.1069,83.7219,56.7837,173.6900
248.7092,84.9413,56.8350,174.3841
255.7552,85.1052,56.9166,174.4317
251.0026,83.7270,56.9628,174.4828
247.6336,83.0279,56.9709,174.4890
254.7129,70.9436,56.9998,174.3106
248.7261,74.6692,57.0427,174.2852
244.3701,76.2321,57.0958,174.1122
252.5152,61.0607,57.1377,173.7477
245.5633,62.2040,57.1245,173.4654
239.0449,64.4460,57.2065,173.0247
234.0717,63.5130,57.1998,172.8833
241.5951,63.8183,57.2486,172.6149
234.9701,64.0429,57.3253,172.4908
241.9240,63.0424,57.3818,172.3008
235.7923,64.1362,57.4239,172.1481
231.1806,62.5257,57.3937,172.1666
239.3053,61.6873,57.4071,172.1222
232.9086,63.3684,57.3946,172.2166
228.8607,60.7225,57.3675,172.3178
236.4113,60.4786,57.3393,172.4414
230.6609,58.8729,57.3350,172.4407
236.8085,42.8483,57.3281,172.2579
229.1497,43.8848,57.3309,172.3061
235.2790,42.7491,57.1668,172.3779
228.4961,41.3787,57.0940,172.7021
234.1882,39.8959,57.2406,172.4688
227.1852,38.6672,57.2760,172.1528
233.3201,37.5740,57.4425,171.4651
226.3371,35.6782,57.4389,171.1148
232.0963,31.3164,57.6354,170.5937
225.3452,30.1405,57.8252,170.0458
231.6470,27.4240,57.8462,169.8223
225.5425,34.8643,57.8173,169.7262
220.7204,31.4258,57.7907,169.7326
226.5278,27.6638,57.8667,169.6133
220.9900,36.0598,57.8389,169.5778
226.8885,31.4448,57.8817,169.4376
219.0647,28.7861,57.8771,169.4757
224.8742,27.4030,57.8855,169.3987
217.4258,27.5421,57.8245,169.4145
215.0320,30.8004,57.8190,169.4215
220.1394,27.1903,57.8201,169.3765
214.7934,25.3545,57.7999,169.4190
212.7266,22.9349,57.7934,169.4669
219.0280,23.4694,57.7688,169.4778
223.5438,20.0859,57.7142,169.4856
215.8370,19.6501,57.6694,169.5043
214.7665,20.4458,57.6673,169.5016
221.1136,14.6568,57.6517,169.4693
229.3147,10.4143,57.6102,169.4664
224.4242,10.0005,57.6921,169.3391
219.7984,11.0295,57.7176,169.2800
228.8512,7.8724,57.7974,169.0146
223.4166,7.9413,58.0536,168.8655
220.0117,10.1021,58.0678,168.7827
227.9786,8.1588,58.1087,168.5743
223.3738,10.8842,58.2069,168.4246
231.2716,8.3855,58.1907,168.2275
227.3978,11.7832,58.1933,168.0180
225.7775,14.8903,58.1129,167.9513
224.1378,16.7732,58.0747,167.8146
222.6677,18.7360,58.0160,167.6522
221.5014,19.5530,57.9788,167.4440
220.5078,20.3228,57.9042,166.9961
220.1368,20.5042,57.7483,166.0311
219.6143,19.7002,57.6376,164.7318
219.1428,18.3993,57.4892,163.8572
218.6598,18.2643,57.1272,162.9773
219.8272,16.0591,57.0071,162.2226
220.1111,18.4734,56.9593,161.8693
218.8468,22.4758,56.8713,161.6323
218.8786,19.3923,56.7964,161.3849
218.8066,21.8998,56.6658,161.1284
218.6997,23.0289,56.4342,160.8150
220.0280,22.6938,56.3248,160.5293
220.3401,24.1119,56.2407,160.2985
221.0863,25.5284,56.1663,160.1573
221.5515,28.1438,56.1179,160.0242
222.6364,31.5362,56.0864,159.9322
232.4343,32.5934,56.0694,159.6950
230.8489,36.5150,55.9901,159.3371
231.1648,39.2401,55.9962,159.1795
242.0898,39.6863,55.9397,158.9224
240.2175,41.8781,56.0056,158.5270
238.7324,43.7209,56.2372,158.2054
239.1334,45.9638,56.3483,157.7543
238.7937,47.1087,56.4169,157.4420
239.0294,47.2110,56.4041,157.3515
249.7278,45.5431,56.3341,156.8332
247.3422,47.7764,56.2590,156.6801
244.6487,45.2780,56.2037,156.6393
252.0582,46.3935,56.1518,156.5874
249.6947,45.8105,56.1295,156.5935
249.1124,45.1566,56.1165,156.6010
249.5593,40.0259,56.0883,156.6821
257.7078,44.3925,56.0488,156.7132
255.0825,42.7049,56.0089,156.7627
254.9295,36.7738,56.0177,156.9693
264.7612,45.4356,56.0357,156.9000
274.8590,41.0683,56.0582,156.8523
272.5443,38.6537,56.0834,156.9930
269.5368,45.8081,56.1310,157.1259
266.5409,48.2605,56.1529,157.2105
259.0896,48.8871,56.1164,157.6819
251.2503,45.8451,56.0385,158.1360
256.0622,48.0559,55.9920,158.2646
248.1600,44.7858,55.9634,158.3464
270.9671,38.9844,56.0319,158.7974
268.3776,36.6560,56.0460,158.8453
279.3021,38.9274,56.0526,159.0525
290.9564,40.3125,56.0435,159.1792
289.9229,37.3905,56.0393,159.2678
288.4538,33.3185,56.0350,159.3224
285.1233,30.8272,56.0333,159.3751
280.5966,28.6951,56.0374,159.3906
290.5733,27.2704,56.0320,159.4735
285.2295,25.8855,56.0347,159.4835
282.6121,27.4184,56.0332,159.4815
281.7094,26.8653,56.0284,159.4840
282.2508,28.6028,56.0173,159.4766
282.7029,29.3640,56.0078,159.4716
292.5753,37.2902,55.9685,159.3594
290.4177,34.9061,55.9644,159.3586
289.2249,35.1471,55.9520,159.3585
297.8343,30.6318,55.9330,159.3186
307.2651,30.6168,55.9311,159.3264
303.6873,27.2804,55.9236,159.2816
300.9293,32.0891,55.9102,159.2676
311.8376,26.0629,55.9252,159.2278
308.3291,25.7078,55.9321,159.1730
304.8267,31.4496,55.9263,159.1607
303.6268,30.7743,55.8894,159.0907
302.2083,30.9720,55.8231,159.0029
300.9712,34.3269,55.7949,158.9922
301.0259,30.2135,55.7068,158.9050
301.5774,34.0962,55.6628,158.8772
301.5143,35.2991,55.6004,158.8442
311.5045,32.2782,55.5814,158.5818
309.3702,37.1790,55.4965,158.4810
308.0275,33.7199,55.4214,158.3165
308.9424,39.0979,55.3963,158.2594
309.8046,32.7855,55.2931,158.0569
311.0427,36.4113,55.2711,157.9800
312.9127,35.2704,55.2684,157.9567
314.9610,33.3528,55.2758,157.9374
315.6882,32.5415,55.2852,157.9070
316.5575,32.8125,55.3167,157.8242
317.7511,31.3141,55.3396,157.7721
319.5697,25.9858,55.3371,157.6592
319.7466,22.6511,55.3372,157.6034
320.0523,27.3376,55.3199,157.6070
319.7843,24.0904,55.2663,157.5418
319.5676,28.5805,55.2205,157.5888
319.0726,30.7625,55.1874,157.6570
318.6559,27.8142,55.1513,157.6973
319.4724,31.5102,55.1445,157.7534
320.2476,34.9896,55.1421,157.9027
329.5398,38.2749,55.2543,158.0106
327.4356,42.3167,55.4387,158.4580
328.0364,41.7775,55.5185,158.7021
328.7750,41.6096,55.6934,159.0906
338.1551,44.2104,55.8624,159.2246
336.9779,42.4272,55.9545,159.3382
336.4244,41.3687,56.0536,159.6174
336.2049,40.8365,56.1093,159.8462
336.9547,39.8091,56.1470,160.1417
339.3092,36.5243,56.1988,160.4178
340.3512,37.7404,56.2734,160.8282
341.1885,37.4181,56.3650,161.4320
340.9673,38.2877,56.5043,162.1431
340.9194,37.2828,56.5363,162.7833
341.3974,36.6862,56.4339,163.7675
341.5426,34.5656,56.3831,164.2218
342.8128,33.1789,56.3002,164.8826
343.9459,33.4519,56.2272,165.6975
343.4343,33.2615,56.1554,166.1905
342.5602,38.3748,55.9123,165.7280
343.2598,34.0552,55.7699,165.9944
350.9455,40.9688,55.6909,164.4915
348.5038,37.3128,55.3877,163.6923
347.5535,34.9513,55.1721,163.3839
347.9470,31.8702,55.0884,163.3809
348.9418,29.1143,55.1780,163.7838
351.1897,27.1399,55.2144,163.9068
350.9768,26.9015,55.2533,163.7975
351.2318,26.0142,55.2140,163.7170
351.3780,23.5693,55.1466,163.6204
351.1166,20.8211,55.0953,163.5496
351.7252,17.9935,55.0521,163.4956
352.3470,16.9362,55.0396,163.4411
354.5776,13.0240,55.0338,163.4315
354.6036,13.2788,55.0011,163.3016
356.2434,10.2904,54.9687,163.2546
357.3763,5.7100,54.8910,163.1462
355.7927,11.6904,54.7753,162.9126
355.4526,10.9954,54.7035,162.7567
355.5959,10.2058,54.6269,162.5685
356.3120,10.0891,54.4873,162.2568
355.8794,9.9343,54.4173,162.0939
357.1518,9.3573,54.3890,162.0626
357.5101,9.5281,54.3635,162.0359
357.1592,9.6524,54.3370,162.0168
357.0443,10.1819,54.3173,161.9861
349.5083,11.3936,54.3497,161.9292
353.5337,13.8391,54.3273,161.7878
356.4756,13.0192,54.3191,161.7545
357.9679,13.8699,54.3121,161.7243
358.4285,14.6685,54.3033,161.7065
358.4869,16.0079,54.2979,161.6935
359.0309,16.6591,54.2909,161.6809
358.8125,16.6674,54.2876,161.6760
359.4761,17.6417,54.2864,161.6776
360.3958,18.0477,54.2854,161.6805
360.2901,19.3602,54.2791,161.6842
360.9523,19.3676,54.2761,161.6859
361.2250,19.1676,54.2738,161.6879
361.5096,18.7699,54.2696,161.6925
361.8143,19.4442,54.2631,161.6917
361.6339,19.3270,54.2627,161.6927
361.7914,19.3355,54.2647,161.6839
362.4094,19.2296,54.2718,161.6456
362.5028,19.6057,54.2690,161.6341
362.6812,20.3116,54.2705,161.6095
363.3580,20.1880,54.2746,161.6043
362.9364,21.1864,54.2835,161.6400
362.5677,20.6208,54.3174,161.6741
363.5610,15.3558,54.3851,161.7576
364.1053,19.1708,54.3926,161.7933
363.0050,19.9709,54.4186,161.8679
362.9246,20.7717,54.4379,161.9604
364.3660,16.5203,54.4465,162.0236
364.5615,20.0058,54.4559,162.0732
365.4354,22.3380,54.4607,162.0929
366.5142,17.8661,54.4963,162.1711
367.4184,15.4037,54.5425,162.1989
367.8253,19.9097,54.5984,162.2713
366.8621,20.9884,54.6300,162.3008
365.6227,21.6253,54.6371,162.3018
364.1379,22.8641,54.6414,162.2970
361.7061,22.9007,54.6413,162.2901
360.0135,23.8073,54.6403,162.2859
357.3916,26.4049,54.6388,162.2817
354.1053,26.3912,54.6386,162.2812
351.9193,27.6998,54.6384,162.2809
349.7852,28.2677,54.6380,162.2803
2
0
0
0
0
1
343.8995,48.8181,33.7239,118.4096
342.4347,47.3721,34.3223,119.5934
341.1502,45.8666,34.9244,120.6659
339.7233,44.5872,35.4573,121.1936
338.8748,43.0888,35.2953,121.9261
336.5415,42.0714,35.0711,122.4402
334.6953,40.9384,34.6253,122.8009
333.6286,41.0684,34.7688,122.5804
331.9972,40.1422,34.4029,122.9754
330.4375,39.1068,34.0708,123.2344
328.7242,38.5465,33.9492,123.4637
325.7216,39.6924,34.1978,122.7528
325.4300,38.9031,33.7175,122.5894
324.1697,39.4080,33.3071,122.2497
322.5217,39.2774,32.8964,122.3966
322.1753,40.1016,32.4857,122.3603
320.3672,40.3417,32.2683,121.9295
319.6439,40.0476,32.0267,122.1993
317.5859,39.5975,32.1413,122.2597
315.5585,39.5205,32.2253,122.2600
313.9632,39.3503,32.4997,122.2266
311.9524,40.1620,32.6631,121.6837
310.5270,40.2886,32.6450,121.1979
309.4858,40.5260,32.3812,120.9136
307.0234,41.2845,32.2573,120.4594
306.7000,41.5653,31.9501,119.8561
305.4931,41.8247,31.5036,120.0114
304.7202,41.9308,31.0019,119.7913
303.8156,42.3222,30.5062,119.8379
301.7633,44.5738,30.2022,119.1236
301.3346,44.9785,29.9946,118.6263
299.8570,47.8509,30.3346,118.2602
297.9410,47.6199,30.3730,118.1463
295.9788,48.0547,30.6100,118.1757
293.1585,49.1907,30.9306,118.3808
291.2797,49.8748,31.2879,118.8545
288.8527,48.8681,32.1366,119.3994
286.3812,48.4274,33.0243,120.6279
284.4344,49.9672,33.6601,122.4517
283.6317,49.7497,34.1661,124.3297
281.8583,49.4015,34.6679,126.2157
281.8145,49.1149,35.0436,127.7687
282.8346,48.9597,34.8562,128.7357
282.6573,50.2712,34.7023,128.7943
281.6795,50.4066,34.7123,128.4294
281.5530,50.3676,34.7246,128.3382
282.2337,51.0161,34.7687,127.8979
283.0147,51.5905,34.5691,127.3012
283.7968,54.0375,34.5261,126.0626
284.4554,54.7817,34.2883,125.3191
284.9485,56.0635,34.0730,124.7014
285.2231,56.0010,34.0071,124.4952
281.2832,57.1791,33.8618,124.2743
283.1464,57.7325,33.7653,123.7010
283.6120,58.9941,33.5338,122.6576
284.2982,59.1296,33.2067,121.8120
284.3866,55.8123,33.1870,121.2861
283.8988,58.3101,32.9433,120.9964
284.1310,54.1865,32.8520,121.2887
284.2239,57.0766,32.6452,120.9648
284.2420,52.9731,32.7108,120.8397
284.3347,55.4381,32.5824,121.2125
285.2066,54.1502,32.3870,121.4450
285.6556,53.9694,32.4727,121.7145
285.8524,54.8534,32.6584,121.6430
286.6130,48.2826,32.9536,122.5312
287.1783,49.4460,33.3068,122.4654
287.8258,50.6664,33.7107,122.4171
288.5897,51.2294,34.0589,122.0443
289.6492,52.7179,34.2543,121.8623
291.0675,54.5124,34.5130,121.0486
293.2130,47.7965,34.7351,121.3427
295.0818,50.5960,34.7861,121.5637
297.7477,50.9452,34.4806,121.4888
300.2584,54.4548,34.2620,120.3610
302.4082,55.8639,34.0066,118.9243
305.4156,56.5356,33.7431,117.6389
307.2664,56.6895,33.4696,116.6677
308.6524,56.3248,33.1008,116.2816
310.8732,56.9074,32.6081,116.0244
312.5533,56.8494,32.2842,116.5012
314.4708,56.0653,32.0603,116.9086
316.0808,53.5996,31.4110,117.9738
318.6266,55.8963,31.2838,117.8825
320.0556,53.5562,30.9631,118.4011
321.3199,52.9630,30.9090,118.4339
323.7648,55.9087,31.0421,118.3617
326.2332,56.4511,31.4368,117.9769
327.4802,56.8661,32.0962,118.4401
328.3561,55.8692,32.3059,118.6386
329.2006,55.3634,32.3130,119.2069
330.2191,54.5948,32.4395,119.6350
331.3370,54.4963,32.4972,120.4826
332.9247,55.5018,32.6645,120.4117
333.7379,55.7314,33.0465,120.5249
334.5370,56.6522,33.4714,120.6614
334.7130,55.1485,33.7703,121.6223
334.3358,53.2829,34.0862,122.6874
334.2652,55.6028,34.1637,122.8418
334.2033,54.9653,34.4631,123.0911
334.2772,54.1714,34.7438,123.4754
334.8319,53.3131,35.0821,123.9789
335.5547,53.3176,35.4364,124.4231
336.4903,53.4336,35.3398,124.3944
327.3037,51.2299,35.4223,124.8298
326.3369,48.7439,35.4561,125.0597
321.7105,31.4857,35.9080,125.1207
319.8103,29.6099,36.4691,125.5948
318.9693,33.4392,36.6807,125.8672
318.6156,34.8825,36.7466,125.9622
318.2392,35.3121,36.7657,125.9988
2
0
0
0
0
1
370.9625,65.1620,30.1229,99.8184
372.7878,63.7127,29.8295,100.4621
374.7119,64.4891,29.5109,100.4004
376.9655,63.9249,29.3286,100.3948
381.8526,61.9665,28.2443,101.2222
385.8783,60.6721,27.4811,101.5283
389.7455,57.3126,26.9198,101.8643
392.4695,60.3972,26.3661,101.8665
391.2416,57.8244,25.9716,101.9088
396.5405,62.0001,25.7785,102.4280
396.6643,62.9711,25.7735,102.6420
400.5549,60.8443,25.9927,102.7359
399.4645,61.5488,25.7487,102.8303
400.1035,62.0607,25.5025,102.8092
400.7008,59.5805,25.3568,102.8714
402.2309,60.6604,25.0558,102.6183
402.3844,62.5551,25.1087,102.7100
402.9716,62.7191,25.2756,102.8269
401.4731,63.0017,25.4751,103.0443
400.8830,62.9612,25.4147,103.3790
399.7359,63.7952,25.2650,103.5898
398.9726,64.1822,25.1196,103.6030
397.7406,64.9207,25.0998,103.2641
396.5852,65.0467,24.9729,102.7753
395.3482,65.6782,24.7239,102.5768
394.6784,66.5437,24.3998,102.5278
395.1783,68.1657,24.2201,102.3368
393.7154,69.0932,24.0642,102.0591
392.6427,71.0409,23.9633,102.2036
392.5321,72.5232,23.8504,101.8250
392.6972,75.1512,23.7046,101.2405
393.5092,77.2749,23.5653,100.4704
393.8816,79.3607,23.4249,99.2525
393.6430,82.8657,23.4741,98.8396
393.1417,82.5559,23.6869,98.6434
393.2135,85.1682,23.5965,99.0247
392.1806,85.7384,23.7146,100.0052
391.2302,86.0636,23.7885,100.5630
391.1442,90.5414,23.9278,100.8544
391.0767,89.7575,23.9628,101.1880
390.1990,90.0290,23.8532,100.5098
389.3770,90.7011,23.8929,100.1917
389.4520,92.1918,24.0854,99.7165
388.6889,93.8584,24.2500,99.5130
387.7394,94.2090,24.5400,99.7389
387.0571,94.5132,24.7298,99.8414
386.3630,96.0628,24.8935,100.0423
386.4083,96.8859,25.0776,100.3560
386.5528,96.9589,25.1440,100.6622
385.4531,98.1518,25.3364,101.1578
385.7510,98.1753,25.3627,101.6569
390.1559,98.2470,25.5994,101.9949
389.1368,98.8483,25.5211,102.2358
388.8577,98.9524,25.5359,101.9821
393.2783,99.1529,25.7724,101.6351
391.8871,98.7120,25.6403,101.4131
391.1242,97.3422,25.6936,101.3076
392.6082,103.9256,25.5428,100.8863
392.5594,102.6284,25.2803,100.4820
391.8971,99.8364,25.1404,100.2985
395.8644,102.1475,25.6875,99.8251
393.2806,102.3951,25.7018,99.8135
391.7559,101.2796,25.5881,99.9314
390.2036,101.0465,25.6596,99.5889
389.2370,106.2822,25.3861,99.4531
388.2594,104.3052,25.3724,98.9166
387.4579,109.6055,25.0826,98.7231
386.5222,108.8129,25.0652,98.4008
386.1487,115.4015,24.8418,97.9286
386.5081,121.7388,24.7437,97.4643
385.9762,121.1309,24.8959,97.2213
386.1256,128.7648,24.7538,97.0001
385.3953,128.8296,24.7020,97.2051
385.3687,128.6445,24.8134,97.0476
385.5444,137.2054,24.7470,96.3820
384.9919,138.9467,24.5940,95.5704
383.9329,140.9816,24.4792,94.9706
382.4854,135.4457,24.2791,94.8541
381.2382,137.3442,24.0334,94.7653
379.8082,140.5401,23.9546,94.6773
378.5324,135.3706,23.9229,94.5865
377.5883,137.3009,23.8695,94.3861
375.9651,139.9819,23.8545,93.8610
374.2776,142.1561,23.9776,93.4279
373.5920,137.1570,23.9848,93.3593
373.0376,138.6785,23.8983,93.6623
372.8082,138.9764,23.9178,94.0599
372.6895,139.4475,24.0384,93.9276
371.1692,132.2482,24.3499,94.3526
369.3451,131.9409,24.6389,94.7554
367.5543,131.0503,24.8654,95.3831
366.3203,129.6412,24.9961,96.4429
366.8136,128.5654,25.0168,97.4022
367.4416,127.5836,25.1854,98.6183
367.8040,126.3952,25.3293,100.2589
366.6377,116.6432,25.7174,101.6059
365.9459,122.0279,25.8088,103.3726
365.8280,119.8976,25.9890,105.0853
364.7081,117.4928,26.3124,106.2606
364.0069,115.7114,26.7374,106.6308
365.4638,121.2894,26.9010,107.8557
366.2581,120.5034,27.1267,109.0301
366.7663,119.3512,27.4554,110.1062
368.9498,125.3792,27.4546,110.8386
369.5129,122.9483,27.5130,112.2292
369.9736,121.4646,27.7371,113.4138
369.6024,120.3106,28.0190,114.3091
371.5141,127.6316,28.0462,115.1794
371.8720,126.2181,28.1986,115.6461
372.0290,125.0436,28.4755,116.1836
377.9340,123.4103,29.1007,116.8888
376.0613,121.9453,29.5657,117.2308
380.8172,119.5774,30.4244,117.2961
379.0722,125.9203,30.6494,118.2975
378.0549,122.7462,30.6632,119.1377
382.4835,121.4733,31.5290,118.7121
380.3044,120.7228,31.7278,118.9180
379.7794,128.7311,31.5323,120.1316
380.1148,128.0517,31.2648,121.0308
381.5561,127.4165,31.1638,121.6459
383.4474,127.0124,31.2690,121.9648
384.7838,126.4781,31.5590,122.1010
386.9341,126.1910,31.7844,122.6542
392.9374,129.1252,32.2072,123.0373
393.2533,129.2939,32.0420,123.6379
399.1048,121.7458,32.1961,123.6129
399.2164,130.1023,32.2564,124.0602
401.3062,128.7117,32.2550,124.5893
403.5434,128.1997,32.1685,124.9693
404.4817,126.6344,32.1922,125.3146
407.1659,124.4611,32.2846,125.4728
409.3112,122.7675,32.2048,126.4762
409.6271,120.7204,32.1914,128.1084
410.2058,118.3614,32.2217,129.5578
410.0243,117.8329,32.3207,131.7580
408.8699,117.2017,32.5120,134.1423
407.9238,115.2368,32.7101,136.0823
406.2702,114.3057,32.9857,137.9560
404.6541,113.4920,33.4531,139.9487
403.7445,111.9932,34.0301,141.7117
402.9708,109.1206,34.6399,143.4797
402.1331,105.6893,35.3243,145.4352
401.7005,102.4843,36.0472,146.9892
399.7945,98.8570,36.7513,147.8160
400.8677,104.9934,37.2297,149.7259
400.0469,100.6840,37.7685,151.7147
398.6095,97.1202,38.2184,153.0835
401.0882,105.3991,38.4799,154.5647
400.6032,101.4747,38.7848,155.9920
404.0251,106.6053,39.2924,157.2284
406.4512,103.5963,39.3806,158.2996
408.0805,99.3380,39.4901,159.1842
409.4953,107.4941,39.7364,159.8265
411.1046,105.8763,39.8884,160.0235
412.7326,104.2080,40.1723,160.3208
414.7596,109.0512,40.5176,160.7911
415.6346,106.2012,40.5371,160.8121
416.8436,103.9095,40.5117,161.0421
417.0676,102.1593,40.5289,161.3203
418.1586,100.8232,40.5377,161.4081
417.6638,99.4425,40.6716,161.8907
417.0415,96.6209,40.8610,162.7991
415.5328,92.7307,41.1331,164.6486
414.1461,91.0197,41.4191,165.2232
416.5201,99.0983,41.3647,165.5735
416.7205,95.1619,41.4719,165.9626
425.4684,95.5478,41.8904,165.3949
425.4178,108.3572,41.8218,165.2616
425.9482,104.5115,41.9273,164.8490
429.3668,114.7779,42.0215,164.3658
431.2311,114.6142,41.9661,163.6860
431.8623,114.6270,42.0175,162.9834
430.1561,91.7662,42.1594,162.8404
432.8297,112.2371,42.1258,163.2140
434.3658,119.1963,42.0770,163.3531
435.5696,116.3938,42.0324,163.2462
436.3631,112.4908,42.0780,163.2091
437.0024,108.0884,42.2266,163.3808
428.1179,97.6360,42.4677,164.4126
431.7949,102.4902,42.4937,165.5368
430.3326,79.6524,42.4346,165.7818
428.1240,82.3735,42.3980,166.0290
426.9395,86.5513,42.2096,166.6908
426.3521,93.3452,42.0192,167.4527
436.1779,86.3795,42.0190,167.9770
427.1655,104.7404,41.6662,168.6093
428.9463,111.3417,41.4970,168.8432
429.8357,109.1311,41.3614,169.2802
431.3118,116.3292,41.2662,169.5114
432.0513,120.9836,41.1486,169.5118
431.6350,117.5911,40.9355,169.6648
430.7868,121.0871,40.8900,169.5834
430.0499,124.8440,40.7994,169.3618
429.3063,121.7355,40.5727,169.3310
429.3670,125.5668,40.4560,169.0326
429.0606,129.0685,40.3601,168.9100
428.6375,131.3310,40.3978,168.7112
428.9158,124.4483,40.4039,168.6773
428.3024,128.5723,40.3935,168.6318
429.2274,120.9484,40.3244,168.6451
430.2568,124.5160,40.2960,168.6190
430.6000,129.4737,40.2995,168.5575
430.0402,130.6491,40.3579,168.5337
431.3168,129.2429,40.3504,168.5093
432.0414,129.7628,40.3561,168.4560
432.0436,132.9055,40.4340,168.4713
434.2114,123.1044,40.4399,168.4765
435.3465,125.2996,40.4577,168.5169
437.0642,121.3241,40.4942,168.4995
438.2076,125.1749,40.5516,168.5629
438.2900,128.5460,40.7094,168.7716
440.0906,124.5643,40.7886,168.8459
439.2138,128.5225,40.9129,168.8126
439.0742,124.7534,41.0649,168.8933
438.1449,127.2033,41.2494,169.0636
438.1371,127.7344,41.6114,169.4087
438.1074,127.6284,42.2377,169.6244
437.6517,125.3578,42.4866,169.6920
437.8081,127.6458,42.9338,169.6085
436.8425,129.0184,42.9154,169.8464
434.9001,130.6679,42.9311,169.6876
434.8996,128.1366,42.8257,168.9074
432.8143,132.1318,43.1263,168.6858
431.1319,131.5506,43.3157,168.6976
429.1490,130.8499,43.4685,168.4807
427.0445,133.0545,43.6622,168.3999
427.4882,124.9991,43.4680,168.9112
426.8259,122.9676,43.3822,169.0557
425.1741,125.8351,43.3502,169.1923
422.9683,120.1926,43.3178,169.2446
414.8969,112.5849,43.2590,169.2625
415.6108,110.1714,43.1362,169.2891
415.0426,107.0964,43.0680,169.3732
413.7005,103.8232,43.0308,169.4496
413.0325,101.7016,42.9636,169.5498
412.0233,98.7536,42.8770,169.7077
412.6574,97.4746,42.7668,169.8800
411.7757,115.6909,43.0063,169.8093
412.6140,108.7746,43.0458,169.6446
412.7623,108.7910,43.1238,169.0586
415.6839,94.0914,43.0347,169.3816
417.9702,91.5378,42.5228,170.2932
417.7064,90.3607,42.1676,170.7019
419.8808,87.2534,41.7855,170.9722
421.2388,84.5731,41.4100,171.6223
421.1873,87.7137,41.5681,171.7343
422.4623,85.9294,42.0896,171.8375
421.0892,83.8174,42.6762,172.2507
420.8007,83.5465,43.2374,172.6091
420.6001,81.9651,43.6816,172.9469
420.2079,81.2054,44.0634,173.1994
419.0387,79.8414,44.4163,173.5777
419.0672,78.5511,44.5721,174.0700
419.2224,77.3195,44.6873,174.6055
418.8212,77.1041,44.6988,175.1491
419.2463,75.6393,44.7207,175.7163
419.2793,74.5904,44.7061,176.4246
420.4320,72.8509,44.7896,176.6919
420.9156,71.6225,44.8407,177.0445
422.2294,72.1439,44.8653,177.3085
423.2616,72.1469,44.9315,177.4160
423.8559,72.7890,45.0462,177.4743
424.3280,71.7226,45.3580,177.5914
424.2597,71.9117,45.7161,177.5883
424.5052,72.2748,45.8385,177.5849
425.8856,71.7187,45.9045,177.6286
426.1306,72.1484,45.9148,177.6846
425.9214,73.2475,45.7991,177.7386
426.4035,74.5014,45.7759,177.6111
426.8419,76.2520,45.7249,177.5690
426.1459,77.0925,45.7421,177.5221
426.4093,79.2309,45.6433,177.3589
425.8102,80.4447,45.5994,177.4060
426.5659,81.4249,45.5791,177.0136
427.2631,82.2771,45.4952,176.6824
426.6223,83.9548,45.4483,176.4761
427.3224,84.4618,45.3793,176.2621
427.1985,86.2610,45.2970,175.8929
428.0917,89.0813,45.0831,175.5853
427.9298,91.2402,44.9998,175.3546
429.8561,94.8715,44.6950,175.1607
429.0046,97.1505,44.7262,174.9415
428.8412,99.4961,44.6953,174.5967
428.3629,102.6263,44.6135,174.3474
428.1877,105.2434,44.5324,174.2510
426.9706,107.2079,44.7468,173.9860
425.4665,110.0730,44.8528,173.6840
424.3996,112.2429,44.9287,173.3662
423.3045,114.9402,44.9091,173.2521
422.5153,116.8836,44.9714,172.7982
421.5028,119.8550,45.0519,172.6147
420.4369,122.7102,44.9863,172.6520
420.9669,125.1614,44.8598,172.8052
419.8627,127.4014,44.9037,172.6204
419.6976,127.5224,44.8862,172.5312
419.6591,126.7897,44.9375,172.6855
419.6896,127.6085,44.8726,172.4595
420.5614,128.6508,44.7358,172.4813
420.4979,129.6857,44.8070,172.3054
421.2303,129.0813,44.7449,172.6090
421.0831,130.3936,44.6817,172.4374
421.8520,128.2580,44.8210,172.8270
421.6558,128.4220,44.9594,172.6629
421.8054,129.2678,44.9438,172.4999
422.9154,128.0845,44.9435,172.4927
422.9108,129.3901,44.9507,172.3773
423.0529,129.4489,44.9940,172.4731
422.4281,129.9660,45.0384,172.5644
424.6358,126.8999,45.0194,172.5410
424.3513,126.3221,45.0074,172.5415
423.7453,139.3066,45.1490,172.1672
423.1343,139.4256,45.2146,171.8804
423.0875,138.7837,45.2351,171.7307
425.0421,128.5623,45.2009,171.7589
424.2623,133.2894,45.1387,171.8067
431.0913,130.9928,45.1254,171.8142
427.4507,131.8458,45.1588,171.8529
427.8571,125.4417,45.1090,171.8918
428.2247,123.1556,45.0776,171.9002
427.0345,121.3941,45.0516,171.9234
426.9364,121.7461,44.9820,171.9458
426.9153,126.5233,44.8893,172.0135
427.0371,123.9678,44.8211,172.0284
427.0704,121.3322,44.7836,172.0630
427.2588,120.5915,44.7377,172.1009
427.1089,120.2674,44.6902,172.1379
426.3925,121.8284,44.5914,172.1949
426.2537,123.2818,44.4981,172.1564
423.3098,137.2579,44.5120,171.7182
422.4425,138.1322,44.6346,170.7497
421.1820,137.2499,44.6286,170.3572
421.1857,132.9239,44.5952,170.3722
420.5529,135.6953,44.6370,170.0358
419.3857,137.9324,44.7449,169.6446
417.4348,131.4171,44.6637,169.3623
415.3396,130.7715,44.8060,169.1923
422.0044,133.2829,45.1330,168.6529
419.3103,130.8831,45.5365,168.2077
416.9812,130.6972,45.5527,168.2692
416.2440,129.8473,45.5138,168.0952
416.0775,129.1653,45.5841,167.7761
415.7330,129.4201,45.3871,167.8279
415.3370,128.8338,45.2390,167.7986
414.9532,129.5157,44.9781,168.2090
414.6449,129.9697,44.8362,168.2424
414.2499,130.2537,44.8516,168.4496
414.3276,130.9490,44.9341,168.2816
417.4496,122.2550,44.2735,167.5787
418.3297,126.5860,43.8227,166.7168
419.3128,129.6457,43.5363,165.4041
420.6104,131.2057,43.1795,163.7094
421.3161,132.2873,42.9645,161.7693
421.1135,133.3643,42.8881,160.2292
421.3943,134.3902,42.6835,158.6888
420.1371,135.4110,42.5932,157.8245
421.2820,135.5365,42.4176,157.9258
421.6164,135.3464,42.4058,158.0792
421.0270,134.9562,42.6518,158.1250
421.7753,132.8540,42.8957,158.2897
422.5793,130.4684,43.2232,159.2558
422.5082,128.1350,43.3987,160.3310
422.5020,127.6189,43.6100,161.7178
421.9495,127.4974,43.8786,163.0004
421.1354,128.0208,44.0411,163.9686
418.8230,131.2268,44.2642,165.0149
417.8471,132.1160,44.3750,166.4212
416.5945,130.9438,44.4309,168.0905
415.8097,130.2588,44.4912,170.0757
414.8773,128.4614,44.5737,171.2007
413.6909,130.0559,44.8397,171.8973
411.9143,127.3793,44.7288,173.1180
411.3728,126.2878,44.6995,173.9311
409.4134,126.3004,44.8044,174.1708
408.5211,124.8041,44.7333,174.7519
407.4413,124.4245,44.3825,175.7494
407.5627,119.1047,44.0327,175.7855
407.8985,123.2848,43.7979,176.3228
407.9360,119.2856,43.4869,176.0248
407.4673,117.0861,43.1658,175.4754
405.6756,114.6908,43.0113,174.7016
404.9657,114.1656,42.8958,173.9522
405.7650,116.2331,42.7699,172.7425
405.8334,116.1375,42.4266,171.8813
404.8834,116.8142,42.4179,171.2229
404.5658,115.7221,42.2891,170.8360
407.7361,125.4342,42.5806,170.9136
407.5450,126.4184,43.7357,170.6929
405.7812,115.9279,43.9419,170.5751
405.4014,116.8299,43.9805,170.7831
404.2781,121.1003,44.1471,170.4131
403.7729,120.1455,44.0455,169.8348
403.4613,118.6945,43.8702,169.1478
396.5081,114.5888,43.7691,168.2934
399.5404,116.6453,43.5600,167.5385
398.9499,117.5717,43.5928,166.6888
397.8427,118.0886,43.6834,166.2921
395.9286,116.5449,43.8679,165.9518
394.4567,114.3329,44.0019,165.7310
393.8971,113.8865,44.1793,165.4999
391.9172,115.2171,44.2931,165.5110
392.4214,114.7942,44.4190,165.4836
390.0914,110.7834,44.4994,165.2467
387.1078,108.3511,45.0683,164.5827
383.1914,109.0940,45.6380,164.1734
379.3001,107.5643,46.0388,164.3293
376.8899,113.6777,46.4294,164.3039
370.1086,111.3470,46.7752,164.0803
369.9779,115.1044,46.9278,163.2723
362.9478,113.0483,47.3300,162.9079
363.8735,114.5357,47.3165,162.5564
361.3064,108.6707,47.3268,163.1410
361.1789,111.6357,47.3352,163.1353
360.6562,112.3446,47.3508,162.9648
359.0917,108.4199,47.3587,163.2034
359.5689,110.5761,47.3367,162.8999
360.0534,112.6319,47.1297,162.6066
365.2000,108.3725,46.9638,162.3387
365.1022,114.4218,46.2727,162.5160
370.8191,109.7360,45.9097,162.6275
370.7285,114.1448,45.4593,162.8902
372.8017,114.1474,45.2262,162.3540
374.3674,115.7806,45.0841,161.9351
375.7132,114.5959,44.9547,161.3903
378.5716,123.3654,44.8281,161.2576
380.1039,122.3609,44.6890,160.7750
381.2573,126.0803,44.3341,160.8865
382.0432,128.5043,44.1250,160.6274
381.8933,132.7149,44.0377,160.6804
387.7842,129.3580,44.0234,160.4012
383.6591,137.1491,44.0583,160.5125
387.8311,133.6820,44.1409,160.3557
383.6746,141.4211,44.1954,160.3646
387.6937,136.9742,44.3918,160.1112
383.7795,141.9904,44.4236,160.0760
388.1917,137.0509,44.5065,159.8539
385.0769,142.0911,44.5329,159.7376
391.1929,135.2184,44.6965,159.3363
389.0798,148.7341,44.7295,159.0862
395.4506,142.2335,44.8126,158.7129
392.5927,145.9272,44.8716,158.4616
398.2782,151.0061,44.8246,158.2359
395.1360,154.2473,44.8322,158.0028
400.1351,158.2669,44.8349,157.8281
397.2961,161.2462,44.8321,157.7076
402.8210,164.2847,44.8557,157.2842
400.0693,168.1241,44.8587,157.2325
406.0076,159.6295,44.8946,157.0581
401.7758,165.0664,44.9179,156.9410
399.2708,168.5728,44.9266,156.8579
405.1198,158.2321,44.9863,156.5500
401.0057,161.9408,45.0208,156.1755
398.8997,165.5134,45.0273,156.0866
397.8754,167.8702,45.0252,155.9069
403.9860,157.4519,45.0784,155.3964
399.7609,160.8345,45.0835,155.0419
397.4953,163.4999,45.0920,154.6591
396.0020,164.4285,45.0300,154.3389
395.4519,163.7710,44.9147,153.9785
400.0254,162.8323,44.9168,153.7302
395.1959,163.5392,44.8644,153.2351
391.8278,164.9161,44.8769,152.5083
389.7109,164.4789,44.8219,151.8426
387.1244,164.2578,44.8470,151.1249
385.9288,161.2280,44.7616,150.3816
384.1849,159.5679,44.7525,149.0280
382.4469,159.4532,44.6687,147.2642
381.0687,158.0625,44.6997,145.8406
380.1714,156.7927,44.6489,144.8888
378.5001,145.3780,44.8123,144.1154
382.8989,145.5294,44.9653,143.5334
378.5427,146.2164,44.9487,142.8170
381.7317,150.0126,44.9921,142.0278
377.0817,139.1574,45.0158,141.4325
380.6899,142.0358,44.9990,140.8017
375.8435,132.2822,44.9631,140.4485
379.5790,133.8247,44.8594,140.0533
375.1527,136.9259,44.5884,139.7636
379.1051,138.6848,44.4956,139.4228
374.6220,130.9437,44.2925,139.1485
378.3513,133.9875,44.2650,138.7407
375.5367,126.4618,44.0900,138.5719
379.3390,128.8662,44.0045,137.8013
381.9784,130.8541,43.6456,136.9858
387.3496,118.2894,42.7154,136.6211
385.2795,130.6101,41.2171,136.3171
392.1912,118.1607,39.9683,135.2677
397.3135,121.7075,39.5414,134.3272
393.9238,116.1204,39.5294,134.3146
389.4282,110.6557,39.5293,134.3145
385.7983,107.5439,39.5293,134.3141
386.0612,108.7767,39.5290,134.3143
383.4778,108.0893,39.5285,134.3144
379.6132,111.7455,39.5225,134.3027
377.1384,113.9821,39.5175,134.2922
376.9718,113.4140,39.5120,134.2848
380.2044,124.1936,39.4489,134.2061
382.7046,123.8474,39.4674,134.1067
383.4188,120.2422,39.5046,134.0091
381.9221,120.1824,39.4794,133.8882
380.4257,119.7623,39.3703,133.6758
377.8973,108.8469,39.4284,133.5703
378.6047,126.3553,39.2507,132.8023
377.0660,125.6840,39.0892,132.4570
374.9282,115.7276,39.0776,132.3023
373.7206,115.7602,39.0827,132.2172
372.6109,124.2240,39.0390,132.0831
371.2960,123.8899,39.0201,132.0011
370.7167,124.8298,38.9955,131.9170
368.0758,117.8819,38.9970,131.8559
367.2758,119.8951,38.9959,131.8449
366.3059,113.8703,39.0143,131.8397
365.1280,118.3885,39.0162,131.8407
364.6107,121.1010,39.0184,131.8404
363.3691,115.9500,39.0342,131.8736
362.9820,121.6861,39.0345,131.8810
362.5904,125.9559,39.0294,131.9221
362.0103,129.7652,39.0226,131.9548
361.4930,132.0191,39.0211,131.9857
360.9511,134.2422,39.0196,132.0246
360.1727,136.5072,39.0233,132.0858
359.7888,138.1184,39.0278,132.1108
360.0726,140.2667,39.0333,132.1229
359.1504,136.5203,39.0458,132.1614
358.4627,141.4783,39.0472,132.1687
358.2512,142.0496,39.0487,132.1713
357.9524,145.1191,39.0494,132.1750
357.8365,147.6601,39.0484,132.1813
357.1039,149.3787,39.0516,132.1856
356.2904,151.6456,39.0546,132.1910
355.7121,152.9732,39.0567,132.2024
355.9884,155.3139,39.0536,132.2173
355.0000,157.2896,39.0549,132.2164
354.5979,157.2953,39.0547,132.2182
354.3050,158.6382,39.0537,132.2249
354.0365,158.5409,39.0531,132.2303
353.2634,158.9716,39.0532,132.2275
353.1671,159.9892,39.0490,132.2331
352.4740,161.3647,39.0450,132.2391
352.2399,162.9704,39.0402,132.2492
351.7209,163.0847,39.0378,132.2542
351.1116,163.4539,39.0359,132.2522
350.2796,159.2301,39.0305,132.2327
349.4638,156.4050,39.0423,132.1804
348.1794,161.5948,39.0343,132.1533
347.1898,159.8048,39.0271,132.1240
346.5258,163.6225,39.0149,132.0647
345.8302,165.5749,39.0127,132.0463
345.5236,166.9686,38.9764,132.0301
343.7942,170.2080,38.9976,132.0129
342.3736,167.4718,39.0193,131.9490
341.0628,165.5681,39.0875,131.9429
339.2250,163.6120,39.1289,131.9010
337.2924,170.0636,39.1573,131.8827
335.5232,173.7352,39.2048,131.8482
334.9366,173.7050,39.2353,131.8502
333.1258,170.7080,39.2062,131.7920
331.4450,175.2008,39.1711,131.7655
330.0850,177.0990,39.1953,131.8305
328.0438,179.1915,39.2435,132.0699
326.0573,180.2602,39.3046,132.2854
324.5602,180.4873,39.3497,132.4512
322.1846,181.7946,39.4586,132.5863
320.4714,180.5662,39.5282,132.6418
318.1110,180.9746,39.6195,132.6981
315.3108,182.3026,39.7241,132.7960
312.8428,183.0398,39.8170,132.9344
310.3652,184.1830,39.8844,133.0320
307.0784,184.8912,39.9807,133.0577
305.1205,183.4811,40.0314,133.1358
302.6150,182.9125,40.1053,133.2416
299.3911,181.9600,40.2006,133.2938
296.4395,182.9257,40.2760,133.3280
294.7701,182.5728,40.3584,133.4207
292.1776,183.1923,40.4689,133.4116
289.6926,184.0449,40.5065,133.4433
287.2752,182.6839,40.5755,133.3907
284.3958,183.4428,40.6194,133.3587
282.7574,182.3215,40.6226,133.3065
279.9991,177.2124,40.6190,133.1973
277.3854,179.5811,40.6081,133.1797
275.1700,173.5136,40.6196,133.0271
272.5611,177.7101,40.5926,132.9110
270.3076,179.0359,40.5838,132.8053
267.9183,178.9448,40.5657,132.6952
265.8610,180.2686,40.5454,132.6246
262.6907,180.1304,40.5404,132.5893
260.4233,182.1604,40.5191,132.5257
257.5916,183.3057,40.5072,132.4656
254.6816,184.2516,40.4943,132.3925
252.4280,185.2608,40.4942,132.3525
249.7584,185.9756,40.4915,132.2710
247.6229,187.0165,40.4857,132.2110
245.7506,188.4477,40.4785,132.1524
243.3863,189.4071,40.4785,132.1129
241.3150,189.0268,40.4823,132.0828
239.0062,187.7008,40.4832,132.0696
236.0435,188.6857,40.4801,132.0359
233.9690,189.3797,40.4699,132.0031
232.1037,189.1400,40.4452,131.9453
