1
141.5997,134.4177,85.9378,193.0499
138.0967,133.5369,87.6302,189.5880
134.5521,130.1800,87.9928,190.8580
129.7253,125.9786,88.7851,195.0162
126.0969,124.0248,90.2091,193.1843
127.1435,122.7216,91.3830,196.2823
124.8384,123.0020,91.1103,198.8888
119.0330,124.8335,91.5415,197.3501
114.3100,126.7169,92.1584,198.0255
111.1104,126.9357,91.1935,195.8707
108.0642,124.4016,90.3652,196.9999
107.1250,129.8824,90.7483,196.8506
105.0823,132.7538,89.3467,194.6473
102.8997,136.3989,88.2531,190.5429
99.1540,136.9054,88.7879,189.2705
97.3166,138.3062,87.8960,190.6840
99.0796,139.8277,86.3769,192.3544
98.5658,141.4836,84.4951,194.6162
98.1848,141.4556,83.9623,193.9499
99.1397,143.1001,82.9926,193.7425
98.2770,144.8650,82.7032,194.6275
97.2514,143.1619,82.5356,193.7785
99.5182,150.7596,80.7526,190.0295
97.0883,149.3517,80.6085,188.5875
97.7059,153.5330,80.4986,187.9767
98.9600,153.1398,79.8448,190.5482
96.8677,150.9920,79.5689,191.6577
98.3966,152.2706,77.9359,193.1102
99.4008,154.2407,77.3980,193.3959
100.1115,155.1327,77.0871,194.2963
99.6919,155.0235,77.1171,195.0107
99.5553,154.7902,76.9915,194.5957
99.4771,156.8069,76.7812,192.7640
100.3842,157.7397,76.7808,192.9347
103.6017,159.9190,75.6861,190.1904
103.4338,159.0548,75.3125,190.1606
101.7000,159.5573,75.0756,190.7335
103.7027,162.5131,75.4839,191.1998
104.4106,162.0506,75.5901,192.4981
103.2094,160.3999,74.7827,192.9468
103.6484,161.5353,75.0669,191.6689
103.5043,163.0069,74.8001,191.4680
104.6286,163.9066,73.8970,191.9312
104.5758,165.1306,73.5486,192.0605
103.3779,163.3051,73.9953,194.6581
104.1705,157.0324,75.0001,192.6907
103.5077,153.1478,78.1939,189.9023
105.4691,146.0434,80.6752,182.0784
105.8891,141.2964,83.0673,182.8353
109.8175,144.4532,92.8142,177.5472
114.3838,148.2233,102.6327,177.3512
117.4196,152.2803,110.8609,178.1937
109.3880,160.6416,130.0470,166.7632
104.8575,175.2707,144.9466,161.1881
97.3559,180.1021,156.4508,158.2691
93.2315,177.3214,162.0132,153.8080
94.5947,176.4414,160.5985,152.9198
99.3584,175.6672,163.0833,151.8583
95.6060,174.4435,166.2915,154.1880
92.8240,169.9245,167.2970,156.9420
93.8416,167.4907,165.4161,154.3971
98.2629,167.6046,162.6795,149.3537
96.4494,170.7176,157.8634,147.8885
97.5832,166.0857,155.4760,146.0640
97.3236,169.7447,150.7258,147.1719
96.2974,168.2260,142.5747,147.6695
96.0295,163.1791,136.9136,150.0259
99.1381,159.0184,135.7267,151.3714
99.0260,157.3660,135.6215,150.4368
104.3590,157.8994,135.1573,152.1389
101.5569,159.6821,132.0916,151.3731
101.5104,159.9641,132.2432,152.5618
100.7675,161.1008,132.2994,152.8920
102.7986,162.2634,133.6031,152.7101
101.1892,159.5799,134.6705,154.4096
98.9307,160.7968,137.8694,155.1033
98.0343,159.2849,139.5558,155.9856
96.8462,158.5718,140.5550,157.4185
95.2695,158.4060,141.0242,158.6538
94.8720,157.9616,141.1467,160.0388
94.5751,159.1338,141.4748,160.2308
94.9145,159.2472,141.6289,159.2979
95.0144,162.3510,140.9167,157.3295
95.4999,162.3712,140.5240,156.7106
94.6715,163.2717,140.8247,157.6607
95.4879,163.4203,141.6381,158.4433
95.5964,165.1462,141.8126,158.3487
96.5939,166.5296,142.3379,158.3976
97.6005,169.0540,142.1605,157.1033
96.8932,170.0073,143.3262,156.5460
96.0017,169.0718,143.2668,157.4221
96.4635,170.3385,142.0956,156.5272
96.3915,170.3916,142.6727,155.9023
97.6487,174.2826,143.3904,153.6466
97.7674,171.5779,142.3604,155.1436
102.1596,174.4236,141.0275,153.8408
104.2904,171.1480,140.0772,157.4652
107.2108,172.0143,139.1420,157.8355
109.8712,173.6391,138.1503,157.6640
109.7463,176.2359,137.5185,156.8265
110.7750,175.1589,136.5582,157.8597
112.5808,174.0111,133.6724,159.3863
113.5760,175.7025,132.8694,158.9285
114.7392,174.8972,132.3122,160.1717
115.8768,174.1819,131.7657,160.6229
117.2303,173.7157,130.2606,161.2084
117.6426,176.2879,129.4644,159.0840
117.2239,174.7463,130.1710,159.0534
117.5365,172.7695,129.9538,160.3542
119.8664,174.4980,128.8184,158.3636
118.2450,177.4264,128.5273,156.6997
119.2436,176.9039,127.4774,155.6678
121.2541,177.6121,126.5904,155.0221
120.2026,178.5923,126.8092,155.5473
121.2990,178.7396,125.7669,153.9832
122.4418,178.1875,125.5726,153.9435
121.8850,178.8085,125.1303,153.3022
122.5692,178.3462,124.8704,153.3582
121.9705,182.2799,123.2278,150.4424
123.0195,182.7732,122.7419,149.2559
123.6497,183.4554,122.5780,149.1675
124.5477,182.7778,122.7442,148.5983
124.7732,182.9149,123.4492,147.9930
125.2578,181.4847,124.3399,149.2054
126.2720,180.7708,123.5112,149.6495
125.0280,182.4041,122.5918,148.9074
125.6770,179.5123,122.8862,150.8996
127.3633,180.6954,121.0729,149.9791
127.6785,176.8730,122.0498,151.2910
129.3379,179.5243,120.4895,149.0642
127.4966,177.8806,120.7151,148.6002
128.1572,175.0291,121.0704,150.1379
127.4775,176.9505,122.0625,148.1125
124.1612,177.2789,123.2785,149.0473
123.2047,172.5529,124.7825,150.9803
122.3733,167.7113,125.0109,151.7923
121.5162,161.7825,126.0936,155.3745
121.7472,160.5318,125.3789,157.2293
118.4288,158.8997,125.2292,157.1460
117.2344,152.6591,126.6345,155.6187
123.7228,153.1606,131.0097,155.8267
116.6728,157.1866,134.3095,151.7632
113.1027,157.3037,137.5697,149.6929
107.9565,160.9377,138.3009,147.4751
105.6783,160.8559,139.0427,145.6999
102.9442,162.0614,138.4979,144.0611
107.5958,164.4509,134.6967,144.9913
105.1287,165.1058,131.5953,146.8673
102.6595,161.6435,128.8501,149.0261
100.4167,162.9919,128.3192,149.2733
97.2300,163.7598,128.3546,148.6647
93.7102,162.7279,128.7549,148.3381
91.5934,164.6077,128.5202,147.5101
90.6561,162.3701,128.2338,146.8259
90.6309,163.4555,125.2925,144.8308
89.8817,163.6223,124.1777,144.0571
90.3527,163.6855,123.6152,143.0224
88.4740,163.6989,123.8583,141.9793
89.7493,160.7315,122.4562,141.7131
92.6743,158.1269,121.5747,143.6935
93.0851,161.5696,121.1229,142.4933
91.4245,159.0639,118.6330,142.3960
95.1852,158.6362,114.6415,142.2010
95.9159,159.8439,111.4222,143.1205
95.5307,157.5191,110.1985,144.2850
94.2687,159.7981,111.9540,144.8474
92.5310,159.8730,112.1977,143.6196
93.3255,154.4899,111.7581,149.5542
93.6517,144.2441,110.0278,159.6777
96.8736,140.1901,99.3935,174.7196
98.4406,135.2461,99.8406,175.5025
95.1574,141.4292,100.4170,171.3817
90.1010,147.1746,100.5416,170.3488
84.7452,144.4921,102.9942,170.2273
79.5904,143.4989,102.7747,171.9118
72.1228,144.2208,104.4566,173.1469
68.7017,137.1316,99.0413,182.9959
64.2315,135.5129,96.8943,188.9782
57.0993,130.7567,95.2613,194.6962
55.5293,127.4013,95.6491,199.5505
49.2898,125.4675,95.7235,193.4852
45.3090,127.9044,92.1200,186.8540
42.6651,134.5060,99.0093,173.1943
38.9500,140.9209,111.6819,160.2061
36.5162,142.7354,125.5723,152.1179
32.4688,134.5496,133.7638,146.1688
27.1067,123.1043,138.1449,140.6763
29.4197,123.5873,139.6985,139.4795
51.8790,137.2379,137.6512,148.4819
53.1840,135.1482,141.8501,153.9524
41.3101,124.2604,142.7854,156.7513
46.9307,124.1037,143.9948,166.8370
49.1008,119.9037,148.3726,165.8081
51.3949,123.5986,149.4195,166.6013
47.3852,122.8965,148.4575,166.1659
43.4269,117.7224,141.0587,165.8598
45.7367,113.2792,130.7354,165.8788
51.8429,119.0075,117.2339,161.1375
67.0047,126.5009,111.0478,156.1936
66.6854,133.7424,105.9686,148.6992
64.7491,137.9388,103.2437,142.8775
64.2149,138.3237,104.9641,141.6178
63.3850,136.8860,106.4749,140.6531
64.1750,137.1350,108.6858,138.8997
63.2530,133.1300,112.0962,134.8706
64.2748,130.9635,114.6223,133.5010
64.0794,137.8478,114.8792,130.1121
64.0592,140.2863,117.6936,127.3927
55.5742,143.9256,123.6878,120.7396
56.1001,148.4830,127.5551,116.3928
54.7292,153.7454,129.2906,111.8366
54.4089,153.7252,127.6681,110.0859
52.3316,153.6012,121.4182,108.9464
51.9688,155.0989,119.4475,107.2185
55.0932,160.1891,117.5777,102.9636
57.7847,160.8031,117.7153,101.0899
60.3616,162.0852,119.2159,98.7319
52.3057,160.6205,115.8071,99.5964
59.9557,160.6778,114.9434,99.3068
68.7311,163.9433,116.0180,97.8719
73.7900,164.0938,115.7981,96.8307
76.5535,161.7639,112.4802,98.6189
80.8464,160.0172,108.8570,97.7451
84.5653,159.3476,105.1648,97.5645
86.7518,156.5130,101.9005,97.4789
98.0701,149.8050,101.9956,98.8243
98.1550,145.6794,102.0407,101.3877
98.9988,146.4088,103.7559,101.4195
100.4367,147.0379,103.9309,101.4770
100.8960,147.2291,103.2580,101.0572
98.4234,146.1374,99.9313,101.9322
99.2968,145.5368,97.0868,104.3054
113.4525,145.3651,101.2212,105.1802
103.9649,142.1762,101.3597,105.0982
107.6013,140.4991,101.4106,105.0027
170.2840,142.0806,82.9289,120.0819
177.1735,135.8798,69.8222,130.1956
182.5118,137.7922,63.0500,137.2827
188.7582,138.5793,56.3018,140.4728
194.7713,135.1711,51.8733,146.6217
199.5302,128.0574,50.7798,153.8940
213.1613,147.2933,50.1538,156.1883
216.6749,162.6366,54.1341,150.3608
218.0240,167.4453,57.2334,143.2791
216.6604,169.1168,57.1939,142.6762
216.8141,179.4218,56.8742,146.0777
215.7229,177.6960,57.6934,146.6750
223.9278,182.4472,57.9792,150.4904
218.8977,187.8744,61.6202,152.5429
213.1459,186.1284,64.3270,155.2276
213.0923,178.6324,62.4997,159.2043
206.4745,180.7729,68.2145,152.9743
195.4458,171.4763,76.1089,149.6701
167.4688,165.4229,97.6715,144.6811
161.9599,156.7558,110.0025,150.2886
155.1608,153.3829,117.5174,158.1912
143.0552,146.3894,124.8103,162.5637
127.6696,143.3824,129.9067,158.2867
115.8549,141.3427,132.5027,154.1408
111.5144,137.1841,137.4480,153.4538
101.5619,135.8618,143.5306,152.0054
92.9895,134.9830,153.3224,155.1528
84.7853,129.6069,158.9317,156.5741
82.7793,129.9820,162.1365,157.7970
81.0080,127.6347,166.5436,155.8969
81.6293,117.7352,169.3353,157.8717
83.5312,107.4645,168.2469,163.3458
82.7919,106.4662,167.7246,166.2938
84.3401,102.2101,167.6832,167.8763
87.5113,97.8992,165.2938,172.8592
86.5641,99.2131,163.6501,177.7039
86.4161,100.7962,161.2214,179.8191
83.6047,99.9320,157.0395,182.8482
79.1963,99.8884,150.6250,182.1757
73.8443,105.3531,141.8845,182.5509
73.8359,104.4841,136.8600,181.2531
78.2739,109.2443,133.4591,180.6886
83.8628,115.0905,134.8889,180.1699
89.3601,127.2946,136.7973,176.0000
101.0139,137.1497,138.2233,171.7179
104.8069,144.4830,140.1023,170.3821
110.9606,142.2168,147.0755,170.7513
128.7766,154.0354,150.0723,170.6607
143.6355,146.1382,156.5175,177.5542
153.9164,146.3630,166.7224,183.2871
168.6715,142.6436,175.4307,188.8873
188.9996,149.3601,186.7570,187.1832
194.2843,157.0553,188.6942,186.2085
223.9425,173.2090,191.1880,187.3311
246.4738,177.1481,179.9503,194.5735
263.7112,173.4526,176.0830,202.1556
