1
528.5970,56.3467,19.0584,20.1871
527.8478,65.0759,18.2402,21.1735
525.3391,79.4102,18.2658,21.2419
525.1096,88.4253,18.1288,21.6131
522.4274,103.1000,16.1028,23.6278
522.7270,111.2717,15.1884,24.0868
519.8016,125.3073,14.6616,24.2967
512.4014,139.3831,17.0268,21.6053
512.4775,151.8454,16.9291,21.4789
520.0421,164.8799,17.6035,21.0550
528.9448,170.7417,18.0896,20.4123
537.5632,176.7537,19.3465,19.1352
544.1881,187.4380,20.1223,18.7319
552.9620,190.3370,20.7477,18.8785
564.2037,198.9892,20.6348,19.3845
573.5740,207.9743,20.4269,19.0750
574.5428,207.3996,20.3665,19.1119
2
0
0
0
0
1
616.5427,265.2974,15.2711,16.1364
620.8409,266.4767,15.3837,15.9972
625.4661,266.7903,15.0225,15.3658
627.6655,268.0523,14.9325,14.8759
632.1162,270.8693,14.3614,15.1662
635.3239,273.8296,13.8452,15.0247
638.4510,271.6507,13.4211,15.3765
639.7298,268.3450,13.6931,15.2392
640.7297,268.2605,13.9211,14.8653
642.0560,267.7272,14.2557,15.3015
643.1855,268.5329,13.9259,15.0234
643.9886,270.9333,13.7686,15.2767
644.6210,273.9701,13.8342,15.2872
644.8636,278.4225,14.1003,14.9403
650.3793,276.6101,14.1360,15.0613
651.0941,278.1382,13.8954,14.8988
651.4774,277.0656,13.8258,16.0084
