246.5,226.5,94,114
248.37390942708802,228.93392913240268,94.04464730945922,113.95928492748588
247.588168099214,229.72379753401486,94.04583832683292,113.95832627195898
247.1168067694754,230.54194664889073,94.04620535352814,113.95799255503226
247.44398701922842,230.82094573791352,94.04636232581242,113.95784980425185
250.32151153031475,231.16714567327332,94.04658569209798,113.95761602354384
251.31539298469085,231.10217994428936,94.04693213355031,113.95727914616937
251.53109161368613,232.1140508670977,94.04731321709149,113.95693546148716
251.68136773372174,232.96851548131525,94.04763369034765,113.95663619883418
252.06163574808838,233.96324235074675,94.04801103365416,113.95628649248766
254.50154014736347,234.25957483787658,94.04828531921046,113.95601092300171
256.65788540230153,234.4474496885027,94.0485292079855,113.95576380811424
258.7325981204917,234.7363186517033,94.04885400430167,113.95544403023062
261.42392290413704,235.15306339346773,94.04907320379567,113.95522414280161
264.9149440237978,235.80246102121086,94.04926448879668,113.95502860731659
267.55063880492804,236.23668620812904,94.04952857872733,113.95476715111711
270.3362445137197,236.92780339989227,94.0498002963674,113.95449602061188
272.22511361944146,238.10032995935737,94.05018212581737,113.95413155562761
276.15796690354256,239.22193890398984,94.05041755895799,113.95388532506935
280.8763528999817,239.89312542613428,94.05074216184386,113.95354626305739
283.55117293641354,240.35762565529242,94.0508545151277,113.95343001294343
286.6471755567142,244.2656526227678,94.05086015404292,113.9534208854268
290.6247167772736,247.6745711135236,94.05086346731869,113.95341208232095
294.6946601785481,250.46803361575473,94.05086828922039,113.95339970984722
303.6603656280937,249.64658459398663,94.05095496398167,113.95329476647544
313.5841285113706,248.8963650602242,94.0512037030431,113.95299127933568
321.93840261347844,248.20621557497296,94.05133660539481,113.95282939149315
329.3049558779489,248.1423640613749,94.05148927750373,113.95264791150998
333.12415260099834,251.70229203158607,94.05148971034154,113.9526416529419
336.65458193572294,256.122622157115,94.05148833688236,113.9526395897502
339.3265334639871,261.4768709277598,94.05148453038456,113.95263718853626
342.2712819965509,265.6972962793249,94.05147854649478,113.95263292858237
345.0412360239043,267.4962847145367,94.0514727020236,113.95262702068315
347.37232227563,269.3046022086207,94.0514615488224,113.95262115620301
349.8916612775613,271.2795328490893,94.05145694583872,113.9526192559878
353.6522399609215,273.22559210720436,94.05145207545617,113.95261442536555
358.6375747154493,275.9257811798604,94.0514484981022,113.95260640105572
362.65293116054727,277.7079065684776,94.0514477355919,113.95259703312313
367.0930923909047,280.8526548005666,94.05144582388819,113.95259556024752
370.1273779323654,284.60034314813095,94.05143820227053,113.95258114691813
373.4351374241358,288.1843073367043,94.05143778867601,113.95257002135843
374.3074420603528,294.93771188286314,94.05139579128935,113.95262643044447
374.2206666723776,295.03674784143993,94.05104928595063,113.95311986227372
374.08813598996664,294.56159635633946,94.05083731817669,113.95342117546555
373.4393420094094,297.4175186772498,94.0506265265064,113.9537046960289
373.3675679692832,300.7077276983187,94.05017537291697,113.95425598753982
374.2062378526636,304.6663059095039,94.0498270688637,113.9546172272178
374.76549948249647,309.17750363619217,94.04972953608859,113.95472181198816
375.6382580378808,313.01898701565534,94.04956421670168,113.95489580776157
375.36029285035374,316.85101469522425,94.04911479668138,113.95548087525951
374.40488294080114,318.9066062128461,94.04861524074835,113.956178142445
373.4719802546621,318.04099517937425,94.04853559372411,113.95628880210866
373.282351677496,318.8894989840746,94.0484295688494,113.95642367451195
373.51972662798795,321.4555532666234,94.04812110677896,113.9567656900112
374.1162432124771,325.5590696896865,94.04794186541294,113.95696531916576
374.8845978355229,329.30719811013785,94.04781306270357,113.95711026506724
375.65370123823175,331.17677060930504,94.0477537067793,113.95717301133128
375.11852599841046,329.18268298792935,94.04725882089754,113.95786904418276
375.4867251311985,328.9014291799295,94.04678748145749,113.95848784620999
377.0923782854859,330.6657297701455,94.04678655275026,113.95848759694563
378.5843234923394,333.1369197379533,94.04678500356047,113.9584923811786
379.40015047115406,337.98195521951556,94.0467664734061,113.95851350484612
380.25592572497897,341.85540519940423,94.04675547266852,113.95852554763218
381.1355721757377,343.9700768680837,94.04672596741425,113.95855900318097
381.6680854977475,341.8872284183695,94.04668412182609,113.95860791905842
380.62974736921325,339.30332259483316,94.04664228692981,113.95866586968947
379.6765583564959,339.3514727292912,94.04648635583678,113.9588846239534
379.13962879147897,337.80655947678594,94.0458165532992,113.95984108044088
379.7312090199606,336.956667174857,94.04566190611985,113.96004871038369
380.70369101484664,336.8486552755025,94.04566077550159,113.96005095641083
381.8883934985826,337.3555697154129,94.04565726295519,113.9600567914795
382.18966133339904,336.25717313790216,94.0454817226787,113.96028050375199
381.1937160594791,335.428530002705,94.04537324040544,113.96042949940417
380.794110994695,337.08385947647685,94.04406694341023,113.9621151029469
380.7044651890537,339.21628342700404,94.04353017911497,113.96283831929365
381.4420702053925,337.5932675799737,94.04328905665464,113.96316655456828
381.61147454800687,338.19354774696967,94.04328905696708,113.96316702875814
382.6449976834043,339.20673906275437,94.04328847480133,113.96316827398928
384.037217809847,341.44900078603183,94.04328778566725,113.96317050797632
384.66686550135563,343.0862183731065,94.0432157445917,113.96325000896738
383.43930326558007,340.57346500400644,94.04316624687411,113.96331796161452
382.40058185656153,341.3864059427408,94.04224803051785,113.9645278495496
382.2484880336456,344.37368277860554,94.0417297585145,113.96519485805689
382.3999335841983,344.9392824883494,94.04105897215018,113.96615097617443
382.33602223242497,344.4945591521425,94.0410592914586,113.96615222450836
383.76490728648827,346.13949540921095,94.04106010313187,113.96614997251746
384.61053512637636,347.9710206124782,94.04105939676717,113.96615355539338
385.32503691125294,347.1918009208894,94.04104440294945,113.96617442622654
385.8110822501075,347.9531553431772,94.0401204551673,113.96723496031312
386.21977879850516,352.187122920024,94.03873604539135,113.96853999521807
387.73977769225576,350.7490043032743,94.03873488188307,113.96853864419904
388.9126480667627,353.5139076172295,94.03860832773921,113.96868501921841
388.50808286050403,352.3108233344146,94.03860819082571,113.96868870028099
389.6877133142407,352.760687775753,94.03860855769021,113.96868334741978
390.8266233470983,352.02146808682573,94.0385988271343,113.96870079877594
391.5320507062609,350.36135766959165,94.0380701128373,113.96933917093328
392.9017545308052,352.08059485792114,94.03734020384576,113.96996219875426
395.0545544960012,355.3235073811198,94.03727129838674,113.9700189577769
397.5429198430237,358.8239496273293,94.03717224572962,113.97010101427759
398.8608141513432,358.31062844333934,94.03670310044986,113.97059601668741
399.6899550204392,354.4629738579271,94.03635495505418,113.97106141843834
400.588833683577,353.9255869876398,94.03635835380003,113.97104825753902
403.0790847664073,354.5475643862995,94.03636737664652,113.97102880682307
405.3004174809982,353.6404658350981,94.03637372328247,113.97102336215238
408.19952925383933,353.74722979967885,94.03637462675798,113.97101575126068
410.5386731343697,354.29716818730856,94.03637294128927,113.97101824083279
412.244458268955,355.0337053530855,94.03637059852558,113.97102025281522
413.5588413736252,357.12800132153023,94.03633778571522,113.97105365161917
414.8445445160251,359.135784817906,94.03633285856623,113.97105872994301
415.7727609757461,358.5467499838677,94.03633178097442,113.97105999859042
415.92835316494563,357.72142330889966,94.0363296630888,113.97106260885666
416.0883807414584,356.8402072515577,94.03632856432343,113.97106405566338
416.5867568421871,356.8037445800223,94.03632671763289,113.97106454636294
417.8808018424826,358.94132308724863,94.0363173616495,113.97107356660877
419.275412876217,358.994386884652,94.03630108374672,113.97108946128212
420.19323913344766,357.10727026366555,94.03628375452706,113.9711086739428
419.7721317870301,355.1115773700678,94.03627247852444,113.9711230679346
420.7419230781257,353.9632511896004,94.03623290513758,113.97116721925943
422.33394153938406,355.361616094094,94.03622532336485,113.97117102805475
424.6617668544348,354.9619775266307,94.03622578579264,113.97116745991367
427.0862750150702,355.6981690191047,94.03622374674843,113.97116404020458
430.21302368918094,355.859280759874,94.0362239990824,113.97115888738027
433.17769895626606,356.7933891772404,94.03622241052986,113.9711530836076
435.2524636377101,356.8490395785692,94.03622202789694,113.97115426186274
437.31096913237263,358.78213223366765,94.03622401617186,113.9711496100063
439.10534632299823,359.4936255888898,94.0362145136896,113.97115894372081
438.3779637002882,357.4271390451662,94.03618463696311,113.97119698401839
439.22709886099267,356.8587256488719,94.0361369527306,113.97125197847325
440.8959034738841,357.91138142183587,94.0361351106758,113.97125444888742
443.16994335884874,357.72125879849403,94.03613387773382,113.9712552616912
445.7621450087106,358.8477392541169,94.03613495117901,113.97125169450064
448.3867599205265,360.6464628118841,94.03613503553677,113.97124863643087
450.4730232142147,362.6312460493882,94.03613480771847,113.97124326142878
452.69419549626315,362.53626917878495,94.0361344323118,113.9712446142295
454.9307824921833,362.05014479523015,94.03613548929955,113.97124369462102
458.00581141117925,363.6736994081,94.03614116601717,113.97122957691366
461.4365850239811,364.76282445504364,94.03616191450406,113.97119689406756
463.9873310252756,365.24644303386077,94.03616422420151,113.97119255980525
465.4700059853287,364.7611432505511,94.0361837670621,113.9711804349497
466.24091353013154,363.41674111574923,94.03619134934668,113.9711753097169
468.7408915077703,362.615334411334,94.03618866402772,113.97117368654212
470.7903228921671,362.1240200792397,94.03618806640709,113.97117442247378
472.5111626326761,362.03655345553847,94.03619116252243,113.97117274622737
474.6098918184863,363.62629221220107,94.03620393271716,113.97114669850883
474.9587000933752,364.33550635954396,94.03620527138995,113.97112775135723
475.67292284109664,366.97472724035174,94.03620857221934,113.97110882223069
476.42303922079884,368.9456580182991,94.03621256246399,113.97109721331158
476.7947731053359,370.9945241909194,94.03621480653155,113.97107738485585
478.67788784595945,371.089569398329,94.03623402828741,113.97102346059614
480.90642826082654,369.7378734913416,94.03623690064059,113.97101752371643
482.86274165117226,370.4668565041521,94.03623638642864,113.9710115076704
484.77642833395356,371.0374752995844,94.03623604866753,113.97100438078738
486.3286845833683,369.5931515916675,94.03623838710308,113.97099303464297
488.0993758055002,370.12846815606713,94.03624207031126,113.97098294604297
488.31738124744777,370.8262812728142,94.03624270942441,113.97097085973516
488.2362583606995,369.7080731968793,94.0362564862655,113.97093705471104
488.7582157573626,369.5315467742217,94.03626781274367,113.97088608351706
489.0380492465282,370.55325398761977,94.03627199797147,113.97086789123314
491.34841375451083,370.09938929039504,94.03627815046325,113.97085740798188
493.3805791408154,369.78451487327084,94.03627795570438,113.97085706334389
495.2547074129611,369.8325665888874,94.03627737950677,113.97085566119588
496.51227335690396,368.629329549225,94.0362936544629,113.97083321570986
496.413529202582,369.5089832383751,94.0362950260608,113.97082225464601
496.27850640950624,370.60492389686465,94.03630012992967,113.97080185189726
495.72413282818974,370.1693712440164,94.03630672440165,113.97077019422626
495.94186093853597,372.502038273954,94.03631068375341,113.97075557710015
498.0991441749619,371.85532651967213,94.03633132714302,113.97070417302045
499.1675818943619,370.5169036513314,94.03633819348823,113.9706964913516
500.5795061153742,368.9024431882016,94.03633799899177,113.97069600418973
501.58463031311294,367.61471197717407,94.03634088715992,113.97069346233175
503.44635762120123,367.9206694422509,94.03635934303527,113.97066348376951
510.4036234676905,368.08213965459277,94.03649287222474,113.97051442685512
517.5475731811613,368.17813127805437,94.03678905532949,113.97017645945854
521.9281326724721,367.9679994075787,94.03692152229289,113.97002438171866
522.699667377353,370.2381806345347,94.0369267203803,113.97001331864531
523.1930501068832,370.98861003132754,94.03693022227264,113.97000591780561
523.7436230910093,371.925991450361,94.03694191927305,113.9699897599984
524.5970187800643,372.28321669567066,94.03695565114062,113.96997252219046
525.2606127240592,371.5987867550166,94.03696567250618,113.96995833046999
525.8675954089804,371.41340022157686,94.03696738754842,113.9699518234321
526.6194193985073,371.17915791334286,94.03696709354557,113.96994873013941
527.3916694399765,371.78500756525176,94.03696748076865,113.96994354768243
527.9327727596476,372.0975556481318,94.03696768670994,113.96993929228462
529.1501163294782,371.5928962859177,94.03696696939657,113.96993644631644
530.1009331968121,371.0653368995953,94.03696673578177,113.96993093612427
530.3950513974327,371.04895265028773,94.03697137524729,113.96991135178207
530.4816790481076,372.2787210896613,94.03698796835239,113.96981947272982
530.17318648942,373.28023718003953,94.03701154693594,113.96973462244819
529.5863481293402,374.0037702616239,94.03703061137956,113.9696739696096
530.1517613614268,374.25805397451137,94.03703562723253,113.96965849905784
531.7414814546709,373.36287744178094,94.03706192672173,113.969596754338
533.6074023565894,371.9215194870093,94.03706931645755,113.96957049736221
537.1470917768737,371.5117707870546,94.03706765026651,113.96954438395437
540.0693145735178,370.744519976328,94.03704392053427,113.96941368023518
542.7646641057569,369.272225236024,94.03703709009518,113.96938875044283
543.5024344667837,367.68491556662605,94.03704260884817,113.96937315576703
543.6018965811461,366.00461351618765,94.03706013243804,113.96935246645214
543.1132458762014,366.2311321788259,94.03706513033617,113.96934438631389
542.7837381119913,367.12751411431185,94.03708950074784,113.96929844899672
542.4205980107522,366.97756123204056,94.03711345189085,113.96925549141518
541.9385338364016,367.00191613125804,94.03712516765393,113.96923463368411
541.4415360810914,365.5400250804732,94.03712542900286,113.96923081034227
541.5254527369373,363.89232506167644,94.0371306013599,113.96922593689449
542.6771834692019,362.8623900557844,94.03713235742694,113.96920162532966
543.6785762407126,361.6615753790926,94.03711294676022,113.96919795449752
543.8954142509513,361.92498569288443,94.03707895604514,113.96917050881007
543.6776058828326,362.1470174005495,94.03705848644329,113.969143428233
542.8426624086554,361.14349309407726,94.03705503105026,113.96914820267648
542.0766777974591,359.9712148981108,94.0370554214268,113.96915040874205
541.4908825827174,358.79336073615843,94.03705540348437,113.96915204090489
541.4569021768186,358.1439967161792,94.03705387427145,113.96915089957373
541.6125772103638,358.1109812656537,94.03705677539695,113.96914098670177
541.9587234361076,358.3706827631869,94.0370469410015,113.96914085323054
542.4994680008468,359.58838404814304,94.03704475190692,113.96912994782325
542.4558670370317,359.9673552859766,94.0370286557006,113.9691197178874
541.6770838070393,359.05169316580054,94.03702811529647,113.96912546058186
541.192509976237,359.64361933759045,94.03703781026792,113.96911994832378
540.1347876719067,361.23685325046404,94.037046818648,113.96910570343289
539.3211137132585,363.4673778308095,94.03705596889259,113.96908702598782
537.8799203328607,364.702353500861,94.0370615288977,113.9690780171989
537.5673915966904,365.3599748690291,94.0370663703371,113.96907173010436
538.1357992250871,365.2542821972179,94.03707584060211,113.96906110970032
538.9842956057545,363.6628345839381,94.03708298676091,113.96905352330215
538.6907962379806,362.6631588286005,94.03709678988601,113.96903767767695
538.2581929500454,360.7837428770364,94.03711196570526,113.96903283458931
537.9149277785301,361.37256445571995,94.03712256672388,113.96902105539608
537.3751433275977,362.83494870502454,94.03712761246373,113.96900336168797
536.6941246790258,363.83777966126445,94.03713869500798,113.9689733728838
535.0430812734394,364.682251164847,94.03715751110951,113.96893155170805
534.929458235766,365.20660588707403,94.03716654069136,113.96891039975736
534.3896445160727,363.41226554747556,94.03719555325898,113.96890127487707
534.9671783325409,363.4297760840232,94.03719703310033,113.96889509191615
535.9184931556598,364.10007756223,94.03719294762308,113.96888130119011
535.9832336351925,364.509450349575,94.03718194948546,113.96884992795052
535.5198735038854,363.30359991836275,94.03718487115361,113.96885817105121
535.4906544037423,362.95370860986765,94.03719008634273,113.96885460182318
534.9205645377282,364.0244130038358,94.03720484701911,113.9688368527816
534.7780449372876,364.80942119675353,94.03723427631485,113.96880430693477
534.5883002770938,364.1894646733312,94.03724052275257,113.96879590316452
534.5296155539382,362.71907930871424,94.03725644777646,113.96878790009858
536.5969853303513,362.39928429656175,94.03725438655783,113.96877329631751
538.9588141012975,360.7196917635814,94.03725302218606,113.96875168579503
540.2146300542033,360.7982733478061,94.03725737354624,113.96873155883716
540.1340260760695,362.1788213482785,94.03727116923315,113.96869794154402
540.407026279571,361.68431981053334,94.03725604369777,113.9686972991351
542.6451305676017,360.91382336068864,94.03723517363001,113.96868613712553
543.842776009891,359.40388825225233,94.03723680957422,113.96867295975683
543.3435251233735,359.10402868733803,94.03728365421124,113.96863346455493
542.8168756341529,360.06890555280853,94.03728797399165,113.96862290435215
541.8227030871698,361.22176545322276,94.0372955511732,113.96860459774061
542.5159705014077,361.902122211036,94.03729755932156,113.96858668262385
543.5787891714551,362.0145253211315,94.0372894058568,113.96857473104089
544.178252786842,362.54711982295214,94.03728826627739,113.96856984376318
544.3564031551552,364.23464430643224,94.03729753960727,113.96850943271117
546.0907006660339,362.358716538858,94.0371258843965,113.96822301534498
547.9779191041694,361.4734263612132,94.03712428987902,113.96820960823675
549.2302093645112,359.49680211246505,94.03713332684305,113.96816263644907
550.0606711506211,359.65784723175784,94.03712858644847,113.96815056625566
550.4416509869219,360.70027797223264,94.03712822819325,113.96814035025963
550.4544064662863,362.7127410328416,94.03712925324666,113.96813659995233
550.8903345750291,362.9409688993018,94.03713055967907,113.96812510068789
551.9572636249044,361.9127264323995,94.03712613386355,113.96811460640724
552.8163419927415,361.7459626811264,94.03711107318462,113.96803416708751
555.391935539048,359.76843444968665,94.0365363348504,113.96862881699397
555.1850330965946,360.3083309589757,94.03652798638163,113.96862782112095
554.9326985211693,359.3114204355311,94.03651555001288,113.9686353533007
554.4480515088949,358.65243251942434,94.03652629180483,113.96862302824182
553.7390895781467,359.44365348239535,94.03652884859837,113.9686064582111
552.9611389803489,360.6196586014965,94.03653030492873,113.9686002712173
552.5358331518412,360.22278087225516,94.03653021563275,113.96859578764517
553.3981161455265,358.8693800470602,94.0365252042906,113.9685748042918
554.4328969204583,358.49359778584136,94.03652012911257,113.96856659857251
555.190130277412,356.2025146195064,94.03650623026131,113.96852000628509
556.7353270021069,357.5707000152219,94.03572598010521,113.96942362319453
557.4917805481634,359.1325732800993,94.03540953473612,113.96975560563159
557.3188683234396,359.1166765944967,94.03539093728011,113.96975624301845
556.3861180438711,357.81677823772446,94.03539939093321,113.96978503320784
555.8205839959703,357.73192757186143,94.03540032994306,113.96978574237528
555.4370541053402,356.9508271268787,94.03540048700818,113.96978620528532
554.5234940163555,357.1732185008776,94.03540286426504,113.96978550575136
554.3049626290026,356.5156691296944,94.03540504441197,113.96978155169899
554.618333859031,355.2620667743634,94.03538670830991,113.9697669477858
555.5883805826686,354.6694371686044,94.03426847599313,113.97127958299458
557.3432099257532,356.77688486345204,94.03398965356293,113.97154360949813
558.4187042886863,357.72869983318253,94.03379877162976,113.97175433108599
557.8128252775806,356.9647147090317,94.03379818025483,113.9717566495476
557.435202480477,358.5814886425669,94.03380196318643,113.97173691968418
556.8840914852483,360.42810133295404,94.03380937883014,113.97169448416145
556.0635420104123,360.82587850655483,94.03381662413331,113.97167427087099
555.6752464277113,359.7099280307401,94.03381332952489,113.97169002772198
555.2620207154686,358.86100851062383,94.03380117387891,113.97167955585434
555.8921671849921,358.4461450939579,94.03379301628785,113.97167522282332
557.2955472162417,356.85224836216565,94.03368096976436,113.97181228381994
558.828907022875,358.57456455027943,94.03354665885082,113.97195072058065
558.3867379868761,358.77926881323685,94.0335288877814,113.97194542938607
557.3539287837316,357.63006049910047,94.03352901747435,113.97195927140397
557.0683549766642,357.57670210030017,94.03352424255975,113.97195816211232
556.5474602867906,359.0831778097707,94.03352039511103,113.97189994309191
556.5011800441888,360.1604505106292,94.03352253362598,113.97188816602396
555.9787716015038,361.17846564380716,94.03352626286804,113.9718636350654
556.2141618437689,360.79765031338394,94.03352531649244,113.97186572773936
556.959950973594,362.0819644921402,94.03341548640756,113.97198107597639
557.0810565133672,361.8346189433987,94.03340884948148,113.97197746368147
558.6657567440503,362.44239787225536,94.03233834226258,113.97298736071362
559.9758413214,365.35760176714246,94.03219363023592,113.97309638612501
560.5145577798288,365.94407252541015,94.03219012717389,113.97307879212838
561.4762531691742,368.2922693805668,94.03199697555053,113.97323163638053
562.5685544351352,368.96757029655157,94.03132770168523,113.9738297889614
563.7158658861846,369.0782723554289,94.03058645432594,113.97452436445833
563.3789228244219,367.86593498739694,94.03055874137198,113.97449001887259
563.0684433427526,366.81473527597484,94.03053952811692,113.9744950992943
562.6115830395397,365.99989004657243,94.0305288575537,113.97448036744052
562.4009358867115,365.88048147477303,94.03052510636924,113.97447306901027
561.7856852006363,365.85060597110356,94.03052339624433,113.97445933349802
561.2495123750409,364.72323634624064,94.0305225985367,113.97446168289424
561.8183143213053,366.4858538982134,94.03042864806275,113.97455616879242
561.1711692289292,365.59317609374415,94.03039741500633,113.97455239510154
561.3857519820434,365.29762047335686,94.0301533102785,113.9748332501912
561.0860105584808,365.509618577559,94.03009699667531,113.97475063984749
560.4837881752459,364.10370459664443,94.03008400328802,113.97476143248723
559.5370428828431,362.4596112113572,94.03008260467985,113.97477762696609
558.992301806644,363.12106103161125,94.03008376094616,113.9747675528795
558.2587788519905,364.6128112351265,94.03008174048931,113.97471350548335
557.6841637434702,365.1084295848173,94.03007492082497,113.97467701476566
556.8815621153353,365.6586160432489,94.03007645590327,113.97463063598846
556.1795315167167,366.03854788470835,94.0300763356968,113.9745715595072
555.4274755140323,366.88544129228967,94.03007669345979,113.97452475460612
554.547745113587,366.4563894209581,94.03007799880574,113.97448564448614
553.1372224660845,366.416671550276,94.03008218663305,113.97447057738474
552.5775902230773,365.74568802483924,94.03008028184696,113.97446432350982
552.2334341002168,364.85171859718554,94.03007320212106,113.97446649134773
552.6000941553505,365.09243433246814,94.03006289724672,113.9744551503201
552.5565145757955,365.6374297068851,94.03005327340726,113.97444440770414
552.6549603894066,365.73969511949184,94.03003143673915,113.97443398682942
551.8335741195644,364.32390655771525,94.0300253413983,113.974437385636
550.9174084544701,363.5782333873506,94.03003979612939,113.97441126027785
550.4681299624947,363.45455621304563,94.03004346825527,113.97439216206561
550.1400101131303,365.34031172988773,94.03004437265724,113.97438910682084
549.5556082555212,365.47889560049623,94.03004940280172,113.97436874810155
548.7235929504317,365.2167739876818,94.0300603091156,113.97433673044813
548.106020106141,364.2715609011239,94.0300603096401,113.97433662544962
547.9688533021231,364.0749019422239,94.03005740081882,113.974335711329
548.5161038916004,364.84450034761255,94.03004007425051,113.97429796007621
548.4207730536791,365.51018191198943,94.03002018826567,113.97427860134965
546.9864768363075,364.08180029193556,94.03003490427415,113.97427132601544
546.9752405858914,363.1530761387662,94.03004583616972,113.97425174256844
547.2291127364928,363.63571464640074,94.03004674132288,113.97424989571819
547.0579945789979,363.70091890007507,94.03005067997564,113.97424036219223
545.5755720173684,363.62490449154126,94.03006540467503,113.97422215608265
544.8807888243401,362.922299616434,94.03006608447836,113.97422236497637
544.315510073785,361.8280944502069,94.03006676376543,113.97422265371414
543.9888528584451,360.59491156007994,94.03006636557278,113.97422643445633
543.3768294155325,358.93260731469746,94.03006630582611,113.97422683768166
542.8706385413251,357.9026998016763,94.03006626217243,113.97422741059891
542.3840707261135,357.1980264262524,94.03006636164694,113.97422746173208
542.8598395360045,357.5542782318837,94.0300624766632,113.97421154807078
543.7383125057877,358.234938670989,94.03005809402755,113.97418684677058
543.352806476168,358.1848746054241,94.03005254224006,113.97418427832547
543.051235218628,357.90060282037706,94.03006137888389,113.97418542755547
542.5675192354233,359.50492330973464,94.03007193282524,113.97415665243832
542.2915833658669,359.8185587360009,94.03009937309844,113.9740914697857
541.6366983443886,361.05610590521945,94.03010503083159,113.97407809829807
540.9565650910176,361.8325000162077,94.03010997808721,113.97406835875866
540.7582340812681,360.97794682455196,94.03010535158258,113.97406650861835
541.3303741889041,361.4786112849065,94.03007934392161,113.97398940465885
541.3957172671218,361.94080789099735,94.03007088752912,113.97398501837048
540.8247009955123,360.95365459655704,94.03009035778037,113.97397477184771
540.1289950565548,362.3981446691067,94.03010630921987,113.97392995427822
539.8095663297903,363.38899008437807,94.03011897467438,113.97390020504959
539.132556522808,364.30133767061363,94.03012931797097,113.97387689708803
538.3967511991589,363.3463291652019,94.03013466436593,113.9738737949202
538.4907792443372,364.4077678636591,94.03012698144461,113.97386636642007
538.6616485416355,364.9333745520784,94.03011540520455,113.97384491558402
538.3529994908079,364.2770879617692,94.03010560547735,113.97384323276853
537.6449382402648,363.3909994858148,94.03011139208598,113.97383879296137
537.3793404454751,364.4856266255691,94.0301380439822,113.97379468992057
537.2713274110072,365.31488209989556,94.03020900451376,113.97366520336494
537.1212644203848,365.21460761307173,94.03021343996689,113.97365827131283
536.3166507015198,363.44470291298535,94.0302564933508,113.9736322184522
537.054260239315,363.32004164267124,94.03025750195098,113.97362036414862
538.014671828007,363.66266192318676,94.03025444156374,113.97359158080468
538.1759368228321,364.11007926675137,94.03024476756055,113.97357514004
537.6335058869352,362.35041597543864,94.03025692412177,113.97356669115611
538.3239979963911,362.7229574034362,94.03028645623979,113.97351417869342
537.369402280842,364.2005203363237,94.0302894975599,113.97350887642563
536.6683195792938,365.96820272342546,94.03029199114852,113.97350420010716
535.8886993192455,366.33775274316724,94.03029598475585,113.9734984179784
535.4950331963609,365.4101420070946,94.03030010647879,113.97349396944657
534.7642223179083,364.21945750892803,94.03030105573615,113.97349385185753
533.9749085551844,363.15679634776654,94.03030349821447,113.97349597802877
534.0268316914135,364.00696751244124,94.03031237371405,113.97348104507212
533.1583263389529,364.8581090232452,94.03032428217219,113.97345982899857
532.4524999397441,366.0965085273946,94.03036874223362,113.97336446449862
531.2075166921911,366.9499947860338,94.03039459402903,113.97331984276617
530.8871110062789,367.18348079600037,94.03041395363879,113.9732940372705
530.1948013763803,365.79459028266797,94.03041600400154,113.97329453109847
530.162924413237,365.8472145811252,94.03041725672189,113.97328335855767
531.142855221109,366.2850959373287,94.03042061499973,113.97324543863098
531.1044257923392,364.7073148309553,94.03042287428144,113.9732414358627
530.3314017904202,363.79430399877515,94.03043606519202,113.97323463399829
530.3348348175425,364.86997575105386,94.03044283534058,113.97322827619998
530.4704522468633,365.9310973247387,94.03046424472363,113.9732049297794
530.9337228573967,365.0517178700081,94.03047317357436,113.97319838017991
530.8266908637842,363.1288838487322,94.03050026397463,113.973185232241
532.7147749849886,362.7197791667926,94.03049154648332,113.97317684175616
533.9155962511616,364.03739282368485,94.03049229035192,113.97315002845988
534.6186629190454,364.5751508240805,94.0304855729696,113.97313535041492
533.906409778675,362.9962845428445,94.03050020980493,113.97313351881347
533.8584274706878,362.97950971668126,94.03051954945911,113.97312029485582
533.4228537183109,364.0637653192078,94.03052550128784,113.97311428160569
532.8124728019004,365.22177038174954,94.03052984967287,113.97310962489072
532.6295708199023,364.8549705563764,94.0305355191248,113.97310603657762
532.1421289302048,363.79980877442,94.03053908001394,113.97310664821987
531.9525306124419,363.7064988631511,94.03054157510537,113.97309732442007
531.1713141901566,362.5070002623394,94.03054534920327,113.97309745763843
531.0922067924853,363.15466395380093,94.0305839906477,113.97305494200204
530.7759251615008,364.4020002899396,94.03059677463517,113.97303358732107
530.126076212152,365.9430578659703,94.03066164720968,113.97292322079745
530.0014157007249,366.78922761882785,94.03067710887899,113.97289750540367
529.4860235745402,365.54023581262817,94.03068641026724,113.97289527795935
529.1503011951702,364.72470876782154,94.03069128291412,113.97289365487266
529.1923390406864,364.7905365501462,94.03069485747622,113.97288669032483
528.8565486862691,364.70884050392795,94.03069972202296,113.97287196365613
528.1161853551187,363.5830339765914,94.03070777165283,113.9728716398044
527.7738476345405,364.58119286498,94.03071461225001,113.97286707732935
528.0412937256878,365.3943865345983,94.03072053223894,113.97285946641006
528.0910540511778,366.1754393940315,94.03072603327358,113.9728548732608
527.8791205828803,365.43352207837296,94.0307365922669,113.97285297293878
527.6160177531726,364.190143279766,94.03074595069903,113.97285615273324
527.9089010865501,364.6036788337365,94.03074965251989,113.97284598267368
528.0328528947203,364.53071748595966,94.03075523935131,113.97283513955213
527.8553511169576,363.06149134713684,94.03077033910418,113.97283612706713
527.9665075494845,363.3555931459168,94.03079029434676,113.972825886498
528.6165747991872,364.7812708640916,94.03079343398711,113.97282338021743
528.8862730435332,365.6948764344771,94.03080199318879,113.97281670531241
529.0997951678428,364.56183980111655,94.0308448429297,113.97279528743272
528.783649076523,363.4695967906873,94.03087270948717,113.97278466713216
528.3836259968059,363.1750534972083,94.03087659730735,113.97278257573019
528.8088607294238,361.96510754765075,94.03089960948842,113.97277691854043
529.131913908802,361.7949522409622,94.0309155275151,113.97276777922428
529.3090000150756,362.6397904600197,94.03095318506789,113.97272745236874
529.4090802270366,365.1922212819161,94.03096473842751,113.97270990189878
529.8925181192238,367.4636319702656,94.03097106369505,113.9726994421003
529.9556514742875,368.7918994082652,94.0309809807507,113.9726858864442
529.2700915224817,368.347953618268,94.0309948558054,113.97267639870486
528.9495765513389,367.185929224164,94.03099627464594,113.97267619094112
528.0922885585321,365.5043362767481,94.03099935376535,113.97267524953023
527.9288748468967,365.3879730096547,94.03100178414103,113.97267427099987
528.00025601127,365.6839169742082,94.0310075701996,113.97266994165088
528.0914660383141,366.4185803333517,94.03101419226552,113.97266495111657
528.1914591773663,366.573342418683,94.03101857411352,113.97266212773833
527.900628504897,365.37806590327733,94.03102668170904,113.97266049203047
527.3115594695207,363.37649518767864,94.03102899978371,113.97266052002963
527.5488705688012,362.46630141193396,94.03104672360325,113.9726564165507
527.336190270576,363.06470572438576,94.0310914333177,113.97259855172554
528.4914695664,365.66318470508594,94.03111977099094,113.97254334224785
529.6554237970322,368.0205898140941,94.03114271384027,113.97248579833438
530.4807639705782,369.12604343629727,94.03115554492518,113.97245954872467
529.9991204182392,368.4067020487711,94.03118915152592,113.97241864041987
529.7854912124938,367.3109961321741,94.0311911576632,113.97241611738202
528.9782255365844,366.1122763073499,94.03119325742949,113.9724143798541
528.8346864581318,365.3434830875691,94.03121028929459,113.97240948125794
528.9586191595649,366.4705426846283,94.03127767813847,113.97227283108491
529.9166609077499,368.01482820897854,94.031314234106,113.97217748657754
530.9296936234491,369.3942628735391,94.03133608679578,113.97210484935091
531.3276297374724,370.0612149879329,94.03138363471203,113.97199163809563
530.5652955770513,368.6741138492088,94.03141258749696,113.9719820319989
530.4513402396658,368.1884302477233,94.03141634970274,113.9719587492063
530.7162590959966,368.36907476324944,94.03141445723915,113.97191418803514
530.3326663079516,367.27148510410296,94.03143157105282,113.97191309022092
530.3384478206622,365.8737208369017,94.03144707570476,113.97191297433955
530.446304135208,364.77411473387775,94.03145539817012,113.97190929141046
530.1935333196323,363.73146305045634,94.03146142675217,113.97190577539504
530.3428929920105,362.3390780473728,94.03147513758711,113.97189074928977
530.7103607494943,361.35905076690017,94.03148164160547,113.97188507139691
531.0218902420999,362.9468631290003,94.03162164244789,113.97145294172478
531.7923633155831,365.2108668213399,94.03163592658024,113.97135483591522
532.5611835202062,366.90169670931203,94.03166183813487,113.97123893471158
532.7309006998547,367.65393850237956,94.03167861304276,113.97113021029371
531.9011614358844,366.1993417650894,94.03169611956002,113.97112301653904
531.9917654654106,366.2232779538481,94.03169836977455,113.97110738712577
532.2839571754836,366.60265787212063,94.0316961723536,113.97109417457362
531.7509327584041,366.07647203063846,94.0317011527526,113.97108887198809
531.5431942101517,365.2338668444088,94.03177410830844,113.97101141123352
531.738662294495,366.90711464743333,94.03178975188897,113.97098186963764
532.6868811542131,369.11977502011314,94.03183473852283,113.97083679108708
533.433931862568,370.2091200764171,94.03188586774186,113.97067975571922
534.279409789169,370.73795165020766,94.03191104500418,113.97061496057024
534.2382717528429,369.7828768800643,94.03193850441797,113.97058083272047
534.4049716394885,368.61809031771173,94.03194798090927,113.97057269674436
534.6633045692074,368.1531768105206,94.03195443468488,113.97056647777019
534.7311276262201,368.56139452670095,94.03195984949487,113.97056006438375
534.8234584956422,369.08883317340144,94.03197989873745,113.97052881933791
