23.5,88.5,66,55
29.17086406252848,88.39706229776019,65.79765709833171,55.16350276053202
26.627252726370457,86.85378085475766,65.79753893889117,55.16377934015585
26.14698670460671,86.66835211560806,65.79752466770232,55.16381170658906
25.40206387536214,85.43763908848615,65.79751861301092,55.163819847395985
24.44773770626621,83.48828683317238,65.79749432690468,55.163841763724214
23.594758874698343,83.16180752765761,65.79736916914808,55.16394336915757
23.30700624961755,83.74569995527439,65.79730556450086,55.16402533998147
22.84094070032944,83.49857825723566,65.79727336494705,55.16405998294994
22.35613093834239,83.06956246051709,65.79720876492823,55.16412771635214
22.189061084783873,82.4583372153532,65.79715109984716,55.16419470753441
22.061014809537447,82.29540978170407,65.7971008552541,55.16424906657196
21.959529185452574,82.07218561005092,65.7970635858009,55.164291105041976
21.980897200207913,81.83849775360483,65.79704660008152,55.16431052354062
21.931118891116206,81.45924731131308,65.79703192318236,55.164328415475026
22.1238601307657,81.2466092009407,65.79699772087999,55.16437246420749
22.25123392295879,80.5647126532499,65.79695377743161,55.164428214847234
22.549074966991824,80.19745267180862,65.7969261769754,55.16446046534653
23.03685991982917,79.77128114284386,65.79689988950292,55.16449012396116
23.412676386218635,79.51060310862019,65.79687950078375,55.16451219992728
23.721680854965655,79.42484144213839,65.79685736157614,55.1645364593855
23.99590181349251,79.26830760826545,65.79683611217075,55.16456133743372
24.20280158561866,79.2400156866101,65.79682566141287,55.16457376046227
24.538224067592886,79.25091261730705,65.79681058962292,55.16458949936204
25.01040175992027,79.33220938691989,65.79679334784001,55.16460768308251
25.41753581964408,79.28168539916739,65.79678118122747,55.164620711847846
26.02449240361063,79.15249754190081,65.79675284376923,55.16465165690315
26.476306191947103,79.16039660820144,65.79672375447345,55.164682737265466
26.89474510091049,79.09100207535582,65.79670414949452,55.164703577048456
27.54373850632814,79.20482020359648,65.79667154035752,55.1647408213434
28.167848230195297,79.13704101708412,65.79664559504936,55.16476724735142
28.849400743952792,79.19790187459127,65.7966126052312,55.164798614016455
29.49619256663486,79.26939417962706,65.79658004724652,55.16482856905508
30.176512905349085,79.30882711725661,65.79654973568569,55.16485941003306
30.817531040355014,79.29820516986766,65.79652282884827,55.16488758470877
31.414549304527412,79.34143163544901,65.79650382999108,55.16490647193356
32.03810411310575,79.25075337302081,65.79646285640435,55.164951091405904
32.52041703712424,78.98512281319984,65.7964402536257,55.16497407237217
33.10619932454098,78.63137562915529,65.79641534306072,55.16499838106643
33.5939729536491,78.25250511386622,65.79639149707211,55.16502162342509
34.256798353215196,77.91935853285581,65.79635991867356,55.16505120512366
35.11712834722341,77.45492517930921,65.79630983399271,55.16509861347266
35.42830612790969,77.01565452283036,65.79627265965169,55.16513344478287
35.794576643226186,76.67868596229155,65.79624171889297,55.16516203419468
36.060107320996394,76.71052660021016,65.79619033544805,55.16521205620806
36.58240283110134,76.91188529493334,65.79609322888867,55.16529951829371
37.04671771500393,77.26360119617487,65.79603593699368,55.16534974763282
37.229347342753776,77.65005330622824,65.79598238665984,55.16539701125259
37.55667912467254,77.96402640464879,65.79592498632405,55.16544857041583
37.83042525201474,78.35697196373167,65.79587481023005,55.165491006422606
38.0311877952757,78.59520036249799,65.79584178293894,55.16551975929355
38.29214212001009,78.82104616817298,65.7958048194519,55.16555062084968
38.70491374807136,79.08513271693127,65.79575483944859,55.16559406414654
38.831450667948246,79.06499342385135,65.79569920009232,55.165645702790194
39.103503411246436,79.08108557988862,65.79565138075134,55.16568596391063
39.31855074728485,79.09049668558501,65.7955984390784,55.165731450084586
39.463578526429245,79.16841700827047,65.79554466058431,55.16577858728736
39.942925615881634,79.33628297368467,65.79544152562866,55.16586485776245
40.08322866746356,79.35452992374556,65.79536352080962,55.165928050903354
40.254166976279635,79.59069814843345,65.79530079530355,55.16597772327746
40.42510491236256,79.82686612001528,65.79523807020571,55.166027395224184
40.659723118273305,80.18630741132657,65.79517842764082,55.16607523586135
40.828590205824796,80.13968611066241,65.79510083990013,55.16613571299218
40.959838582825626,80.22430805708784,65.79503716776378,55.16618532807494
41.162909710790444,80.27573379977859,65.79497384650364,55.16623449677095
41.339694822727424,80.25422199508208,65.79491087317709,55.16627886947178
41.44784577160907,80.22702015135903,65.79484365940428,55.16633386461994
41.72825594030611,80.27766484469632,65.79475437536254,55.166400447851245
41.64222380745456,80.26830054356466,65.79467680597214,55.16645651864387
41.66743941396545,80.19754546532161,65.79460447326163,55.16650886413204
41.74133298033169,80.14269796377641,65.79453064409512,55.16655959578905
41.88977813461961,80.13527087846361,65.79443078633066,55.166632659219935
41.97596233592934,80.03790587717313,65.79432152074563,55.16671496220641
42.203046276430236,79.95982411807698,65.79418728275111,55.166807964885294
42.67319838253708,79.80250902552348,65.79409502227006,55.16687270003923
42.648837491973886,79.95160449236025,65.79400061422656,55.16693965372913
42.80429871887485,79.93836007595753,65.79389578952353,55.167012724974335
43.26776170410662,79.8873547989939,65.79375516890588,55.16711180115702
43.719864219966574,79.91294948234963,65.79365848269454,55.16717774626251
44.017320878301646,79.92484693091723,65.79358038779182,55.167229136407634
44.37985254140598,80.05845647434111,65.79345825564062,55.16730836055494
44.89399429061907,79.95233737299628,65.79329837438668,55.16741062245443
45.03873953114798,79.76000354030448,65.79316782050628,55.16749573850447
45.305588994628934,79.50966499814768,65.79304508401603,55.167570994719775
45.6593358618956,79.25612764239915,65.79289075549619,55.16766993622019
45.796280865799005,78.93630028489177,65.79271195221818,55.16777539586386
45.9542466054611,78.6637755729,65.79252076019792,55.16788512305861
46.20732155254723,78.51061365545984,65.79242365809796,55.16794038513162
46.51131618915714,78.2973586458444,65.79228016811177,55.16802274198991
46.75280122952844,78.13173816115844,65.79213086645434,55.16810707011694
46.98910595698471,78.01975230134278,65.79203028905759,55.16816218463332
47.11735367456897,77.89121475356453,65.79191940541419,55.168222677767105
47.26848419811418,77.60356609162679,65.79183769487162,55.16826293873059
47.29724113402675,77.3571048029278,65.79171184931377,55.16832537771231
47.465459311175145,77.18089604050178,65.79160102125446,55.16838715414936
47.65588758826512,76.98601812823262,65.79147560268129,55.168453026552584
47.84330117098696,76.85638865736635,65.79134603307233,55.168524627548706
47.89507887678473,76.66986769147756,65.79128173406663,55.16855795050825
47.998810351571926,76.4798574682755,65.79119919850133,55.16860167729453
48.02858734157813,76.4073042055449,65.79112414216732,55.16864177755145
48.17167668259964,76.139185096223,65.79102465824633,55.1686917513756
48.17713364611403,75.79147484574483,65.79090975267766,55.1687485519421
48.47846560155889,75.40490611837376,65.79078073196281,55.16881495604029
48.54930127312115,75.11306223775549,65.79068532134103,55.16886112858896
48.78245733858113,74.64403682927686,65.79052854062935,55.16893981715495
48.79639171163069,74.44340859606292,65.79042123152908,55.168984574798706
48.7400907672831,74.36237394900117,65.79027895277717,55.16905684867763
48.693238291724676,74.25307617239528,65.79013767219503,55.16913375731811
48.73751318716785,74.10548867732984,65.79001077578653,55.16920114437584
48.909021617053,73.93369668505247,65.78988608596862,55.16926711020806
49.08052997182586,73.76190476783655,65.78976139736368,55.16933307492898
49.34502759128344,73.3937868403359,65.789614270078,55.16941175105147
49.55088990519488,73.18202611988627,65.78950572921497,55.169467940028156
49.82447344822959,73.1694865737716,65.78937743670939,55.1695345745142
49.92823781175625,73.09630183193872,65.78924193866379,55.16960626061929
49.85088782241475,72.91921281892517,65.78907337419875,55.16970146384668
49.79292923991167,72.74718857106167,65.78892336065752,55.16978577028269
49.78621794755252,72.71660041051453,65.78875075175132,55.16986911489623
49.94121827470502,72.50853279520106,65.78862487047184,55.16992232094891
50.03763885184767,72.16279702798532,65.78849179123308,55.16997943954406
50.15120844881947,72.12442939332742,65.78827595871012,55.170075533444816
50.219373692666665,71.95175407376303,65.78812654241636,55.170138581354664
50.337989290426826,71.90460303038242,65.7879967676562,55.17019154627111
50.38946927725385,71.8817738954143,65.78788390075692,55.170238490555924
50.592767260574185,71.6664593349178,65.78781160884274,55.1702676836467
50.773667609878316,71.37858501210454,65.78767383452418,55.17032152985001
50.869868008173505,71.19213464843249,65.78753892102192,55.17036853104552
50.872354477184565,71.08071250404359,65.78742463373258,55.170415902861635
50.87164780131597,71.05453155108835,65.78735556149277,55.17044920729259
50.83645541657482,70.86521028434667,65.78728349087717,55.17048712008082
50.609592645312894,70.61330588792043,65.78720066614868,55.17052073354717
50.673322910589576,70.48632188530915,65.78710365347575,55.170566812748156
50.61294219402898,70.38939107952122,65.78700060586307,55.17060745605371
50.782050422877646,70.41801631499489,65.78686684913353,55.17067211861839
50.85054520264542,70.36120308975124,65.78673512703656,55.17073652162416
51.01345620383294,70.48961663423789,65.78662208018788,55.17079153394823
51.232313582884366,70.50656141827723,65.78655538002265,55.17082350192775
51.472610013004044,70.41180868921553,65.78649391426495,55.1708528127571
51.624775106364716,70.05113217532633,65.78640562321927,55.1708963574842
51.833008040089375,70.03561776760947,65.7863170021498,55.170934624486044
52.03713852687852,69.80244429842087,65.78622637101688,55.17097615796174
52.360996682141206,69.55875024245469,65.78613449353213,55.17101744191024
52.653822770665634,69.21672869243675,65.78605157898785,55.17105540068789
53.47384265052689,70.00552167153766,65.78572057666585,55.17137736236978
54.374230998470416,70.97838685991621,65.78540660355712,55.17168511255818
55.17328095743039,71.5974862638617,65.78495924014919,55.172123155977935
56.03608500672598,72.56820474740464,65.78438561688455,55.17269146557206
56.89278973983884,73.66683699523861,65.78402770819973,55.173043308633964
57.62170724989562,74.82281074024215,65.78370792780174,55.17335930739641
58.055816984925485,74.67760338406187,65.7836390495923,55.17339348224707
58.67675615444559,75.76541623785047,65.78333154089724,55.17369398316596
59.322324566044074,76.89243966444616,65.78291780310371,55.174112233123985
60.08622464047273,77.6499529563965,65.78253757898243,55.174493092269856
60.722901626009794,78.2474706866155,65.78190513691526,55.17513896537375
62.240453027010616,79.17742649976222,65.78145504487455,55.17552799921366
63.62838183110157,79.43886291894357,65.78040608194105,55.17645911020705
65.52135815367146,78.46379744701483,65.77991533941967,55.1768172192867
67.28814916019292,77.50852916852728,65.7795500412358,55.17711634473563
69.0333762109002,76.50160029634218,65.77919799250981,55.177394482095934
70.74272368582545,75.78332961867503,65.77896770330383,55.17756808726239
72.20398472573541,75.19907954021707,65.77883393868473,55.1776623537135
73.2166195923115,74.39750184633047,65.77861627615023,55.17782949838367
73.95567457583635,73.80158001310826,65.77822347027909,55.17814806316642
74.76675314434317,73.24911620669258,65.77807966372507,55.178251490626394
75.61484766038717,72.75994196258723,65.77795653434704,55.17834977332026
76.24207429701552,72.22471285470084,65.77787371206384,55.17841442677615
76.83354414569365,71.84231270669345,65.77776840153312,55.178496965089074
77.30870701987041,71.6418056213494,65.77768892765089,55.17855882640711
77.79918789829105,71.32161229778256,65.77761821971787,55.17861223827697
78.21046917442742,71.09227225151163,65.77755977062887,55.178653543549245
78.45662456444364,71.12428842658971,65.7775055425774,55.178688937111694
78.56869842575338,71.02342975264493,65.77745489303607,55.1787188894286
78.68643496602948,70.67360581452544,65.77733963347157,55.17879932849565
78.67334478802114,70.69696704577356,65.77725451172662,55.178850430069865
78.6841171602521,70.46525470878923,65.77716232828557,55.178901592008884
78.62255417090464,70.37125012119698,65.77711706688916,55.17893020474489
78.87246758417695,71.70226047470838,65.77689586621239,55.179129498942785
78.60957321288056,71.7764767549505,65.77684820066688,55.179153050008885
78.23253387344974,71.59653668354909,65.77680521834229,55.17917581242153
78.09245348709416,71.60422434820705,65.77676199296461,55.17919960757893
77.67147093734305,71.56845917560344,65.77672112437298,55.17921875122568
77.14841504627712,71.72366303227,65.77666744019623,55.179244068021035
76.80814584233515,71.94287902887604,65.77663095412876,55.17926017609107
77.32016383506974,71.88737930889809,65.77650191484186,55.17939253297429
76.77138586117437,71.91324294995272,65.77646312462598,55.17940887373431
77.07241344845758,71.98112770163064,65.77630781234897,55.17956880587002
77.54330429711368,71.80492693819369,65.77617430028992,55.17970849144676
78.06246008052739,71.68850812552124,65.77599730835264,55.1798895783052
78.5825627455491,71.51140028027869,65.77568286366233,55.18020879991249
79.2265490515571,71.29574112129893,65.77538587077169,55.180515113258146
79.9352706467273,70.47938414911216,65.77477000148384,55.18114945634384
80.52093069079581,70.49513712332494,65.77442214139704,55.1815093095805
81.15426373839776,70.3839869862151,65.77400975598624,55.1819427973202
81.73652114279496,70.53282293637781,65.77371027350105,55.182256838166445
82.31541490518279,70.72954156843791,65.77335375515695,55.18263446562301
84.47571108920644,71.36543330885809,65.77350065636624,55.18246482107109
87.5599079916964,71.80364979072998,65.77369501285482,55.18222806294332
90.4786174446642,72.15499630137036,65.77391257771393,55.18197202524791
93.3668542842935,72.61586720205752,65.77415846861524,55.18168167326783
96.67914565814067,73.02678506452524,65.77442885507617,55.181370329969944
99.49853716211572,73.41972687143361,65.77483270625693,55.18091363084513
102.60176934896946,73.78635223958103,65.77525367037904,55.180440013233145
105.48242249006273,74.1560617304118,65.77543153431067,55.180242664052244
108.3312930347885,74.41381196798068,65.77587159720288,55.17973442600554
111.0495257929447,74.75057186014644,65.77613265101985,55.17943372641371
114.0838219389014,74.8229578366578,65.77636894187015,55.17916119451066
115.11242867101461,76.03470163022392,65.77537243282865,55.18013187268301
116.00429885413344,76.92526834373876,65.77437671266338,55.18109089770259
116.93994502232793,77.58404992521932,65.77315149587278,55.18227668569972
117.90672861098619,78.2079506958647,65.77165373937076,55.18371327783945
118.86917431605524,78.66764527461321,65.77054896939993,55.1847777879831
119.74804589238403,79.2621248176237,65.76928710660594,55.1859829103743
120.55867085174143,79.68558410623913,65.76819609864248,55.18702510327358
121.39642503184399,79.80358283839747,65.76711143304793,55.18807876829803
122.09462371908512,79.97469708339496,65.76627909152468,55.188891698285964
122.69992054701119,79.6008596863879,65.76382533206535,55.19125463603023
123.65742965346226,79.95641515370713,65.7618385780179,55.19289133484897
124.37946088456985,80.30315084433668,65.76037922706979,55.19410535312219
124.97753280020092,80.55768167088932,65.75906891288224,55.19517285374539
125.49092832711895,80.83356816360845,65.75732313473436,55.196608159837766
125.93195637422355,80.78328402800128,65.75417287329263,55.199279415540104
126.28737485145317,81.06451730508861,65.75088364308037,55.2021168426696
126.44189702108474,81.2547648501513,65.74819430335945,55.20445460753041
126.69317831217955,81.46955966598856,65.74606278196086,55.20634338681514
126.842959827567,81.48996608150505,65.74385224399526,55.208288893935524
126.92248708536528,81.0658766680767,65.74140705499974,55.21049077205414
127.00854549122552,80.3465640248986,65.73920234311751,55.212505002082516
127.00620688011475,79.30272246775507,65.73739630200294,55.21414428168327
127.14226786187322,78.72694104806834,65.73581856942394,55.2155564643566
127.24245015110463,78.20210872227129,65.7336188563357,55.21753692329323
127.43508433751984,77.88283188815478,65.731672871439,55.219263420677414
127.62139064772157,77.32293652229718,65.72959714464173,55.22110418977663
127.89101957199237,76.95741213117248,65.72702523970364,55.22337121228713
127.94553637685615,76.94260864625133,65.7252024598301,55.224965217254905
128.0824711713332,77.15041706252714,65.72356671467942,55.2264043193709
129.5494417824426,75.74778526203274,65.72326859510643,55.22664305807026
129.50435819473842,76.80030316736898,65.72275340551457,55.22711128334748
129.55123061582503,78.06594775082372,65.72223270136286,55.22758638531311
129.67115623335297,79.36213180225234,65.72166477469375,55.2280920941777
130.40092419078286,78.49873246803259,65.72150042660647,55.22823039179049
131.06085003466245,77.3885403984573,65.72120735930015,55.22848408736807
131.69752818877512,76.24622205746533,65.72076605675868,55.22886454948808
132.4347272095762,74.95637465269495,65.72047742639614,55.22912401051811
133.34838273406987,73.67119914258231,65.72014553771766,55.229416446530124
134.02299982916225,72.49298023725235,65.71989225115837,55.2296628604768
135.04481412123616,71.44723092404728,65.71917138185434,55.23034069754979
135.96174447713366,70.47988359870698,65.71853007904825,55.23097000628092
136.6807302058701,69.99350772464337,65.71761730878546,55.23186247811345
137.39673872682823,69.79919593352125,65.71695216696989,55.23250953314361
138.09428097268307,69.58291852291846,65.71612927384727,55.2333430544625
138.76802014015615,69.24379777462929,65.71511807623786,55.23428624362203
139.69802403713823,69.10271468776608,65.71390914377731,55.23553966042856
140.31672517780433,68.57026063328618,65.71292391757508,55.23651034377496
141.1322277257881,67.89917972693536,65.71039734867662,55.23906932845079
142.00758475888148,67.40730294914958,65.7090111805154,55.24042461246168
142.94727413159947,67.3144153899162,65.70746472858985,55.24203726321029
144.04432182956242,67.64308016004259,65.70627785813086,55.24337445288461
145.1273958480562,67.88895022453113,65.70569078191293,55.24402087361874
146.09619912355168,67.96258037977388,65.70500558903049,55.244832492945676
147.29884885651188,68.66252604032782,65.70420613073955,55.245771202279094
148.31254378802953,69.1258809805445,65.70356015655923,55.24646894418307
149.34360413805885,69.39831981216847,65.70277144388153,55.24750575208458
150.1339736090381,69.5086935026863,65.70215056203504,55.248230321460724
151.0234984666576,69.69890434298807,65.70167793610574,55.24881872620149
151.92534641452497,70.29046924958786,65.70087317558675,55.249958698882956
152.78455614565354,70.62702420132925,65.7002568339427,55.250778069482365
153.15672575813076,70.85002377742123,65.69968129421473,55.25160662697322
153.4984478299296,71.07230208631864,65.69918603796523,55.25249450366425
153.89004525046352,71.4874021522547,65.69871581580915,55.253332906433386
154.22373425643323,71.36551322633062,65.69825804856343,55.254007790542445
154.49652898305516,71.55757804925149,65.69782799482903,55.25464555784007
154.95968255673398,71.82267347301566,65.69744967857184,55.2552391384314
155.16921677714942,71.83539056932459,65.69699207877684,55.25596106954108
155.2977903918695,71.89933919386046,65.69629505537797,55.25711394118067
155.5551258200459,71.90329006645078,65.69595446693138,55.25759899513436
156.00143636742496,71.70045694367988,65.69474318653099,55.25930972147678
156.37621967890001,71.56559126346542,65.69432004483546,55.259989142656664
156.92051314795313,71.19801217529758,65.69409878074812,55.26030072704289
157.1999502694439,70.77352227875286,65.6938128041393,55.26083373372866
157.49733777771897,70.3423488404051,65.69357480731871,55.26126865792862
157.891569039187,69.66309891262216,65.69340141411672,55.261565698438616
158.2563491207559,69.19544423879724,65.69316118105549,55.261971066787034
158.55851350864066,68.54550363353968,65.69291850634113,55.26238423683582
158.694510539685,67.96552000470396,65.69262268071789,55.26283575602003
158.8519384117153,67.45144671204972,65.69232273065793,55.263278817692665
159.36151674261288,67.7620884487898,65.69191816694628,55.26386753087327
159.61330615228178,67.88532708318459,65.69156014419352,55.26440463562455
159.7605865811275,67.82990626662111,65.6911733318264,55.264939275624634
160.36652199406495,68.33992894059297,65.6903430027777,55.26616217623896
160.75620750010697,68.73735159102982,65.68951903926241,55.26734411850261
160.98518120162757,69.055318683108,65.6886334037993,55.268575421158864
161.6145133271141,69.03858422812831,65.6880659669818,55.269332665040864
161.8488918576437,69.13205121533949,65.68721228154826,55.27039756659412
161.80058125184604,69.30005188123327,65.68661109790231,55.27115794783449
161.7245402163994,69.45583936973378,65.6862050414448,55.27171720693081
161.7846082431637,69.59657260322169,65.6856201101048,55.27249253144175
161.62582683882397,69.92064441145425,65.68506172394476,55.27334425484709
161.69069392716258,69.86714691873152,65.68427544601303,55.27441622094296
161.81385460983063,69.75246318474844,65.6837865090131,55.27515079177053
161.72534572859644,70.1788214177849,65.68353162386222,55.27550380993145
161.81507095391527,69.81478847687501,65.68322898296842,55.27593693074966
161.68772029542382,69.67946164882795,65.68288980336358,55.276467462721136
161.48415611415612,69.26457118744764,65.68250112016268,55.27704948859686
161.35645668107085,68.95070252606882,65.68202985269482,55.2777574520138
161.39715562292773,68.8233080097537,65.68141520947817,55.278755062992225
161.75077507683267,69.27997156892556,65.680709256838,55.27972540615819
161.61118065510553,69.12717830509179,65.68038489023405,55.28016914374664
161.571096061275,69.10967235818191,65.67980660018488,55.280928945324156
161.4174116288409,69.00232191194483,65.67941418332428,55.28144622414035
161.5101436160752,68.98840936516359,65.67890652103526,55.282146998477295
161.5372777730176,69.33018790519057,65.6782225481103,55.28308334093158
161.4761431357458,69.71204509344102,65.67767239152778,55.283898967501514
161.09924002587337,69.74174028669235,65.67701541547183,55.28480861453837
160.9161764105729,69.6064162067589,65.67656287503091,55.28540225522882
160.759122210469,69.4056286083786,65.67625728068802,55.285821741769055
160.70081618578163,69.08349227397679,65.6758564418696,55.28641812959735
160.57767631684806,68.68265928874385,65.67542850189558,55.2869824154929
160.71634400840446,68.49898070343477,65.67473240148617,55.287859474035265
160.9717321358221,68.2199064550554,65.67389760535296,55.28904530189828
161.10401074281668,68.02139819589758,65.67339463016002,55.2898206321646
160.84970140319254,67.54448965505853,65.67289248745548,55.29045287077935
161.0697108786994,67.98788971606004,65.67179179916191,55.29165788621987
161.01348662114552,68.22222242853344,65.67108079930601,55.29255758459268
161.25696595534177,68.77703128750049,65.67073924903372,55.29293809282436
161.4090534712388,69.1938190207143,65.67032015624645,55.293421805225925
161.30732873618012,69.33010568348539,65.67003321681887,55.29372235816277
161.43075532743723,69.8652854538661,65.66964312448602,55.2941208025164
161.4627221206841,69.79968262324923,65.66942705226877,55.29439614432168
161.41701091327826,69.80731611025016,65.66925449536403,55.29464055548498
161.09396657068834,69.86840150146492,65.66903869236185,55.29500953918829
161.10571281709716,69.85681821559658,65.66883985677255,55.29528547609022
161.05173322939217,69.53903496225394,65.66867610970242,55.29549299353674
160.6982627266835,69.6722458535881,65.66834911547066,55.29583471918828
160.11937788500222,69.36238387846828,65.66812977371727,55.29605147586254
159.96090848680703,69.0687530641232,65.66799173805161,55.29619596902798
160.21451227749077,69.09576002273522,65.66776415861058,55.29641798701512
160.58636328328683,69.09320155106595,65.66763885247421,55.296539954485034
160.98339347339038,69.2973361978528,65.66737858785245,55.296815171514275
161.21819606931,69.53708565292587,65.6671817889194,55.29701170070684
161.17022107284575,69.22626218722876,65.66698972824378,55.297216075719824
161.09448505614694,69.29516231908444,65.6666763432502,55.297558993809304
160.90840021493796,69.47047595715179,65.66649467726803,55.29775637177694
160.671887460494,69.36338297368371,65.66625158783785,55.29800080931988
160.72412262302782,69.46534872595964,65.66586085201786,55.29834756523748
160.40973960172585,69.72760182253629,65.66543519797803,55.29870026404814
160.14079141374776,70.5197729392334,65.66476993176425,55.29929011950582
159.6939322968721,70.63402736450271,65.66458210863456,55.29947310019832
159.54990367247905,70.68418325386327,65.6644317072361,55.29961016829425
159.70563755042906,70.7071950132281,65.66415780495275,55.299832086680006
159.52463551502538,70.72146813358525,65.66397261265473,55.29998033407387
159.59813796204912,70.96688704265082,65.66376491368418,55.300170556590224
159.5386974548847,70.84674615818578,65.66346937631342,55.30047107654551
159.42710037378615,70.91155816293207,65.6633659872362,55.30056794863425
159.24669312986097,70.9833089464875,65.66284248551784,55.30102119500376
158.79282360743872,71.21564686692764,65.66235676887631,55.30147142152343
158.27576847272584,71.25607450311033,65.66207062831363,55.301746959240035
158.01908222764536,71.63875934484608,65.66188985671774,55.301929736915845
157.7099803668252,71.89696593278927,65.66181626703298,55.30199450349619
157.29333925618175,71.72099263675003,65.66173727988095,55.30208218167621
157.39857488968266,72.22640913322152,65.66163779029442,55.30217519695772
157.15689464349498,72.49906706736185,65.66145223426705,55.30234166615188
157.37845936244204,72.40009824158892,65.66126082613896,55.30249538560794
157.7051741871602,72.35386886243708,65.66113283294885,55.30261876329779
157.80159767706095,71.77387079431787,65.66105126786213,55.30270124044047
157.95460180474728,71.59148251842933,65.66048221646707,55.30324888797026
158.43603510293562,71.33479678687576,65.66032302041238,55.30338275551922
158.77825522258243,70.79420657526666,65.66023619231642,55.303452939708514
159.36344207643097,70.49973108862442,65.66011766879289,55.30352832123808
159.66805152948538,70.27075149299792,65.65999451492331,55.30360156168731
159.0901765704708,69.86044507598727,65.65969267800101,55.30390791577773
158.43222055931668,69.53448365769354,65.65934507773538,55.304239272586905
157.59149694293848,69.26891099519604,65.65914775158525,55.30443244199186
156.79781172770603,69.06526767908557,65.65895252157343,55.304620721303706
156.1138505180312,69.21929514019521,65.65868119530998,55.304862241116254
155.30039262131675,69.4330587244669,65.65832378679646,55.30524990063494
154.59791316118643,69.48199201597082,65.65814147265921,55.30543085721891
154.3557649714844,69.78414233550316,65.65770835343848,55.305902368670715
153.86210394714462,69.80323462588247,65.65759607451567,55.306030930867415
153.59252686912424,69.8734142174633,65.65753567910757,55.306096759221354
153.03364695438486,69.54552209383417,65.65745998688833,55.30618169379274
152.3887173181928,69.67223249021065,65.65740417443365,55.3062340338885
152.09660565852835,69.81419455296421,65.65724847640942,55.30638469170657
151.7570300046625,70.09266644318859,65.65703057294425,55.3066139845496
151.86379591624384,70.22333452807635,65.65685299460976,55.306817095188634
151.82537478301364,70.22259236636665,65.65664178867046,55.30705006961522
151.4188585947612,70.08766935979216,65.65641265623371,55.30731905639703
151.0412227108956,69.81377186496594,65.6562591495928,55.30749368996655
150.83229453141627,69.49814001332646,65.65603193020331,55.307734403495616
150.79819662337462,69.48460443659413,65.65581647799272,55.30797872079152
150.40976225316024,69.25525007540392,65.65572329577597,55.308069308911726
150.6433979583065,69.18724099823777,65.6556276374079,55.308164465054126
150.93972042540503,69.13740824284626,65.6555582532902,55.308231962972535
150.64822422634748,68.95646178046728,65.65551625523375,55.30827754666988
150.86399885038688,68.8181396500412,65.65537925695848,55.30841502594396
151.0504785635922,68.89181580458393,65.6552599072328,55.30853293778193
151.1290985019519,69.00931612608375,65.6550929620415,55.30869514897692
151.46146460315188,69.62181248937868,65.65444775715052,55.3093279373712
151.72060512292705,70.55247692502286,65.65366777379447,55.31007773276985
151.87680331200949,71.48417060714775,65.65294432157872,55.310758995877556
152.1198582497899,72.29873613317415,65.6525346658875,55.311145975898725
152.52376426251456,72.56406878800267,65.65240330688488,55.31126378305917
152.8094563414669,72.89884287191407,65.65226356760125,55.31137475296221
153.0653119830594,72.7740528184982,65.65221107214363,55.31141175919844
153.57233374511011,72.91217270970265,65.65206091390219,55.311525812849126
153.82770277477834,72.86685349376837,65.6518541608325,55.31171649104984
154.23295076457254,72.8330599516413,65.6517367327273,55.311817155030226
154.17597995387223,72.9937706159827,65.65167321316768,55.3118744316178
154.25750235535335,73.33009637244058,65.65161267708258,55.311934887123996
154.06229088695994,73.59415880702194,65.65146089038731,55.31208056058288
153.88283185287742,74.20130518996731,65.65140390571881,55.31213408432684
153.74670698982993,74.83481476031776,65.65134951413413,55.31219107830765
153.86630802718494,75.28681885640994,65.65129474491273,55.31225087928735
154.17450743853482,75.47946711608154,65.65121355202712,55.31232893579748
154.40406603970908,75.37606390393165,65.65117138334328,55.31236489531933
154.49992441403677,75.15704027482042,65.65113154937984,55.31239934498046
154.6970880032121,75.00253301104377,65.65088095679884,55.31262146025273
154.77316537931196,74.53534185034782,65.65074242707607,55.31274722799473
154.8978469554956,74.16935410738348,65.65066468952372,55.31282428691381
155.13341275154647,73.7500428156945,65.65058592287292,55.31290434929186
155.39955876439925,73.63746093106647,65.65047766353239,55.3130164025779
155.94437353373223,73.36374155280764,65.65042448842999,55.313071195033814
156.37488685245117,73.22355585389275,65.6503554139155,55.31313616419271
157.07410485871856,73.15956692194125,65.65030576059553,55.31317784368944
157.50843937666798,72.97064921445684,65.65019727729373,55.31328384276469
158.10988898338877,73.02079995939552,65.6501277824419,55.313343096588795
158.46252266764407,73.04187943043581,65.65000231590125,55.3134542747415
158.43236861099717,72.71858695611434,65.64991962150678,55.31352439041099
158.9169919055277,72.8490710865501,65.64984080140093,55.313588740671115
159.296680718585,72.84324937500486,65.64975339363963,55.31366217205378
159.39900840305813,72.62995729986802,65.64968542465297,55.31372078912815
159.93926156912914,72.40779660946643,65.64960840807794,55.31378604305071
160.1790072097716,72.11669933062753,65.64954932221806,55.31383383692694
160.59749513593934,72.30173236086651,65.64942256331976,55.3139397108152
161.02881267688764,72.33322686410787,65.64934918415146,55.3140093563162
161.48720420093335,72.5138046834283,65.6492660819867,55.314073630442756
162.02274607670174,72.59206383417518,65.64921604665172,55.314113484962505
162.23437344126052,72.3364736919222,65.64918397855253,55.31414114438454
162.4379580243198,72.32487958274132,65.64910583397172,55.314208879362745
162.68553199202628,72.24363500171977,65.64905902260698,55.31424914344806
162.81812152466662,72.24550368083659,65.649012950786,55.31428616482729
163.23973363636424,71.83317016540937,65.64897355614902,55.314314411749976
163.56005018827094,71.52846175405502,65.6488306862338,55.31444111147287
163.87162056063354,71.45496322593303,65.64868031130534,55.31456992390333
164.05296102736455,70.88919615179125,65.64840956556456,55.314794562909526
164.06135759540604,70.5187468606697,65.64832707034421,55.31486129319343
163.91980216894171,70.0604707711349,65.6482589977586,55.31490575131573
163.75970962570457,69.73057523086267,65.64820722252712,55.31494625107255
164.0155142197342,69.69802604352921,65.64817724999443,55.314968825916665
164.32892022078906,69.83615174754001,65.6481400953922,55.314997552811356
164.4255375048804,70.23591990887006,65.6480777138226,55.31504776465138
164.50145465556542,70.58503529887666,65.64799996729452,55.31511168383022
164.8096593640641,70.98116404639597,65.64794000899168,55.31516257893212
164.87672103356925,71.40688892127989,65.64780241290794,55.315287965348986
165.0723126779319,71.5012192246592,65.64766937352078,55.31541693488242
165.26921901785005,71.68110884355113,65.64757431048102,55.315494958279416
165.35338830823892,72.0127339546753,65.64743911338742,55.315612067059085
165.40080085039145,72.46533965474592,65.64727244857222,55.31577048512843
165.6538845990716,73.06781637057692,65.6469184902401,55.316098787932994
166.16878738097486,73.43302446872912,65.64653330225751,55.316445609759846
166.60886844087958,74.0279672476643,65.64618199253721,55.31676324173934
167.1331650815871,74.27304693941466,65.64605074439393,55.31688633418696
167.74451814171735,74.63424900604417,65.6458188415483,55.31709178049108
168.07478637712506,74.95539909914889,65.64571399419177,55.3171799976973
168.2987950203389,75.14357616934063,65.64558898619691,55.317289121540746
168.54759670093398,75.11222743222991,65.64555342767436,55.317318614972045
168.78695819599875,75.06806898033909,65.64550803816701,55.317355578565746
169.07492189407517,74.96884885764746,65.64544763925615,55.31740469934287
169.2131862517199,74.90831057780517,65.64540079080328,55.31744758305883
169.28914652591482,74.72808683662586,65.64536199681172,55.31748175250546
169.29311735773362,74.60779120770366,65.64531148802216,55.31752463808119
169.18866574983244,74.36228191572873,65.64524844863655,55.317577319225705
168.97821350482883,74.13991999850816,65.64512480143674,55.31767643166289
168.89612537335015,73.820670917781,65.64508013524828,55.31771151318789
168.7777639931556,73.52364290588403,65.64501968917455,55.317755276544794
168.6039753453362,73.39031258519047,65.64489945859683,55.317854111729986
168.32698467484758,73.25167119363974,65.64469499186913,55.31799830401878
168.03516754709574,73.36922075021143,65.64454591883965,55.31811191925655
167.4913659581588,73.24338004524137,65.64424166320367,55.31832407470297
167.38351491173216,73.0695201364943,65.6440968151819,55.31843574314541
167.33949949677793,73.02475558931098,65.64388737924412,55.31858855183985
167.11213463948374,72.98535165257391,65.64364345577478,55.318758400685844
166.79125634534796,72.78820493111127,65.64344687374683,55.318909513918285
166.3517607894059,72.6417406054803,65.64329623767946,55.31903094376757
166.19293844704399,72.72858805450318,65.64320519080157,55.31909137854938
166.04992013144604,72.71213413275865,65.64308638953473,55.31918315842576
166.07017686369468,72.60048348785,65.64303119445475,55.319225267458805
165.65561300277653,72.32064452983936,65.64288903027418,55.3193328709801
165.4662887287924,72.16308360093794,65.64280096306149,55.31939304035979
165.03389509595593,71.76422086890796,65.6427021832785,55.31946852482838
164.67836973568492,71.55231799037361,65.6425592826619,55.31957320419742
164.38134184964872,71.39840470658082,65.64241754306133,55.3196710341903
164.1130753291306,70.85992623968394,65.64229569451402,55.31975967231448
163.77338202174747,70.62848589937713,65.64209995187367,55.3199115545387
163.76252679359044,70.73189367168698,65.64187932617747,55.32007133586104
163.55184898210547,70.5397036623189,65.64165776375502,55.320225926492775
163.57733974235063,70.45408079348013,65.64147843312146,55.32035297260673
163.3896756982223,70.13578288979016,65.6413416647535,55.320438884661925
162.9171566469441,69.40769201957495,65.64118385399507,55.32053720815358
162.5830208970955,69.04708641522392,65.64102174706768,55.320630860760524
162.34923468236622,68.9634389127976,65.64086815452116,55.320720621310414
162.39860203253946,69.136672183793,65.64077522972315,55.32078859970728
162.52992285654068,69.3955588712448,65.6406423614849,55.320881895889016
162.65956945689783,69.75357312699897,65.64050580511491,55.32097940910373
162.74643892645773,70.0256520278013,65.64044465317983,55.321023637204114
162.90518423516824,70.62487131124296,65.64040014839159,55.32105089444801
163.1028902065363,70.92651978844373,65.64036119244894,55.32107507509055
163.13795918728977,70.96113171525407,65.64029413841558,55.32112304672384
163.1471745319377,70.81723189071012,65.6402404290966,55.32116202085829
163.27047371846578,70.97980786012928,65.6402000666186,55.32119019533554
163.2441570263681,71.25905747007643,65.64015322663371,55.32122076965741
163.05608859903793,71.47537648014087,65.64010505154896,55.32125560776674
162.79098754707746,71.84544529738976,65.64000427327537,55.32132832759712
162.6619999815886,71.90467867948666,65.63989510707295,55.32140608980148
162.53830138789107,71.77146717102244,65.63983380671891,55.32145189611289
162.60058694630618,71.67843555378167,65.6397308674457,55.3215376567394
162.18969471472906,71.25730737796637,65.6396447651855,55.32159682857567
162.0958493105959,70.55359841670771,65.63956970693381,55.32165014423569
161.83268061774166,70.32563925225128,65.63947976405571,55.32171131544134
161.7383223588275,70.08336479686594,65.6394050366619,55.321758745155805
161.82985641934482,69.88652523223767,65.63934744907931,55.32179428658467
161.80262779037716,69.64909320224925,65.63927316629297,55.321840504316405
161.82801663264456,69.46152830170767,65.63917441666015,55.321906975464486
161.68178195754416,69.28309351442019,65.63907406995769,55.32197125528735
161.50340050081988,69.45713938911338,65.63899398871631,55.322024335174184
161.43357111203107,69.48321046475499,65.6388956993288,55.32208988107386
161.24156230157251,69.47956118705503,65.63875160950678,55.322180620938404
160.87029659297485,69.39831737114045,65.63848827458119,55.32235312253381
160.6678835199818,69.30952732215367,65.63828929601739,55.3224773780124
160.5097923896675,68.97838302079074,65.638077227575,55.322625551718325
160.2102292145496,68.73200862913075,65.63785175448082,55.32279460667337
159.99497280428156,68.9239296512371,65.63768686305328,55.32291424001194
159.70365907430255,69.34401572448229,65.6375182858142,55.3230237588467
159.55811460528878,69.5809312367031,65.63726511439994,55.323208983584955
159.54400444406474,70.00233392116013,65.63712530099473,55.323317242295374
159.56021184584577,70.4729757977985,65.63683460699887,55.32353582170603
159.72218787916015,71.0951980717465,65.63650178685299,55.32376893665948
159.61165552857764,71.00865252622887,65.63599881254667,55.32412925400735
159.57914444305473,70.76674914885182,65.63585044218685,55.32423725325875
159.58915023068334,70.59064167690376,65.63575205604273,55.32431415470492
159.66186160443107,70.40883905039419,65.63567131582671,55.32436984741561
159.64853372727484,70.02940753732,65.63545228017104,55.32453351605438
159.7513921406637,69.63313012714742,65.63533009734377,55.32462151711318
160.02020080826563,69.13244071743782,65.63525486686096,55.3246812857435
160.38033820300018,68.96125579258268,65.63522263730168,55.32470661297761
160.6092019471106,68.76731195860127,65.6352023157526,55.3247220320524
161.06558494596328,68.41826273829636,65.63517189944525,55.32474833721374
161.1580962428536,68.42327706565189,65.63513078590546,55.324780428725425
161.22802945056264,68.53486681705985,65.63507794265571,55.32482057391308
161.22816680356772,68.383510137081,65.63499332793582,55.32488068079233
161.23646276933047,68.35077990475585,65.63493301285968,55.32492521916497
161.61606738156505,68.38968592507103,65.6348742338518,55.32497029290924
161.79856562134967,68.34297837802436,65.63484355075317,55.324993305443925
162.22899856780856,68.18856443980707,65.6348008122849,55.32502492509787
162.64105983603542,68.3074453835323,65.63476559758939,55.3250476021425
163.02878125989022,68.09849155316599,65.6347222559719,55.325079019283805
163.16843688997068,67.98954180293379,65.63463774594638,55.32513635809279
163.38033059938945,67.6920519744391,65.63456806430673,55.32518739283637
163.38636601520432,67.43963968521716,65.63453666684174,55.3252101614925
163.596608888712,67.54032635735203,65.63449704747951,55.32523700781456
163.52426073513038,67.46300020788104,65.63446181813514,55.325262967082566
163.48036448814207,67.52617986980536,65.63439242400116,55.3253109237982
163.6105483369957,67.50983010909528,65.63430482878526,55.325375333856655
163.92570607070812,67.48286235414653,65.63425978286539,55.3254070367995
164.09904642167623,67.62968378061274,65.63420271026074,55.32544753395331
164.1732862575363,67.4348433514326,65.63414480291443,55.32548618349895
164.1273205577724,67.37178970082392,65.6340552661319,55.32554600759019
164.2339913555299,67.1855735374965,65.63402798033313,55.325563596305216
164.43909731759845,67.19977529230167,65.63398905510121,55.32558905287436
164.7659973498238,67.15279900722014,65.63396736484563,55.32560424838599
164.9121789857433,66.97467908761655,65.63393799393509,55.32562512373168
165.23383320097128,66.74952572598569,65.63391626849622,55.32564069022461
165.49004899161622,66.73974167208229,65.6338992618295,55.32565185842954
165.56815147797602,66.67204784525985,65.63387398543135,55.325669138348495
165.59535346270755,66.92062438541211,65.63385337581776,55.325682125405834
165.6060359097507,66.70126752535818,65.63382796715322,55.32569975910698
165.60148854041762,66.7629991022979,65.63379718441283,55.32572269940432
165.5268386629878,66.81051152385814,65.6337651460834,55.325746648944076
165.6292765355456,67.06526748473527,65.63372970343515,55.325772483632804
165.8946072364802,67.16914443930244,65.63368553865705,55.325806594870855
166.0696513175633,67.12092639338267,65.63363372936367,55.32584174033169
166.24055622696693,67.29675700324734,65.63351343759122,55.32592731816402
166.478002305583,67.71726561160507,65.63342317836168,55.32598605826999
166.42621147086803,67.75060964530824,65.63333527889533,55.32604266858609
166.591796482483,67.97922507406855,65.63325299394093,55.326089883899506
166.60747821207474,67.93352254653834,65.63314480976852,55.32615675895436
166.79126060053719,67.77684566225228,65.63303888298894,55.32622082558786
166.97183448664356,67.83405260228909,65.63291313612298,55.326310597371624
167.1169639993986,67.62657762947396,65.63280865711218,55.326379283798914
167.36960871645084,67.44670541143957,65.63271621159025,55.32644235199356
167.60949039419546,67.3603242141324,65.63254619268322,55.326564095143425
167.5124191777902,67.20476364433074,65.63246323970858,55.32662233253461
167.37474132437762,67.00390080988683,65.63239252894459,55.326672806920556
167.52533147929088,66.75776065852898,65.63229629051585,55.3267400988483
167.70710544277793,66.93979550874614,65.63220199017447,55.32680509752018
167.99931461425916,67.05172647035371,65.63214949193858,55.32683711475381
168.17369122654566,66.89254175595403,65.63206311411773,55.32688710366517
168.36879520240515,66.95553163959949,65.6319572508501,55.326955841680494
168.448937144589,67.02553586707053,65.6317988008811,55.32705075668966
168.75023927776175,67.20924881422157,65.63165795874139,55.32714498610776
168.7048605786452,67.52874053381733,65.63149836574065,55.32724928352283
168.433608269104,68.02366290037965,65.63120029336332,55.327438653791745
168.49294277882905,68.3263475420986,65.63101326758853,55.32757155855956
168.42076947051294,68.82499130088382,65.63081257076898,55.32770506721898
168.10595662382158,69.37551145663164,65.63060134722816,55.32784340181099
167.96804650557834,69.51939006466745,65.6304168520595,55.327975874946446
167.6836629616331,69.47487938341511,65.63029003049563,55.32807239735845
167.26502536470545,69.75810367337321,65.6301786758318,55.32814409112771
166.7346072924215,70.29366330026807,65.62988477355526,55.328356099926495
166.3164863777557,70.43043361817314,65.62970296740406,55.32848086247565
165.87655976625618,70.3293060795576,65.62950386229335,55.3286052941932
165.4135607314671,70.51720545695692,65.62934111949355,55.32871744737835
165.2830088930031,70.40388232092566,65.62921566877603,55.32880193469661
164.96711284154262,70.41102954793939,65.6290895201826,55.32888655546618
164.69341769746384,70.29963622419461,65.62898253584872,55.32896090968847
164.39486874677436,70.14814028266504,65.62890615038529,55.32901662622274
164.11733888087184,69.92604735244379,65.62880887640344,55.32908631149052
163.59906182868886,69.7820706828588,65.62868716995554,55.32916107771968
163.40778427711655,69.8822392501616,65.62851783896281,55.32928561387042
163.19326046605016,69.77337367361544,65.62839789241193,55.32937442987893
162.8704068321745,70.07177507859538,65.62824866049135,55.32948811667272
162.37691878909897,70.26834459298897,65.62801316159756,55.329666101864525
162.15679300919743,70.38364309374369,65.62776151157131,55.32988634381192
161.94694809846766,70.48331311000027,65.62740220211424,55.33018119112625
161.7249455214208,70.4068104028165,65.62697623009025,55.33052058808065
161.42865256891156,70.50324875525402,65.62659295595526,55.330821687556465
161.5984911465237,70.65250076827736,65.62613394037943,55.33120226191071
161.8403405404092,70.66265318539767,65.625738610107,55.33153046021554
161.80974076845882,70.6138402789216,65.6254234448629,55.3317810963207
161.78125567472946,70.55043078710356,65.62512779930141,55.332000932040934
161.83465358849966,70.40291411690328,65.62490596323853,55.33217221070255
161.64833614090725,70.18562010845758,65.62477302256787,55.33227118602707
161.93194713359782,70.20221594253749,65.62456871163285,55.3324162206015
161.77532420773818,70.1108871063421,65.62435522659446,55.33257372431112
161.8666564901933,69.80013692131772,65.62413110651133,55.33273215061905
161.8227373751823,69.53649655651122,65.62384940501427,55.332901290323434
161.73101681008757,69.58738322856819,65.62360541128325,55.333040258419125
161.90670339900174,69.75875998957669,65.62340086596228,55.33314674964864
161.41503862219992,69.93245620180275,65.6230380119579,55.33337138514257
161.59748260053334,69.85539410114518,65.62277431714709,55.333521530213844
161.6312804878524,69.6432976524318,65.62256345607273,55.33363039009825
161.70395372515563,69.52941412392326,65.622354723628,55.33375400198115
161.5306026166627,69.31869053176572,65.62221268468967,55.33383377945114
161.54868062113627,69.35593587223042,65.62198865039191,55.33396854591421
161.39105557492488,69.18871061733091,65.62184922884529,55.33404811478955
161.34445471781106,69.05362613660374,65.62176763999095,55.334093743505015
160.96808595848225,69.19219423752504,65.62163191674716,55.334173529106316
160.58868225363682,69.5297711671675,65.62142328945072,55.33428486280694
160.5452436674139,69.78251958463744,65.62134913159241,55.33432023297188
160.49469156743692,70.12824847980838,65.62124178369481,55.33437550415344
160.3250007430749,70.11526706613198,65.62117417576033,55.33441149008333
160.17759577770875,70.07325025009288,65.6210851196762,55.334450204589984
160.1695383703438,69.97472563426896,65.62102550437851,55.334480067827705
160.3775134155676,69.764675392847,65.62098622416306,55.33450161743266
160.24404195934653,69.55024967987592,65.62092774614803,55.33452537017803
160.0405354377086,69.05588843519328,65.62086443062874,55.33456451660966
160.18884973398528,68.58401312882246,65.62083027901241,55.334583046507504
160.30614233619553,68.35657961116772,65.62072408469704,55.3346464660085
160.56228291268764,68.3661360105393,65.62065651947378,55.334686861767345
160.54704266347517,67.90099587312707,65.62058463997437,55.33473163148772
160.50961835563916,67.8644953823258,65.62050457707421,55.334778986576794
160.37716068829081,67.93620846088366,65.62033823791037,55.33488720667837
160.5981820836308,68.31582383833133,65.62024138748647,55.334944583973744
160.9034460097866,69.00232404120496,65.62015223966556,55.33499606001662
161.0075161548822,69.47020148528036,65.62009474461746,55.33503177025832
161.37038119620388,70.153246537673,65.62005294064923,55.335058427634294
161.39342162404506,70.35792882322133,65.6199825158691,55.33510075694351
161.61695988871816,70.71212977246728,65.61992547414228,55.33513856620767
161.92421670598793,71.07084890209678,65.61989859354334,55.33515646892451
162.15300520284737,71.38277078788931,65.61985486994506,55.33518521587887
162.50481824712054,71.4836706049716,65.61975116556546,55.335255740029005
162.96125694636856,71.61468415034986,65.61967574804166,55.33531259693103
163.2588405940852,71.79757670879144,65.61945287008506,55.33544566933505
163.51029980829682,72.26753831199449,65.61934128398896,55.33550541361637
163.77806127906396,72.36665498645509,65.61923816419387,55.33558510721665
163.8201962223709,72.42935356962987,65.61914923614901,55.33564624098076
163.865832908178,72.67925141433949,65.61907721462771,55.33569695039192
163.79416398085678,72.87130627754769,65.6189827054024,55.33576407429445
163.79559998386054,73.00044614436032,65.61875730068809,55.33593303084518
163.46070289978053,73.05552801017393,65.6186226201047,55.33603041166953
163.4848191037476,72.9488823462188,65.61843004339165,55.33617776503719
163.44628862321437,72.93076361719883,65.61826387392586,55.33630551855283
163.24569383236036,72.71957271038927,65.61813207430338,55.33640147735551
163.31539967673197,72.48921740017589,65.61792274189868,55.33655484561361
163.56586585889715,72.26819972149511,65.61773477997691,55.33669671480646
164.04296925209093,72.10353997511285,65.61761250916094,55.33678482615466
164.6918622688139,71.92518362013136,65.61718224677972,55.3371108745881
164.9162389929163,71.77841588198167,65.61708914246034,55.33717802455729
165.14541265969996,71.57246234804163,65.6169491777438,55.33728047598612
165.35585497839233,71.37101980411863,65.61683172843122,55.33736583829957
165.6570747334424,70.89654169332648,65.61653628085017,55.33758127953033
165.96506837578,70.39305872075714,65.61603102847403,55.33794803681807
166.286412328694,69.94211974843898,65.61578594510233,55.33812292178106
166.76784282446343,69.52797369099221,65.61551439629348,55.33830738162623
167.00065402057018,69.39424625858598,65.6153806465341,55.33839631397411
167.1548049700234,69.43754905066623,65.61528256404154,55.33846986805679
167.25175122317432,69.5710583838042,65.61521239691683,55.338520064695906
167.2788287508615,69.64449939001616,65.61512772112751,55.33858250062384
167.37952640906002,69.61619555212943,65.61500694873111,55.33866445425129
167.6947968989287,69.48571107855497,65.61489160099369,55.33875093436871
168.0913788595598,69.33732759035976,65.61482404327597,55.33879934314932
168.5321870438363,69.36271776457008,65.61474994013813,55.33885175804296
168.82884678641705,69.27209996904065,65.6146161778046,55.33895188836745
169.1934120004461,69.40111517620448,65.61446152260412,55.33904749447129
169.67001817585114,69.66342704861867,65.61433524996102,55.33913500090178
170.0054893986546,69.69208935696915,65.61419927188722,55.33922233428239
170.1662163480084,69.88683121981148,65.61406668179247,55.339317338465676
170.58268232530702,69.91380383931187,65.61394381780954,55.339395369028814
170.9302256458569,69.85160214831461,65.613746126104,55.33955216118386
171.17578220814852,69.4438237791474,65.6135872218157,55.3396871990407
171.3658173600095,69.24392683513412,65.61349196878152,55.339763905146256
171.53189913898657,69.2362581215314,65.61339822503253,55.339839780986416
171.75746798119977,68.94661045980061,65.61336860883392,55.33986444357076
172.00230196842102,68.68423052894907,65.61333514824642,55.33989058306391
172.50791652589146,68.93562602683426,65.61324804876266,55.339954411359706
173.03788626726174,69.0384499711052,65.61319907467386,55.33999219796203
173.32012488516406,69.08048492704745,65.61314784375581,55.34003235982277
173.57514971619995,69.08189050417639,65.61307266135937,55.340090513326906
173.99831352061256,69.30287072178861,65.61301716347319,55.34013174870145
174.23709570592092,69.28408481274478,65.61294905922145,55.3401789448554
173.91618199669688,68.85369973713135,65.61292648301017,55.34019687116008
173.67354787321352,68.43764937255202,65.61290092437761,55.340215090324264
173.86725845454328,68.25111212110608,65.61283446347558,55.340267871376234
173.70731029216603,68.13604290172756,65.61279808902654,55.34029643969944
173.59202094033583,67.9853411086795,65.61272978009563,55.34035077333317
173.58123815195148,67.6453197368357,65.61267250723596,55.34039792061194
173.56640931756903,67.40201412737369,65.61257430239525,55.34047928261571
173.6431081941478,67.16629312152047,65.61242587260578,55.34059997974888
173.61394050480408,67.11785970476328,65.61234010516864,55.34067505412992
173.86128477754693,67.13476865538395,65.61226794895757,55.34073673845271
173.87391728236943,67.21033638441229,65.61220069485789,55.34079130799059
173.84387096626273,67.26421871268029,65.61215802586875,55.34082367063824
173.8398150168239,67.3934310133781,65.61196854558733,55.34095388548863
173.80901626395186,67.41108868090721,65.61180023899401,55.341087995678066
173.68097722089317,67.59817713241738,65.61173186433986,55.34113918270558
173.73110838717278,67.63142130362121,65.61164305729284,55.34121037109253
173.85665719204334,67.85817254547788,65.61152215906331,55.34129765459682
173.7758450870487,68.01979769263677,65.61141721208163,55.341377047397565
173.82038780332928,68.30052485944749,65.61128788969988,55.34147172166873
173.7649866474731,68.32786741844171,65.61118252757649,55.34154532378022
173.6754491674302,68.32208413139614,65.61107060707377,55.34162041106869
173.74279314506242,68.50961171207179,65.61097753930436,55.3416820152165
173.94883237575408,68.65014288042359,65.61087201788919,55.34175109507212
174.35138257990042,68.90199463477734,65.61077131872584,55.341813288612215
174.75165544202932,68.99232644594392,65.61071394724358,55.34185233768772
175.01750266590835,69.55998740947523,65.61057634419683,55.3419419115559
175.50572321468434,70.19734740808266,65.61052048243131,55.34197739224629
175.66978079966725,70.5486951910224,65.61035880010012,55.34209944521369
175.82026959547036,70.4836190465823,65.6102821446206,55.34215272064614
176.05974076221577,70.43477263270951,65.61021488194011,55.34219870102444
176.69288935963257,70.65013039275262,65.6101634098772,55.34222788852261
176.9030331111424,70.6409426082945,65.61006358877091,55.34229204257122
177.04895465261396,70.82531878022965,65.60998416911974,55.34234767017842
177.0390956195036,70.6824837701,65.60987830604549,55.34242590929832
177.32440549492253,70.56273817498126,65.60982437494798,55.342463500678875
177.73827288375628,70.36337533362945,65.6096432867603,55.34256747522785
178.100571873263,70.2538396063762,65.60944553004836,55.34268850911628
178.81866082376766,70.28601669191121,65.60921612013551,55.34283216652982
179.40660998888194,70.24801891562657,65.60902799117034,55.34296350092369
180.22881960157707,70.25202888039749,65.6089359294764,55.34303470446973
180.9879464166928,70.14696195042205,65.60885504018121,55.343087583166025
181.85436395535072,70.2473072260753,65.60876441820292,55.343151912764675
182.40478698402143,70.59235648647953,65.60867536369196,55.34321915008916
182.77929407099006,70.77672331823095,65.60857924624277,55.34328854068064
183.29141721423866,71.06894059400642,65.60844244251074,55.34339304495398
184.29350811772383,71.2755946241152,65.60824222581144,55.34354860706805
185.3539279087018,71.4705338047353,65.60797759502738,55.34376011532706
186.13174399793468,71.51730431268776,65.60782828094146,55.34388278444592
186.74193338804136,71.42737671536875,65.60757851378962,55.3440809817609
187.21317356028118,71.41356784931855,65.60746709392775,55.344157901592425
187.7452262700029,71.5312607284259,65.6073680030671,55.34422981704661
188.19963958158382,71.59407318375997,65.60727754924348,55.34430540996618
188.97317427790085,71.63530096793045,65.60718972971429,55.344374282807834
189.44013927448825,71.54900086730564,65.60708522939836,55.344450538487465
189.94576509488448,71.37468129253543,65.60700850582695,55.3445082547317
190.1839476929348,71.10204345436581,65.60693219460447,55.34456653624213
190.66104888821783,70.87038703028519,65.60682415437641,55.34464785063759
191.29668083681418,70.79687067261162,65.60672991965932,55.344715986164104
191.97759613314545,70.88887735245045,65.60658567591183,55.34481691875042
192.28460996169127,70.83234875606308,65.60641433443301,55.34494186907206
192.6942342111103,70.74042747855498,65.60628320286254,55.345035284779335
193.14739052527477,70.61850472152175,65.60610816017355,55.34516141477159
193.47599180753375,70.44562697398612,65.60601229321496,55.34522990789924
193.8853365981379,69.88055319034363,65.60579754120356,55.34537676469685
194.21806657787292,69.5085009468258,65.60564248094924,55.34548737336794
194.66036510103146,68.99510604055148,65.60532438770755,55.3457264161107
195.18381513238694,68.61183905425051,65.60505876065031,55.34594612060044
195.66401007352593,68.33319232197621,65.60480404024901,55.34614906429029
196.32718952397983,68.04455328527156,65.60464121382701,55.346273216572264
196.9187205416819,67.78201330747187,65.60425835475341,55.34658338915162
197.56931569465178,67.84977442426083,65.60414612994461,55.346674522535174
198.0349988060633,67.91934955833976,65.60399769677153,55.346786453779174
198.52813780931024,67.92143502723209,65.60387621350539,55.34687257891022
199.08613357946533,67.82108874768672,65.60373118789704,55.34697203900291
199.3434306510904,68.09436576220847,65.60361894676939,55.34705339928742
199.86182559033324,68.30337363545286,65.60341177664245,55.34720551211451
200.4475389925606,68.27787960848234,65.60331637782741,55.34726680249119
200.91504085074592,68.68340365139905,65.60324399929019,55.34731788829627
201.39742027942532,69.08349607777852,65.6031370841845,55.34740454661519
201.97689367174877,69.43709804560866,65.6029359460143,55.347571070988316
202.54407903206803,69.73087110755917,65.60278975941054,55.34767751113608
203.06991031934461,70.3469985808582,65.60259436510947,55.34780212024024
203.56187431226616,70.33123303769273,65.60245266418991,55.34792209521635
204.0898191014585,70.57265734392321,65.60229128290305,55.34804866767282
204.60552996813104,70.8117236963055,65.60218857173658,55.348125965092166
205.23799643495633,71.25661316160829,65.60205869003455,55.34822852614767
205.89714384552317,71.72254433050259,65.60187242755563,55.34836557371595
206.62444975556562,72.25297068087829,65.60177785276339,55.34844395950477
207.36675353381688,72.52062261309196,65.60170014912804,55.34850537856668
208.18914607181563,72.89671793100946,65.60156827423373,55.34862287299595
209.11727330292345,73.16502627316186,65.60148959231442,55.348679376900684
209.92718391032182,73.43394351772517,65.60144188463589,55.34871326832064
210.46888627966348,73.12404822307343,65.60130745730815,55.3488224992867
211.01288955818862,72.88193811415476,65.60123002985843,55.34889311208825
211.57620469909398,72.88962097256055,65.60115280667199,55.34895831230875
212.02377707678804,72.64165445827658,65.60106149757674,55.34903738036263
212.31233045188452,72.60735660736572,65.60095476931824,55.34912694564774
213.0184016946357,72.48629650662741,65.60089757853942,55.34917310456571
213.1946065515119,72.47942897264073,65.60076833253565,55.349270777894716
213.63535611949214,72.67554606475932,65.60066203314594,55.34934941838365
214.2026617132684,72.6398941230059,65.60058973452462,55.34940233420909
214.85699542814575,72.58832960300347,65.60053083672186,55.34944492500806
215.37105505524136,72.45794629461207,65.60039381748547,55.34955145968906
215.4570457696182,72.29210272019736,65.60026879208266,55.34963177339158
215.58387986216047,72.51074988421593,65.60004450376854,55.349782400465024
215.62998254475363,72.62514113411711,65.59994058586649,55.349858982526996
215.90008565764595,72.8778937147292,65.59986145864217,55.34991868975299
216.02859139518807,72.89450883090309,65.59979812680172,55.349961841380235
216.0983869858387,72.845533246386,65.59966066952717,55.350063388045626
216.0055990718594,72.75631077577805,65.59956035491241,55.35014403747436
215.82832317286267,72.77357210782368,65.59928731188336,55.35035227346211
216.11252435902543,73.1564206693097,65.59898455751589,55.35059927375821
216.49761869548104,73.1962198669044,65.59869644498372,55.35082005864015
216.8681208703449,73.4470202109693,65.5983562197448,55.351066578056574
217.3320620699729,73.76113049312168,65.59802747420586,55.35131250068266
218.0145150472939,73.91843867627043,65.59762669133967,55.35156196194559
218.49406632341723,74.06814885897981,65.59734156148299,55.35176252290701
218.78655013703096,74.26233965403075,65.59720982121082,55.35185450315195
219.2213320478499,74.31323474643344,65.59714145102329,55.35189844416338
219.5039631214014,75.02017612012648,65.59694891976119,55.35204350687404
219.61101458909803,75.2791161762714,65.59675102081738,55.352202680720836
219.91821452968125,75.19207320388169,65.59654708252965,55.35238021304375
219.83512120282495,74.7179358640496,65.59640086552045,55.352527920986276
219.67587483779369,74.99212487245352,65.59616494000623,55.352738001273934
219.80924187267982,74.83384310481836,65.59573861163756,55.35316520617813
219.7751233206517,74.71734672445655,65.59545300906596,55.3534290683765
219.6039886992068,74.29432080085004,65.5951788287799,55.35369625143545
219.955607138227,73.51524852901566,65.59486924213282,55.353993414466096
220.13545829620276,73.18801923499645,65.59451623657942,55.354269568422495
220.23656226792352,73.05850845301428,65.59422527090106,55.35449354642261
220.16301639199884,72.80599837923813,65.59402738899949,55.354662233518084
220.09512871313814,72.72455372083549,65.59389773423256,55.35476606493651
219.7284596123266,72.65624928934454,65.59370970599724,55.35491861716935
219.51352830859784,72.49351968729007,65.59343491759596,55.355132709097575
219.2230954987367,72.29868739132294,65.59317223808195,55.35531069014242
219.01877335794592,72.09222496281157,65.5930442895152,55.355403376440286
218.92927217101902,72.26242582628939,65.59289182027703,55.35552072010996
218.66983155465695,72.42401022070692,65.59268311579108,55.35568987363673
218.69363463512695,72.51940106590322,65.59251217518207,55.35581104221666
218.7429724058206,72.35783788340909,65.59235159301083,55.35594156570178
218.37018554381802,72.12369965401571,65.59214645835435,55.35611956286058
218.20119989085782,71.99863169749429,65.5919672928259,55.356272060895826
218.02292491236022,71.69287803342472,65.5917461085304,55.35648786128687
217.70158891861158,71.56730204126781,65.59155678936038,55.35664665340479
217.56545602743773,71.43785349083375,65.59117989964611,55.35697049038934
217.41433708205878,71.22034467371253,65.591023877135,55.35710002996813
217.3615133129689,70.73082308218724,65.5907146448351,55.35739465306695
217.48848085310948,70.000902863766,65.59053531282584,55.35756275809942
217.84995447847265,69.33419736136598,65.5902948568383,55.357785109907205
217.99391874714217,68.54301055253809,65.59018859585308,55.35788321772869
218.43468717517507,67.85374550340028,65.59013511581344,55.35793109344726
219.2352801739224,67.87315429528024,65.59009676999112,55.35796052399529
220.17647829407093,67.77536294588235,65.5900506168599,55.358000902182006
220.70591475846362,68.15340403316749,65.5899830345635,55.358060032581506
220.7987709991212,68.50429569234379,65.5898717429809,55.35815025510721
220.9850395518485,68.93747846477953,65.58979845989109,55.35821564847958
221.1983541375212,69.40028315626628,65.5897328495084,55.358273313006706
221.45989066951952,69.80094788721715,65.58957955956721,55.358397858730555
221.4332748890397,70.24091506562851,65.58933692895059,55.35858723638198
221.61500448794467,70.32490002603862,65.58918788939336,55.3587076292348
221.78213822030375,70.50937693170815,65.58897045419144,55.35887894568811
221.56537690544116,70.56504930727657,65.58859490319342,55.35916917916373
221.4819262377787,70.87101099746333,65.58825505261477,55.35942543574546
221.73546888495923,71.18544240742102,65.58814648192467,55.35951356931365
221.94620681182158,70.97415240358731,65.5879937189917,55.35964285571721
222.42549847125704,70.5909822454671,65.58786697599128,55.359732859629275
223.04804797530718,70.225015643711,65.58775509805612,55.359818657707805
223.4203466591635,69.4343782193643,65.58768048072112,55.35987585980241
223.763577174181,68.70919964919028,65.58761885092036,55.35993397556854
224.144624935384,68.3904998506687,65.58759076568629,55.35995756219376
224.3919219801065,68.02567990400232,65.58753087071074,55.36000948336239
224.48949325661886,67.7147138793627,65.58747794101808,55.360057007819364
224.2677233737327,67.55920434016699,65.587404266992,55.36012416784722
224.01900958520673,67.75820484188723,65.58731458611511,55.36019150303932
223.8113425876317,68.20649633912429,65.58723347306123,55.36024982259491
223.83102695684047,68.78160448686829,65.58718115415574,55.3602907569119
223.77890014734663,69.38485986230666,65.58703758054608,55.36040332184631
223.77363393700784,69.8558056434577,65.58696621012089,55.36046225955567
223.98960923892508,70.37886221947542,65.5868432706617,55.36055391289437
224.3383624594223,70.73516024722095,65.58675545979037,55.360619302544166
224.90820701674596,71.1961820974549,65.58666101925347,55.360680497191176
225.11219398883952,71.4590162946738,65.5865846070526,55.36073854032202
225.27058435984094,71.294652357335,65.586548103188,55.36076757128206
225.60201927739172,71.03506370260718,65.58650277961445,55.36080332590525
225.91504423884749,70.81047184359626,65.58644867150312,55.360846614430294
225.9613341692077,70.56394204141505,65.58639322007686,55.36088982680017
225.89573355216802,70.37336793847226,65.58630893574836,55.360954663430675
225.71870147882262,70.16705046147692,65.5862201347749,55.36102381985398
225.49836361761697,69.64375250411311,65.58613750967494,55.36108424263825
225.47420413062568,69.54495154303282,65.58593138867157,55.36124042946347
225.90870361927426,69.61807543625405,65.58580147761276,55.36133174660054
225.90823099971166,69.24624218778114,65.58566134083668,55.361432266926634
225.5354331019206,68.60536911129316,65.58555427367926,55.36152096255092
225.32114669487075,67.86891888027642,65.585460525937,55.36159732790468
225.33160132653572,67.55863361474702,65.58536363994068,55.361675996666435
225.25697528526123,67.03026616390925,65.58515469152955,55.361831785335404
225.18957796290795,66.5305624121529,65.58489160377326,55.3620477662498
225.2159667786528,66.13315554826478,65.58477227685563,55.36215640111911
225.64293889378962,65.8124098536678,65.58467590787201,55.36224334037334
225.73259654512498,65.69737135254805,65.58457664736228,55.362328832102406
225.656354455557,65.59707332388152,65.58449580915565,55.362391797413515
225.86155652937444,65.55601194207868,65.58444332534869,55.36243301960017
225.81133371361108,65.60747686714838,65.58435769918637,55.36250052462386
225.90914501037804,65.47460180771431,65.58427992965667,55.36256115126636
226.19846723692675,65.59098546892153,65.58421907469615,55.36260609937402
226.5489574582961,65.38848021200513,65.5841833536562,55.362629695234254
226.34338277589794,65.04031592527119,65.58405786808403,55.36272451931252
225.97238190098165,64.7994463851588,65.58386591903354,55.36287565312232
225.7051294147669,64.65016686318378,65.5836914190166,55.3630193044351
225.65089625610605,64.30316642307203,65.5834893568527,55.36317658152448
225.45786079977492,63.92797427205677,65.58334818879787,55.36329337790924
225.39032587792406,63.648438539121805,65.5832533544028,55.363372457914906
225.446934263322,63.36498522971742,65.58315417415355,55.36345052781544
225.654290150689,63.06504899301805,65.58307144156814,55.363512639351995
225.6421243770292,62.95625218869623,65.58284127264409,55.36368635544612
225.79559837053188,62.65801542937982,65.58275590813821,55.36375031482906
225.70953337525907,62.829177861686986,65.58270906076267,55.363787019619345
225.57552263639417,62.61677357755315,65.58264845622088,55.36383113352224
225.4933848402364,62.845129391084384,65.58253937053033,55.363913500171236
225.78690274552326,62.56391028530297,65.58243520582677,55.36397944448783
225.88073133655865,62.32738913873645,65.58230608264248,55.364066749141244
225.94525410342243,62.14673523855669,65.58221244117166,55.364133745305374
225.96597297546793,61.864129771004826,65.58212734164339,55.36419197569336
225.93321083634592,61.649159007906604,65.5820072960616,55.364269959571466
225.67881294284925,61.1627762702166,65.58184384929409,55.364377814044644
225.3708549464454,60.768591131800235,65.58160719794436,55.364532811298204
224.85492700478983,60.75574749148002,65.58140019311011,55.36468242973054
224.48842001735957,60.48190156923232,65.58120026645081,55.36483229825092
224.16179305054018,60.57300033634615,65.5809523318416,55.36501423329874
223.86087605876196,60.87806421072568,65.58076122374993,55.36515632907168
223.29525015995392,60.59367053825716,65.58038534249489,55.36540727321375
222.66771895081845,60.69184051814939,65.58007154101637,55.36563039338248
222.26562128108955,60.90580140523026,65.57982530923852,55.36580127774049
221.54540365519247,60.812240475224684,65.57962595276393,55.365941102114725
221.10303923199845,60.984661854127225,65.57945363318977,55.36606851099285
220.3447952833523,60.9992669132108,65.57930348993946,55.36618410902319
219.59282790000998,61.130668999103804,65.57919563119682,55.36627608758776
218.97384844390024,61.581942343178696,65.57905508758292,55.366392213101456
218.33422957899677,61.78260351148442,65.57894515923252,55.36647816139258
217.65410568044217,62.192939268050864,65.57868797148606,55.36668545198969
216.69577820575896,62.45961276423559,65.57827896936014,55.36700721610524
216.064063000309,62.781600400525306,65.57811522971686,55.36714715310526
215.37292260449252,62.96827690221328,65.57794925545015,55.367288655611574
214.79450149383553,62.901688256802856,65.57775433782521,55.36746838891156
214.28735357503666,62.80832380525814,65.57752964949063,55.36765953448509
213.32051690180987,62.85716784858674,65.5773734499695,55.36780005955941
212.8981520847498,63.0110152898862,65.57702550983659,55.36808654884007
212.43326251135602,63.04289295537188,65.57685847246577,55.36822532580653
212.09601359225624,63.39721239036811,65.57663864594674,55.36843034266632
211.5841631971825,63.517012074739306,65.57644035772506,55.368600104869145
211.15875123699777,63.5799438511813,65.57624471680379,55.36875859282913
210.605631607735,63.61562608821766,65.57589382354249,55.36906152918969
210.12621628088652,63.59108261936602,65.57554167837701,55.369364844210885
209.84792421566445,63.39569515583752,65.57515741787955,55.369696654841405
209.55417407282704,63.218154527266385,65.57464739242769,55.370105450235556
209.01662315277142,62.85064227358201,65.57448883176681,55.3702582720994
208.5882525421251,62.467678138426045,65.57434205686269,55.37037724484968
207.9478882259699,61.85388223688494,65.57421229168929,55.370493881611075
207.28643991612597,61.28337791394528,65.57403015981312,55.37066497732714
206.94339019520928,60.904081330003564,65.57387444465265,55.37081002127868
206.7336608950147,60.42872068943346,65.57363415101786,55.37100732990759
206.28317436063824,60.181332623263216,65.57338683851088,55.37123117776894
205.77275032424532,59.55816460113559,65.57315739760197,55.37144426574826
205.2255500090285,59.566824255258496,65.57265455894995,55.37192790004668
204.74848444433482,59.38353682622888,65.57210429185288,55.37243815000884
204.1919634755477,59.223674310474976,65.57182254092007,55.372732949468606
203.63997737361092,59.25501368115859,65.5714853051345,55.37307212776099
203.0610228889548,58.9257952272407,65.57111461708284,55.373439186582495
202.46281768321674,58.820984677685495,65.57071108755706,55.37386814380237
202.19000347860708,58.850198771881004,65.57019155423336,55.37442751329938
202.28500089237184,59.292786675652856,65.56971955933588,55.3748778430123
201.96252731539587,59.632262919208614,65.56911741595508,55.375496209610965
201.50010947923235,59.542674818373776,65.56878296470501,55.37586516757584
201.2631110301051,60.01914213301772,65.56785583503971,55.37678581439573
201.183627812571,60.18659226074766,65.56756149048871,55.377108786675194
201.03894894080273,60.22509891360566,65.56708854936342,55.377622057776215
200.81399866250726,60.255991840125304,65.5663423478748,55.37840136006427
200.73240562770584,60.252319870513325,65.56609182585244,55.37868436775837
200.83250256116105,60.39327586232298,65.56557682699736,55.379211943837156
200.4670148832049,60.41942192350061,65.56503236460364,55.37984378768107
200.50812386364046,60.31688688351677,65.56469954784707,55.38018742495408
200.3595550656887,60.245305186016495,65.56393876180209,55.38099634648299
200.25097234258322,60.29253004195105,65.56344631411694,55.38151847767771
200.23520017433512,60.37464851779076,65.56313122292268,55.38186982837218
200.28276291657704,60.40431965439835,65.56265041160748,55.382360258479174
200.0787428248135,60.29708695464618,65.5622295608366,55.38280992080756
199.80565734675898,60.092382936197865,65.56186764760669,55.3831992027451
199.12824581390845,59.79790200379851,65.56163836135616,55.383472992001344
198.87388879197243,59.60954819165838,65.5612039267202,55.38393607129871
198.3393157971979,59.40398194215558,65.56071500187099,55.3845105849985
198.14410478041458,59.278032896959076,65.56022629077063,55.38506104417548
197.96212940863032,58.95352312032709,65.56001640721246,55.3852898803145
197.47430941107544,58.81451417590185,65.55930597564831,55.3860443066215
197.37730464215508,58.93829622729663,65.55868155276517,55.38666264959648
196.8657718518699,58.718337849505616,65.55778713901941,55.38764060865827
196.56765568425948,59.31012543580901,65.5568943016252,55.38855611674605
196.1936864919913,59.3113188272978,65.55602436182461,55.38945892319404
195.76728954599133,59.39966172701353,65.5553504317496,55.39017946460005
195.4400007536918,59.42788675201152,65.55442241875727,55.391150089315545
194.9346635138783,59.04891316499093,65.55409984142325,55.39150553896097
194.42785983852923,58.82964583897248,65.55372215431768,55.391927783075126
