73.5,126.5,29,23
73.94703433337057,126.4526562482838,28.067602983668564,23.862815183257226
73.99746067077444,126.6323636955613,28.06401228903678,23.866823189140547
75.0422003212585,126.78272713085835,28.06399693727214,23.866843504491943
75.81826876967914,126.69188132943768,28.063812998537873,23.866996048647994
76.16631638896162,126.6242988310895,28.063105659848564,23.867677737744316
76.29533981772057,127.73688039251155,28.058476473057414,23.872306256135584
76.89987270158714,127.8496839172963,28.057913236375928,23.87302871200964
77.57232443108299,127.75999480089115,28.05707174809499,23.874033473917503
77.91430154336575,127.86030345045347,28.056865291931572,23.874298207306495
78.29270889532164,127.94790428822289,28.05669114149421,23.874531106252483
78.71994456876473,127.93275189340521,28.056402097559825,23.874888017094943
79.20618844950077,127.95339605784612,28.05570852411036,23.875492190670037
79.5514757602785,127.63750956328258,28.05535944414654,23.875862329646058
80.03369811532727,127.83120542806036,28.055241652174168,23.876001314363958
80.44696818356616,127.67626522788225,28.054300828478677,23.877220641273883
80.93002082136844,127.68004139940982,28.05416565184644,23.877364723295337
81.39799503922215,127.35908127734997,28.0539232951452,23.877664987079793
81.70427649761224,127.28187271185021,28.053762281040665,23.87784130124771
82.23986377269622,126.66689323573851,28.053032076346952,23.878800519546253
82.69060678571668,126.76960872480885,28.050654996629415,23.881525471447834
83.12901446498365,126.36196974378663,28.05010981307564,23.882112724378196
83.65309853860136,126.01969452423553,28.049510106277552,23.88291992503131
84.24442707537226,125.70321891898355,28.04873815598862,23.88391730004789
84.74586702140883,125.67186006668575,28.0477792024073,23.884984918449227
85.21416419860279,125.61914546621732,28.04715682334593,23.885695396983028
85.69815489909767,125.42380862743889,28.04633457438709,23.886661002592817
86.071347669574,125.09189429528428,28.044935150320594,23.888568642579507
86.49353464130849,124.86897982443138,28.043514888797397,23.890588700856746
87.005075636106,124.75018842283161,28.042718479837443,23.891546965157808
87.63972699651931,124.55717173594448,28.042204692764777,23.89215256593327
88.19896697028003,124.35484694296987,28.04202065321761,23.89242618151885
88.65198348411673,124.17315861495113,28.041428671305326,23.89311519021366
89.31768710918259,123.99114137424986,28.041179224709044,23.89343181759321
89.98767348153241,123.58104628264499,28.040793572408994,23.893912699808087
90.03246603156131,124.68099134916449,28.039874911407605,23.894948870632614
90.62176601417494,124.63657039787154,28.039676177946106,23.895191873675234
91.0753705431575,124.41163772536706,28.039489774991168,23.895371913327207
91.54201833482013,124.1462595155134,28.038850956650055,23.896113400878917
91.97745188286281,123.8750970012793,28.038278550696834,23.89681835364446
92.45802611391434,124.04104871266048,28.037997195508286,23.897110510887742
92.53117231068407,124.7438154419329,28.037551526479035,23.897617363202595
92.64340510020403,125.47553638892028,28.03707687954609,23.898157455273655
93.08735385769282,125.26237903294529,28.036776269799976,23.898460813492473
94.85807625838576,125.14992789539652,28.03721827490214,23.89804401598585
96.74177451559298,125.02818232327995,28.03849899513735,23.89684244719674
98.14571520340215,125.00919399229196,28.038854456906094,23.896503388316543
99.15830259863348,124.96914577931449,28.03938095085201,23.896009208535695
99.37139166650414,125.10773982597783,28.039227103049768,23.896136165572543
99.54996828185945,125.80722679348575,28.03869773055257,23.896757848804686
99.92651302604145,125.82849629458858,28.03831649843323,23.897109648624834
100.32765232960642,125.9520903508085,28.038182478343224,23.897240519263
100.49418451733689,126.14835021452674,28.038026286218543,23.89739225770022
100.67486149443039,126.1162909757452,28.03792499755128,23.897489848246057
100.85787189339841,126.17388525513829,28.037849598422756,23.897566278895557
101.00256737297573,126.28161928982702,28.037808523062886,23.897605821150442
101.3071693765418,126.29840418676359,28.03752681865371,23.89786351465662
101.53290406970217,126.34307224779842,28.037083484569493,23.89832503839424
101.78490483219946,126.28167920113768,28.036782931178315,23.898648046958378
101.99114609206461,126.15959344111033,28.036119184002406,23.899403272557546
102.14284841391063,126.01428846709037,28.035573667831898,23.90000923543092
102.39659925711976,126.06653476913233,28.035360139353557,23.900192274493044
102.71652099170258,126.11820483698277,28.03418067737479,23.90144294962753
103.11305163794484,126.22321389631291,28.034019589548777,23.90160806398993
103.29319247409934,126.17503250094451,28.03362024217377,23.902022665229726
103.48298684561128,125.68183769368301,28.033334239246944,23.902310712007537
103.75432340296791,125.44861453314024,28.033080319708873,23.902595424397077
104.03837933694626,125.38337403993391,28.032938191189267,23.90271464518665
104.25133309292401,125.19433574078491,28.032713492162912,23.902945062091995
104.47561692780798,125.10557472941296,28.032597877849227,23.903065840195517
104.76073358848383,125.21107280968788,28.032472672170588,23.903183162359408
104.95800976227805,126.1866333679424,28.0321418688479,23.903544341840337
105.31367732323464,126.07906204910024,28.031954353307555,23.903695529214907
105.7519419573068,126.00589887750283,28.031709207630293,23.903908581026936
106.11685366642372,126.16463785012019,28.031406527521284,23.904132988792878
106.43710075398585,126.26988807873195,28.03123950798709,23.904272038147784
106.63089657498666,126.48823372799066,28.030459986661498,23.90519217051378
107.0757284643673,126.71777344452099,28.03019967031021,23.90541167596592
107.4664888122821,126.85787482637747,28.029985777707086,23.905596999287177
107.94589156522996,127.01787265076307,28.02973978490339,23.90580164477219
108.43727674246615,127.50793691749143,28.029335873111368,23.906210883494126
108.84287749069183,127.52890600811727,28.02915779079498,23.906355812902753
109.24783947087892,127.44412883535979,28.028996904342037,23.906480826399807
109.8012858858251,127.99897585956347,28.027981354684943,23.90751623394034
110.1153503900655,128.13155243959483,28.027719031594618,23.90772927051003
110.37773213677266,128.15638694450055,28.027503591921757,23.907878802553146
110.74556239763257,128.21195370315772,28.027436985187602,23.907936215247705
110.90558056868784,128.13881113346045,28.02707382365719,23.908273034015075
111.10270243883855,128.00279781516195,28.026804059729454,23.908461661254588
111.13521876567376,127.6727222707902,28.02641758305289,23.908810134355537
111.27679789620284,127.87319295051867,28.026287477559983,23.908919223316268
111.66550971369699,128.5986682737569,28.02558412798731,23.909666403225316
111.80593874782475,128.3988624840108,28.025293050107315,23.90993470073317
112.1929777730003,128.50992417616033,28.024766583046336,23.91034567493556
112.45935679027035,128.49111350076663,28.024575334318605,23.910495444472556
112.61670906960727,128.3904953227143,28.024290462439033,23.9107382924767
113.0286500177534,128.4052740383615,28.024110961109084,23.910871227420618
113.38240436860657,128.24948681692732,28.023939579253668,23.910996529978718
113.76889013504,128.32232130073135,28.023782677848914,23.911109407225
114.30577902720282,128.3273568793611,28.023598152381005,23.91126481258472
114.97037293985946,128.41948504211751,28.023471954455726,23.9113465649747
115.52766247961209,129.21907903671075,28.022941594356578,23.91186009956904
116.09888798453542,129.74962568141524,28.022477789061625,23.91230705616985
116.65436917075795,130.63120481571184,28.021935405248783,23.91283079536629
117.31927971825252,131.18760207797806,28.021158652300635,23.913593490339156
117.96202386489969,131.35578360481924,28.020744354596488,23.913906050775353
118.65164072405992,132.113888471408,28.020230681365764,23.914390982553
119.33999120391323,132.28945752293052,28.019971677225552,23.914571060069022
119.79209703858707,132.80863487211565,28.018999377270255,23.915503332790973
120.51950406880725,133.0399245230732,28.018746669559704,23.915674316739757
121.07216022806388,133.17224187640022,28.01852449234284,23.915806243596297
121.65252042416597,133.56810894235548,28.018172542674037,23.91602949007322
122.00751527106964,134.10174276925247,28.016965462144157,23.917056838262923
122.474531511856,134.3201522329503,28.016135128055257,23.91749165427733
122.91336762091255,134.44522336161464,28.015710422282684,23.917740641837014
123.24503990780278,134.42285017608864,28.015027639350034,23.91811824664072
123.68123634671574,134.54090921658033,28.014209282588865,23.918603932337128
124.12304726723185,134.74343961447394,28.013536972634977,23.918966926766377
124.27991409724645,134.69165420018822,28.012890448159148,23.919267030922004
124.64452907272235,134.7491323481977,28.012528504867262,23.91943274769712
125.04917407212929,134.75206165775757,28.0116777608141,23.919873259661575
125.5071262988148,135.0590219169711,28.010096816182582,23.9209196105888
125.79735459554966,134.98887722065453,28.00904064290175,23.92157491554014
126.17718250663997,135.14222392249602,28.007892251274566,23.922347392966422
126.70030754546342,135.21816931757832,28.007035521367836,23.922862103213788
127.05680826045324,135.3637327965725,28.00552817956112,23.92371490515697
127.47030632287863,135.47922297334853,28.004852702903705,23.92405973094338
127.73595156955179,135.51146924059992,28.004260926197855,23.92436514176121
128.0584342382445,135.40951777450445,28.00314788230377,23.925032730853516
128.41295046690132,135.6552105255629,28.002353311418997,23.925413979549127
128.88492875419308,136.01340413873794,28.001820425247164,23.925705611002396
129.49606131044573,136.32729068826308,28.001220933545692,23.92602402606268
129.9322373813536,136.60427656328417,28.000568005711603,23.926371061687927
130.43514495623967,136.6507710293092,28.000114293737013,23.926558628647022
130.95081518725593,136.89498812976518,27.999430527070377,23.926861891686155
131.51454112925381,137.12624082110648,27.99908495201171,23.92700808957568
132.09439877822308,137.2351785699862,27.998569130315236,23.92727000507952
132.55974139558927,137.11320597905524,27.997862802691156,23.9275965049146
133.16900723891416,137.3242015978429,27.997430114111108,23.927810953908555
133.62624187758553,137.10311945836887,27.997043304324393,23.92799397684842
134.12359228495282,137.12300420431455,27.99666592203536,23.92816617209391
134.5411003125364,137.0552681589703,27.99637959795112,23.928284548554732
135.0124720481121,136.92780474169203,27.995920889659043,23.92848840046629
135.50320645717593,136.92618084997815,27.995280058725424,23.928785746527062
136.04222269020758,136.724974992793,27.994739829753186,23.929025163658107
136.6265920634465,136.43467972551576,27.994303738495375,23.929201283806712
137.15751715968238,136.28859121444174,27.99390450427559,23.929342070622273
137.8288897340906,136.00804903252154,27.993510315236943,23.92950035471264
138.44076546969893,135.64371131836975,27.99294140303367,23.929724411823265
138.88958855781982,135.3172424250978,27.992304241875193,23.929995331587875
139.52480954874653,134.88249567955816,27.99165004841288,23.930259625164958
140.1115565749839,134.32791623072296,27.9911247411698,23.930502001763003
140.71016970309051,133.8211875050125,27.990566156160178,23.930726745206645
141.26382659691805,133.27519844806906,27.990269408757793,23.930848021820868
141.80504031169664,132.83020872878313,27.98987215631698,23.931043481930512
142.47097285858177,132.36459832287173,27.989457763306643,23.93123002680461
142.5257670605267,132.21726311731948,27.988640840036695,23.932058956700295
143.20356146368724,131.69820730523705,27.988215965562247,23.932294451714775
143.96485405781453,131.20677157444192,27.98766113085379,23.932569933137657
144.4535478611176,130.69850788590168,27.987455495320802,23.932663236769937
145.06360295600317,130.37054506755146,27.98725020514683,23.9327958026772
145.3917984207803,130.9325925584781,27.986322911514048,23.933577081581422
145.92616554193137,130.30262100773388,27.986013370902565,23.93374776314033
146.35167017910453,130.52380097148668,27.985343330431526,23.93431072582106
146.89002699751057,130.22197984528574,27.985137261978846,23.934427816479765
147.25690962282152,130.47800878191458,27.984712751560807,23.934796498378756
147.6803813936861,130.80287957506147,27.98326127478446,23.936024059767192
148.28241268416588,130.5040035907297,27.982969331337106,23.936190648353385
148.5866826990039,130.9541803664771,27.982020275038337,23.937017602611157
149.2450988858853,130.42103051970275,27.981792038696153,23.937165438783698
149.51374363754604,130.64818070321127,27.9803864388781,23.938410765402626
149.9633633913903,130.30490225517156,27.9802229757491,23.93852367697357
150.47050649768977,129.93148960808415,27.97992490039529,23.938704653044585
151.09713358291918,129.5272135818737,27.979627835573048,23.938867876234195
151.39422072687054,129.85094643899768,27.978436078264245,23.939946473509686
152.08862706550767,129.36481773062224,27.978232452694403,23.94007269757638
152.38468057563617,129.6035554768947,27.976800548022684,23.94128529607109
152.7491717342445,129.96403066284103,27.97593575638361,23.942004896121357
153.18186599853243,130.48267652123616,27.975050015397745,23.942729617815303
153.52341287324964,130.86986877941655,27.973861118353632,23.943708546736477
153.93652576981927,131.35682083776638,27.972315355560287,23.94497396948844
154.45761077237836,131.6500105666284,27.971363512025068,23.945771311538564
155.110456196315,131.2844256973846,27.970977429853047,23.945956600639615
155.73921895166865,130.85067405111081,27.970634517259782,23.94610442729817
156.18428771658347,131.2760387225651,27.970296939937167,23.94638218830958
156.5778959194935,130.84226653417957,27.970080117361444,23.94648777189824
156.98545062918066,131.27640258963356,27.968959383595,23.947441222609086
157.53491862531047,131.16888475783136,27.9685799098901,23.94761968046491
157.94706663201495,131.55891718028894,27.96694434264811,23.948975722066326
158.36447892710223,131.59811875637394,27.966621138162346,23.94914979033629
158.8311974607879,131.74391933437812,27.96633334895491,23.949289469040856
159.2289725094129,132.48388033891788,27.96468850988362,23.9507184779133
159.5563845551193,133.20587543054964,27.962874965631883,23.952247145930006
160.1768976696126,133.20252678536409,27.962721477390865,23.95233720554841
160.72302154723468,133.2809261421829,27.962499002145464,23.9524543651999
161.34304491280048,133.350170213481,27.962295281916266,23.952573888500147
161.79776148892506,133.44655058086335,27.9622176508692,23.95261732637052
162.29842575546067,133.42216794802826,27.96205963381211,23.95271256091034
162.9505980101047,133.29572195240542,27.96179847184461,23.95288562667996
163.48725418526507,133.17037886619676,27.96170220218943,23.95293411880518
163.91449542784548,133.0901789808024,27.961653849604588,23.95296514903525
164.5266818453021,133.07285463586476,27.96146552778337,23.953078009932685
165.21349777457624,132.9133036294533,27.96113863234698,23.953285845080366
166.07759050794428,132.699590635827,27.96099183424341,23.95338259010351
166.87993820624308,132.58878669900602,27.960791724587356,23.953512150537836
167.51127651339854,132.46927314205757,27.96071350562402,23.95356251763716
168.18038986391596,132.12802581488364,27.960634564026762,23.953618858024022
168.77963500911363,131.86378492959466,27.96051031958323,23.953710161435104
169.3511272136731,131.57062277036061,27.960266398516683,23.953860826300563
169.81547754471637,131.37092627302877,27.960218797820065,23.953891376086624
170.40146630674064,131.15725007829218,27.960129625211938,23.953954875674853
170.7094451996737,131.80439520434433,27.959714131940753,23.954350106549395
171.0852062854589,131.45405055031725,27.95963814786653,23.954409584243137
171.40559549395485,132.109520796477,27.959396754418954,23.954634663136428
171.70115859963852,132.7080560220084,27.959002223444816,23.955002809752727
171.74750868993863,132.84860866647264,27.9583422910598,23.955740646644408
172.1093109347833,133.5470256438801,27.957209813413456,23.956782358447885
172.05948735408498,133.73640913583074,27.95682927951193,23.957209574585463
171.97148313547538,134.04537072053188,27.956231672557845,23.957886952496864
172.04474378481476,134.44891707404233,27.955249687433884,23.95900247263361
172.10253801855285,134.62461622623792,27.954566897693507,23.95975332695859
172.14251337409513,134.8899506723141,27.95410062699523,23.96028812199726
172.1850769646104,135.45904308934809,27.95352457172952,23.960941221469596
172.11205569373433,135.1164681912456,27.95310561176411,23.96143463606755
172.31163824948104,135.4036404542392,27.95185648943124,23.96279146601451
172.79311227904174,135.20908457850183,27.951823195190975,23.962816732580144
173.28387780091353,135.19495837422582,27.951769352432326,23.962846079198062
173.61791430636757,135.07082643658939,27.951730895052112,23.96287019884046
173.95780431678833,135.44719627575793,27.951690468670087,23.962895699183775
174.3316985406245,135.57544079857811,27.95166052872632,23.96291461648555
174.62698526099848,135.91819985115498,27.95130181728743,23.963262211576694
174.75582284481604,136.15582828936286,27.950908817325445,23.963637227842092
175.13403547246838,136.29627655860463,27.950809462575435,23.963685513577303
175.41316858773487,136.3807084450859,27.950628733236456,23.96377848230537
176.0143436455569,136.76928486604788,27.949898957939666,23.96414957522254
176.52869740842965,137.1788664589925,27.94955692501489,23.964321194345047
177.00454034925872,137.54790359838202,27.94907009807479,23.96453919242532
177.47694938578775,137.9428954296681,27.948829718955977,23.964637924929892
178.1249335562459,138.36197101263534,27.948444506968762,23.964818517971437
178.48834111182236,138.89302115208176,27.948189094397552,23.9649564554787
178.84104804956993,139.39657802827907,27.944888012824837,23.96798991701994
179.3136748274204,139.80570571283914,27.9444024090892,23.96829759197101
179.78739225096928,140.35392584612367,27.94406432703281,23.96850065406864
180.25201503206216,140.7769040746596,27.943323112648244,23.968909589204905
180.84555974181154,141.349659139042,27.942624569919513,23.969242489462314
181.25535133049502,141.53651390927536,27.941872001874184,23.969626034523
181.71689480907227,141.95198473771921,27.941341087390878,23.969855592215822
182.44324541463303,142.19955685546972,27.940733000658987,23.970180122212017
183.03395975528278,142.3542785650563,27.94054571244881,23.970279001355813
183.63805483689993,142.38288732286975,27.940313889859343,23.970380277476036
184.32581057473305,142.4982785398401,27.940175181641525,23.970446200616717
184.9470485631386,142.68814517565292,27.940096990017206,23.970460200528837
185.37794284000736,142.87265075806636,27.940035435562493,23.970471047458886
185.9957971629914,143.02566246451698,27.939916532254927,23.970496147016405
186.52718895255617,142.92180469998593,27.939743936973993,23.970580728846304
186.99953609523527,142.79469538765636,27.939605232231763,23.97063838305598
187.6253651655441,142.95902961657492,27.939515170608868,23.970676666551885
188.1266866646748,142.86162426704396,27.93941550254007,23.970723049531788
188.73974836982535,142.80144321616896,27.938992589866167,23.970907204297045
189.38899541989602,142.64611868680063,27.938765377389647,23.97103269344978
190.031972764538,142.49909199869916,27.93868922719105,23.97107957298485
190.6511023597571,142.22856942381375,27.938625813692294,23.97112340287044
191.57239451834502,142.16041035508658,27.938355143786602,23.971334885323103
192.1435407502139,142.07192534376,27.938208790583527,23.971412150560546
192.65893001120065,142.17353475009276,27.93813762792397,23.971458170391678
195.00227149769503,142.57593694315716,27.938399139645945,23.971190365302277
195.43380922582963,142.68354157072076,27.938308102245728,23.971252955635006
195.37191999207022,143.41886019102438,27.93752245108121,23.972168087006562
195.32286828119976,144.052295460852,27.936989588351587,23.972767191897763
195.2587505112162,145.2684027670793,27.936289746548585,23.973560058157208
195.27937348976945,146.11631077838265,27.935584920491443,23.97437701685084
195.7880944048993,147.04451283297723,27.935491737349352,23.974433717369322
196.24005435935794,147.58306017847542,27.93536236197474,23.974513809125963
197.88087000880043,148.26513211443236,27.93556280442276,23.974306599886003
199.28559689046153,149.06761119708392,27.93570414913276,23.974154380932973
199.44592976991615,149.88397861714628,27.934935296837857,23.97509118215805
200.89752930931985,150.3988929973086,27.935278498227603,23.974737633930587
201.11589594551936,151.75316228238958,27.93481212493745,23.97528357457184
202.3383245654705,152.372118181124,27.935395654230767,23.974679206416653
203.45215175053883,152.95631413883666,27.935988688192598,23.97409546607833
204.83660986889495,153.5516356903126,27.936799919970962,23.97325214874048
206.34943879188486,154.37001132062406,27.937641822221128,23.972384219416345
207.57679661649254,155.08084157746632,27.938230557237294,23.97177175089023
208.21455788229628,156.00632648683242,27.93797705715449,23.971941000761525
208.76436341553963,156.79641189956226,27.937451917677368,23.97226279100164
209.2807007545134,157.44753092453632,27.937152933051102,23.972423422694124
209.77023066309854,158.09105167133814,27.936938533380324,23.972535292318337
210.012820106261,158.6207749208196,27.93675754539568,23.972627992230834
210.47289729675742,159.03629734569688,27.936625473229242,23.97266185064816
210.77402471466837,159.0495686394345,27.936327839365035,23.972798220217975
210.99809263039853,159.53967977284313,27.93593169844696,23.97296995917619
212.91855693294133,160.01019347439095,27.936699594139533,23.972166071114263
213.1746414928971,160.74992252285824,27.93606593994529,23.972601062520404
213.50403564680832,161.26836900981237,27.935624940758583,23.97282008621652
213.76902189192438,161.8418720502912,27.934910642112,23.9732011522087
213.70685033344967,162.5729727880144,27.933105237161296,23.97527622896256
214.06743164783776,163.0561134004112,27.932037110357264,23.97593141364239
214.4055726751013,163.67058115220695,27.931521106645803,23.976241453530825
214.40897878671174,164.1187347048024,27.92616859663527,23.982211519951697
214.79026711122475,165.11502949866764,27.91823204999573,23.989811474991594
215.15008990186294,165.83687037400674,27.915377800487374,23.991548439790396
215.5182714068675,166.62135205393864,27.91241352600144,23.9932169416133
216.0123627449507,167.1953119779373,27.91089025745071,23.99414860747854
216.46949823132312,168.08702781529882,27.90877509172416,23.995297878724184
216.66038452954436,168.4204966978681,27.90594531273126,23.996767017329386
216.82812925353625,169.09123133157226,27.9037905193171,23.997590297146992
217.11370671314657,170.07075903606466,27.901779789454224,23.9986701096435
217.26657042309338,170.9525647476696,27.900808027471907,23.999030015168927
217.2681545553323,171.80280562178444,27.90047024834171,23.999150798372373
217.19221374228553,172.5351266541674,27.900204894268846,23.9992332743169
216.95706483475584,172.71205829858212,27.8999819149366,23.999364623215236
216.71537763976704,172.69952561215197,27.89981249168554,23.999527710067532
216.64048165485553,172.89764380612513,27.899560854750487,23.99969889653642
216.77751876763688,174.18170678581296,27.898572640597536,24.000680469661997
216.6839768847934,174.376627082569,27.897450195552043,24.001614811633853
216.78014253140486,176.2350737167576,27.89695733070721,24.00206344312846
216.90058896802623,176.6073270627934,27.896719790268218,24.00226958064674
217.34858566372714,177.4558114071541,27.896561619680146,24.002412856151086
217.49862902698337,179.6617564439939,27.895441837385384,24.003528134491695
217.57737617482204,181.07914624545413,27.893007818097146,24.00575438522421
217.71433880663895,182.77100444959194,27.885494902018475,24.012796491352894
217.86872826043708,184.50959799973035,27.868836659734047,24.02860560689641
217.5349659295299,186.30980540036697,27.841262384990596,24.060585834691132
217.4035567929269,188.65803629468903,27.825353186368144,24.078908191402263
217.88745904176702,189.74830143383224,27.82290742281878,24.0809211908563
218.6060936978955,190.88576335957583,27.816953174992076,24.08499023068078
219.27555408633012,191.5526347819694,27.815286445516623,24.08587525263865
219.9082298031586,192.43738108127204,27.81311395644735,24.087021596751864
220.23792941435156,193.03203616728197,27.812534707530258,24.087276725673476
222.5151807542738,193.2150646185058,27.814766589605885,24.084795549973315
224.2830735141196,193.45883916380959,27.81669626652383,24.081641307712484
226.49248785222505,193.77466390654425,27.818968683605153,24.07891023159066
226.9241853585308,194.69927814115385,27.817540459762412,24.07994225851101
227.44868025559043,195.82520490784907,27.816147597100674,24.081027234108003
227.76833349653373,196.4507707574612,27.814131116129573,24.08247427023528
230.11040170221847,196.77439002001276,27.818286731279887,24.077958172977162
230.43381776452725,197.23251784660624,27.81690102637823,24.078923350707583
230.96111859939944,198.27607870046603,27.81326073187033,24.0822133060434
231.33753084136137,199.40733344408932,27.811663984419575,24.083575488566137
231.05862656406444,200.96084139992388,27.80821559388021,24.08788031092101
233.35683563436925,201.17499409679763,27.810553766594563,24.085307976818235
235.66104572557066,201.47257998591266,27.81299202459091,24.082568518706132
235.40071949119712,202.66434469718033,27.81079642367019,24.085216159159064
234.9891386709812,203.83408275327037,27.807697795413862,24.08892356443506
237.15371862576558,203.99648073473907,27.808845369518174,24.087597687356944
239.32019544591586,204.56319425657912,27.809562822204686,24.086791455139235
241.62428420768336,205.09203086335572,27.81072644323145,24.08552676609927
244.29267823723833,205.71537507630572,27.812636294430302,24.08341860905915
247.29078576069267,206.10854197267443,27.813982225457416,24.081924923285825
249.5769325554435,206.7243457249371,27.815299418579084,24.080524861997766
251.45019689891248,207.18505479247997,27.815981234265646,24.079777593878283
253.65300004724662,207.49412923668828,27.817369280401312,24.07831719537564
256.1089530633945,207.75557297202533,27.818264513822065,24.077324000843625
258.3682439220332,208.0665771807664,27.819245040960034,24.076260262144952
260.16260290987293,208.39342521247647,27.8203500728641,24.07502137636377
262.0993356353463,208.49826866327408,27.820986499129987,24.074235388364748
262.4695039757261,208.5750759392375,27.82059445519205,24.07441902917736
264.1087087590318,208.75003380083749,27.821331083038665,24.073473182743594
265.42263847314564,208.91505358232885,27.82211254493243,24.072640891098395
267.45280690464637,209.152326383225,27.823373506027682,24.07116456969211
270.2928534548577,209.55325799474625,27.824897188747073,24.06950341831629
273.62148577771677,209.87381828475372,27.82574983734051,24.06862571292366
277.16056748732933,210.65299918401251,27.826070476495484,24.068270677864355
280.0561027885616,211.23145121870408,27.826663997566182,24.06760206494787
282.4843251104485,211.6210761719358,27.827543477174956,24.06654706281182
284.66021071275696,212.077869640014,27.82829321524598,24.065468852775446
286.13274465396944,212.02620790820967,27.829632650936226,24.06367972648838
287.27249315682656,212.4900386781851,27.831715139698296,24.06148740622214
289.076596599378,212.99792806254536,27.832602159090687,24.060451011921753
290.1387371572806,213.33399011596043,27.833081194194836,24.0598753312429
290.8488507688272,213.2449861656884,27.83384729919613,24.058968535808777
290.98397974972073,212.77795141553554,27.83339965635597,24.05910573173218
290.8462807946219,213.50701012360108,27.832969622274852,24.05917184259389
291.62983654961965,213.81407324051202,27.833418427411562,24.05843098808647
292.0723079959364,214.44814771878757,27.834126229148264,24.057617923258995
292.00068654871745,213.57388033555674,27.833739349134976,24.05774413373615
291.96683801165597,212.9348747033755,27.833306749657748,24.057953765217462
292.097114953903,212.69211791569344,27.83137899836716,24.059726235978783
292.1416568288595,212.628364508749,27.82977837884955,24.06114931821634
291.99598370680985,211.87654800482966,27.829035577901088,24.0615209983115
292.1528822096011,211.39854717337346,27.82768147106892,24.062004355922248
292.1874329541402,211.4025486115728,27.825682414241637,24.062812485846027
292.1883660853818,211.6458241136728,27.825340116214814,24.06293573081824
291.89634451506976,211.98978009457957,27.82510622303301,24.063040660484212
291.6310759769477,212.33907496186183,27.824714151079913,24.0631834212276
291.55579183206777,212.885195784768,27.824210177122183,24.063379877183788
291.6465664907663,213.22076483428236,27.8240065162393,24.06345784880707
291.5450706828249,213.67321037494466,27.82354097033784,24.0636370127484
291.25452439059245,213.27774797428623,27.823200675831664,24.063771256203932
291.15481316698174,213.45119820894914,27.822201104286716,24.064755352469923
290.798466471378,213.47857507148802,27.821619658953928,24.065016729421014
290.6681927951901,213.63635146282266,27.82135416252332,24.06517225616374
290.5328288974074,213.78138037924433,27.82087909582601,24.065454250857968
