110.5,101.5,30,91
109.92313726427489,99.22962449847857,29.989771600915333,91.0362670648257
109.17496244371056,101.83939520020027,29.989762966630483,91.03630917273482
108.42089780710414,105.1153453756167,29.989762166295936,91.03631826861827
108.0053635076687,106.41390128987234,29.989760401645256,91.03632696355977
107.4572524604964,107.18977609336605,29.989747578349146,91.03637987255591
107.43518010693072,110.04097366608737,29.98978626023177,91.03637301370387
108.35137011995289,110.55594103854054,29.99002828542642,91.03613699831261
109.43493992823451,110.42177103743694,29.990419205514794,91.0357427242251
109.83852512129101,112.45552958813113,29.990484358361314,91.03568902081646
110.52074394861933,113.20659130352058,29.990590022453162,91.03558106149599
111.34714722622321,113.46495828479931,29.99062694258718,91.03553765117319
112.21323636735582,113.60399772198917,29.990661323018806,91.03549727853294
113.13099165262234,113.98264890915499,29.990708094061365,91.03543883549482
113.87160265565363,114.02205113927215,29.990838178834377,91.03528116922199
114.73214907078801,114.15583559378828,29.990856884591594,91.03525965899537
115.37428883375411,114.37567761719919,29.99087065261237,91.03524346290637
115.6767631493324,114.49102166545532,29.99094588238717,91.03515351807789
116.17318354123525,113.81278880806079,29.99098639664665,91.03510585186262
116.61780911309303,113.77249664029142,29.991045076444113,91.03503378558833
117.02462621362874,113.53329188690938,29.9912008986996,91.03484681365178
117.32817050872286,113.10759680280162,29.991410682687356,91.03459258508536
117.84268470094273,112.59878790367782,29.991745334403337,91.03417544833542
118.68827330020555,112.3096330016518,29.99196306099517,91.03390421725028
119.51487889691693,112.18957696180425,29.992409899989713,91.033334559284
120.16709967407712,111.90230175881851,29.992638083485197,91.03304811508917
121.31954434077888,112.33697944107357,29.992753346791893,91.03289989436261
122.47317828931266,112.48284180984224,29.99286493390097,91.03275574445078
123.55053164584649,112.4519481699736,29.992976278847195,91.03261189091778
124.55241853412521,112.7073500501472,29.99307298950291,91.03248624307746
125.74066016871616,112.8231145674147,29.99318521745236,91.03233939972365
126.80595597905604,112.71266190285523,29.993283456162857,91.0322094867619
127.89273301498552,112.42880040726132,29.993433054805582,91.03200958776341
128.94141972668115,112.26977867992463,29.993560909337948,91.03183952000256
129.65581895544906,111.81668767361785,29.993689158116183,91.03167074116182
130.52995592897227,111.18468576498978,29.993784070360853,91.0315467078854
130.99970629788362,110.73071333679562,29.99394894809677,91.03132837438574
131.32244399698436,110.22113145195553,29.994062126688952,91.03117857022862
131.89962884036626,109.42632356316884,29.994238939177485,91.03094213394245
132.40636773861758,108.663388490829,29.99432835191861,91.03082465350005
132.9441209193498,108.28754938008511,29.99438685175174,91.03074823345494
133.38800609118408,108.19711937808636,29.994515251235864,91.03058092934603
133.59074014465767,107.68881007470557,29.994573990935947,91.03050367905956
134.15831616458598,106.92073253121725,29.994683009886664,91.03036239839095
134.73365951288193,106.47809637589313,29.994763878068344,91.03025914970918
135.42806835871994,106.10695461765745,29.994816544859397,91.03019089577955
136.24403445403777,105.73092451101013,29.994869184126415,91.03012185234887
137.0632392386862,105.78447938207931,29.994924661712165,91.03004788867341
137.7074876318708,105.65763229559231,29.994974675956357,91.02997883299255
138.42242881469593,105.5165035609084,29.995028957721278,91.0299040906275
139.32409153800077,105.7164270282056,29.995104385249476,91.02979952091654
140.02251806259926,106.25047604711891,29.99513518138181,91.02975735123871
140.7782296103779,106.57775127593715,29.99519432459405,91.02967680088604
141.49037671356785,106.87875752739235,29.995266115528562,91.02957792893798
142.03973193824464,106.93929700674451,29.995381716933366,91.02942438181564
142.6468689016189,106.71611464872147,29.995516068650147,91.02924489767977
143.17600463240592,106.50795889358562,29.995570970639594,91.02917349913038
143.59868212882157,106.59815088555393,29.99561225809704,91.02911757140998
144.06930735840433,106.70946338634218,29.995648601223387,91.02906811514445
144.64575244200117,107.11073883788904,29.995713012429324,91.02898193563776
145.17529131168712,107.03235082981803,29.995793955880636,91.02887404148147
145.63341988556766,106.83504699764077,29.9958853250606,91.02875104849687
146.2223691889947,107.16906885971112,29.995955935506977,91.02865461668407
146.74489282417434,107.28999743316068,29.99601209589566,91.02857931547376
147.33596248261654,107.54566040162663,29.996059501766698,91.02851674905578
147.97182970793958,107.75061676534513,29.996123065761413,91.02843292290967
148.72999433203546,107.94305457640951,29.99618819432439,91.02834587356917
149.23636768597237,107.78404925126861,29.996245279404093,91.02826951227524
149.8206584542282,107.18780096468205,29.996329509608398,91.02815856343756
152.5952819255981,106.72014085747561,29.99672608340913,91.0276894311555
152.8244664589038,106.35605882410783,29.996878919358952,91.02748074522458
153.0222793308784,105.9040177659571,29.996982896002226,91.02734323414568
156.13239392788063,105.88171557340385,29.99710682852367,91.02719271176333
156.76003171948767,106.30296499254499,29.997194471246495,91.02707034404688
157.3762147447249,106.46427729867263,29.99728427041955,91.02694923892889
157.81213631594815,106.53022238214595,29.99741929169222,91.02676490744388
160.24732145816662,106.4680056201432,29.99768833144351,91.02644251992028
160.52484429267037,106.06588508068475,29.997805867105985,91.02628464492255
160.91211889252403,105.9115966272847,29.997912307523897,91.02614078422464
161.5269088592624,105.94020133867532,29.99802447552574,91.02598604873478
162.00743815511862,105.8327252372751,29.99809215172331,91.02589422992878
162.63700259810113,105.6346165502575,29.998201628070607,91.02574161027731
163.4088488979036,105.72046702866211,29.99827266600843,91.02564239597409
164.1744368423374,105.81753583684304,29.998334856211812,91.02555637315437
166.46908177877978,105.84430755245234,29.998451950490185,91.02541470641803
167.24076323690204,106.0581506977662,29.99852019707982,91.02532030588696
168.0065992287637,106.40580371326266,29.998590190094472,91.02522520857934
168.87157478033484,106.93640525588383,29.99866390155793,91.02512451362631
169.65523484745236,107.0641434371438,29.998729679264404,91.02503280491304
170.29336399285577,106.93016406633889,29.998795541404046,91.02494376672436
170.8106891352909,106.8972791452951,29.998862577929685,91.02485283071859
171.2150936826471,106.6902383821593,29.998947938650108,91.02473619681871
171.9457310640933,106.85230853841028,29.999032557433456,91.02461996554688
172.3259914691019,106.48193891425252,29.99915290504338,91.02445732644557
172.62093797553976,106.10717273475774,29.999247170152298,91.02433181609615
172.8369557847989,105.726478154152,29.99936638590444,91.0241712660802
173.6432236857332,105.64931865902629,29.999488250242248,91.0240009775383
174.4420308882124,105.44275520504377,29.999615568344417,91.02382385460811
174.99374253521484,104.94416114714163,29.999739847429176,91.02365317143168
176.47737590967108,105.09112466394382,29.9997661225798,91.02359187812654
177.93929485375398,105.40390274918289,29.99980738098992,91.02349370973882
179.39770652965888,105.78112740519887,29.99984651697309,91.02340006672847
180.51112919873057,105.80916908841554,29.999826892941055,91.02339894153229
182.40740480972295,106.17728196141644,30.000086111019737,91.02311961238537
183.56605885994125,106.11795029741482,30.000078807091956,91.02312142497388
184.75242593168917,106.08893063452246,30.000073488211566,91.02312252722379
185.94749076370033,106.02462215080848,30.000066714661674,91.02312332555668
186.99374666911459,106.0143710092218,30.000055590478645,91.02312329475855
188.02839176364571,105.632472333698,30.000040303760183,91.02312491235429
189.03651698777287,105.40570787203768,30.000023776556898,91.0231326137988
189.9902627522784,104.95211589939089,30.000009149553854,91.02314095856364
190.82441978969806,104.63387489934894,29.999990577377197,91.02314751480753
191.74814701062624,103.81429897034555,29.999963146057027,91.02316353525939
192.5770478691414,102.74256654608146,29.999881398776136,91.02323772826998
193.20931814899055,101.47452822118511,29.999814515759393,91.0233045895495
193.86871896843485,100.7232538243289,29.999778636338853,91.0233400938103
194.4504021274221,100.29578322110359,29.999722726956588,91.02341348428956
194.8525306966865,99.46431885819239,29.999656462527515,91.02348908835447
195.38840568439906,99.07996126341946,29.999614331836625,91.0235304407154
195.8924422317585,98.70661437091576,29.99955734658427,91.02359534522202
196.46181189157068,98.54876770616283,29.999518154561546,91.02364143027444
197.0550111683856,98.4738229439838,29.999484251658025,91.02368155470823
197.62635187867417,98.3451089456555,29.99945295849174,91.02372241991227
198.24717456240649,98.31848943032574,29.999436476296303,91.02373789652681
198.8430977058685,97.88890067119146,29.99939614812015,91.02377764128157
199.59213759494835,97.30767789039487,29.999363602588286,91.02380090348971
200.33304515647444,97.15315945107437,29.999324478605352,91.02383356474446
201.58127583739198,97.15975667505441,29.9993380980782,91.02380398815667
