146.5,54.5,68,101
149.66804123625562,55.999882069456945,68.53415630846412,100.50804430797027
152.71195573712095,56.97856727305538,68.53582248877082,100.50660472982155
152.9292319527907,58.10856694436478,68.53598285483466,100.50646161126281
152.73621803406579,58.806903176949305,68.53615790836609,100.50630129685823
155.32497272246906,59.47537259185255,68.53652261984686,100.50594775033116
156.56921041409277,59.7318371252521,68.53712027470067,100.50540125046092
157.87917997196527,60.536180317466595,68.53796544163997,100.50463157879285
159.18055673185734,61.20373948996333,68.53867795579141,100.5039845787472
160.75222261259842,61.955136197632626,68.53941324333572,100.50333013569102
162.14979562503967,62.52892918251614,68.54045056615524,100.50239150002281
162.87199345329222,63.14892463544664,68.5417386273778,100.50122484247571
164.02761058151177,63.720832322000845,68.54259214521547,100.50046455073479
164.9079848761526,64.23357185293119,68.5431971678799,100.49992967508473
165.49609597132,64.64028180637496,68.54426815896447,100.49896572036472
167.06101265422382,65.08220375973042,68.54501760260504,100.49830022656806
168.81689804060136,65.47364716229794,68.54540450845411,100.49795791510827
171.0196961140026,65.54376737200303,68.54579657805176,100.49760840489303
174.6673910367691,65.98280494858751,68.54598378177417,100.49743617673855
178.1272732913304,66.37392662435344,68.546163558998,100.49726542890923
181.27671500237034,66.46956231819291,68.54626609501744,100.4971702322026
185.12290988643332,66.66313666125423,68.54643080076848,100.49701796431768
189.7756146054606,66.78812116090232,68.54678842204011,100.49668060831678
193.12761798701368,67.234917828481,68.5469189842208,100.49655696443598
196.33416030625963,67.47914600772614,68.54698084154795,100.49649933670052
199.45326603818629,67.61219583321898,68.54701200388486,100.49647043905084
202.06700665464348,67.68936479420495,68.54707126398193,100.49641535518504
204.07135762680147,67.88845822434604,68.5470997311955,100.49638871409536
206.4033994543931,67.97323378757834,68.5471253060537,100.49636483517887
209.0906640250965,68.25400481243523,68.54714126199806,100.49634979924379
211.8729180871062,68.46665292385339,68.54715588120371,100.4963355481005
215.21207504631133,68.80908796900152,68.54719002721603,100.49630118978739
217.78901207246275,70.24335424029228,68.54719609423695,100.49629129124887
219.77868714176964,71.58081888098391,68.54719986034726,100.49628519139942
221.4925506323304,73.4728971635932,68.54720487003999,100.49627684242839
222.79491819249546,75.38736645691097,68.54724756266765,100.49620783701538
223.85976084204478,77.56165285514916,68.5473218136636,100.49607807185005
224.15642193832264,79.22518491078048,68.54738138361247,100.49598882936182
224.5965875335834,80.42447021597744,68.54749030901955,100.49582281720397
224.86681286430124,81.46786400584048,68.54761056232921,100.49565079991687
225.02085612792462,82.27058774693609,68.54776736937586,100.49544080170392
225.41722040885492,83.83037539344247,68.547854731206,100.4953094021238
225.53236801802913,84.9122760247106,68.5479149395267,100.49522016427625
225.74312400772158,86.39969190190735,68.54801775606504,100.49506144264338
225.6626525920707,87.56084622738807,68.54813292084572,100.49489038590494
225.89967644122504,88.92815426097143,68.54824532752706,100.4947215595677
226.49768235057118,90.05908139421673,68.54833124042506,100.49459462614593
227.11887355945805,90.64889139913788,68.5485428263287,100.49428684546014
228.29161518018827,91.7151689563602,68.54874530531198,100.49398871572616
229.9224959286712,92.29843015612437,68.54884441740069,100.49384707925172
234.42276197032118,91.98031999901852,68.54920688060953,100.49339740006285
235.29253132615992,92.56065065953635,68.54931436529742,100.49323910885052
236.54966118693093,92.7269126595707,68.5494243699364,100.49308717814063
237.73064224441282,93.01116723254998,68.54955951830877,100.49289598195394
238.73459018900147,93.01289099773561,68.5496897521784,100.49271336631513
239.4955396182146,93.41745767580396,68.54979573651032,100.49256369376454
240.38943615044985,93.81406964123185,68.54984494575193,100.49249316809826
240.87866901841133,94.38985810980412,68.54999807007376,100.49227054385047
240.8320755490855,94.61382206824538,68.55018607195308,100.49199741069367
240.91392680114097,94.9820560960673,68.55030231464733,100.49181009435725
240.50730878527787,95.10577789818149,68.55050130852405,100.49151871431194
240.4610771740959,95.17213634778116,68.55077656001134,100.49110363741731
240.60908074635103,95.51919417555132,68.55103704417081,100.49069270618885
240.29511275043757,95.17129207686382,68.55134363669814,100.49026178326736
240.31198872311614,95.26119804819204,68.55158264073324,100.48991890448897
240.40620049171633,95.12682227917225,68.55168127848734,100.48977508468134
240.74788306315847,94.63178800070489,68.55199845810516,100.48929121623154
241.06225214343587,94.78954823371228,68.55211594320694,100.48910286491325
241.0398662630275,94.70818039919193,68.55240948129591,100.48866596110278
240.7829173060759,94.77854050919518,68.55272266218978,100.48826900748328
240.73645583472353,95.04323275785168,68.55292319642105,100.48802587665206
240.4937878426337,94.89588806083528,68.5532463512969,100.487611482309
240.5240458333816,94.7577265303122,68.55340367370331,100.48740955255812
240.4300090397498,94.41580712814059,68.55364196993892,100.48711452921502
240.3626525860036,94.46999310708088,68.55375058730351,100.4869696082278
240.15121307236024,94.62812368215526,68.55385068034988,100.48680130685683
239.29501907754124,99.89846580056579,68.5534618898594,100.48727288516028
238.05659522329483,104.91651903034358,68.55224220028093,100.48887089337812
236.56007236370598,110.60594092560703,68.55067737143925,100.49096277179655
235.14129996248545,114.8681042452726,68.54932423038363,100.49277634547808
233.9123143484618,118.48193195617003,68.54873761426893,100.49357265250406
232.8109464489668,121.2112003988903,68.54852222040309,100.4938546795696
231.7323756883043,123.43089375608446,68.54843527187944,100.49396638971133
230.67969550580128,126.12273888497928,68.5483452451161,100.49408951311673
229.76169024991455,128.71096736640976,68.5482097598421,100.49426876928041
228.7109636061461,130.98137918506072,68.54811222988938,100.49439733763649
227.62192453066163,132.46084135548543,68.54808550338642,100.49443162258052
227.52860789730286,134.66773593112458,68.54807160826253,100.49444557188812
227.33051473685026,136.92824628408036,68.54804037436008,100.49447579599978
227.0585221915359,139.00704235884683,68.54800129554378,100.49451599738848
226.0313339939168,139.96251503247382,68.54792694043104,100.49461059859794
225.7423970065959,142.09063839680485,68.54789543897954,100.49464000061216
225.53365219572993,143.7432981236135,68.54785118619975,100.49468229473655
225.34197782992726,145.52670357466337,68.5477418995022,100.49477259960703
225.22720902093937,143.94181648750194,68.54775272948164,100.49475483705551
224.89924541891213,145.2287846290818,68.54764486788523,100.49484704586968
224.7273055125933,143.93121040049948,68.5476582428493,100.49482214411708
224.46763429782922,145.87311666330964,68.54762677863965,100.49484660313115
224.58563334812277,145.35064745937652,68.5476397510458,100.49481724042091
224.46401934159096,146.6950779300261,68.54759432708629,100.49485104780949
224.50036534717339,148.5597906981865,68.54756238955943,100.49487359155155
224.4773604250427,149.49467575854405,68.54743185734237,100.49496972278195
224.33733322132616,150.3722512330218,68.54737662083923,100.49501427229289
224.12176908037557,151.024174380834,68.54732037248228,100.49506166200938
224.10923028952357,151.6227366870657,68.54728175455872,100.49509443251112
224.3554734461256,149.953369058762,68.54729163380999,100.49507551202495
224.6189984003346,148.35745041224894,68.54730259174792,100.49505570551806
224.98224679896393,148.9557351522356,68.54727888752204,100.49507796043088
225.7690079083302,149.46156684275817,68.54726505063307,100.49509089087864
226.6170588368014,149.09682530889432,68.54720489691485,100.49514566728556
227.62238379739733,150.10690891481823,68.54715005895966,100.4951953972712
228.43520072222063,151.0476076709788,68.54711058683078,100.4952310142607
229.11432819879727,150.42412001720544,68.54711388105302,100.49522410497241
230.11596916183305,149.98642257001183,68.5471180782572,100.49521422421694
231.00716615367338,150.78258382925472,68.54709394664259,100.49523670504453
232.22364762132526,151.18415241494392,68.54705075201572,100.49527754603717
233.69126461977032,151.4185656075736,68.54697977621325,100.4953481160295
235.04721474925714,152.23342329573472,68.54690965639972,100.49541637007835
236.02984859589841,153.0249575521615,68.54684965907819,100.49547142194494
236.9786137837267,153.2419865465718,68.54682802384673,100.49549221592122
237.38089553557526,152.215203451408,68.54683298967397,100.49548265208318
238.37539081777194,152.58408594788676,68.5467671670256,100.49554525817429
239.14511513179934,153.48211048332956,68.54672126228321,100.4955882206749
240.05226366760633,153.4685847097972,68.54661195579067,100.49569630577012
241.09848128323196,153.38688303065433,68.54650789557519,100.49580379899697
241.81360380582282,153.37023152199254,68.54645877801343,100.49585315030711
242.60747253685616,153.56833319440375,68.54642943152443,100.49588044351185
243.51899947701858,154.04477085832679,68.54639457890953,100.49591005531725
244.2999859987393,153.94960375886137,68.54636911962037,100.49593268825289
244.29503359553095,152.66778374948922,68.54637517033764,100.49592066842295
244.29790198568742,151.7297867313318,68.54638012687636,100.49591096251977
244.5497753347631,150.72531781730663,68.54638595834608,100.49589808027346
244.97452310693492,149.52582159872432,68.54639416957188,100.49588581963843
244.80975386796047,148.26131319348738,68.54639913016015,100.49587850596681
244.60989205681503,147.50910704336292,68.5464021134606,100.49587398282857
244.3711701350156,147.04845632338146,68.5464058680721,100.4958687530794
243.99941313659278,146.1796405843349,68.54640783050155,100.49586604919628
243.79822119226236,146.10151635968666,68.54641134210819,100.49586031126643
243.75730182048682,145.47816543514986,68.54641517335914,100.49585424408025
243.78800880725873,144.96879310523076,68.54641876083977,100.495848474765
243.62797006365756,144.3447829791608,68.54642550448132,100.49583675306613
243.64028286880813,143.83601928442607,68.54643191969026,100.49582571422897
243.6027944074608,143.47310126767056,68.54643893975025,100.4958137882216
243.76313351993318,143.12950624964287,68.5464481876258,100.49579880766399
243.8696744559623,142.8347081752896,68.54645993908647,100.49577841927642
243.80635978610317,142.70216495946127,68.54647193657111,100.49575754707526
243.91042957790066,142.38918603866784,68.54648004267627,100.49574466741727
243.8480074860459,141.8822292945288,68.54648509932198,100.49573665644304
243.85858128180436,141.62324936102297,68.546492975062,100.4957230408459
243.94380420412898,141.21053911775937,68.5464983244607,100.49571492229346
244.06520350071443,140.71724353319343,68.54651272243204,100.49569371187441
244.2564001198768,142.7234365706676,68.54646346179707,100.4957449805235
244.45817869268407,144.5514980133235,68.54641006197681,100.4957996159636
244.7048868531542,146.7305245492818,68.54634475350493,100.49585840241495
244.9487238702029,148.20571428776213,68.54627712561934,100.495928153741
245.22934607351144,149.3162197316256,68.54625729881337,100.49594773972319
244.97964154528194,148.26485122079396,68.54626144804581,100.4959413741642
245.237960563478,149.40196776613107,68.54624243831461,100.49595998293765
245.51250745311782,150.71375837917572,68.54621907691599,100.4959816239748
245.17320095721053,149.73056012468444,68.54622895603295,100.49596546949753
245.45282546748285,150.91467958377513,68.54620543511828,100.49598812701504
245.09497002618536,150.06995823819415,68.54621288992163,100.495976858712
244.78229557202178,148.76405502549412,68.54622610488947,100.49595710270027
244.53314721144733,147.45967689948628,68.54623860534284,100.49594083846533
244.31133549552604,146.4128042490623,68.546247941736,100.49593017884884
244.32620044681877,147.85485109794877,68.54619202528744,100.49599080083905
243.81715843225777,146.5791823754781,68.54620023062556,100.49598170532938
243.67481373405866,145.62751285523382,68.54620267419445,100.49597885643652
243.71484012394978,147.41094155596062,68.54616314720694,100.49601932409304
243.34298962067624,146.52103567172298,68.546167344939,100.49601386901942
242.98305580895052,145.56527994886548,68.54617638160225,100.49599994604391
242.37665406730565,144.78326977877148,68.54618138867284,100.49599238076773
241.72406742759478,143.877018544381,68.54618735070412,100.49598173652687
241.60197328434185,143.72318036337933,68.54618993619735,100.49597629959527
241.50440248968582,143.64896713265415,68.54619316047916,100.4959710426962
241.46467090136235,143.50227423839726,68.54619909135896,100.4959601496628
241.01964042837065,143.4220817509031,68.54620557300217,100.49595014314761
240.62160755184436,143.21927658060028,68.54621267126961,100.49594002801139
240.54436222689185,143.34098945444052,68.54622722990894,100.49591813231682
240.57987992557406,143.8856123732157,68.54623813277689,100.49590128246025
240.54704833446615,143.7185226953161,68.54624445183977,100.4958929518161
240.29093793264545,144.25853730563279,68.54627574799673,100.49584970740196
240.17839103786287,144.55322216761053,68.54628126904346,100.49584177028878
240.15756508545206,144.73868000153183,68.54628519946331,100.49583618073329
239.94131659915143,144.62756008462853,68.54628952846986,100.49582935275765
239.64394375364907,144.98788838556104,68.54629804734785,100.49581412548063
239.24880963142948,144.94431193746482,68.54630859944999,100.49579558631696
238.93255737215694,144.65938457604096,68.54632069493748,100.4957772742106
238.710892526926,145.27867253026605,68.54633270384838,100.49575989656792
238.1951777001642,145.38997153252387,68.54634343780867,100.49574588632166
237.9185872765048,144.48012772833007,68.54635062389549,100.49573480334111
237.99421290196838,143.69368522260982,68.54636018107857,100.49572083082627
238.58486874774474,142.81387566866465,68.546369276002,100.49570949705097
239.1548934883625,144.42115315993598,68.54636364947994,100.4957150232363
239.43127928977862,145.67313620238204,68.54634710445939,100.49573386647529
240.1685517018193,146.9091564570965,68.5463241557595,100.49575785213307
240.60545155327458,147.42131322702178,68.5462568408685,100.49583179111089
241.32621522676294,148.4585471672433,68.5462278926726,100.49586470984696
241.65043696415293,146.38949753318641,68.546232765938,100.49585858550468
241.8195471595616,144.57615732690223,68.54624650168847,100.49584050411549
242.3689393845105,146.96153580792952,68.54621645776606,100.49587078113566
243.1437794225663,148.59871306704417,68.54616618912664,100.49592221917464
243.7209934107022,150.14255542933768,68.54604688957451,100.4960406199691
244.099651032275,151.25653699728812,68.54596931923469,100.49611722558431
244.6445557332774,151.4457753560439,68.54590460431032,100.49618427242555
245.21724766488182,152.2291325029418,68.5458647600376,100.49622360449949
245.12587371489582,152.44579182398502,68.5458050207684,100.49628315221528
245.2199102413809,152.0629851252022,68.54578825794795,100.49630081566148
244.74141335528162,150.80248035720263,68.54579137090954,100.49629351549422
244.46343758148484,149.23565819742134,68.54579376698717,100.49628848584418
244.80224147737317,150.67523768001206,68.54578343834145,100.49629755426255
245.26911452826235,151.29413137751368,68.54576901171113,100.49631051898533
245.5358338890951,152.37461721967424,68.54575299855698,100.49632406606369
245.53566824618682,152.68331031192596,68.54574080303286,100.49633578595632
245.44949358732208,152.88153441735736,68.5457294174132,100.49634736317755
245.2896444519432,153.06588338659705,68.54571293335114,100.4963635486625
245.10741155504843,153.34054757310884,68.54569042347931,100.49638436444356
244.85872468946326,154.07315619719716,68.54567620899762,100.49639770041148
244.51466067354934,154.84850072335996,68.54566188156873,100.4964107431176
244.16742143867597,155.09492743043427,68.54561201002213,100.4964533791838
243.65669479825615,154.77572105354147,68.54558806841915,100.49647434019514
243.32980219526198,154.56088691581698,68.54555216368209,100.49650610741773
242.90487129761541,154.284770940804,68.54552962774888,100.4965286801549
242.45491163571518,153.8821340820844,68.54551638824447,100.49654221616707
241.90732664147436,152.06812874374472,68.54551802459902,100.49653975884378
241.68387286490815,152.4064965268085,68.54551355728657,100.49654418342742
241.52483389143066,153.06384257404304,68.54550595297962,100.49655161955987
241.12071985239726,151.46413236641308,68.54550732644893,100.49654943693461
240.7660657349188,150.6057366801185,68.54550860606831,100.49654691475604
240.1584051949567,149.89204507996013,68.54551029092723,100.4965434735704
240.1499360658782,151.7571267720735,68.54549666959781,100.49655558449138
240.01504021472024,150.36050688707905,68.54549858676701,100.49655123102136
240.5992443043787,149.28115600670415,68.54549999340287,100.4965491877551
241.52505942964643,148.50418248075414,68.54550114583677,100.49654736041319
242.07168017821803,148.11492448414901,68.54550277079439,100.49654473647024
242.42779381782566,147.23502431983763,68.54550516067317,100.49654165074823
242.94707059164264,146.20405814894104,68.54550854644225,100.4965366603881
244.05568252859712,146.03719526893406,68.54550998571993,100.49653252743289
245.18678877104043,146.7003280292723,68.54551168464073,100.49652840793287
246.14218451371212,146.41603694276418,68.54551564950788,100.49652023795063
246.96918289053352,146.52482934639272,68.54551977419915,100.4965119642495
247.8655530890088,147.03525217985327,68.5455219872263,100.49650789583914
248.24290301694816,146.6770852131247,68.54552577228536,100.49650164508454
249.03222629145998,146.1885838290023,68.54553232041444,100.49649112340094
249.75896426445595,148.18131130769427,68.54551730620047,100.4965074146437
250.72518370418862,150.25175631661654,68.54550952853415,100.49651467081651
251.69648692483784,152.379051556346,68.5454467130673,100.49656810844131
252.45231385394067,153.5224534583818,68.54542923124258,100.49658304712179
253.4461837548332,154.40212058109424,68.54540062063487,100.49660541962446
254.19691198940808,155.22428312655478,68.54533949621933,100.49665291113902
254.68660028386554,156.2917281643354,68.5452609028717,100.49671108920933
255.00525347111198,156.7329696255368,68.54522271399435,100.49673835204824
255.4956925015173,156.40471213485986,68.5451812234466,100.49676908714814
255.96777447079234,156.76424934411375,68.54514919569749,100.49678870665001
256.3133425332135,156.52622890523537,68.54509972074997,100.49682432823079
256.4612916293219,157.30173851907256,68.54507916401201,100.49684074318031
256.7539906959098,157.16135427278496,68.54502951773661,100.49688178967625
256.9426575449678,157.0495835466983,68.54500815201229,100.49690133869234
257.2223668531982,157.1629553904658,68.54498812706994,100.49691994592658
257.4451752556231,156.7777896210143,68.5449703417475,100.49693655296012
257.4283173629998,156.0549077675229,68.54494013406543,100.4969644477557
257.6403582949823,155.46410595008865,68.54492350237726,100.49697907524663
258.21037458950536,155.5449093472355,68.5449081843731,100.49699183988335
258.8181642475959,155.19324120885042,68.54489764909103,100.49700063967514
259.4389372931264,154.13399964714654,68.54486600238126,100.49702811466068
260.19415290008527,153.69977793574998,68.54483329558174,100.49705749307364
260.62666994185787,153.51735163387673,68.5448113213162,100.49707650345161
260.1379985400232,153.20457716643995,68.54482129455644,100.49705442582818
259.7268834314822,152.80137511314132,68.54483213984277,100.49703391465815
259.2300405451202,152.20918088608974,68.54483803147095,100.4970240752661
258.57117988865843,151.2073721243092,68.54485192499897,100.49700094712433
258.2729202972429,150.37085987702088,68.54486332012566,100.49698529010486
258.07884158196794,149.43650730158362,68.54487423101455,100.49697086319007
258.03989773608413,148.9158307985202,68.54489910871337,100.49693905314719
257.9309217261173,148.48271333584736,68.54491288430427,100.49691976802073
257.76825166450857,148.51077568718551,68.54493377696515,100.49688711527094
257.09725942259854,148.27041859705486,68.54494793626891,100.49686653000262
256.67045515917164,148.2079488357876,68.54495655715506,100.49685402682562
256.1467038901469,148.18553851582374,68.54496253796877,100.49684524973327
255.50970603839994,148.1215834509609,68.54497500133516,100.49682870199346
255.08735639302878,147.99983013544337,68.54498438643401,100.49681693581651
254.52204187595962,147.9002268252721,68.54500331219681,100.4967924977999
253.92007741822135,147.4469110085023,68.54501532036284,100.49677519745205
253.17434249015443,146.87584246348342,68.54504094641703,100.49673816277208
252.33246760178145,145.63110036995033,68.54505761750355,100.49671443624881
251.588977432956,145.2158247880638,68.54506717287443,100.4966992533765
251.0147386920528,145.6853273155081,68.54507770998634,100.49668002307288
250.23420880682318,146.1268849021276,68.54508754224369,100.49666464422164
249.59957766972252,146.7645169419963,68.54509095967158,100.4966587479636
249.1033347123797,147.510283081247,68.54509433136556,100.49665319237019
248.86453326406945,148.2036832330549,68.54509960392264,100.49664399879318
248.3805020806417,148.359395398395,68.54510743777338,100.49663197275275
247.74904910541719,148.44885903575693,68.54511351258152,100.49662332791367
247.1320658548776,149.00856214440972,68.54511962356976,100.49661391637133
246.42982610546198,149.4267303602019,68.54512474476881,100.49660551441953
245.79648286043516,149.49420015239664,68.54513099419137,100.4965964959833
245.41218773275267,149.6554228921393,68.54513610408286,100.49658824327022
245.13402617316234,149.70057553983943,68.54514266871716,100.49658021471095
245.21445767214834,150.03066829384144,68.54514713826781,100.49657372568124
245.52882700955166,149.8885074614131,68.5451514563391,100.49656669142595
245.6180259496025,149.47766264085033,68.5451533774917,100.49656368700172
246.0626012620225,149.11077822736945,68.54515581594896,100.49656029573609
246.54684687256545,148.73587979498134,68.54515996382061,100.49655355781685
248.257489914333,148.25899950998752,68.5451669005339,100.49654277503656
249.93530626948186,147.67114910405763,68.54517603212463,100.49652969014497
251.38546312250764,146.77511681131946,68.54518261759223,100.49652221789727
252.74773700348965,145.75688606658775,68.54518701016924,100.49651734726855
253.49072389358633,144.360911149823,68.54519385989684,100.49651147134064
254.10779704292844,143.7414518227962,68.54520226244553,100.49650311867275
254.20561257602364,143.66429579783025,68.54521818262045,100.4964884316776
254.4145612316647,143.35630677713462,68.54525931237644,100.49644603201358
254.4965032123136,143.0319732739124,68.54528465224038,100.49642293397349
254.4675863877209,142.89623056994418,68.54529658058728,100.49640924456267
254.44140809972623,145.76400701032102,68.54521445414233,100.49648258451208
253.8951569210953,147.96886042026676,68.54513971160405,100.49655245224268
253.5953197959892,148.7257494051928,68.54504240257779,100.49663590016097
252.53400672650213,147.62251043491347,68.54506631720196,100.49658779968874
251.67085153404508,147.4739944938129,68.54509291343507,100.49652381687868
250.77225187715217,147.75581863390227,68.54511336274179,100.49647214295454
249.54375295378884,148.55277432225458,68.54515601499521,100.49637895396354
248.14107114257217,147.88343846602706,68.54519389089229,100.49630101927808
247.49096139099123,147.1703637766984,68.54524583347678,100.49619266840507
246.55719224510113,146.69767138172094,68.54528513138334,100.49611541030622
245.7847724411352,145.42672108615008,68.54531992783754,100.49604956315447
245.2779804967161,144.01626507254633,68.54534554812867,100.49599224717653
244.7078269406254,142.2994535503645,68.54540984529241,100.49586919206823
244.06731111751154,140.1732684557482,68.54550358144019,100.49569450138746
243.66279250272555,138.072817475144,68.545531795452,100.49564727054872
242.91282846234034,135.40538262395268,68.54561747090321,100.49552408734175
242.46534084858595,132.76123586627864,68.54577391560561,100.4953120484906
242.03649063800086,131.292872328261,68.54603046766185,100.49489079193008
241.2004712993308,130.13663902117383,68.54626900843587,100.49449071832977
240.6103749857574,129.18953016629345,68.54657541369694,100.49408181065887
240.12113453318238,128.27742392183472,68.54692007741093,100.49359525534871
240.2795559709759,129.5147779510638,68.54709398220034,100.49336234223055
240.5108057611522,130.1894141151995,68.54718971563526,100.49323971793862
241.02130096294934,131.5929962626151,68.54732653600944,100.49305484090837
241.4714263740928,133.39114702733346,68.54741042956576,100.49294257195442
242.13142420621858,134.66136471692758,68.54742650027666,100.49292057243535
242.7073804445358,135.92848842776846,68.54747296605554,100.49285808346237
243.19269261048186,136.20241116084298,68.54752398339892,100.4927995087737
243.57993590396234,135.83497100931936,68.5475458726953,100.4927738536453
243.96545477887202,134.80988422155443,68.54757371564179,100.49273790692784
244.5132279789231,134.70184186047,68.54758595888063,100.49272095287104
244.59993243231682,134.98004173219468,68.54760922343797,100.49268807028824
244.5482506321809,135.24170539973605,68.54763810625731,100.49264248826869
245.4096452310966,136.34518820530968,68.54765118980558,100.49262348852585
246.24871765022246,137.68057249637167,68.5476888342733,100.4925635627129
247.22347123410967,139.53316674321937,68.54777485287735,100.49242076909077
247.65001567458867,140.97305629931202,68.5478052260316,100.49237235835201
247.92266024842522,141.7304261535884,68.5478567355927,100.49228514041505
248.2616687480059,140.82687298937816,68.54794884583302,100.49210830576487
248.17892284166828,139.75072703294788,68.54796868747323,100.49206695904292
248.80595916446907,139.2171517416296,68.54801269626775,100.49196407125862
248.84462213695986,139.34105986948742,68.5480567467014,100.49186702890951
249.14768501452522,140.45053678185522,68.54809812919349,100.49177764509189
248.7759705687621,141.58850961591713,68.54818509795976,100.4916043101132
248.57167198083616,142.16293353791963,68.54824205474308,100.49148304863533
248.0165695822557,142.56704806222467,68.54843277090272,100.4911153877549
247.69980058265477,142.988826205127,68.54849546645464,100.49099581993731
247.61409237781334,143.05691685452302,68.54851091187741,100.49097055859514
247.74954833492242,142.64443800290425,68.54827763707117,100.49125198657937
247.23999026198464,142.4233962889225,68.54829109034266,100.4912367075822
246.77874373419854,141.29238464456992,68.5483013573521,100.49122653376294
246.5346272973698,140.4573178436308,68.54843972236164,100.49105309542662
246.63548995095124,140.34146592320894,68.54851577485223,100.49096752615608
246.43491803755006,139.49957074087047,68.54864437958202,100.49080234063922
246.61105445982827,140.3394303914361,68.54751608725643,100.49222167418966
246.5946902238934,140.96585439645034,68.54590867020394,100.49425218512674
246.70148447272823,141.45281833039064,68.54465045426876,100.4958194172675
246.6955718211061,142.38362705892763,68.54353842314688,100.49709160767738
246.60723070847087,143.25674887277833,68.54180426217066,100.49907378811957
246.57913112828908,144.49213408757385,68.54018780372121,100.50081703421826
246.31306083716396,145.30975291993218,68.5384647819027,100.50267446322867
246.29418841049588,145.3979829608488,68.53675807709595,100.50446591609587
246.21284203874492,145.63557236865051,68.53601823738502,100.50523981517405
246.1514717481443,145.30298250087483,68.53556480952061,100.5057459243025
246.1048199490331,145.32823657875218,68.53505853487734,100.506273645865
245.90661472559992,144.09720221912698,68.53514485383117,100.50613004097293
246.2516137162021,144.93191585330874,68.53492561780126,100.506339141361
246.55763936317908,145.8458059441991,68.53470104170081,100.50655974350053
246.91401375254486,145.50431162305668,68.53455440148856,100.50670738284424
247.39925884753703,146.01460831545467,68.53437185968612,100.50688669358968
247.7004218213787,146.66595498349994,68.5341168396227,100.50715136912626
248.349406839107,147.58472189348208,68.53386866695911,100.50740243552218
249.46527648196601,149.2401492893203,68.53363286787437,100.50764002055476
250.51769159247803,150.05450064947684,68.53300682470679,100.50824468950097
251.44167928583764,150.80036699623497,68.53270878803181,100.50853999395531
251.8671748271803,150.18043656472057,68.5321238156332,100.50916879369066
252.2050031035067,149.49340697836726,68.53175272154516,100.5095889788561
252.77647871569883,149.96967842139267,68.53157369488426,100.50978777533471
253.05735916504022,150.63432395808928,68.53150235184651,100.50986183618069
252.98740324578912,148.0270647249684,68.5311192659703,100.51037912368102
252.81041629880582,145.65959871400463,68.53078389909169,100.51085079175718
252.49745374951843,145.62595843954153,68.5306480349895,100.51104040467825
252.18214409549566,146.06315219989253,68.53059149073628,100.51111978003341
251.7982516990416,146.34751804646623,68.53043647765989,100.5113432699152
251.22438224939378,146.4154083840944,68.53040711790706,100.511385591156
251.12034401587474,147.51116341422158,68.53033979934928,100.51146297902176
250.70904863711405,147.22999523171114,68.53025997791404,100.51157120082745
250.75473301379174,148.25783221562097,68.53019683062584,100.5116392583832
250.33746508974667,148.99753352303512,68.53008234101992,100.51177222323626
249.8663914660261,149.3760454267615,68.52991466565146,100.51194823963986
249.5277053772208,149.60433098239716,68.52982229848897,100.51204985643022
249.23204087013238,149.9594214785517,68.5297271455096,100.51215345484226
248.84091823871438,150.4653574988154,68.52967700248085,100.51221080712952
248.61432696668874,149.20742769969098,68.52968024670075,100.51220817889217
248.7224821210991,148.02655699994654,68.52968245063546,100.51220684347199
248.952839501975,146.56463633979553,68.52968322118649,100.51220644891495
249.4068449352456,145.37207254762993,68.52968426794482,100.51220553516879
249.95386971622364,145.0846814422404,68.52968499418917,100.51220483798505
250.19503954843125,144.81407130943452,68.52968742395689,100.51220223324692
250.3402418216357,144.270493889695,68.52968952189234,100.51220006169389
250.5253882186176,144.01171735011843,68.52969240153735,100.51219718877486
251.02001856614822,143.85186022387288,68.5296953006266,100.5121945704812
251.3826615640876,143.18993123995438,68.52969996083762,100.5121893896289
251.73539881793982,144.8000844310318,68.52968886255704,100.51220037121314
251.81109059523084,145.3092804741116,68.52968401407259,100.5122052586634
251.8140010238414,145.97065094678373,68.52968114108226,100.51220820598884
251.92866346495094,146.37787602315274,68.52967063080668,100.5122197613197
251.88898809910393,146.55769477629752,68.52965974493557,100.5122322410588
252.229207498469,145.41232697317434,68.52966172970608,100.51223093362408
252.5049894141191,144.31847290734967,68.5296658105076,100.5122273495752
252.85643431235124,142.9568391581364,68.52967260904454,100.5122220475562
253.01863570378458,141.87546578635218,68.52968172502929,100.5122092486594
253.73830630558456,143.43318166763768,68.52966120490862,100.51223025250688
254.29600612923727,144.93862150847826,68.52962920858891,100.51226275077263
254.3558040739656,144.06294690628633,68.52945167197456,100.51248781155601
254.49364373216957,144.4741804041665,68.5292439534766,100.51273806518914
254.4748129951322,145.37548111647266,68.52832416427735,100.51382063677735
254.3349356740403,145.10755066679545,68.52793304211028,100.51431345122427
254.1474550293056,144.92796281038915,68.52775068438572,100.51453306548032
253.36585753419007,142.76968731399853,68.52715237303447,100.51536540744374
252.66444266674165,139.9238107590225,68.52638439541455,100.51643753671341
252.63128375765933,141.81084166637385,68.52627403652045,100.51655923374472
252.72573417956795,143.56765816913494,68.52603104273032,100.51678359287706
252.9197627597839,145.02599581775257,68.5259337202119,100.51687660809604
253.11295459719614,145.61115145362072,68.52577959026549,100.5170309249294
252.76298564114657,143.8670403157341,68.52547045303292,100.51744258897777
252.78422563312853,144.11535141207037,68.52518769654705,100.51773347175232
253.0157790648628,145.13797215205176,68.52503088390934,100.51788378980893
252.82226395072394,145.06851742808445,68.52477427031774,100.51820893686788
252.27021982296367,144.17192425733103,68.52437248410548,100.51875316182809
251.9913566419778,146.52954555844633,68.52422428572103,100.5188926587491
251.49516977786226,148.3153209786743,68.52412792833125,100.51898326345311
250.70017386732704,147.79891365329252,68.52413962397448,100.51896469564211
250.37152356812283,149.00041316109952,68.5240736485723,100.51902683153264
250.1857872255605,150.2701822456985,68.52402164211529,100.51906829223276
249.59805144928612,149.753022410892,68.52404751881406,100.51901324794808
249.16446824370774,149.51524907032382,68.52408072980224,100.5189512226101
248.9558531232497,149.8159622090221,68.52409565323056,100.51892198271965
248.5020583697763,149.4819107605081,68.52414197780435,100.51883076458573
248.13815269673572,148.95901549501346,68.52416308741242,100.51879104578863
247.70231229089478,149.22976650757624,68.52420083268807,100.51872110331611
247.27270706812754,148.7527890727769,68.5242297548995,100.51866429421916
247.0395206139385,148.27096720737148,68.5242426009168,100.51864158597358
246.8502881895594,147.53489212965957,68.52427156972927,100.51858526804689
246.18131914030687,147.07316862043086,68.52431177146761,100.51851541695929
246.17446981419923,148.3795559006955,68.52417156440794,100.5186473124237
246.06245523961388,148.21518556011088,68.52397425371782,100.5188458802888
245.25251392456718,145.08624335798424,68.52355432586599,100.51942990764996
244.88582396422328,144.3105801455343,68.5234155864853,100.51959051338179
244.3985613834294,144.74847543450878,68.52323117766514,100.51978001460687
244.21470246672416,143.0321601885193,68.52317279599917,100.51984815535897
244.1407783664157,142.27396309389013,68.5231239915349,100.51990316176366
244.46678662472826,141.71641056421987,68.52295936738113,100.52007079644446
244.50502919726696,139.92945746345455,68.52286303585896,100.52019169295187
244.94765455503915,139.15574371519526,68.52255747450464,100.52049468442743
245.0050555934791,138.24677527279522,68.52165816760753,100.52157470811302
245.41404803377463,137.69960482830723,68.52116034804024,100.52215808690376
246.2468316229733,137.81779085090264,68.52070506901877,100.52254169592874
247.19069894759855,138.30119510943908,68.52039023960013,100.52276310801693
247.81396328594985,139.0988299118464,68.52035037248312,100.52279310475716
248.2375449018835,139.28793460251595,68.52029049793087,100.52283563362772
247.44883190383996,138.4357510530951,68.52030353110447,100.52280481567564
247.01622437333725,138.03928472574412,68.52031097959537,100.52278850911961
246.30106842621552,136.6904102201748,68.52032514148559,100.52276382526617
245.62986557731608,135.7172532644135,68.52034209016186,100.52273336117844
245.67428873045588,137.575264579427,68.52031517590774,100.52275754130157
245.29488149870835,136.75112038383094,68.52028347565312,100.522800001822
245.01563687013504,136.58635364376565,68.52009815890139,100.52303897921747
244.24994095134028,138.10265134895917,68.51985042053268,100.52337942660321
244.06606806313545,140.06637994536376,68.5198197434473,100.52341318342481
243.88412259033123,141.09903861656719,68.51974136303646,100.52349739512562
243.8466441641172,141.80707329407358,68.51969214771168,100.52355262240346
243.73748492372798,142.4475210681864,68.5196437969491,100.52360607072173
243.01453952206487,143.20185999107994,68.51954570676637,100.52373409594448
242.72661049034684,144.38118284913196,68.51949594377878,100.5237886552616
242.89973159629903,144.67672007639004,68.51944224729917,100.5238448150261
242.85781230532757,144.72747246960336,68.51934549396354,100.5239450267112
243.0894446125906,143.507193860216,68.51927599476534,100.52402272850287
242.66264161547946,141.3919622063319,68.51919595430819,100.5241360187235
242.83384112161997,140.51929082664645,68.51915219333947,100.52418742582232
242.74535404036124,139.87691496461582,68.5190994134846,100.52424853136861
242.9837899358655,140.32383474372728,68.51903429290337,100.5243107384922
242.76881246814278,140.1741134841662,68.5189746180583,100.52437226973173
241.9875771798648,138.39232875687182,68.51899931563176,100.52433093216047
241.6803554850983,139.4759389229377,68.51887703467445,100.5244704289777
241.66198244122583,139.04399180512564,68.51890802841929,100.52441989569614
241.25722893242806,137.92373323303738,68.5189219215298,100.52440058853297
240.7044150301877,137.29119848932902,68.51896450853462,100.52434575496582
240.81129353606053,139.47325861776068,68.51889972975542,100.5244213217719
240.37355301412515,140.8491632260242,68.5187330499514,100.52464843832902
240.41865656018874,140.19584865412767,68.51825618332767,100.52528688616867
240.3194620506427,140.66912717271754,68.51752375700232,100.52625630391444
239.71797409213605,141.23135661049804,68.51675180547772,100.52731491587937
239.25862805662263,141.4115571006714,68.51590460371936,100.5284918039943
238.9384059226356,141.3700865932151,68.51564286898116,100.52885483785212
238.43118737093303,140.81927038902754,68.51467348301405,100.5302554795265
237.83446275424126,140.3531597145524,68.51422892615253,100.53086695947349
237.1957549886812,140.49994884707257,68.51121640532418,100.5350477505244
237.86645604149265,141.74556505228435,68.51067192470886,100.5356306686989
238.42942392616573,141.15424748733537,68.51070794949113,100.5355752973838
238.79897688804954,140.43782524445206,68.51076667616368,100.53548490289377
239.24626398533803,140.19972952548608,68.51079251534682,100.53544151736035
239.83291689171386,139.41510597017256,68.51082428136866,100.53538511541416
240.26312867515864,138.21562864685646,68.51087667187272,100.53528285057784
240.94809556729973,138.85048543020568,68.5107274811727,100.53541608086884
241.44742353003505,138.02548814786692,68.51076645240008,100.53534081274455
241.34177653022925,136.9148740810423,68.51081247141698,100.53525690034273
240.83036766240556,135.99058519109545,68.51098425674701,100.53495975366941
239.63755717241634,135.83909246880518,68.51111934919801,100.53472483677876
238.67879927878172,135.7962951765939,68.51126815496089,100.53447236379918
237.36446571963484,135.39177642217214,68.5113728228457,100.53430141994112
236.49563417344154,135.4877265950306,68.51141794571939,100.5342380571897
235.8733616154118,135.7249103371946,68.51148006769924,100.5341426153746
235.08294542418943,136.17445352224985,68.51153349373072,100.53405855887799
234.58790407904675,136.42913169590966,68.51160294224822,100.53395458096217
234.13856928146177,136.7839897688105,68.51168715829449,100.5338331021184
233.32785698587082,137.286801574217,68.51179877359291,100.53367261462687
232.81915049065674,137.7208615567851,68.51186728922856,100.53356489896045
233.53312413367058,138.82109028468076,68.51162934425011,100.53381249459126
233.8177249243599,137.35151492448676,68.51177585971895,100.5335603962994
234.15244399270193,136.19649183726096,68.5119042947474,100.53333077767546
234.1668852808678,135.17672793150987,68.51198752686687,100.53318454552226
234.0440991219853,133.59368616099297,68.51206470407932,100.53305981934413
233.67858309380284,132.28932992796655,68.51212250345189,100.53296591370818
233.16103418654194,130.56618800205865,68.51216539586981,100.53289728368189
233.10160362626905,129.3747976588894,68.5122157807727,100.5328075343057
232.71209034597587,128.36331599738784,68.5122576754884,100.53273819205612
232.63879434299474,127.18095695216493,68.51228378219778,100.53269302261425
232.5579081328234,125.94096005616709,68.51231713629726,100.53263291293756
232.38872982561435,124.22420950181231,68.5123644030858,100.53255648411049
236.50304437726396,122.82969004074575,68.5124969727602,100.53239653081638
236.92719589931568,121.73889660725857,68.5125514273026,100.53229222805197
237.51993330151186,120.58950253309864,68.51260180181954,100.53219598458716
237.42555264546866,120.00714909150265,68.512625497963,100.53214883469045
237.34926147597216,119.90501674622436,68.51265897247214,100.53207901289407
237.00979478208765,119.82487992719092,68.5126741177866,100.5320494308081
237.3709976499675,121.45598111302206,68.51254703660227,100.53219165791597
237.30799286778898,124.43037741950383,68.51237203315019,100.53239988037116
236.97621469019714,125.80398407371007,68.51240775415951,100.53234652984442
236.76734577994142,130.45268094262104,68.51228530512444,100.53249536404394
236.30709957171544,131.71748181158978,68.51231624572726,100.53244394005604
236.0151052687375,135.4810408500905,68.51221634736876,100.53256137101968
235.68660175968319,138.471131780534,68.51209979980352,100.53268995019619
235.0735231561331,140.95522538222855,68.51193948199374,100.5328612635002
234.4484181851089,143.35112620309204,68.51182660528606,100.53298028369947
233.56650941485395,145.57328557960906,68.51170166570867,100.53311477010634
232.8084699129367,147.67026795112517,68.51154484114352,100.53328998450212
231.7520810141551,149.6054590168659,68.51135204811528,100.53350092400456
231.12511040129033,150.10188972668925,68.51137641421802,100.53344725029137
229.85314913559165,151.2753741124185,68.51127400131,100.53355704061575
228.25458880863806,151.77519194034608,68.51115811728381,100.53368028397246
226.8852194923354,151.44897326730506,68.51094697419329,100.53391979222485
225.92759375753403,150.78522121867655,68.51077505054656,100.53411761888253
225.32110398531174,149.145693952705,68.51042098827118,100.53453712580125
225.08718888819988,147.78950567310423,68.5100813145025,100.53495670715854
224.86731635194664,146.53321390939897,68.50967576845579,100.53545861149165
