1
337.7205,219.1124,232.1327,151.6837
339.1765,219.2597,233.5859,149.8625
337.3470,218.1746,234.4986,149.7394
337.1526,216.3623,235.0468,148.3048
337.0561,214.7085,237.7041,148.4569
336.3967,212.2945,236.8461,149.3293
336.6023,211.5920,236.2072,149.1719
334.7405,208.9905,238.3785,150.0077
336.3611,208.0007,237.0140,148.8628
336.6095,208.3901,235.3151,148.8243
338.2737,206.7834,238.2180,149.1433
337.2870,206.4468,239.2820,149.4295
337.1616,205.8906,240.2231,149.3927
337.8308,204.9981,238.9780,149.3561
337.3833,203.5752,238.2148,149.4061
339.4745,203.6084,238.7396,150.2091
336.8005,202.3923,237.2462,149.5889
337.4693,200.0270,237.4218,149.3386
338.1959,201.5880,237.1976,150.1753
340.5316,199.3602,239.1035,149.2777
338.6593,202.3805,236.2932,148.8692
339.9706,199.8926,236.6376,148.6377
340.3954,198.9481,236.1212,149.3656
338.8484,201.0514,236.4783,149.6573
340.0951,213.1732,236.9735,149.9045
342.0976,212.8795,236.4987,149.4288
341.5463,223.7290,239.0977,149.3639
341.8548,223.0479,237.9365,148.9278
341.8801,226.1436,237.2518,149.7831
342.1888,226.0219,236.3810,149.1825
339.4510,227.8279,237.6265,150.3887
334.5344,228.0100,234.6938,150.4415
341.6968,227.1243,237.8540,150.6237
334.1021,226.4129,235.5698,150.3103
312.7727,222.2953,232.5543,148.7089
306.9639,223.9889,232.8500,150.4234
328.2542,226.8080,234.1710,148.8128
330.8696,221.5276,237.9007,150.7034
328.5612,220.7870,236.4824,150.5248
323.0388,220.8357,236.9845,152.0261
325.0710,220.5803,235.9224,150.4281
324.2572,219.8007,236.6050,149.7488
323.7560,218.5713,236.5971,149.2818
324.8864,219.0499,236.6367,148.8303
322.2170,220.9324,234.9126,149.6353
323.8283,218.8330,236.2596,148.8113
322.6868,218.1829,235.7631,148.9648
312.6649,219.0606,235.4917,150.1364
309.7473,217.7496,236.2309,149.5886
306.7206,217.6286,235.3070,149.7670
302.3145,218.0547,235.0768,150.5480
297.9146,217.5704,234.7974,149.9326
293.4509,216.7984,235.6823,150.0930
290.5249,217.8098,233.8710,149.7433
287.2396,216.9957,235.8297,149.4162
283.3721,216.8086,235.7543,150.8819
278.5387,215.4495,235.9082,150.2183
274.4187,214.0046,235.5528,149.6475
273.4359,213.7240,235.2065,148.9661
267.9015,212.8485,235.3694,149.0996
266.5227,210.9851,235.6882,148.4347
262.5295,209.7630,235.2675,148.7522
258.6339,207.5013,236.4638,148.6709
259.2157,205.4633,236.9377,149.5425
261.9371,204.1122,236.3302,148.9992
262.8242,203.2137,236.6719,149.6621
267.3490,203.0028,236.8750,150.7244
270.3703,202.7740,236.2882,151.1786
270.5422,200.3085,236.3588,150.3470
272.1187,198.8797,235.8745,150.1871
269.5568,200.4079,237.4607,151.3594
266.4447,199.1071,236.8447,150.6968
267.7772,200.1270,236.7473,151.2066
266.4307,198.7687,237.5954,150.9316
264.5114,197.9864,238.1617,150.6447
264.4127,196.2259,236.9996,149.4970
262.5383,195.8583,235.1607,150.0670
261.2506,194.4813,236.1768,149.5450
257.3377,191.8345,234.6090,149.3085
257.2712,186.9696,233.0155,148.5975
258.3906,183.3930,233.8313,148.0846
258.6654,179.3651,231.4703,147.5884
258.5838,175.6062,231.7659,147.7278
259.5710,174.3662,231.9514,148.0433
258.7639,173.5360,231.7406,147.9040
257.9492,169.5055,231.6041,148.2003
258.8820,171.1482,230.2495,147.5058
271.7199,168.8709,226.5167,146.8486
280.0056,166.8671,222.8401,146.9688
275.7458,165.3323,222.5417,146.5900
271.2025,161.7582,223.0401,147.1733
273.5903,164.2258,223.2946,146.1495
272.1728,163.0821,223.0936,145.7980
275.9392,165.9433,221.5221,145.1783
277.8977,172.2793,220.7630,144.3311
280.0219,172.5715,217.5821,143.6162
283.9659,176.4894,215.8556,142.5214
287.9467,183.0862,213.8510,141.7087
291.2679,194.1294,213.2410,142.3010
292.5179,202.0929,214.9351,143.7231
291.3204,210.5025,214.3180,143.7020
294.2077,218.6418,214.2663,143.8053
295.7820,226.9293,214.3050,144.2132
294.5422,233.9113,213.6521,143.7754
298.1919,241.4509,212.3339,143.9602
304.8155,249.2616,212.9863,145.0727
303.7726,255.6818,212.4376,144.8585
305.4727,257.5880,212.5457,144.7946
306.1266,259.3248,214.2878,146.2881
314.4586,261.2557,214.2928,145.8720
314.7104,265.4933,214.7467,145.3907
315.3965,271.0829,216.2860,144.7966
315.0545,275.7929,219.9592,146.1288
317.0726,278.2658,222.1387,147.1956
321.4060,280.3636,223.0819,149.0637
329.8325,282.8056,224.8908,148.5156
327.5760,283.2849,225.5222,146.4080
328.2361,287.6478,226.7826,146.9630
328.8252,286.7860,230.3360,147.7286
326.4957,287.6161,232.9583,148.3716
325.3489,289.8358,233.8514,147.4163
322.8218,288.0105,235.5131,146.5731
326.5942,286.6331,234.6384,145.7363
324.2406,287.3630,238.1662,146.7206
321.4783,287.4763,234.6808,144.5581
323.2423,286.6296,232.7973,144.5284
321.2128,287.1382,234.1207,146.7656
320.1735,284.0095,239.3976,149.7618
318.6068,282.3136,237.4578,150.5722
316.1337,279.5550,238.9798,151.6896
318.2615,280.6098,237.4429,152.3813
319.4594,278.6208,237.4083,151.8414
320.5685,281.8785,237.7530,151.6689
321.5372,285.6730,238.7402,151.6267
319.4048,291.4179,237.6077,153.1430
323.1803,288.4306,235.2812,150.2479
321.4707,290.0529,233.4048,148.7063
321.4030,288.5078,235.9961,149.3248
321.4293,288.4126,235.9763,148.6938
323.6553,287.4236,235.4712,148.2476
324.1049,287.4887,237.2333,149.1470
322.4554,289.0564,235.1215,150.7140
320.2766,285.6504,232.6600,148.9615
320.5056,286.6803,234.8020,151.1967
324.5809,284.9622,233.3057,150.5051
325.6843,282.0250,234.4898,151.7837
326.2157,277.8223,233.7253,151.2017
328.2572,276.4153,232.6393,150.5499
339.1283,274.4388,229.2778,148.5542
346.5821,284.8301,229.6308,149.5208
346.3549,295.5530,232.6614,152.8427
348.2092,303.0673,231.0416,151.7225
347.5302,301.4371,229.5215,149.3004
347.8602,308.0227,230.5002,150.2226
346.2188,308.4685,229.3015,148.2793
346.5342,311.4265,227.5666,147.7231
345.1475,310.9814,227.1287,147.0461
342.3265,309.7733,225.6851,146.6533
352.7090,313.3765,224.3058,146.4931
361.1520,313.3325,226.1538,148.0665
359.1085,308.5128,225.7403,147.7550
357.0883,309.7891,225.1752,147.9541
354.1432,308.2931,226.9500,148.6950
341.7455,305.4541,226.3633,147.6481
334.5168,305.0681,225.9646,146.9734
340.1140,306.4982,224.4830,145.1035
349.4311,307.1930,225.3732,145.8233
354.2200,304.0309,225.1994,145.7471
342.9833,291.5065,225.8183,148.0388
329.4826,280.1530,227.0214,149.0086
325.0023,270.8903,224.2643,148.2205
321.5302,261.2220,221.9702,147.7402
318.9887,257.4067,220.6220,148.6198
317.2963,261.1017,222.9602,149.8283
313.7646,259.5085,224.5508,151.3913
313.1804,257.5951,223.0446,151.5273
313.6322,251.6857,220.7316,150.7440
327.0157,242.7392,217.9558,149.6926
328.5017,213.7355,207.0539,158.0783
333.8322,189.4436,196.1756,162.1026
344.7806,171.7527,189.7684,169.5598
350.8591,149.9903,186.8912,172.9604
356.3723,128.1451,184.7050,171.1900
358.2561,119.3173,185.3065,167.7820
359.2707,126.8167,192.9621,167.1653
369.8861,126.7652,193.9255,168.7111
386.2484,118.8356,189.3792,168.9250
380.2185,101.1186,192.1712,166.9699
364.7275,82.2213,196.2477,163.6864
354.1414,71.3933,199.1152,159.9559
352.2255,59.6557,194.9761,158.3551
361.1697,50.0546,189.1077,161.5170
364.6763,41.7077,186.2500,162.8304
366.9635,39.2558,188.5032,162.4180
355.5809,44.3010,193.7765,161.5463
353.1158,51.2079,197.8859,163.1374
355.1762,53.9716,197.2463,165.5743
354.0138,52.6264,197.3809,163.2907
350.6049,48.5206,195.6749,161.1244
354.9166,52.9683,194.2872,162.4783
357.7506,55.1903,193.8018,162.0663
363.7203,60.0899,193.1917,163.7956
367.3301,69.4173,195.0728,164.5920
372.4374,90.9240,198.6085,164.4487
375.7399,107.4396,199.0839,164.3677
380.0764,125.0812,200.0090,169.2595
383.8097,142.2814,200.6226,170.5305
377.2932,151.1874,200.9111,174.0427
385.8418,175.7897,201.2557,173.2079
401.2861,183.4522,197.9383,173.7912
395.6105,178.4647,194.2818,164.4592
380.8690,179.7893,196.3525,160.5236
361.6251,184.7117,196.1307,158.2429
361.2966,185.7372,193.0733,163.1126
372.5188,187.7576,189.7720,168.7784
372.7478,180.4301,187.5195,167.4162
364.8842,182.7779,189.4483,167.5908
356.6086,189.6900,190.7538,167.4852
351.0951,198.4036,191.5048,166.2526
344.8010,202.9783,190.6941,165.3518
340.6167,211.8572,190.3904,166.7753
336.0465,216.5844,187.6774,167.4286
336.8858,222.7115,185.9301,172.0482
342.8849,228.5825,183.4743,173.2378
348.0438,231.3601,180.6845,174.1455
353.5563,231.1236,179.1400,175.2620
357.3214,228.0631,176.5345,173.6484
359.6513,225.0171,175.4620,175.6618
365.0146,223.1219,174.6793,175.7890
363.6849,222.4912,173.9491,174.0552
363.5042,222.9804,174.2587,174.5178
372.4334,229.3894,174.0883,177.9823
372.4786,230.9074,172.9604,176.5223
373.8103,232.8474,171.1203,175.5982
371.9517,241.5688,170.9052,173.7594
364.2009,244.7640,171.1294,169.9126
356.2321,244.8213,171.7201,172.0494
362.9376,255.9381,170.2521,175.1113
369.6244,261.1271,168.2927,177.5809
367.7075,262.9921,167.3005,175.2599
368.4799,268.6343,165.9382,174.3552
367.5206,274.3730,164.8446,171.4622
366.2432,278.0820,163.6222,169.4955
369.5571,281.3941,161.4203,166.3466
371.5493,283.0384,160.3649,166.4693
374.0979,283.3097,159.5358,166.4690
376.8987,282.6575,158.5425,163.2728
378.4612,280.2953,156.8694,166.8994
380.5084,280.5261,156.7410,164.5271
381.9406,280.8839,156.0607,162.1623
384.3927,283.4751,154.8065,162.3089
384.0851,285.1376,153.3092,161.3125
386.9995,285.9774,151.1088,160.6520
382.0486,283.0879,149.0739,156.4864
375.2997,284.9022,148.4332,152.7666
367.1225,283.7254,147.7916,148.4996
367.6220,274.9557,144.7782,152.3293
375.3044,267.2757,143.2588,155.0319
373.8489,252.5511,141.3355,157.0070
363.1727,248.5205,142.6964,150.3886
358.7665,245.3944,142.5689,147.9204
367.1915,238.3281,140.5260,152.1905
365.5013,223.5892,140.3663,154.1286
367.5681,213.6393,139.2088,154.9409
368.2861,207.9012,140.2460,153.6618
368.4703,206.0051,140.9240,155.2154
369.2595,199.7058,140.3698,152.4564
367.9932,191.6788,139.1147,150.2934
369.1580,187.1846,138.4482,150.4325
371.9651,184.9712,138.9562,151.3190
374.9993,182.7706,138.4796,151.8958
378.3936,183.1293,139.6077,149.4738
378.4589,183.0580,138.3903,147.8002
377.7224,183.3254,137.9395,146.8029
380.1301,182.6149,137.9102,146.3692
378.8952,182.0737,136.7970,144.1010
377.3029,181.5687,136.0643,143.3512
376.2858,180.5404,135.1131,141.7566
374.2040,182.4366,134.5483,139.9093
373.1796,183.5508,133.8116,138.4833
372.2872,183.5833,131.9497,136.0432
364.9838,184.1576,131.9263,133.6311
358.3783,184.8214,132.1408,131.3658
352.9731,184.1942,131.9083,130.1950
349.2729,183.6385,131.0210,128.9725
347.1764,184.2432,131.0207,129.4349
341.7368,184.9381,130.3751,126.9771
337.8163,185.7853,130.3256,125.9162
340.4072,184.7218,130.3886,127.1827
327.5230,184.3700,131.0661,126.0480
327.1135,182.9640,129.6618,126.9526
321.8396,185.7310,128.9298,126.0747
323.5066,184.4763,128.6066,128.5650
318.6034,185.0788,127.8655,126.9370
314.7926,186.3927,125.7589,124.5897
309.6422,188.2301,125.2833,122.9347
304.8456,190.4679,124.0241,122.0661
303.4615,187.4337,122.6764,124.0070
307.2531,187.1690,123.2022,128.8511
315.3522,184.4364,122.8926,133.6356
320.7357,185.5138,123.4491,136.2394
327.3016,183.1052,123.2399,138.3449
332.4466,182.8383,124.0671,139.1588
330.3134,178.4509,120.1055,141.7122
326.0163,177.7888,118.6007,142.6459
321.1455,179.0485,117.0068,142.1881
318.2956,173.7238,115.9362,144.2864
313.3368,172.9453,114.2925,147.0787
309.4036,171.7500,113.3918,146.4246
305.6674,167.9073,112.7876,148.1461
302.9898,166.0139,112.6668,148.8882
300.1575,164.8555,112.7842,150.3565
305.6740,163.3396,114.6939,150.3453
309.7583,159.5829,115.9450,152.8286
311.9922,170.1473,116.5217,150.9027
310.7223,162.7827,115.4223,152.0450
312.7066,156.9948,115.0531,153.0792
317.8507,152.3480,115.1340,154.6881
318.5165,145.9566,116.0139,158.3632
330.7860,141.3085,115.1293,157.1101
335.0510,154.3792,115.2826,154.7367
337.1345,146.0380,113.8270,156.9628
341.1690,153.8117,112.7211,156.4010
357.1830,159.3252,114.4466,151.8847
359.7162,151.5477,112.5519,153.9631
363.7095,154.5663,111.5234,154.4292
368.9290,158.5366,111.7657,152.3227
368.6788,147.6096,111.4558,154.3491
369.6234,153.0686,111.5985,152.0447
369.2781,156.8151,112.8708,149.8175
367.9525,148.0564,111.6747,148.8482
366.4492,154.4195,113.5184,146.2928
364.6377,146.1237,112.4175,145.3418
363.8504,149.7477,112.3314,145.8716
364.3827,152.0383,111.3393,144.8746
364.0192,152.9332,111.7916,146.5004
362.4760,142.8673,111.2311,146.8425
363.1405,145.5784,111.7852,147.4967
363.3342,148.0810,113.3015,146.5582
360.7879,139.8880,112.8439,145.7225
359.6752,148.8874,113.4372,142.1839
360.0204,151.9154,112.8327,140.8767
358.6168,140.9585,111.0121,143.6132
357.1703,143.7746,109.8653,145.7016
356.0439,147.9861,111.8164,146.5681
355.7317,150.1989,112.4827,145.7917
354.0434,153.4906,113.1375,143.7984
340.7667,154.6812,112.3745,145.2257
345.0992,158.3602,111.1035,143.8347
346.5112,158.6857,110.1409,142.5531
346.6737,161.4743,109.3717,142.1766
346.2090,167.4162,109.2872,138.2487
344.7319,159.9306,107.9369,139.9850
348.6238,139.2574,95.4110,157.6962
336.2430,147.5343,89.5145,162.5467
352.4986,132.8898,80.9422,176.0583
352.0072,134.2640,75.6686,182.9749
349.7608,141.0716,73.5410,184.9852
345.8383,140.8195,76.5313,181.8884
344.4572,147.9040,74.5710,183.6198
343.1464,150.6606,75.8761,180.4154
340.4420,153.2672,76.8698,177.3561
339.9503,150.1659,74.0252,179.9377
338.8881,157.7224,72.4937,180.1893
337.1293,157.2176,74.4809,178.0272
335.8961,158.2652,72.7896,179.9169
334.7005,163.5365,71.2489,180.0813
332.5413,164.4170,72.7389,176.9938
331.9640,169.2296,71.5082,177.2885
328.8467,175.5223,73.1489,173.2092
328.5917,171.4545,71.9431,175.0107
328.4229,175.6690,70.7218,175.9020
327.9165,180.1306,69.5291,176.4261
323.4151,190.0704,76.6144,165.9864
319.9798,194.0210,76.3157,164.4651
319.6882,195.2031,74.3762,166.6391
318.8544,199.0445,73.2332,167.0906
318.5068,203.1186,72.1810,167.9843
314.0551,208.7159,73.6567,165.1571
324.6419,204.0176,72.1723,167.4989
323.5767,209.2916,71.2978,167.9856
319.8695,215.3125,72.2562,165.5929
319.0057,208.5915,71.2099,167.2860
318.2567,216.7864,70.0473,168.4156
318.4258,220.2176,70.6107,167.2492
316.6765,223.8816,70.0807,167.6654
314.9229,218.5818,69.2702,169.9136
297.3522,223.8922,70.3222,168.4014
295.6024,230.0782,69.9472,168.6614
289.9053,237.1188,71.3125,165.6004
288.2382,230.8455,70.5768,166.7125
274.4938,236.6963,70.2477,166.8167
274.0481,237.8919,69.6257,166.8736
275.4319,226.8272,69.1706,168.1021
274.0285,235.5817,68.8649,168.6247
274.0101,237.1096,68.5278,169.2800
271.1975,239.5158,68.4173,169.4021
269.1625,241.2301,68.2521,169.6251
264.0798,245.7856,68.7620,168.9671
263.6063,248.0953,68.6173,168.9756
265.0488,253.0084,68.5037,168.7904
266.0498,247.0553,68.2771,169.1609
266.5943,248.2555,67.7013,169.6706
266.6124,252.7438,67.5476,169.7276
270.8191,244.9157,67.2898,170.4223
270.7117,253.5487,67.1765,170.5771
273.0854,253.6459,67.0387,171.0868
271.2177,257.8943,67.2376,170.9636
272.0384,258.8606,67.1179,171.2846
270.5035,264.3166,67.1216,171.1294
272.1371,259.6992,67.0247,171.3541
274.3304,263.5300,66.9074,171.1227
275.8861,265.3896,66.8273,171.2692
275.9597,268.1068,66.4883,171.5440
275.3268,267.0587,66.3822,171.7142
277.4349,263.3322,66.2625,171.9938
275.4641,271.4026,66.2134,172.0692
274.6931,269.4720,66.0389,172.4120
270.5958,271.7983,66.3191,172.0620
271.3155,267.2272,66.2257,172.1880
274.5087,277.0755,66.1667,172.0271
275.5650,272.5984,66.0532,172.1071
278.4500,282.3769,65.5893,172.1827
291.9087,307.2519,65.0213,173.2355
293.9650,300.9557,64.6291,174.0873
296.0346,294.1986,64.3442,174.5559
298.0438,299.3363,64.0234,175.4428
299.3477,305.3144,63.7005,176.0365
301.8355,301.3179,63.1644,177.0968
304.5930,305.2625,63.0471,177.8747
306.1635,303.0112,62.1223,179.2119
306.8376,300.5214,61.6758,179.3363
307.0555,300.8236,61.3529,179.7269
307.3479,301.8733,60.6806,180.7362
307.1349,298.7940,60.4612,180.7269
307.9955,291.7561,60.3860,180.9006
307.5625,288.8427,60.2768,181.0677
306.6941,284.4604,60.1822,181.2498
306.1159,283.0779,60.2171,181.2242
305.8218,280.1568,60.0503,181.5773
305.3967,277.3706,60.0207,181.4608
304.7875,277.0157,59.9261,181.4912
301.5393,264.7768,59.9895,181.1773
288.1801,265.3348,59.9225,181.1739
289.7093,265.6497,59.7939,181.1709
291.4186,266.3517,59.6893,181.5095
291.7516,263.3486,59.5624,181.9064
289.3393,264.7519,59.5383,182.1386
288.8486,265.6071,59.4337,182.3899
287.7495,266.8431,59.2946,182.3902
287.9714,270.8307,59.2226,182.4837
286.3252,277.1920,59.2358,182.2832
283.2885,287.4665,59.2483,182.2549
281.6510,307.3242,61.8147,179.6647
281.5651,301.8048,62.6786,178.7367
281.9784,306.7663,63.3027,178.1788
279.7855,300.8298,64.2111,177.3037
280.2234,309.7174,64.6090,176.9865
277.6107,304.3514,65.1349,176.6059
273.4968,306.2550,66.4870,175.1549
272.7430,300.8728,67.0175,174.6770
273.5465,298.0036,67.4313,174.3826
275.0248,299.1214,69.4304,172.3454
287.0331,290.2452,69.4340,172.4944
284.6937,289.4973,69.5813,172.1990
285.0298,284.7380,69.1036,173.2187
283.3403,285.2099,69.1090,173.0920
281.4935,285.9563,69.1795,173.0162
280.0399,285.1411,69.2331,172.9603
277.3979,284.3251,69.2755,172.7163
274.6966,284.0232,69.2513,172.5504
269.7805,283.0074,69.1846,172.0229
264.6714,284.4656,69.1473,171.6813
260.1628,288.2962,69.1858,171.0726
256.5521,277.5804,69.1298,170.8462
254.5957,282.6438,69.1451,170.6100
251.6815,286.7295,69.1833,170.3471
248.5534,291.0091,69.2272,170.1242
245.2838,293.9106,69.3210,169.6669
242.2231,295.5061,69.4257,169.2078
238.2711,294.4257,69.4784,168.8120
236.4346,294.5941,69.3662,168.7456
233.1900,294.0617,69.4374,168.3052
2
0
0
0
0
1
319.5755,253.2486,31.5816,36.7409
321.4723,250.7577,31.2075,35.7470
325.1828,250.4833,30.7947,36.1796
328.9050,248.8556,30.9116,35.9522
330.5315,248.3942,30.5646,36.1191
335.0150,247.9859,30.5293,36.0703
338.8954,247.5400,29.9329,36.3442
343.2216,248.8894,29.8877,36.2848
347.1777,250.5512,29.8432,36.7330
350.8890,251.6657,29.5600,36.7008
355.4248,252.0447,29.5638,36.5553
359.9301,253.4078,29.3909,36.6535
363.0676,256.1326,28.8286,36.6393
364.7233,255.7187,28.1796,36.8916
366.4294,255.3593,27.6388,37.1325
368.0815,256.6947,27.3057,37.3976
369.8169,256.7433,27.0454,36.8633
370.7381,257.5298,26.8211,36.7017
370.6728,258.6255,26.8275,36.1973
370.8076,258.6432,26.7928,35.9352
369.7527,259.4151,26.4442,35.7313
371.0134,257.5211,26.1422,35.1231
370.8920,259.5619,25.7500,35.7703
370.9744,261.7716,25.6079,35.7596
372.5520,259.9193,25.4366,35.3633
372.7087,263.6921,25.1017,35.9569
374.9547,265.2021,24.9351,35.6080
377.7164,265.3413,24.9027,35.3908
379.1063,266.6852,24.8274,34.7129
379.3100,265.9829,24.9098,33.9972
381.2674,266.6084,24.7506,33.8362
382.1266,264.3582,24.4283,32.8856
383.3034,266.7458,24.1149,32.4561
383.1717,264.3715,23.9246,31.6518
382.6420,263.7822,23.8466,31.7767
383.8187,262.2698,23.4443,31.4881
386.1711,260.0726,22.9039,31.8204
384.3499,261.7841,22.9553,31.9059
385.2574,258.5000,22.7126,31.3321
385.2722,259.1510,22.8405,31.1967
387.3550,257.1765,22.4279,30.9838
388.6451,255.8495,22.2001,31.2074
389.5024,255.6003,22.0270,31.5001
391.2567,253.3077,21.7225,31.1475
393.0359,253.6771,21.6083,31.5233
395.2340,251.1330,21.2094,31.1279
396.5476,249.9451,21.3224,31.3969
397.6969,250.7979,21.3360,30.8493
397.7038,248.9248,21.3646,30.0623
398.8908,249.9901,21.1818,29.8617
396.8605,248.9978,20.8606,30.0076
396.0919,247.0560,20.6119,29.5505
394.6862,248.7633,20.5901,30.2274
392.1732,249.2745,20.5605,30.5532
386.3348,250.5291,21.3070,29.0642
382.1120,251.1232,20.9890,28.6607
378.4107,252.0764,21.0587,28.0787
375.3705,250.8847,20.8301,28.0856
370.6278,251.9351,21.0749,27.4436
367.2657,251.4824,20.8215,27.1889
364.5627,251.1620,20.3339,27.0466
363.4700,252.4358,19.9893,26.5382
363.1740,252.7286,19.9697,26.3637
361.9495,251.8095,19.5144,26.2246
361.4140,254.2282,19.5618,25.4484
361.2030,255.0362,19.5323,25.4453
362.3833,255.1552,19.3332,25.1120
363.7703,255.0273,18.9998,24.9391
363.7399,256.5544,19.0977,25.1841
365.5718,256.8473,18.8397,25.1754
367.0815,257.0650,18.6162,24.9613
368.2157,258.9138,18.5471,24.8986
369.6187,259.1806,18.4248,25.0462
371.0530,256.9889,18.4361,24.3256
372.8014,255.6109,18.1114,24.8172
374.0043,253.4992,18.2781,24.4218
374.6432,252.7987,18.3670,24.0185
374.5388,246.6576,19.8097,22.6556
375.8064,240.4987,20.2529,22.2624
377.2321,236.9694,20.9130,22.1561
379.3904,233.9287,21.4256,22.7480
382.4075,234.3078,21.2895,23.5668
385.8967,230.8169,21.4272,23.2899
391.7591,227.6060,21.2411,23.7584
394.2683,224.8053,20.8063,23.9383
397.6010,222.0557,20.6316,24.7589
400.7705,219.9854,20.8458,25.6499
407.0886,217.3639,20.5506,26.0752
410.6563,216.2745,20.3780,27.0647
414.1140,215.3195,20.1887,27.3367
417.1737,214.3579,20.3783,27.5562
420.3779,214.1531,20.3495,27.8824
423.1050,213.5126,19.9114,27.9240
424.9417,214.3820,19.5979,27.9192
425.2710,215.2816,19.4758,27.2762
426.3636,214.9697,19.2869,27.0018
425.9806,215.9301,19.3930,26.5597
425.1311,214.9229,19.0845,26.4617
424.2635,214.4261,19.1326,26.3659
425.1269,213.0468,19.1853,26.1836
425.0918,214.5763,19.1489,25.6485
425.2689,214.5619,18.9113,25.3424
423.7864,213.3103,18.8520,24.7882
424.9863,212.2309,18.6085,24.5269
425.4409,211.9916,18.4102,24.3117
426.1255,211.9570,18.2739,23.5936
427.2159,211.8994,18.0128,23.3864
429.4495,210.0162,18.0318,23.3146
431.0798,208.1103,17.8147,23.4333
433.0514,206.0652,17.6042,23.3093
434.9175,205.6581,17.3969,23.4786
437.7341,204.3855,17.7505,22.8886
439.3703,202.5092,17.4837,22.6305
441.6885,199.9559,18.1202,22.1609
444.1371,197.5003,18.9354,22.1033
446.8341,195.3205,19.3951,22.1270
449.7318,193.4168,19.4180,22.5131
452.3661,191.7045,19.6583,22.3643
455.6255,188.0585,20.7069,22.2357
459.4100,184.2085,21.5030,22.5319
449.9565,179.5605,20.0586,23.6074
442.9561,175.2051,19.1046,24.3123
443.3095,172.3188,18.9589,24.3371
443.7355,169.6296,19.1201,23.8804
442.9986,168.3106,18.3596,23.6765
439.4971,167.1021,17.3682,23.8066
433.1170,167.0590,16.9544,23.4969
426.3338,166.4444,16.8188,23.2800
420.1486,164.9101,16.7866,23.5135
413.9504,164.7283,16.5170,23.0149
415.2143,161.9210,16.8326,23.0928
408.6969,160.8011,16.6125,23.1452
399.5644,160.4263,16.5274,22.7240
390.8279,159.1392,16.3164,22.7787
384.3279,159.3296,16.2836,22.2165
375.8292,158.5076,16.4094,21.8245
376.3537,157.0257,16.4447,21.5476
383.2423,157.1279,16.7721,21.0854
387.1053,155.7548,18.2107,20.5528
394.1650,153.9628,19.0736,20.6904
411.9398,155.6078,19.2215,20.7972
417.0505,155.4677,18.7431,21.0873
408.2289,154.8568,17.8742,21.4187
2
0
0
0
0
1
368.2459,154.3338,17.5360,17.8033
374.7783,153.1286,18.1467,18.0025
383.5314,151.6254,18.8814,18.2829
390.8640,150.5254,18.7840,18.7975
395.5555,149.1250,19.3578,19.2602
397.5030,148.6686,19.0785,19.8453
392.4095,148.5351,18.8398,20.1324
389.0950,147.9769,18.5373,20.7933
380.8475,147.6674,18.6992,20.5313
375.5800,146.2835,18.4984,20.6135
370.1643,145.8379,18.4377,20.7571
365.0697,145.7492,18.2836,21.0047
361.8849,145.3710,17.9746,21.4182
354.1081,145.6411,18.0917,21.9851
348.6537,146.3085,18.3978,22.2865
345.3031,146.7460,18.7004,22.2931
339.8751,147.6944,19.1133,22.5993
341.3940,148.2807,19.4865,22.2055
342.2498,148.5528,19.8500,21.9393
343.8071,149.2005,20.0395,21.9650
345.4065,148.8118,20.5155,21.8141
347.6668,148.5937,21.0088,21.4942
350.4311,148.4694,20.8839,21.5786
355.0000,146.6766,21.3736,21.6621
360.4617,145.3350,21.2561,21.8736
365.7951,144.2879,21.3694,22.1171
371.3295,141.6182,21.6176,21.7643
377.1328,141.2708,21.5092,21.6501
382.4651,141.2296,21.9549,21.7999
384.8784,140.8254,22.3302,21.6082
387.4279,141.1922,22.6543,21.6201
389.9884,141.8195,22.5842,21.6802
395.0756,141.0432,22.6430,21.6426
400.0718,141.2397,22.6135,21.6636
402.1670,141.3977,22.7440,21.5728
404.7472,141.9062,23.1699,21.4398
407.0947,142.0674,23.2649,21.6236
409.0466,141.4614,23.5435,21.5495
408.8044,141.4106,23.4953,21.4685
407.4606,140.4816,23.5925,21.5580
406.8348,139.4006,23.6870,21.4635
405.0410,138.2865,23.8432,21.4592
402.2185,138.1485,23.9410,21.5081
400.4865,137.4170,23.9899,21.6970
398.8718,136.9109,24.1441,21.8855
397.0851,136.6332,24.4349,21.7633
395.6465,135.3312,24.5597,21.9715
393.9712,134.8258,24.8534,21.6612
392.4742,133.9003,24.8506,21.9652
390.9398,134.2084,25.4874,22.2539
388.7404,134.0489,25.9400,22.2658
386.5873,132.8811,26.1237,22.7633
384.1100,134.3799,26.5753,22.7388
381.6699,134.5847,26.8782,23.0025
378.7479,135.5658,27.0063,23.2300
377.5458,136.8314,27.7533,22.8920
374.1371,138.3600,28.0742,23.2812
371.4665,139.9946,28.7433,23.2755
369.4701,141.5766,29.2592,23.3731
367.1009,143.0471,29.1422,23.3335
365.2343,143.0903,29.4001,23.5212
363.2702,144.6915,29.4541,23.4518
361.0760,144.7040,29.3024,23.4588
357.0648,145.3569,28.7206,23.9979
353.9354,143.6502,28.1701,25.1011
349.8122,143.3667,27.1572,25.3524
345.9597,143.3875,27.9415,24.8282
342.4015,144.0530,28.6677,24.4855
339.7274,144.7669,28.9543,24.5800
