134.5,55.5,60,88
132.23548119119448,55.63159229680667,60.43450941936885,88.23376114517907
131.10279989577626,53.429005306168946,60.434509270642295,88.23376134792059
126.67815326839326,59.23906169200083,60.43450881660703,88.23376194905956
121.7091348285586,61.632341701480264,60.434508777636225,88.23376198869444
117.6625402174241,63.90793974137877,60.434508760403276,88.23376200722507
113.84461289259657,65.74310198064899,60.434508688988984,88.23376209266473
109.54329855708662,66.83365083810344,60.43450865212314,88.2337621236512
106.10398948683755,66.97083064638008,60.434508552264845,88.23376223996421
101.99131239161498,67.7259536036936,60.434508548068855,88.2337622445648
97.31078995067128,68.6102600335023,60.43450854622823,88.23376224658068
93.46733058426403,69.08204632234222,60.43450854353857,88.23376224971518
89.11011518158267,70.44515519370464,60.43450853988032,88.233762253725
85.26927174454292,72.23670046314058,60.43450853575546,88.23376225860007
81.59945621254255,73.85394970464135,60.434508519128784,88.23376227642248
78.02145401273786,75.0903923737238,60.434508489874624,88.23376230851211
74.48340003167195,75.53538138871653,60.43450847318563,88.23376232971225
70.81944363670229,75.44156099280754,60.43450845566035,88.23376235026043
66.9694928566707,75.94449889211207,60.434508434913006,88.23376237753334
63.40019150100249,75.9064378406496,60.434508412637356,88.23376240513899
60.072694031698134,75.36099828377242,60.434508386646456,88.2337624362136
56.10115335592259,76.05191540681265,60.43450835926078,88.23376245870307
52.50363709024165,76.7908413005494,60.43450829403453,88.23376253890537
49.08263784408969,77.41801145887129,60.434508209220525,88.2337626324941
46.08047085773835,78.6152354511294,60.434504394295026,88.23376698142823
43.28745180510345,79.33235516678394,60.43450057222718,88.23377134837504
39.980736732467385,79.92893294572501,60.43448495867973,88.23378812611762
36.34806426908163,80.57368301715894,60.43447620579426,88.23379739887628
32.263400538976406,81.2495901000056,60.4344740227552,88.23379988738826
27.87058423900696,82.44318538702146,60.434473535535886,88.23380037056177
23.5122636282229,84.4362117847429,60.43447333101758,88.23380056507861
18.007846230731182,86.7287148816473,60.43447328713383,88.23380060829982
13.39346397154053,89.19171278659678,60.43447327151855,88.23380062512204
9.588300352879553,92.64276234876658,60.43447326503557,88.23380063332029
3.711521250221157,94.06204302170417,60.43447331147785,88.23380058390813
0.7025729184098672,95.65594096618665,60.43447332287875,88.23380057239986
-0.15791206811578817,97.53058860999272,60.43447338054005,88.23380051946788
-1.486341050632678,100.18367240982717,60.43447337819712,88.23380052233804
-2.6307141088083057,103.47447297982694,60.43447337600284,88.2338005252218
-4.631609608819197,106.23788831620698,60.43447337565841,88.2338005256795
-8.163302352040578,109.2641427315955,60.43447337549839,88.23380052592663
-12.491895128882717,113.29001019313084,60.43447337467828,88.23380052717235
-15.928720403630336,116.21885178306314,60.43447337333123,88.23380052907045
-19.464389959640837,117.91834279497633,60.43447335495062,88.23380055327874
-22.523285777854984,120.03945417684238,60.43447333869947,88.23380057549633
-25.95534594366033,121.49212918700896,60.434473186911724,88.23380076344566
-29.98671218160256,123.20186572969965,60.43447296626298,88.233801087717
-30.21723666814236,124.5025434753297,60.43447333628472,88.23380067229304
-30.217236852250956,125.6641354456803,60.43447370450191,88.23380026812139
-30.2172371129568,126.71480671202593,60.4344742259136,88.23379969824445
-30.217237333460805,127.38570318010028,60.43447466692161,88.23379922635208
-30.217237483857843,127.88954366786794,60.43447496771569,88.23379890534251
-30.21723777318641,128.30347641737836,60.43447554637282,88.23379829165187
-30.217237936818442,128.61650346556593,60.434475873636885,88.23379794579171
-30.217238052828957,128.5833865014274,60.434476105657915,88.2337977026782
-30.21723816158724,128.48895654018858,60.43447632317448,88.2337974769644
-30.217238235565564,128.3775283181154,60.43447647113113,88.23379732499852
-30.217238304684447,128.2871357681894,60.43447660936889,88.23379718610775
-30.21723855889983,128.04595401139187,60.43447711779966,88.23379670081285
-30.217240073879125,127.9932722523123,60.43448014775825,88.23379366858602
-30.21724163812394,128.18728359621363,60.43448327624788,88.23379057235326
-30.217241221135225,129.01641027734368,60.43448244227045,88.23379159508767
-30.217242306912873,129.80510381784248,60.434484613825745,88.23378946282052
-30.21724516768769,130.93507886473515,60.43449033537538,88.23378380796953
-30.217245826113572,132.23624259148812,60.434491652227145,88.23378250917241
-30.21724652889207,133.4832698338494,60.43449305778414,88.23378114983137
-30.217247188808923,134.90842183597124,60.434494377617845,88.23377984181568
-30.217248432750097,136.42500238776034,60.43449686550019,88.23377727896323
-30.21725009767814,137.86809135418594,60.43450019535628,88.23377378649596
-30.217251080714206,139.0033803727707,60.43450216142841,88.23377174954004
-30.21725158573696,140.21593948447898,60.43450317147392,88.23377078038067
-30.217252254258643,140.92251010362193,60.434504508517286,88.23376936219366
-30.217254091725874,141.27182114615596,60.43450818345175,88.23376545072483
-30.21725621069081,141.42622439471657,60.43451242138162,88.23376087282548
-30.217258212352725,141.15240165041044,60.43451642470545,88.23375667986961
-30.217260617831137,140.83199825630686,60.434521235662274,88.23375142870145
-30.217261257216187,140.49234923305056,60.43452251443237,88.23375018026549
-30.217261733673233,140.29868012065893,60.434523467346466,88.23374926010358
-30.21726223316355,140.29207314446336,60.4345244663271,88.23374831513034
-30.217262529269433,140.1801790473374,60.43452505853887,88.23374775623039
-30.217262634781676,139.8272230370045,60.43452526956335,88.23374754449716
-30.217262716892577,139.58921166569144,60.434525433785154,88.23374738797249
-30.217262769968904,139.1976724412877,60.43452553993781,88.23374728548754
-30.217262865279935,138.62199674732557,60.43452573055987,88.23374710232869
-30.21726296161389,138.0975710930989,60.43452592322778,88.23374692076132
-30.217263077678307,137.70884249492713,60.434526155356615,88.23374670104725
-30.217263811848177,137.77154166393666,60.434527623696354,88.23374521075311
-30.2172679826728,138.04321108400413,60.4345359653456,88.23373656318408
-30.217271488479316,138.76692405131053,60.43454297695863,88.23372955671768
-30.21727347893264,139.97172563999436,60.43454695786528,88.23372544513066
-30.21727477523461,140.94777964793496,60.43454955046922,88.23372271298662
-30.217274526375192,142.34008409050935,60.434549052750384,88.23372338403594
-30.21727490754853,143.5875781155978,60.43454981509706,88.23372258323343
-30.217275591773568,144.3351891309789,60.434551183547136,88.23372109442525
-30.217276770762613,144.99062337392724,60.434553541525226,88.23371848758747
-30.217277927495974,145.36709445295702,60.43455585499195,88.23371591139889
-30.217279062981763,145.61045287537274,60.43455812596353,88.23371345946796
-30.21728022093927,145.67017270580791,60.43456044187854,88.23371091945245
-30.217281712364997,145.40828289113693,60.434563424729994,88.2337076994826
-30.217282345769835,144.71615005539672,60.43456469153967,88.23370639842119
-30.217282791825465,144.01264973259626,60.43456558365093,88.23370554866081
-30.21728353718934,143.37005729439932,60.43456707437868,88.23370413431371
-30.21728428722744,142.75005746667333,60.43456857445488,88.23370270734536
-30.217284588433934,142.4573994496273,60.43456917686787,88.23370214302199
-30.21728471786691,142.23654341462662,60.43456943573382,88.23370189317245
-30.21728494648528,141.8500658410455,60.43456989297056,88.2337014438877
-30.217285137944682,141.58286933700413,60.434570275889364,88.23370108181892
-30.21728557739138,141.14734985888234,60.43457115478276,88.23370023026605
-30.217286947645476,140.82786985924486,60.43457389529095,88.23369736466518
-30.217289834177134,140.78701655211228,60.43457966835427,88.23369092087592
-30.21729137066257,140.79596957412994,60.43458274132514,88.23368770745623
-30.21729190230326,141.49361926014709,60.43458380460652,88.2336865779909
-30.21729169605268,142.51454417467423,60.43458339210536,88.23368707738206
-30.2172915173737,143.459277345183,60.4345830347474,88.23368749890719
-30.217291333003974,144.10755846807876,60.43458266600795,88.23368792477707
-30.217291063436857,143.78734662563832,60.434582126873714,88.23368860979913
-30.217292194476297,143.4364990345989,60.434584388952594,88.23368626351564
-30.217293267424683,143.23413752803955,60.434586534849366,88.23368396344773
-30.217293483296576,142.8627014022365,60.43458696659315,88.23368355966217
-30.217293584813124,142.39030032815916,60.43458716962625,88.23368336397145
-30.217293634971856,141.88817797496125,60.43458726994371,88.23368326598498
-30.21729367248649,141.38375743266766,60.43458734497298,88.23368319361258
-30.217293723051032,140.72975928389096,60.434587446102064,88.23368309891593
-30.217293802755893,140.38394617515317,60.43458760551179,88.23368294643835
-30.21729391401633,140.05577198610524,60.43458782803266,88.23368273845173
-30.21729405310042,139.67399846215292,60.43458810620084,88.23368248506398
-30.217294613323354,139.05722159641957,60.43458922664671,88.23368137644282
-30.21729519365614,138.37295380116618,60.43459038731228,88.23368025621045
-30.217295913978717,137.8352851971123,60.43459182795743,88.23367886225213
-30.217296659839892,137.22869653871118,60.434593319679784,88.23367742520156
-30.217297746242302,136.79641018820766,60.434595492484604,88.23367533620767
-30.217299010025943,136.22903716547452,60.43459802005189,88.23367292281164
-30.21730168352448,136.05269760215705,60.43460336704896,88.23366773042729
-30.217306428829243,136.41551208330563,60.434612857658486,88.23365856106835
-30.217308684741948,137.27506397030194,60.434617369483895,88.23365383187553
-30.21731008009359,138.44297090408526,60.43462016018718,88.23365110246198
-30.21731121418964,139.55552899888633,60.43462242837928,88.2336487815732
-30.217312416869394,141.0558905761448,60.43462483373879,88.23364636642088
-30.217312782428312,143.06400578197122,60.434625564856624,88.23364558428466
-30.217313111336193,144.54623107197267,60.434626222672385,88.2336448867891
-30.217313594439045,145.70177622802697,60.43462718887809,88.23364385194793
-30.217314128252067,146.86363248841855,60.43462825650413,88.23364272642849
-30.21731469630698,147.6529297361201,60.43462939261396,88.23364148511472
-30.21731499680926,148.36565670619424,60.43462999361852,88.23364085021085
-30.21731532248219,148.90989561823707,60.43463064496438,88.23364016082981
-30.21731696782976,148.998696726997,60.43463393565952,88.23363662833611
-30.217317800397428,148.8051707400942,60.434635600794856,88.23363484423574
-30.217318355867082,148.2713610454977,60.434636711734164,88.23363371760534
-30.217318664976155,147.5563737158929,60.43463732995231,88.23363310559
-30.217318977314005,146.7890635309923,60.43463795462801,88.23363247510126
-30.21731930342259,146.05689661153906,60.43463860684518,88.2336318260927
-30.21731965051772,145.29152157151563,60.43463930103544,88.23363115464421
-30.217320216214222,144.42194919880345,60.434640432428445,88.23363002509147
-30.21732076358392,143.48709327911848,60.43464152716784,88.2336289156623
-30.217321587164346,142.52947352615783,60.43464317432869,88.2336272993378
-30.21732249371453,141.67072936251043,60.43464498742906,88.23362554961385
-30.217326103306235,141.32980569629643,60.43465220661247,88.23361833597177
-30.217332012916547,141.5246450425355,60.434664025833094,88.23360637961957
-30.2173348833294,142.15229379032502,60.4346697666588,88.23360022677582
-30.2173361614439,143.11480287501962,60.4346723228878,88.23359750691056
-30.217336671610692,144.28067645362495,60.434673343221384,88.23359645107928
-30.217336984908787,145.69271594855206,60.434673969817574,88.23359578268195
-30.217337232251477,147.15769262838728,60.434674464502955,88.23359528289008
-30.217337326191167,149.11036675296816,60.434674652382334,88.23359509624353
-30.21733737903923,150.4719915238797,60.43467475807846,88.23359498984532
-30.21733741492163,151.86163105826262,60.43467482984326,88.23359491468604
-30.217337368646824,152.8601361167033,60.43467473729365,88.23359502882269
-30.21733729722858,153.90390157512488,60.43467459445716,88.23359520176228
-30.217337098206468,154.65318156549145,60.434674196412935,88.23359564964852
-30.217337371084472,155.4112877805608,60.434674742168944,88.23359508684227
-30.21733753190915,155.85103968720568,60.4346750638183,88.23359476209316
-30.217337916699176,155.98872134177208,60.43467583339835,88.23359394456804
-30.217338976986266,155.52403313758543,60.43467795397253,88.2335915453966
-30.217339833979445,155.1042650758323,60.43467966795889,88.23358969073058
-30.217340039631562,154.88976570881897,60.434680079263124,88.23358929879977
-30.21734017195235,154.80951965258208,60.4346803439047,88.23358905068162
-30.21734030750288,154.78243157655098,60.43468061500576,88.23358879394637
-30.217340449595042,154.84712207612185,60.434680899190084,88.23358852757936
-30.217340667761476,154.7605221941192,60.43468133552295,88.2335881164185
-30.217340921634996,154.71174383920197,60.43468184326999,88.23358765407373
-30.217341587361002,154.43138040233325,60.434683174722004,88.23358639508643
-30.21734342897893,153.9071002141358,60.43468685795786,88.23358293347628
-30.21734427835315,153.14069805126124,60.4346885567063,88.23358133957818
-30.217344854908045,152.41436921391013,60.43468970981609,88.2335802418118
-30.21734580691591,151.77096379213125,60.43469161383182,88.23357842229125
-30.217346338617087,151.04400340208434,60.434692677234175,88.23357740749374
-30.217347046068127,150.24905170779365,60.434694092136255,88.23357601091884
-30.217347738179754,149.48620147424649,60.43469547635951,88.23357471676746
-30.217350054409696,149.14723471846307,60.43470010881939,88.23357012465846
-30.217352402318806,148.88700173643002,60.43470480463761,88.23356529070895
-30.217354034802774,148.82338492162185,60.43470806960555,88.23356197290802
-30.21735537167689,148.9459829911821,60.43471074335378,88.23355928543053
-30.217356494319375,149.5463027599076,60.43471298863875,88.23355696931587
-30.217357131251546,150.3143582197603,60.43471426250309,88.23355573550833
-30.21735771144703,151.098915120692,60.43471542289406,88.23355459214558
-30.217358233908545,152.19159716809415,60.43471646781709,88.23355355161682
-30.217359126302128,153.06655689020062,60.434718252604256,88.23355173378481
-30.217359938135015,154.03710470804424,60.43471987627003,88.23355013896818
-30.21736018846581,155.0427601300856,60.43472037693162,88.23354963385947
-30.21736043747716,156.23225583114112,60.43472087495432,88.23354912034404
-30.217360701034927,157.50263755052416,60.434721402069854,88.23354858288413
-30.21736080436275,159.04377868949143,60.4347216087255,88.23354837129479
-30.217360871000256,160.50562797188255,60.43472174200051,88.23354823180551
-30.21736099397168,161.9515446240266,60.43472198794336,88.23354799445767
-30.21736118063787,162.91494560123772,60.43472236127574,88.23354760234477
-30.2173613836433,163.4538607883646,60.4347227672866,88.23354718509934
-30.217361580009516,164.03239397554984,60.43472316001903,88.23354679831581
-30.217362073182997,164.00556394577615,60.434724146365994,88.2335458467038
-30.21736307617971,163.52140067962654,60.43472615235942,88.23354384344623
-30.21736419213092,163.01386114656083,60.43472838426184,88.23354162314726
-30.217364795993777,162.5341388617446,60.434729591987555,88.23354041822456
-30.217365106575834,161.84507460873772,60.43473021315167,88.23353979959691
-30.217365386161497,161.22155247836864,60.43473077232299,88.23353925862303
-30.217365609565544,160.66284384866407,60.43473121913109,88.23353882489404
-30.217366101427192,160.17601105845327,60.434732202854384,88.2335378565867
-30.217366792145146,159.51343697248305,60.43473358429029,88.23353649239431
-30.217367770201342,158.84669041967115,60.434735540402684,88.2335345771517
-30.217368125168793,158.0190887377192,60.434736250337586,88.23353388336214
-30.217368373710748,157.20010667520268,60.434736747421496,88.23353340211008
-30.21736860966496,156.4555503000389,60.43473721932992,88.23353294080584
-30.21736897965563,155.68524204506025,60.43473795931126,88.23353222320884
-30.21736955469828,155.06864738710772,60.43473910939656,88.2335311218242
-30.21737014646929,154.6701787802279,60.43474029293858,88.2335299758464
-30.21737061446761,154.40968599165038,60.43474122893522,88.2335291152039
-30.217371681509686,154.38740822907124,60.43474336301937,88.23352705777515
-30.217372380534314,154.84041850770944,60.43474476106863,88.2335257113142
-30.21737291821699,155.17030925778522,60.43474583643398,88.23352465387731
-30.217373225078756,155.61963896893315,60.43474645015751,88.23352404362753
-30.217373456458034,156.38676241568464,60.43474691291607,88.23352359482669
-30.217373682700924,157.29784402129775,60.43474736540185,88.2335231309836
-30.217373903292025,158.28284121928544,60.43474780658405,88.23352268394466
-30.217374193531832,159.20219594765788,60.434748387063664,88.23352210476325
-30.2173747331502,159.85354608299218,60.4347494663004,88.23352092314494
-30.21737561694675,160.561131783917,60.4347512338935,88.23351899875811
-30.217376563959217,161.41112952279502,60.434753127918434,88.23351701217481
-30.217377182949246,162.1510566925102,60.43475436589849,88.23351570676397
-30.21737866758093,162.5336359068885,60.43475733516186,88.23351271261586
-30.217380514044734,162.73226655591907,60.43476102808947,88.2335089810067
-30.217382909689235,162.81344053218794,60.43476581937847,88.23350429209503
-30.21738459747803,162.54340256001757,60.43476919495606,88.2335010004052
-30.21738661326449,162.2809529857605,60.43477322652898,88.23349708991363
-30.217387869805822,161.95453709291763,60.434775739611645,88.23349457937285
-30.217388461671653,161.72034810936543,60.43477692334331,88.23349340657705
-30.217388655573885,161.31874189264164,60.43477731114777,88.23349301854104
-30.217388747947837,160.47126746502659,60.43477749589567,88.233492842895
-30.21738883008151,159.53058095694962,60.43477766016302,88.23349269201096
-30.21738893885656,158.56901586735893,60.43477787771312,88.2334924781641
-30.217389089982426,157.62093398653212,60.43477817996485,88.23349218017873
-30.217389502177614,156.78374744381887,60.43477900435523,88.23349128126836
-30.217390682097957,156.19828499221921,60.43478136419591,88.2334887791103
-30.217390922801773,156.68518929552772,60.434781845603545,88.2334882822536
-30.217391256149508,157.42272535998148,60.434782512299016,88.23348758355237
-30.217391482892307,158.5195910178253,60.43478296578461,88.23348709901094
-30.21739175810108,159.64139628813763,60.43478351620216,88.23348646362922
-30.217391978720997,161.30248345935362,60.434783957441994,88.23348595504429
-30.217392255185604,162.44883366054052,60.43478451037121,88.23348536651324
-30.217392391654204,163.17399857400557,60.43478478330841,88.23348508174323
-30.217392729958867,163.85137054054474,60.434785459917734,88.23348439092867
-30.217393023994905,164.22414295659328,60.43478604798981,88.23348381361137
-30.21739329762015,164.6941402269002,60.4347865952403,88.23348325054423
-30.21739376491686,165.11813080395842,60.43478752983372,88.23348229767213
-30.217394293339,165.59864636400755,60.434788586678,88.23348124358719
-30.21739720420701,166.19684420447197,60.43479440841402,88.23347511858944
-30.217400132047512,166.76657781256748,60.434800264095024,88.23346906210456
-30.217403983635645,167.2696905680674,60.43480796727129,88.23346103081052
-30.21740818751109,167.7403776573887,60.43481637502218,88.23345239219553
-30.217418416970173,168.00032589934725,60.434836833940345,88.23343209035777
-30.217429157221027,168.08922957138017,60.43485831444205,88.23341090282709
-30.217440878690493,167.99575648594447,60.434881757380985,88.23338779345553
-30.21745054105706,167.90225112493795,60.43490108211412,88.2333686322031
-30.217457343573386,167.82757517339297,60.43491468714677,88.23335500587508
-30.217465868959078,167.69257228790417,60.434931737918156,88.23333796734724
-30.21747395930289,167.4947563914754,60.43494791860578,88.23332190659184
-30.217482609881845,167.21161546841716,60.43496521976369,88.23330461225501
-30.217492638948443,166.90534253036208,60.434985277896885,88.23328467291641
-30.217500800034678,166.5470500068015,60.435001600069356,88.2332687059003
-30.217507646498156,166.20020159697046,60.43501529299631,88.23325537722788
-30.217514775244645,165.90983647072534,60.43502955048929,88.23324154202206
-30.21752750138417,165.6537356978951,60.43505500276834,88.23321716176014
-30.217542231898094,165.3806999522293,60.43508446379619,88.2331878578227
-30.21756347192618,165.3652142154852,60.43512694385236,88.23314630820266
-30.217578967763647,165.5234796541868,60.43515793552729,88.23311534949876
-30.217585182060525,165.99786118099024,60.43517036412105,88.23310243417461
-30.21759215025759,166.82666899187473,60.43518430051518,88.23308757286557
-30.21759554276141,167.9558292204976,60.43519108552282,88.23308053305449
-30.217599849299468,169.0342452706078,60.435199698598936,88.2330711142611
-30.217602934279604,170.18878527050106,60.43520586855921,88.23306456265576
-30.21760605810259,171.3549530284242,60.43521211620518,88.23305808161473
-30.217607869946647,172.12474468110858,60.435215739893295,88.23305440614406
-30.21761045535193,172.78834446614815,60.43522091070386,88.23304940756
-30.217613764413365,173.45149929623045,60.43522752882673,88.23304299103245
-30.217618099884348,173.8111068015681,60.435236199768696,88.2330347307501
-30.21762156860217,174.12094849596133,60.43524313720434,88.23302787232475
-30.217626529785313,174.57090134184176,60.43525305957063,88.2330181466169
-30.217635225109778,175.14638767824212,60.435270450219555,88.23300043559293
-30.21764140970053,175.8889599797819,60.43528281940106,88.23298828833917
-30.21764534884761,176.5239257929092,60.43529069769522,88.23298070669367
-30.21765571700078,177.02682379633757,60.43531143400156,88.23296015149705
-30.217675189039547,177.37716047155686,60.43535037807909,88.23292080374405
-30.21769066470474,177.77492563927177,60.43538132940948,88.2328900315314
-30.217709628889924,178.19019173021064,60.43541925777985,88.23285511451569
-30.217728649146707,178.6474989209867,60.435457298293414,88.23281952839663
-30.21772183431419,178.25617024832331,60.43544366862838,88.23283582052365
-30.217735098809246,178.83430650703002,60.43547019761849,88.23280996525008
-30.2177420126864,179.5238893958124,60.4354840253728,88.23279660486827
-30.21774459596225,180.33294868692587,60.4354891919245,88.23279189803044
-30.217745879828342,180.73481318171952,60.435491759656685,88.23278940275546
-30.217746940052276,180.84612892050183,60.43549388010455,88.23278733819947
-30.21774831771477,180.81011488200556,60.43549663542954,88.23278470699827
-30.21775119457901,180.9384184429416,60.43550238915802,88.23277879953505
-30.217756964975315,181.0292764099156,60.43551392995063,88.23276631388265
-30.217761153086112,181.848003188968,60.435522306172224,88.23275725193263
-30.217763869224175,182.99249582079665,60.43552773844835,88.23275175702838
-30.217765139944717,184.4694426844747,60.435530279889434,88.23274930698551
-30.217766216803728,185.88726024181022,60.435532433607456,88.23274723178895
-30.217771942513465,187.2985085246615,60.43554388502693,88.23273587459781
-30.217781014760735,188.5114408895189,60.43556202952147,88.23271748315508
-30.21779401447269,190.41141112035646,60.43558802894538,88.23269114310773
-30.217799333671984,192.43840406770903,60.43559866734397,88.23268083052542
-30.217809909714205,194.3204375167292,60.43561981942841,88.23266131674708
-30.217832495312255,195.8836900853849,60.43566499062451,88.23261982923019
-30.217901637036995,195.88375633100736,60.43580327407399,88.23248733798525
-30.217980097612983,195.88383240774908,60.43596019522597,88.23233518450186
-30.21806089695975,195.88391078595023,60.4361217939195,88.23217842809952
-30.218162169144776,195.88400644235492,60.43632433828955,88.23198711529014
-30.218270650169565,195.8841086140814,60.43654130033913,88.23178277183716
-30.218240108954603,195.88407072372632,60.43648021790921,88.23185855254737
-30.2182047833067,195.88402838239406,60.4364095666134,88.23194323521186
-30.218175702525038,195.8839933666269,60.436351405050075,88.2320132667462
-30.21825217200314,195.88406798786377,60.43650434400628,88.23186402427243
-30.21823962134657,195.88405261261684,60.43647924269314,88.23189477476633
-30.218257196577476,195.88406895155438,60.43651439315495,88.23186209689123
-30.218271150688494,195.88408177790046,60.43654230137699,88.23183644419909
-30.21828819665485,195.8840979161101,60.4365763933097,88.2318041677798
-30.218307408084048,195.8841164811319,60.436614816168095,88.23176703773615
-30.21833061213899,195.88413924333122,60.43666122427798,88.23172151333753
-30.21836730149886,195.88417581919853,60.43673460299772,88.23164836160292
-30.21840309283817,195.884210929555,60.43680618567634,88.23157814089002
-30.218428497926304,195.88423598510525,60.43685699585261,88.23152802978952
-30.218451923852395,195.88425901766442,60.43690384770479,88.23148196467119
-30.21848241217865,195.88428868759544,60.4369648243573,88.23142262480913
-30.218515831454383,195.884320152014,60.437031662908765,88.231359695972
-30.21856115277195,195.88436347346808,60.4371223055439,88.23127305306383
-30.218616490539823,195.8844152929716,60.437232981079646,88.2311694140568
-30.218696116550408,195.88449036433383,60.437392233100816,88.23101927133231
-30.218778759856942,195.8845694871058,60.437557519713884,88.23086102578839
-30.218879211324037,195.88466754183534,60.43775842264807,88.23066491632933
-30.21899509811154,195.88477712144444,60.43799019622308,88.23044575711113
-30.21915187143782,195.88492644437568,60.43830374287564,88.23014711124864
-30.219101286364342,195.8848651282208,60.438202572728684,88.23026974355837
-30.219236807372013,195.88499615970824,60.43847361474403,88.2300076805835
-30.219191939345382,195.88494206915584,60.438383878690765,88.23011586168832
-30.219153925606243,195.8848964300757,60.438307851212485,88.23020713984859
-30.21912713333543,195.8848628330463,60.43825426667086,88.23027433390742
-30.219097918110432,195.8848260121525,60.438195836220864,88.23034797569498
-30.21906415640332,195.8847834203918,60.43812831280664,88.23043315921637
-30.219157178675417,195.88487048888078,60.43831435735083,88.23025902223844
-30.219252413385725,195.88496184847884,60.43850482677145,88.23007630304231
-30.219306774096246,195.88501514606284,60.43861354819249,88.2299697078743
-30.219368020085632,195.8850744718785,60.438736040171264,88.22985105624295
-30.21942182326882,195.88512648546552,60.43884364653764,88.22974702906897
-30.21946697240011,195.88516930107124,60.43893394480022,88.22966139785751
-30.219499788043265,195.8852004002034,60.43899957608653,88.22959919959324
-30.219541592789195,195.8852408294531,60.43908318557839,88.22951834109382
-30.219579087390052,195.88527815244518,60.439158174780104,88.22944369510965
-30.2196165244208,195.88531668569772,60.4392330488416,88.22936662860455
-30.219644833668585,195.8853455731478,60.43928966733717,88.22930885370445
-30.21967666168393,195.88537784731727,60.43935332336786,88.22924430536547
-30.21971273016303,195.8854143962178,60.43942546032606,88.2291712075644
-30.219758375124947,195.88546138294748,60.439516750249894,88.229077234105
-30.219843425801475,195.88554672920583,60.43968685160295,88.22890654158836
-30.219942345285833,195.8856458210762,60.43988469057167,88.22870835784758
-30.220080954070784,195.88578289602555,60.44016190814157,88.22843420794888
-30.22022377162439,195.88592173587386,60.44044754324878,88.2281565282523
-30.22035055529271,195.88604578330944,60.44070111058542,88.22790843338115
-30.220457196432157,195.8861475784809,60.440914392864315,88.22770484303821
-30.220544603511723,195.8862314419133,60.441089207023445,88.2275371161734
-30.22064806935335,195.88633145711424,60.4412961387067,88.22733708577151
-30.22074905807783,195.8864294537993,60.44149811615566,88.22714109240137
-30.220859535627874,195.88653595510638,60.44171907125575,88.22692808978724
-30.220973146693552,195.88664501463225,60.441946293387105,88.22670997073548
-30.22107628037499,195.8867409831849,60.44215256074998,88.22651803363024
-30.221184469666973,195.8868425744611,60.442368939333946,88.2263148510778
-30.22128239433321,195.88693483900562,60.44256478866642,88.22613032198879
-30.221379313756774,195.8870285724014,60.44275862751355,88.22594285519722
-30.22146063991271,195.88710731622047,60.44292127982542,88.22578536755908
-30.221541200474803,195.88718415684224,60.443082400949606,88.22563168631552
-30.221602123240697,195.88724129456529,60.44320424648139,88.22551741086943
-30.221659305977944,195.88729474420404,60.44331861195589,88.22541051159193
-30.22169859690675,195.88733203990466,60.4433971938135,88.22533592019067
-30.221726622081988,195.88735842867123,60.443453244163976,88.2252831426575
-30.221750760307586,195.88738140072536,60.44350152061517,88.2252371985493
-30.221775643073155,195.88740496090836,60.44355128614631,88.22519007818329
-30.2218043767194,195.887431927577,60.4436087534388,88.22513614484599
-30.2218270333407,195.88745322491303,60.4436540666814,88.22509355017391
-30.221866726225343,195.88749170573664,60.44373345245069,88.22501658852676
-30.2219181907589,195.88754155668832,60.4438363815178,88.22491688662338
-30.22197387243623,195.88759507570015,60.44394774487246,88.22480984859969
-30.222039416697747,195.8876571410931,60.444078833395494,88.2246857178138
-30.222122249112303,195.8877356888004,60.444244498224606,88.2245286223992
-30.222205687862534,195.8878153819021,60.44441137572507,88.22436923619578
-30.222286107111817,195.88789363326595,60.44457221422363,88.22421273346812
-30.222352034812076,195.8879562925623,60.44470406962415,88.2240874148754
-30.222404492551945,195.8880054341232,60.44480898510389,88.22398913175363
-30.22245246870088,195.88805092721583,60.44490493740176,88.22389814556837
-30.222509653949338,195.8881051392334,60.445019307898676,88.22378972153322
-30.22248779687681,195.88807810129924,60.44497559375362,88.2238437974015
-30.222455605147076,195.88803887904513,60.44491121029415,88.22392224190973
-30.22241654800364,195.8879910427249,60.44483309600728,88.22401791455019
-30.222375781586795,195.88794085699539,60.44475156317359,88.2241182860092
-30.222472663600794,195.88803431093203,60.44494532720159,88.22393137813593
-30.222576629984747,195.8881368023769,60.445153259969494,88.22372639524623
-30.222686393477275,195.88824506117604,60.44537278695455,88.22350987764791
-30.222805436848144,195.88836117373694,60.44561087369629,88.22327765252611
-30.22289753730243,195.8884497215543,60.44579507460486,88.22310055689135
-30.222986464365725,195.88853392886344,60.44597292873145,88.22293214227311
-30.223069811204258,195.8886114773075,60.446139622408516,88.22277704538497
-30.223127479926802,195.8886660227838,60.446254959853604,88.22266795443235
-30.22317644254367,195.88871162076745,60.44635288508734,88.22257675846508
-30.223215920713802,195.8887485136695,60.446431841427604,88.22250297266102
-30.223265229492135,195.88879489818163,60.44653045898427,88.22241020363676
-30.223312223554675,195.88883912298036,60.44662444710935,88.22232175403931
-30.223358042795272,195.8888826769459,60.446716085590545,88.22223464610818
-30.223427748053574,195.88895010785535,60.44685549610715,88.22209978428933
-30.22349045198808,195.88900937134554,60.44698090397616,88.22198125730891
-30.223574215291794,195.88908840116235,60.44714843058359,88.22182319767529
-30.223649669271566,195.88916002323205,60.44729933854313,88.22167995353591
-30.22372404052436,195.88923136570696,60.44744808104872,88.22153726858608
-30.223788938121835,195.88929332630101,60.44757787624367,88.22141334739796
-30.223845224131594,195.8893460473816,60.44769044826319,88.2213079052368
-30.22389988723872,195.8893980652181,60.44779977447744,88.22120386956381
-30.223963796813027,195.88945881666183,60.447927593626055,88.22108236667631
-30.224055549952407,195.8895462281869,60.448111099904814,88.22090754362621
-30.224152508405375,195.889640380765,60.44830501681075,88.22071923847002
-30.224272190619416,195.88975685275886,60.44854438123883,88.22048629448228
-30.224381412095656,195.88986459054178,60.44876282419131,88.22027081891642
-30.224545469255382,195.89002522626294,60.449090938510764,88.21994954747413
-30.224749345857536,195.89022402850304,60.44949869171507,88.21955194299392
-30.22495679300012,195.89042497788586,60.44991358600024,88.2191500442283
-30.225142007498814,195.89060502234187,60.45028401499763,88.21878995531627
-30.225078704617662,195.89052692803807,60.450157409235324,88.21894614392386
-30.225255430313982,195.89070063477104,60.450510860627965,88.21859873045794
-30.2255168650599,195.89095019459154,60.4510337301198,88.2180996108169
-30.225785474651534,195.89120635972589,60.45157094930307,88.21758728054824
-30.22603645511389,195.89144793063815,60.45207291022778,88.21710413872373
-30.226303079176315,195.89170593539495,60.45260615835263,88.2165881292101
-30.22655879173213,195.89194965338936,60.45311758346426,88.2161006932213
-30.22683704370528,195.8922152698403,60.45367408741056,88.21556946031937
-30.227089234058884,195.89245748384246,60.45417846811777,88.2150850323151
-30.227353981514984,195.89271032215882,60.45470796302997,88.21457935568236
-30.227598174435467,195.89294283764482,60.455196348870935,88.21411432471037
-30.227834790035654,195.8931690016459,60.45566958007131,88.21366199670817
-30.228034136989933,195.89336167357345,60.45606827397987,88.21327665285307
-30.2282477945191,195.89356889644543,60.4564955890382,88.21286220710913
-30.228443483699756,195.8937551625519,60.45688696739951,88.21248967489616
-30.228645063105247,195.89394700411685,60.457290126210495,88.21210599176632
-30.228829946212542,195.89412137130142,60.457659892425085,88.21175725739714
-30.22908442564399,195.8943616414385,60.45816885128798,88.211276717123
-30.229351071517915,195.8946102312822,60.45870214303583,88.21077953743561
-30.229628617506165,195.89487246213346,60.45925723501233,88.21025507573306
-30.229877748981387,195.89510901353583,60.459755497962774,88.20978197292833
-30.230147354603954,195.8953602323042,60.46029470920791,88.20927953539162
-30.230436245071704,195.89563425222403,60.46087249014341,88.20873149555194
-30.230691767041627,195.89587705080964,60.461383534083254,88.20824589838072
-30.231008102459857,195.89617599022571,60.46201620491971,88.20764801954859
-30.231299440082076,195.89644823046672,60.46259888016415,88.20710353906657
-30.23158712180963,195.89671874460237,60.46317424361926,88.20656251079527
-30.231831358362168,195.89695035094093,60.463662716724336,88.20609929811815
-30.23210112685579,195.89720708574953,60.46420225371158,88.20558582850097
-30.232368411939138,195.89746139017947,60.464736823878276,88.20507721964105
-30.232594882939,195.89767701625766,60.465189765878,88.20464596748465
-30.232808936122872,195.8978802562528,60.465617872245744,88.20423948749442
-30.233010248600877,195.89807123519552,60.466020497201754,88.203857529609
-30.233198575515353,195.8982486079428,60.466397151030705,88.20350278411439
-30.233384164718924,195.89842404274674,60.46676832943785,88.20315191450653
-30.233579842824607,195.89860978563524,60.467159685649214,88.20278042872948
