245.5,64.5,12,13
244.89988045032757,64.75834060391087,12.012767322144157,13.066526399447554
244.7738761567666,64.89828865905899,12.012767322144166,13.066526399447547
244.01742466921831,65.29097988387858,12.012767322158323,13.066526399435308
243.53839057321088,65.55095478079058,12.012767322168013,13.06652639942693
242.88397377365834,65.84912975809937,12.012767322182526,13.066526399414453
242.1892814003599,66.16517957234187,12.012767322227912,13.06652639937792
241.52460968118976,66.50566538364951,12.012767322419654,13.066526399229677
240.3884645651466,66.84978138686387,12.012767324708625,13.066526397443468
238.77778826837903,67.13488903590898,12.012767341034287,13.06652638417758
236.96366418228166,67.59630299012466,12.012771113204614,13.066523275760753
235.18797998262508,68.00967267346917,12.012954143026226,13.066357638586807
233.56541326275845,68.32905866372259,12.0131446792408,13.066187259203758
232.0864461790897,68.80996970499218,12.013728592519456,13.065663046346872
230.93236451296073,69.31620878854787,12.022277733722104,13.05881894867826
228.51588677882177,71.255052265138,12.160099992771514,12.943900740920368
227.6290255193546,71.55091866429503,12.241664527925915,12.876771071039537
226.79006439276665,71.8733005842888,12.253240946369779,12.86722400360831
226.02660393550696,72.21309856166692,12.272941235011787,12.851865667298407
225.31898687616436,72.57634175161589,12.30279007880989,12.828477226891746
224.43219446024958,73.01336574430005,12.389464400576276,12.758390280112893
223.59804626629705,73.59372722328315,12.402371241133306,12.747799262988377
222.68001645211817,74.07872468376866,12.418329250724288,12.73485478471298
219.85532612328188,72.95702955240907,12.537965760142479,12.636264113289078
218.6144634777501,73.40669803085525,12.551907123288563,12.625278835244984
217.34237102205233,73.73618171683654,12.58284907470788,12.599739738867592
216.23280640316165,74.15980079217184,12.630238734242196,12.564254145951509
215.28608425740973,74.60767474250946,12.647107913403197,12.551394085547251
211.09711175947822,76.55022182630391,12.835765723597275,12.407639601491066
210.12114117684897,76.84362973031776,12.95085994118581,12.320113365702284
209.09879525403812,77.11648063647228,12.97477694549889,12.301354104529292
208.0715196225042,77.63823275988877,13.2905347162495,12.053432748206857
207.06345822112993,76.57425112571936,13.672748531952791,11.758166799016392
207.82202529318906,77.17874627971186,13.930665981615048,11.570256269702643
206.92918871967427,77.65963079645381,14.07498778644338,11.459865140633859
205.99029467685926,79.92106543069343,14.311978376231428,11.274784454002761
206.27708349071506,78.93961342837422,14.693672529010724,10.964025653083944
204.95365234055336,79.54146507582294,14.762032651141984,10.911212470109717
203.8009248778826,80.09456436435586,14.771248677252522,10.904251335060486
202.78249694585853,80.36139087306267,14.7721731925,10.903541208767775
201.84425826335763,80.65829483882173,14.773950011237158,10.90224093763859
200.82733205997596,81.00467404845443,14.775704124696047,10.900952545343104
200.0118659555667,81.38904331151063,14.777649378825581,10.899462470940438
199.17590151984803,81.63593648391173,14.778416598651596,10.898843973533198
198.16333543906305,81.7468487062878,14.781093783186018,10.896613321934819
197.56942006488808,82.06815618463202,14.785525331096514,10.893148209892837
196.9278451630102,82.40470411628996,14.786676023676698,10.89220516382626
196.7621743976377,82.7084145078798,14.78767389072923,10.891417984219437
195.90423113248374,83.06025867018491,14.788089391755511,10.891054215959914
194.91214368540636,83.33844666511034,14.788096352446239,10.891048484440358
193.7230005628883,83.62444462903377,14.788098143136656,10.89104698045974
192.17955762386995,83.91563709438877,14.788098568902836,10.891046576479344
190.48956822210639,84.13982510436078,14.788098715661217,10.891046437253555
189.1070486191236,84.53196087369635,14.788098716075645,10.891046436840027
187.8331071021954,84.92388680471655,14.78809871617956,10.891046436753342
186.68975351937888,85.28178229947652,14.78809871895554,10.891046434248171
185.6109607085474,85.55147621092136,14.788098719738427,10.891046433509674
184.4877081972996,85.79207001703114,14.788098720185019,10.89104643310845
183.4541066737196,86.05150173768693,14.788098722453718,10.891046431356786
182.38733478520115,86.32253137962002,14.7880987697085,10.891046390216
180.9523581745001,86.639352352973,14.788098835593027,10.891046342142074
179.2541219155178,87.05377357511124,14.788099376323741,10.891045882137611
177.56574868296724,87.51333530554791,14.788099425332906,10.891045832442838
175.8297932869757,87.87841132012385,14.788099502212837,10.891045754604004
174.18971108563898,88.22657008186525,14.788099663095503,10.891045605827463
172.67379911643357,88.54300965340477,14.788099727986433,10.891045541136643
171.14236025703005,88.88680566722284,14.788099791764203,10.891045483467353
170.23327175680078,89.19886000976133,14.78809980743575,10.89104547053241
169.59974281633006,89.13787418537709,14.78809979271675,10.891045489740911
168.98153370942532,89.19984799287172,14.788099759303343,10.8910455323964
168.57074437061058,89.30938175486806,14.788099755463866,10.891045537247601
168.13890558666802,89.52702397635085,14.7880997620659,10.891045530031075
167.70369432635619,89.6816507443004,14.788099740594385,10.891045567549629
167.13191032296197,89.9231440849284,14.788100781325948,10.891044472221623
165.71081794491894,90.3111722974654,14.788110292126989,10.8910345616587
164.45865969841745,90.69748731675617,14.788135965961873,10.891012505235835
163.17471228017126,91.05383289169035,14.788170675958893,10.890978985811046
161.54600741417758,91.35410838159862,14.788192293017085,10.8909607165467
160.02711195414807,91.6961626637652,14.788263724932184,10.890889599189281
158.37358959343038,92.18547230740157,14.788363599260581,10.89079744061297
156.935945692434,92.36651520081553,14.788384849281979,10.89077848895007
155.61135650931038,92.58967482512615,14.788426433836658,10.890732597004925
154.29874889213784,92.85464680484465,14.788725591521606,10.890388304163395
152.76509321769288,93.22530191815439,14.789211073712318,10.88988638566846
151.5624999351138,93.42902025924879,14.789539288116652,10.889557861352804
150.66645522883135,93.48705992170342,14.789678474851497,10.889435520903898
149.97076746636785,93.63310286631751,14.809093359824907,10.872763413080213
148.53258035284563,93.72491279279562,14.809603319520058,10.872269428563678
147.12306691009462,93.96434221982437,14.811388536320894,10.870413493226408
145.5488471968175,94.04805357047982,14.811605993270682,10.870173311947443
144.48674766611154,94.11111213746206,14.815732451456903,10.865759944269346
143.19912277703563,94.20547819791315,14.816424686807817,10.86506919745449
142.17616163195277,94.10861241406324,14.821181625105826,10.860501148579065
141.50890607340577,93.91330383896921,14.82131604942796,10.860376890895871
141.07568788643064,93.95724557136809,14.821490881534784,10.860230889512797
140.59967740048828,93.83281374399267,14.821507897578469,10.86021752557353
140.19023903926055,93.81561176653504,14.821516400181439,10.860210940474275
139.62513860208654,93.62085596256145,14.821526544434535,10.860202201303077
139.20514158726337,93.48934215740417,14.821528468120064,10.860200653502249
138.87410644498263,93.4113188230193,14.821528537933133,10.860200603913002
138.72746956931323,93.46137970753873,14.821528542304607,10.860200601202957
138.3434087658932,93.4147335206838,14.8215285489936,10.860200597023677
138.16096035674747,93.47761836186295,14.82152856319081,10.860200589443334
138.28280360397946,93.70140800981063,14.821528565938243,10.860200587991113
138.70104921621163,93.97546545834331,14.821528568623904,10.86020058674636
138.95289385809838,94.27575553762023,14.82152857394342,10.860200584041985
139.281457518193,94.56450937511438,14.8215285745206,10.860200583747735
139.6254996702444,94.84663124211306,14.821528574750543,10.86020058363329
139.54744766312544,95.08255444323778,14.821528575664667,10.86020058307527
139.58808045847903,95.29819774495252,14.82152857604245,10.860200582858173
139.3934669416052,95.45667561788856,14.82152857712865,10.860200582206273
139.2315657052271,95.46121915608562,14.821528578723983,10.860200581291467
138.8674293352719,95.4428944449315,14.821528582561827,10.86020057901701
138.3152947531158,95.43642005258134,14.821528599954753,10.86020056849557
138.02828404315426,95.3814817349629,14.82152862085671,10.860200556140857
137.37456693368625,95.53618675781141,14.821528638552195,10.860200546054031
136.64152396632454,95.71257392567813,14.821528662478492,10.860200532353524
135.92043141424722,95.84750955913684,14.821528722344494,10.860200500329912
134.8197686941957,95.8936653292223,14.821528745882642,10.860200484013708
133.54915049039502,95.91253466851546,14.821528752879736,10.860200478816367
132.21009399639,96.00037588307468,14.821528757186186,10.860200475196875
130.76730849255748,96.15612863331374,14.821528761890983,10.860200471220674
129.2471372077724,96.49422218240825,14.821528762109923,10.860200471057931
127.80856253575405,96.82633065040766,14.821528762656053,10.860200470693748
126.43507780480621,97.22289629652019,14.821528763110676,10.860200470334975
124.85382296462424,97.60756577947527,14.82152876368032,10.86020046984079
123.75608910934189,98.10527308684792,14.821528763750017,10.860200469772892
122.64992596513108,98.53093128316121,14.821528763948365,10.860200469568053
121.51246954779303,98.8653827204124,14.821528764456978,10.860200469058588
120.72092683877653,99.24753319176301,14.821528764742482,10.860200468778304
120.05776997162504,99.50062801406096,14.82152876499092,10.860200468519121
119.67032133290385,99.75654702354913,14.821528765078092,10.860200468436961
118.86901687325974,100.01257925208898,14.821528765222647,10.860200468296956
118.51982186973747,100.20566554842173,14.821528765248123,10.860200468271373
118.14482741294411,100.33755088329536,14.821528765298769,10.860200468222855
117.64721437034196,100.45296887786303,14.82152876531707,10.860200468205148
117.37317772444356,100.56756605686691,14.821528765335305,10.860200468188587
117.11686896020258,100.64739171151588,14.821528765378714,10.860200468142445
116.95223447911586,100.76581711059453,14.821528765407304,10.86020046811517
116.66284218661117,100.80147259792776,14.821528765417579,10.860200468106258
116.33567008605486,100.84993799887307,14.82152876544226,10.860200468084054
116.06512132515533,100.93649752550313,14.821528765459393,10.86020046806853
115.6709384046962,101.00862694644225,14.821528765465796,10.860200468062505
115.28195297945695,101.15439554416902,14.821528765476604,10.860200468053083
114.82714578736206,101.16664189027625,14.821528765492035,10.86020046804093
114.13294145691347,101.19401965218003,14.82152876550056,10.860200468034238
113.4706548772933,101.26957152712524,14.821528765523064,10.860200468015082
112.75097409112495,101.39481410315811,14.821528765594127,10.860200467955478
111.71330049836776,101.59802745229334,14.82152876597362,10.860200467654469
110.26719632871414,101.94654829806952,14.82152876749705,10.860200466451694
108.60136344999535,102.30494456122041,14.821528770616407,10.860200464010836
106.69366196709692,102.60662279762523,14.821528990212691,10.860200292985686
104.81238469712451,102.92339951024712,14.821530553549215,10.860198584546417
102.9621990371905,103.16012948179075,14.821532992191662,10.860195888477994
101.53481150939191,103.65794021409235,14.821555507200458,10.860173157299933
100.04856935321469,103.97119494890912,14.822025392369861,10.859784493406757
98.92123484478292,104.31281706955292,14.827297131401375,10.855170723348694
98.16154883092587,105.06209004410971,14.834148845852532,10.849963955181453
97.31107751907791,105.66886264312897,14.845705101750593,10.840491828622719
96.18112552210441,106.31567790071453,14.852631962900345,10.83497800694831
94.65725145418013,106.69356485964394,14.856230223108048,10.83166033689604
93.71818110663237,107.16532762330267,14.864314527441227,10.825837465370816
92.57000497104137,109.08328546953601,14.956601475747252,10.747339451737162
87.99662636781012,104.80801239005851,15.31663173061062,10.451005651585715
88.60056176766523,105.42934937844855,15.646463372115926,10.197007745972623
86.06546278412945,104.39382460319118,15.769632702255114,10.10944838306575
86.73355838853243,104.96578770969063,16.042327973780587,10
85.71456737192474,103.66051000449806,16.125888725181355,10
84.88533142774148,104.03711381647736,16.12699755641138,10
85.40282532445471,102.77323785517365,16.862080792647987,10
84.31723417308099,103.21780496928841,17.335430391805044,10
85.36079322723889,103.79796367976815,17.406080771419536,10
84.87194621963991,104.26086616609246,17.407242267753812,10
84.35396025124787,104.6131162950769,17.412887003648308,10
84.23751840827288,104.77662809286267,17.413996001831265,10
83.5423753857612,104.86480859015137,17.414228178560837,10
83.24336831299941,104.93131870124489,17.415032036036642,10
82.64845869292498,105.0352887371555,17.415623814370633,10
82.40516356446335,105.10856083128601,17.41712387516121,10
82.2040296185259,105.2307044500485,17.417151371490185,10
81.86621658600588,105.28113635350019,17.417194014346222,10
81.03696682219592,105.34888294059783,17.417230183087028,10
80.61237844411336,105.32068774942309,17.417235479577325,10
80.07678644671267,105.38982513640076,17.417244137540948,10
79.4771488368993,105.52457660529763,17.417244698010883,10
78.65210713999315,105.68238936457783,17.417244788371654,10
77.8718490764582,105.87973918113858,17.417244796438236,10
76.80914701351591,106.14281956944615,17.417244802831238,10
75.80768169268975,106.46204264555126,17.41724480330926,10
74.51157630773844,106.96244932804257,17.417244803558553,10
73.29035378783483,107.33935378585011,17.417244803616633,10
71.91717554403238,107.71288956794888,17.41724480394738,10
70.53154636672916,108.04429857525975,17.417244804366785,10
69.44589186921445,108.34526883158833,17.417244805102992,10
68.18142295905264,108.48436689469963,17.41724480880673,10
66.8649710514873,108.58817961905152,17.417244809621614,10
66.05654893827625,108.62054879363356,17.41724473958834,10.000000088369278
65.1545036488674,108.61205764418226,17.417244460900246,10.000000411165129
63.385642215324054,108.8365559130907,17.417245694075795,10
62.423398039398705,108.79887003405136,17.41724466699736,10.0000013420335
61.47906547370549,108.88439907148098,17.417244003057565,10.00000214547682
60.65133799501163,108.82613216802281,17.417243967197297,10.000002188686507
59.32043672273643,108.9000922690835,17.417243981458988,10.000002177853109
58.585492668963845,109.02432047394198,17.417243640288962,10.000002603882914
57.523017555111444,109.03873710535896,17.417243697476795,10.000002560830458
56.91004180143047,109.08114482152193,17.417243771656988,10.000002511461977
56.712253960278346,108.89734146462058,17.417244049794053,10.000002317181716
56.47534151747421,108.65001009207509,17.417244344957748,10.000002062165885
56.095461242248135,108.32390285318786,17.417246542176564,10.000000105461591
55.953373880076455,107.97816196177155,17.417246913635644,10
55.53238704637528,107.67546641919762,17.41724709747552,10
55.2104563527902,107.43173469696194,17.4172472504576,10
54.802083686123815,107.24616137240082,17.417247362175534,10
54.259632828547986,107.10305549297482,17.417247386844092,10
53.71622133400912,107.23708422575146,17.41724738931904,10
52.84208941520058,107.33507231716067,17.417247391029136,10
52.10780423903149,107.37490947637707,17.417247391766676,10
51.13915352374976,107.35282747354358,17.417247425006526,10
50.56099495752207,107.34407167695463,17.417247561841176,10
49.62552220694326,107.44275501184165,17.41724796698287,10
48.605178594031074,107.61461752466857,17.417248108609247,10
47.334712491913834,107.79651279561222,17.417248134346416,10
45.70475314053826,108.0220857243985,17.417248147369772,10
44.18210086602597,108.19939197413623,17.417248159574893,10
42.54503091374699,108.36317217163742,17.41724818299882,10
41.064097007988366,108.57328665070236,17.417248185220423,10
39.18443961670499,108.69502487592399,17.41724819232024,10
37.61077291100379,108.86734805814922,17.41724822016246,10
36.30145245863729,109.02831655554473,17.41724822523726,10
35.33877491759633,109.1923943143338,17.417248230529324,10
34.66565578834893,109.31425927393138,17.417248233523335,10
34.28639851709133,109.51693172566593,17.417248252532367,10
33.669030229707964,109.64158557914197,17.417248265523895,10
33.28089646058017,109.80513543449342,17.417248275245537,10
32.826094863484215,109.99399504624307,17.417248290936335,10
32.50675471769517,110.1388910766691,17.41724830325949,10
32.108536526197156,110.27434348128736,17.417248316836442,10
31.956495004997542,110.40740347467363,17.417248339740656,10
31.750721842842545,110.5590869244188,17.417248344327522,10
31.63415517603697,110.70866527222097,17.417248466206754,10
31.241453092739448,110.86086021922529,17.417248487084176,10
30.807714230992193,111.05125210247934,17.417248674377213,10
30.4037239574636,111.15323721431196,17.417248684019846,10
30.041345059161664,111.27925135754049,17.417248809267516,10
29.508831102107216,111.41386063955724,17.417248890391495,10
28.748399421405058,111.61114582978189,17.417248957194367,10
27.901658255835507,111.70967580936849,17.417249008555945,10
26.987890889212377,111.84629895351827,17.417249066204057,10
25.98552194351045,111.97464150749147,17.417249103604004,10
24.971277125348845,112.17488387785852,17.417249150236053,10
23.607560151873457,112.53754768334329,17.417249415698794,10
21.776955213871062,112.86444458924234,17.417265682465914,10
20.000067087397422,113.37579599581659,17.417369383304425,10
18.215361893788106,113.77361113391817,17.417400679260236,10
16.458067642527155,114.0236764010042,17.417476881290813,10
15.321584975814114,114.02390562818618,17.417483697642307,10
14.264241908159276,113.91094942466589,17.41748525119539,10
13.159546932664115,113.79702919052215,17.417485992438397,10
12.213820858240528,113.61637457535835,17.41748630565325,10
11.173705663608109,113.37685439811321,17.417486935701778,10
10.482560052218611,113.16861265228363,17.417487914378295,10
9.744529995987474,112.8641105525312,17.41749192790258,10
8.911878238438153,112.58341013715835,17.417492808762027,10
8.132151665650671,112.29857235477539,17.417493659033646,10
7.212107254485815,112.20856313483091,17.417494829156936,10
6.410186687297939,112.10570197628113,17.41750407628751,10
5.5844706563828215,112.01279413775774,17.417506246531442,10
4.619140320318381,112.02318519057008,17.41751155843846,10
3.811891552116503,112.17409718277545,17.41751167167022,10.00000103232623
3.047114466454458,112.23070843266103,17.417512906440354,10.000000312020749
2.165104334835302,112.3292542740819,17.417516422203995,10
1.4862352830778072,112.54827672691317,17.417524852333365,10
0.6606806547604211,112.96395054535853,17.417524890370725,10.000000365066217
-0.006642398433683638,113.2820331900218,17.417525010201928,10.000000277403638
-0.8620859113683217,113.53825869674172,17.417525319228552,10.000000018606306
-1.4658363551302571,114.06792573639038,17.417525272151593,10.000000098206392
-1.7357086802553159,114.67922660797946,17.417525247242256,10.0000001263829
-2.209273704366433,115.25322187763018,17.41752509221742,10.000000290664232
-2.4739219788271196,115.67142128151376,17.417525064162017,10.000000322847615
-2.7855260313268317,116.02298699343625,17.417524944388035,10.000000455513572
-3.135844069500834,116.39493558630907,17.417524931887925,10.00000046939866
-3.3788055380950066,116.55430173461201,17.417524936451453,10.000000464252825
-3.677752416668433,116.86915717794507,17.417524799879587,10.000000609500452
-4.005304364057949,117.2054347639811,17.417524713163715,10.000000705239204
-4.468589307613055,117.47783505841397,17.417524721218903,10.00000069592135
-4.821475053472135,117.91336174943494,17.41752470710439,10.0000007115349
-5.20585169206376,118.25981469362105,17.41752469411125,10.000000726025249
-5.632432381695846,118.55163974120677,17.417524678779323,10.000000743005904
-6.0875821495134215,118.82975624916479,17.41752437682521,10.000001073552117
-6.6343969103916365,119.08697754287113,17.417524180754796,10.000001287614962
-7.2651502232126415,119.3798297384858,17.41752377209505,10.000001759457051
-8.334148565109773,119.77249675502304,17.417524735979644,10.00000070415433
-8.708765558338074,120.16742276103469,17.417531116676148,10
-8.708770224291912,120.59705631883116,17.417540448583825,10
-8.708773812071671,120.95606415421935,17.417547624143342,10
-8.708778221619754,121.28252192289801,17.41755644323951,10
-8.70878283790932,121.61199270637007,17.41756567581864,10
-8.708785616300869,121.9464972213027,17.417571232601738,10
-8.708787535891974,122.27188884170027,17.417575071783947,10
-8.708791831429407,122.6395160749671,17.417583662858814,10
-8.708797004605179,122.87476587743731,17.417594009210358,10
-8.708800784632547,123.09637561888667,17.417601569265095,10
-8.708805942204934,123.26658790261718,17.41761188440987,10
-8.708810859860101,123.4370117977378,17.417621719720202,10
-8.708813970662844,123.65639938862296,17.417627941325687,10
-8.708816891294642,123.79574518353911,17.417633782589284,10
-8.708818423737961,123.99498919100733,17.417636847475922,10
-8.70882032860045,124.20714107603999,17.4176406572009,10
-8.708822156140425,124.42556450219126,17.41764431228085,10
-8.708823086772256,124.60172524006339,17.41764617354451,10
-8.708824370516783,124.7754057541606,17.417648741033567,10
-8.708825038244655,124.9587169632432,17.41765007648931,10
-8.708825649730544,125.15464723558398,17.417651299461088,10
-8.708826064609275,125.34772362263175,17.41765212921855,10
-8.708826540236837,125.49521738738986,17.417653080473674,10
-8.708827080147037,125.64081734867068,17.417654160294074,10
-8.708827658931622,125.79048526735278,17.417655317863243,10
-8.708828301073336,125.8974817514536,17.41765660214667,10
-8.70882926638117,126.01774432213278,17.41765853276234,10
-8.708830159076712,126.07613475696417,17.417660318153423,10
-8.708831216181819,126.12726629228564,17.417662432363638,10
-8.708832215711265,126.20124397129985,17.41766443142253,10
-8.708833291933729,126.2315986424801,17.417666583867458,10
-8.708834048995243,126.29578856081935,17.417668097990486,10
-8.70883462884128,126.35866678954335,17.41766925768256,10
-8.708835230293866,126.4367633953807,17.417670460587733,10
-8.708836195309924,126.55636352003785,17.41767239061985,10
-8.708836720836556,126.64500468672486,17.417673441673113,10
-8.708837419822242,126.81141489447327,17.417674839644484,10
-8.708838202931208,126.95267869235249,17.417676405862416,10
-8.708838845401814,127.07546040118905,17.41767769080363,10
-8.708839356761422,127.21712721587392,17.417678713522843,10
-8.708840337389534,127.3425927728531,17.417680674779067,10
-8.708841464182997,127.47381765843602,17.417682928365995,10
-8.70884250402118,127.60102438629838,17.41768500804236,10
-8.708842895598238,127.85440185369225,17.417685791196476,10
-8.708843979292945,128.1057561308262,17.41768795858589,10
-8.708845200645317,128.33381835819455,17.417690401290635,10
-8.708846081154377,128.57781250478,17.417692162308754,10
-8.708846463987744,128.80305581988068,17.417692927975487,10
-8.708847262448447,129.03615812660428,17.417694524896895,10
-8.708848246922276,129.29982934595319,17.417696493844552,10
-8.708848811862245,129.55528492928715,17.41769762372449,10
-8.708849190849072,129.81328369380208,17.417698381698145,10
-8.7088495078363,130.0731320202467,17.4176990156726,10
-8.708850210163176,130.3107618361828,17.41770042032635,10
-8.708850895961907,130.52456479967805,17.417701791923815,10
-8.70885125888093,130.79001432360383,17.41770251776186,10
-8.70885146206311,131.07096692622872,17.41770292412622,10
-8.708851615013339,131.34937753976556,17.417703230026678,10
-8.708851783649758,131.58449351490708,17.417703567299515,10
-8.708851900542815,131.8584066599724,17.41770380108563,10
-8.708852045769383,132.14495679439278,17.417704091538766,10
-8.708852177942118,132.4195235639927,17.417704355884236,10
-8.708852297373765,132.7086930841324,17.41770459474753,10
-8.708852373540493,133.08829897345277,17.417704747080986,10
-8.708852448600856,133.46328448952409,17.417704897201713,10
-8.708852538563683,133.85473730863305,17.417705077127366,10
-8.708852623019439,134.27758487762185,17.417705246038878,10
-8.708852689794577,134.66290956438752,17.417705379589155,10
-8.708852716099422,135.0313583284733,17.417705432198844,10
-8.708852745832893,135.41811713279458,17.417705491665785,10
-8.708852781466922,135.80542757810326,17.417705562933843,10
-8.70885283262714,136.18273693026276,17.41770566525428,10
-8.708852910587831,136.59975957573624,17.417705821175662,10
-8.708853020448995,136.98219939769479,17.41770604089799,10
-8.708853103075363,137.37171244324418,17.417706206150726,10
-8.708853218475674,137.75157299340935,17.41770643695135,10
-8.708853346335694,138.1307163804886,17.417706692671388,10
-8.708853492659241,138.51546814740868,17.417706985318482,10
-8.708853633044798,138.8891629546997,17.417707266089597,10
-8.708853837049128,139.27844026387902,17.417707674098256,10
-8.708854037629619,139.66842311323853,17.417708075259238,10
-8.708854314175893,139.94546526373597,17.417708628351786,10
-8.708854667509284,140.25895034970017,17.417709335018568,10
-8.70885520968663,140.56803714932175,17.41771041937326,10
-8.708855947160068,140.8024415791151,17.417711894320135,10
-8.708856531489173,141.0426460474846,17.417713062978347,10
-8.708857076855809,141.28231344820233,17.417714153711618,10
-8.708857552880566,141.53268913627835,17.417715105761133,10
-8.708858557108366,141.71040151716443,17.41771711421673,10
-8.708859178084458,141.87249576748582,17.417718356168916,10
-8.708860156741242,141.99036503286334,17.417720313482484,10
-8.708860648458689,142.11733101756545,17.417721296917378,10
-8.708861070193006,142.21865109802457,17.41772214038601,10
-8.708861511716815,142.33557492197724,17.41772302343363,10
-8.708861921434316,142.4355790883419,17.417723842868632,10
-8.708862398686124,142.5456653133151,17.417724797372248,10
-8.708862894815317,142.66858649702044,17.417725789630634,10
-8.708863425552568,142.78151535690995,17.417726851105137,10
-8.708864145773001,142.9090715915081,17.417728291546002,10
-8.708864687422865,143.03936180175515,17.41772937484573,10
-8.708865856527424,143.1648776352522,17.41773171305485,10
-8.708867010450312,143.29486331046792,17.417734020900625,10
-8.708867916543246,143.42547908128472,17.417735833086493,10
-8.708868704465214,143.59010810853215,17.417737408930428,10
-8.708869514092507,143.70953137875767,17.417739028185014,10
-8.708870415409674,143.8054964885232,17.417740830819348,10
-8.7088715406296,143.90044167340966,17.4177430812592,10
-8.70887319184327,143.99816447944613,17.41774638368654,10
-8.708874332832568,144.10747687966796,17.417748665665137,10
-8.708876172483171,144.21996956021758,17.417752344966342,10
-8.708877773937946,144.2950557738659,17.417755547875892,10
-8.708879496568498,144.38491993845673,17.417758993136996,10
-8.70888179551845,144.4394026704249,17.4177635910369,10
-8.70888413353734,144.51666089223,17.41776826707468,10
-8.708885084898819,144.57320065499516,17.417770169797638,10
-8.708886007753891,144.60297722258838,17.417772015507783,10
-8.708887134068755,144.65101605543168,17.41777426813751,10
-8.708888142113631,144.7100597608951,17.417776284227262,10
-8.70888858675425,144.768656576809,17.4177771735085,10
-8.708889013852374,144.83653057628544,17.41777802770475,10
-8.708889430265476,144.8832694318262,17.41777886053095,10
-8.708889746214979,144.90046325401636,17.417779492429958,10
-8.708890080898843,144.9192087452975,17.417780161797687,10
-8.708890577987178,144.95568827801617,17.417781155974357,10
-8.708891135353367,144.96254662593128,17.417782270706734,10
-8.708891554151185,144.99060334806563,17.41778310830237,10
-8.708891850598787,145.03610364889028,17.417783701197575,10
-8.708892176241477,145.072696199466,17.417784352482954,10
-8.708892471432,145.1255436631036,17.417784942864,10
-8.708892851326807,145.15049141069176,17.417785702653614,10
-8.708893293174198,145.18443636019947,17.417786586348395,10
-8.708893839849907,145.20449510385515,17.417787679699813,10
-8.708894408621884,145.23609844018938,17.417788817243768,10
-8.70889477008129,145.28761603479506,17.41778954016258,10
-8.708895192964553,145.3159362746519,17.417790385929106,10
-8.708895545735686,145.35113893431844,17.417791091471372,10
-8.70889580414416,145.39984620345058,17.41779160828832,10
-8.708896210164996,145.4626921711606,17.41779242032999,10
-8.70889643092199,145.52733386290492,17.41779286184398,10
-8.708896779587691,145.64187306148233,17.417793559175383,10
-8.708897095213953,145.78189761919202,17.417794190427905,10
-8.708897757979642,145.9592818467063,17.417795515959284,10
-8.70889820623156,146.0931585727376,17.41779641246312,10
-8.70889855792464,146.24872629327,17.41779711584928,10
-8.708898990038643,146.4508327243966,17.417797980077285,10
-8.70889943894604,146.63067871314706,17.41779887789208,10
-8.708900129801291,146.88036242109956,17.417800259602583,10
-8.708901104294279,147.0990900246543,17.417802208588558,10
-8.70890208172885,147.32287357730092,17.4178041634577,10
-8.708902830104131,147.49343405646505,17.417805660208263,10
-8.70890349314188,147.67805013043107,17.41780698628376,10
-8.708903676582068,147.86215698701562,17.417807353164136,10
-8.708903821547384,148.0423507092637,17.41780764309477,10
-8.708903999140508,148.24553051573457,17.417807998281017,10
-8.70890417549722,148.42072837037267,17.41780835099444,10
-8.708904334221652,148.59007117134752,17.417808668443303,10
-8.708904398481106,148.74074055236997,17.417808796962213,10
-8.708904450872755,148.8996942935628,17.41780890174551,10
-8.708904510818506,149.04277335089864,17.417809021637012,10
-8.708904662338679,149.1969156859559,17.417809324677357,10
-8.70890482702079,149.375037312333,17.41780965404158,10
-8.70890497492835,149.5758002845687,17.4178099498567,10
-8.708905063989883,149.84156884235563,17.417810127979767,10
-8.708905184461964,150.10091368836584,17.417810368923927,10
-8.708905329373165,150.3863069860381,17.41781065874633,10
-8.708905450783552,150.62983028573217,17.417810901567105,10
-8.70890549252402,150.9172357766074,17.41781098504804,10
-8.70890551126091,151.24259610456647,17.41781102252182,10
