167.5,69.5,24,127
165.76653580913052,64.50344734095074,25.872668225584334,125.8660587330155
160.9006701015104,64.49973730446388,25.872668226029617,125.86605873272588
157.33565573817924,66.91434101542006,25.872668228021574,125.86605873116264
148.21255067675693,68.20088892630474,25.872668252599563,125.86605870788571
142.30096867976755,71.91180950293253,25.872668260372283,125.86605869919192
135.86892511550863,77.09772832567023,25.872668284092764,125.86605866968331
131.7296227763742,82.87077065665397,25.872668454915306,125.86605841170753
123.82865707403391,85.36563733441037,25.872672293067573,125.86605398380705
115.83350621912074,88.08684517590146,25.872678592737692,125.8660468625314
108.22691694413545,91.21916917867367,25.87270234992261,125.86602059160613
104.05580355587294,95.96702039348318,25.872861407941777,125.86584352209451
98.28651137900532,100.39682528834277,25.873582030292727,125.86503843513411
90.7402222199696,103.98441168672608,25.87449508041984,125.8639994159859
85.20018324632095,107.36350082774541,25.87604843817858,125.86228799948678
78.79444641144403,110.22158731086215,25.876815015647242,125.86140128813614
73.50068883488893,114.14167116551025,25.87742755034924,125.86070921055382
67.86580083011928,117.52859851820173,25.87790309907312,125.86017708741569
60.72815510989172,119.97506756221271,25.878113858681058,125.85994491675214
53.747860036770874,122.85310795898151,25.878208056131264,125.85983650862104
50.552177301642224,125.48198568080855,25.878215150839242,125.85982633092766
44.61392599554479,128.99091284865372,25.878251011935475,125.85978472411915
39.81105833336158,131.91506977646418,25.87837167413149,125.85964496365206
36.1369386654231,133.7253058173073,25.87844931262075,125.85954756153129
35.373967438112466,135.73466684548015,25.878456355788774,125.85953421108762
35.30094520957327,138.00748329189682,25.87846397934245,125.85951937550529
34.37931981552739,138.23707087798127,25.878471287705523,125.85950560413136
33.662215651134304,140.43265597525067,25.878479210417176,125.85948969883817
33.60093980315542,141.47397384461257,25.878481499190812,125.85948483284079
33.924815909630006,140.7087870090653,25.878486280012243,125.85947455942389
33.836167752897005,140.21688462562292,25.878490067709958,125.85946657692284
33.57856128460335,141.29085215508968,25.87849398511315,125.8594578485557
33.272434817942425,142.01108635108892,25.8784953386735,125.85945490684409
32.73633598775693,143.20789764234843,25.878501522222585,125.85944137126117
33.08440691818613,144.37465573311442,25.878506030344592,125.85943129705946
33.13319953524841,144.94685247593986,25.878511875991556,125.8594175464016
32.64844981157894,145.05281619813724,25.878513642666434,125.85941393966856
33.07382709656083,146.29635758340308,25.878516373556398,125.85940769005668
32.530514784882214,146.31972284967657,25.878517924289405,125.8594043305401
32.51523194796593,146.92656103744662,25.878523050636034,125.85939367880066
32.816011720331154,147.41228921545712,25.878528449696017,125.85938175074673
33.38689912023119,148.29649738608325,25.878530807679457,125.85937633059127
33.55098085580297,148.20790699316208,25.878534387612785,125.85936815373562
33.672024930669785,148.38422809338937,25.878536567407014,125.85936357206117
33.40336617018596,148.46906378189388,25.878540686675596,125.8593545514288
34.043052987110336,148.97894248605488,25.878544274888,125.85934630768809
34.39161871450412,149.15824862561487,25.87855142760241,125.85933056210501
34.14259684671805,148.93693427892705,25.878557020255023,125.85931823565949
33.99562103968397,149.49790375303894,25.87856224893958,125.85930690641611
34.009392140686344,149.61244544564784,25.87856718660925,125.85929555555731
33.708788574279524,149.73111511347875,25.878574573290983,125.85927841625988
33.83331481509828,149.54525073963683,25.878577685859348,125.8592707864661
33.78010169600333,149.0650078636737,25.878583764709337,125.85925671529891
34.38488237496039,148.57910558876256,25.87858578131456,125.85925211633275
34.36706814186538,148.7519172235853,25.878591892907718,125.85923836259263
34.35868717293748,148.37348304867277,25.878595439129903,125.85923107822427
34.200216053135954,148.6251703465265,25.87860073877819,125.85921764804036
34.15356816997068,148.5826601557455,25.878603069237126,125.85921234655703
34.51285659734857,148.55148846276415,25.878604612709033,125.8592089276326
34.71275091119621,148.45946000030335,25.878606778671067,125.85920435510432
34.630869187146715,148.29015867469596,25.878611635952605,125.85919367500121
34.406505228904265,147.52115366728947,25.87861429909393,125.85918796658574
34.19428833694717,147.6169353774947,25.878637233198468,125.85913824844862
34.03323659958099,148.1676876355231,25.878651423272405,125.85910730226188
34.10145926140202,148.48538813741283,25.878655794263825,125.85909771264792
34.124161901697555,149.12267927434982,25.878662338852802,125.85908280442025
34.36208858643375,148.94770063819857,25.87866867101387,125.8590679478547
34.66102619826981,149.34342922210362,25.878676493015114,125.85905156497572
35.16203578336694,149.7997652134832,25.878680423673824,125.85904292278514
35.635532986287146,149.98509135470871,25.87868252786225,125.8590383091726
35.49201008511514,150.56752248716157,25.87868636805951,125.85903021315882
35.87501131404453,151.3043629571565,25.87868936664833,125.85902368971097
38.15935931862552,152.48625083073912,25.878709406680688,125.85900030765805
38.06751624661848,152.99675253427026,25.878714047756496,125.858991444625
37.690682056161556,153.76248115505274,25.8787253260855,125.85896814299383
37.379468040072,154.86921232798917,25.878766366286932,125.85892046615781
37.3433938771422,155.92470629754337,25.87877423690055,125.85890373943651
37.00108909696945,156.31137670972225,25.878776649075583,125.85889861034545
37.418330831561796,157.35945184409428,25.878781035325304,125.85888944153125
37.184468692978626,158.2779846580005,25.87878531055569,125.85888128499415
36.70000551483057,158.3372207092533,25.878787978916918,125.85887570130788
36.459439630341016,158.99174105792753,25.878793052024676,125.85886529837775
36.45297597814917,159.773207449444,25.878796523425585,125.85885797329925
36.548829431540724,160.10905417670267,25.878803486214174,125.85884300226803
37.054322996880586,160.56899923487595,25.878832009144666,125.8588096726494
37.03341628637516,160.62407521405342,25.87883602774932,125.85880125658416
36.694655268810166,160.2492615646494,25.878840410367694,125.85879232253929
36.77274610027512,159.96892854287347,25.878844657543496,125.85878334110487
37.035364324550656,159.7015306242841,25.878853637077746,125.8587629727821
36.863997855636256,159.610148371523,25.87886400997086,125.85873924037494
36.42904027494709,159.34622182226013,25.87886934840837,125.85872758470067
36.31488681309846,159.0260820849851,25.878874776791985,125.85871560684289
36.34396895957441,158.4103806080463,25.878880385211083,125.85870352738004
36.22726388134323,157.98112895422503,25.878886233115946,125.85869079755845
35.65834764313988,157.67517477699883,25.878890240246214,125.85868326560869
36.06184395528271,157.27738289767527,25.8788941402945,125.8586752526532
36.03064462501695,156.78612600586732,25.878899824691015,125.85866386641969
35.821730930812684,156.398072046038,25.878907146885933,125.85864975248226
35.546474749866626,156.63943485457494,25.878910473190746,125.85864358659745
35.5566754792628,156.03339395861107,25.878916257098847,125.85863297892804
35.62737596421634,155.60417519331907,25.87892165938129,125.85862265976151
35.7059175139952,155.7283295187899,25.87892523022228,125.85861561917045
36.090145041128835,155.58988610317004,25.878928005907248,125.85861029500133
36.06938014074212,155.1608173036634,25.878931362424378,125.8586035511153
36.548251856636696,154.75632338268161,25.878935509256138,125.85859543093589
36.260036648781224,154.43023864062081,25.87894311441258,125.85858060748231
35.90960378712457,154.0923059983221,25.87894714529731,125.85857255290355
35.43385729297205,154.76051521590622,25.878951698333942,125.85856309047546
35.17981529068747,154.96656233785913,25.878955935675922,125.8585540816885
35.10448670799862,155.10711680091833,25.878960260320103,125.85854533929543
35.056814114371285,154.965391760173,25.878965746995124,125.85853337320923
35.03403514547716,154.6870989965516,25.878975771023416,125.85851368061101
35.2559689659503,154.9925591735705,25.8789858270681,125.85849235773549
35.06585873811011,155.69142260841,25.878992306842125,125.85847891083178
35.20236248874091,156.04321121037066,25.878998337742235,125.85846676800283
34.89905758137704,155.46201835375174,25.879003337940546,125.85845664631786
34.9168503358477,155.36869034517434,25.87901389422246,125.85843626555298
34.84091286073894,155.2342263901914,25.87902062029599,125.85842375656026
34.970177528622784,155.57797536965336,25.879024643102216,125.85841560524204
35.10653037623148,155.45988078618612,25.87902876457908,125.85840747937182
35.022313025415734,155.09213115491198,25.87903193084738,125.85840086299476
34.91095320860477,154.8910567205774,25.879039941754307,125.8583847359936
34.46889049995359,155.8791987819962,25.879051868475166,125.85836055997916
34.25809529602359,156.13507469553412,25.879060173559584,125.85834309932025
33.89404624497606,156.63631812149913,25.87906906228336,125.85832614466037
33.963881077611155,157.57579470628093,25.879076474544984,125.85831200765145
33.995302266956195,158.27811497036507,25.879082619114076,125.85829999472666
34.267158701364835,159.16641890852276,25.8790873134491,125.85828997588658
33.832084917876976,159.6612908553392,25.87909885785707,125.85826457905321
33.85895233179156,160.13702974885982,25.879120036089933,125.85821985456532
33.89700854358309,160.36086367643264,25.879129330198293,125.85820118030882
33.494884704024614,160.92779798452264,25.87913427917457,125.85819088722604
33.52673497410339,161.25840595530357,25.87913900453902,125.85818125069117
33.29918638029564,161.82009630905378,25.879147517132395,125.85816451490095
33.46483221224257,162.2613600512895,25.879155426421594,125.85814846736875
33.02945464658713,162.70071585519355,25.879168832764503,125.85812132067747
33.43134482421095,163.44486744734533,25.879174159241423,125.8581098767914
33.509376284938966,164.04732023321054,25.87918443550782,125.85808835733755
33.64957408847113,165.03955310455893,25.879190505336734,125.85807581593471
33.26383575128854,166.04093094642204,25.879196871398083,125.85806313796108
33.36254138132036,167.55440114842742,25.879201454940432,125.85805425822706
33.363514186309125,168.29699803778547,25.879204331743654,125.8580482484471
33.30172775844504,168.95352663547035,25.879211848919823,125.85803178641477
33.14669274807657,170.27069259006674,25.879223305709086,125.85800654645719
33.01731661088844,171.07100502219757,25.87923125087125,125.85798995560485
32.8327194228888,171.0710123914377,25.879238540049922,125.85797521712459
32.719689767621304,171.07102081941102,25.87924686274522,125.85795836117795
32.37399560631178,171.0710283035039,25.879254505756876,125.8579433929922
32.264267150499975,171.0710362002,25.879262478414685,125.85792759959995
31.721533235643488,171.0710451964652,25.87927167184379,125.85790960706962
31.97325873679746,171.0710499129786,25.87927636802598,125.85790017404281
32.21828000029248,171.07105638988602,25.8792828455907,125.85788722022797
32.09667427720314,171.0710619797714,25.879288312302933,125.85787604045721
32.22697450920853,171.07106811971295,25.87929440542297,125.8578637605741
32.494066311346906,171.07107391772985,25.87929996578474,125.85785216454032
32.40362349241709,171.07108178776326,25.879307769085884,125.85783642447345
32.48850860826754,171.07108825528914,25.87931408135986,125.85782348942173
32.60839051798753,171.0710940813997,25.879319586580177,125.85781183720059
32.481055115178,171.07110305562364,25.87932847451277,125.85779388875274
32.38109911251087,171.07110838798,25.87933354951963,125.85778322404
32.13905425589842,171.07111615636683,25.87934124937591,125.85776768726633
32.047045294962246,171.07112399215686,25.879348874188253,125.85775201568632
32.081416682332176,171.07112805671,25.879352718374918,125.85774388657998
31.94661034101908,171.07113659824543,25.879361194915898,125.85772680350915
32.09527181723786,171.07114184403227,25.87936608876703,125.85771631193548
32.1351920512707,171.07114689294224,25.87937097466234,125.85770621411555
32.02158043110592,171.07115176331192,25.879375631765694,125.85769647337618
32.23882953004314,171.07115762538044,25.879381197805355,125.85768474923913
32.22589219154233,171.0711624773877,25.879385817984094,125.85767504522457
31.850368730853223,171.0711699505934,25.879392995938836,125.85766009881318
31.716846436064085,171.07117718667286,25.879399806424324,125.85764562665429
31.585775600582057,171.07118429255848,25.879406746572492,125.85763141488303
31.668798783757662,171.07119010365804,25.87941230444995,125.85761979268392
31.94868804792442,171.07119586403007,25.87941777126795,125.85760827193985
32.190003188119434,171.07120174796282,25.879423346552674,125.85759650407435
32.410706416046374,171.0712083014751,25.87942975681436,125.85758339704978
32.36556019033193,171.07121546648162,25.879436825078376,125.85756906703675
32.74320778909025,171.07121966171457,25.879440897714773,125.85756067657086
32.54916595533291,171.07122640702937,25.879447365770368,125.85754718594127
32.620882456304926,171.07123251845402,25.879453224600375,125.85753496309195
32.381222935386006,171.07123965870642,25.87946026377938,125.85752068258715
32.28290414371661,171.07124565647655,25.879466102614202,125.85750868704687
32.1168614001178,171.0712496272379,25.879469824875365,125.85750074552419
32.073014823572365,171.07125401008813,25.879474047633583,125.85749197982375
32.040446588265205,171.07126043196547,25.879480381340795,125.85747913606909
32.32401691812913,171.07126488119405,25.87948465197564,125.85747023761189
32.43598415278206,171.071271778177,25.87949153861347,125.85745644364602
32.54538439216415,171.0712772197995,25.87949679019215,125.85744556040099
32.83773625255222,171.07128401161822,25.879503607803308,125.85743197676355
33.14598045994059,171.07128955773533,25.87950901417068,125.85742088452932
33.36658425620956,171.071294849847,25.879514343967404,125.85741030030604
33.31626912176321,171.0713009864716,25.87952049113455,125.85739802705677
33.72711886746788,171.07130686630444,25.879526281459675,125.85738626739112
33.865229909940666,171.07131256304774,25.879531819738364,125.8573748739045
33.68618293524238,171.07131730025375,25.879536530729705,125.8573653994925
33.70306814776609,171.07132322921686,25.879542198956635,125.85735354156628
33.687466693057814,171.07132702900546,25.87954594740989,125.8573459419891
33.660031838148385,171.07133316625286,25.87955204785519,125.8573336674943
33.818383948811345,171.07133935984942,25.87955809001994,125.85732128030118
33.62323836831381,171.07134462401729,25.879563073618236,125.85731075196544
33.5125864526357,171.07134908923823,25.87956728649186,125.85730182152356
34.05963194946675,171.07135356569165,25.879571522932306,125.85729286861668
34.36858270006096,171.07136023406127,25.87957802268993,125.85727953187744
34.434877580805406,171.0713663818515,25.879583979107984,125.85726723629698
34.284230967795956,171.0713706968362,25.879588183158052,125.85725860632762
34.245591413875914,171.0713762002143,25.87959355708424,125.85724759957138
33.94268564324449,171.07138135634176,25.87959874763908,125.85723728731645
33.56862831746452,171.0713871133463,25.87960453536844,125.85722577330738
33.46577038005165,171.07139523147623,25.879612636627936,125.85720953704754
33.0713766190315,171.07139887890003,25.879616191173284,125.85720224219997
32.691224764710626,171.07140432880777,25.879621766918607,125.85719134238448
32.38051581029784,171.07140814666099,25.879625610383158,125.857183706678
31.871111152662024,171.07141370912353,25.879631090739625,125.85717258175295
31.79258014568368,171.07141811744424,25.879635431957283,125.8571637651115
31.036260325575952,171.07142373592703,25.879640914038276,125.85715252814596
30.9715574363131,171.0714282054604,25.87964511306474,125.85714358907919
31.10344854657815,171.07143383038223,25.879650579359435,125.85713233923555
31.157390376384633,171.07143729147762,25.87965380038268,125.85712541704476
30.955996857706783,171.07144130294543,25.879657622692456,125.85711739410912
30.761153864162242,171.07144459822158,25.8796607804015,125.85711080355686
30.408512739105333,171.07144909337916,25.879665051141384,125.85710181324171
30.214406540561104,171.0714561012809,25.879671770958957,125.85708779743824
29.9244989071684,171.07146017627565,25.87967564352974,125.85707964744871
29.891845369926873,171.07146323044464,25.8796785131912,125.85707353911073
29.99401934803825,171.07146687335137,25.879682011941668,125.85706625329728
29.998750546320586,171.07147002522856,25.879685092806323,125.85705994954287
29.94781886103532,171.07147594926673,25.879690823527675,125.85704810146655
30.15552951632909,171.07148137086148,25.879696095038145,125.85703725827702
30.253025608405494,171.0714886193242,25.87970323318052,125.85702276135157
30.492501224486006,171.0714968245797,25.879711740227723,125.85700635084063
30.55080524030301,171.0715037901901,25.879718512265548,125.85699241961984
30.47606870355998,171.07150918929534,25.87972377476318,125.85698162140935
30.795682696948575,171.07151456473196,25.879729019530487,125.8569708705361
30.883073656365013,171.07152075381003,25.879735143600552,125.85695849237996
31.13430077431498,171.07152782725817,25.879741923878758,125.85694434548368
31.244187578563842,171.07153517002666,25.879749133008936,125.85692965994666
31.539216167570874,171.0715438637255,25.87975797071524,125.85691227254897
31.995188891508157,171.07154899040114,25.87976293225306,125.85690201919772
32.22000129389794,171.0715548217769,25.87976865616192,125.85689035644617
32.09529800494694,171.07156525273365,25.87977896951086,125.85686949453273
32.14227639426302,171.0715739024734,25.87978765421898,125.85685219505318
32.149965006090085,171.07158028525788,25.87979386411544,125.85683942948425
32.27730117723332,171.07158528857667,25.879798608897527,125.85682942284669
32.61240675094376,171.07159376896706,25.87980670404943,125.85681246206589
32.94179656185582,171.0716022351836,25.879815107604497,125.85679552963282
32.80630048433398,171.07161102925596,25.879823387850347,125.85677794148808
32.88924501305803,171.07161858143002,25.879830820618505,125.85676283714
32.98459532640149,171.07162575976201,25.879837609273913,125.85674848047599
33.14114958049176,171.07163290200563,25.879844459446034,125.85673419598875
33.30243050741103,171.0716435921015,25.879854896504863,125.85671281579701
33.21913798131645,171.0716519259145,25.879863235370433,125.85669614817103
33.655903855760464,171.07166254849,25.8798735568712,125.85667490302004
34.199735923322585,171.07167164866794,25.879882370584244,125.8566567026641
34.04862857985792,171.07168148945735,25.8798923889917,125.8566370210853
33.85657195723154,171.07168850846517,25.87989938562728,125.85662298306967
33.573134947437694,171.07169452078776,25.879905100008664,125.85661095842447
33.587312713889716,171.07169964917313,25.87991010715191,125.85660070165372
33.46152266029659,171.07170597792597,25.879916294088233,125.85658804414804
33.04653342780333,171.07171218868848,25.879922491923868,125.85657562262307
32.855203336627255,171.07171817516195,25.879928335200933,125.85656364967613
32.815069510768296,171.07172553412147,25.879935449354086,125.85654893175703
32.80095790530684,171.07173235130335,25.8799417785995,125.8565352973933
33.01823903309544,171.07173630756034,25.879945633394847,125.85652738487933
33.01236884893286,171.0717429670977,25.8799520199393,125.85651406580459
33.20451981210351,171.0717482807086,25.87995709065876,125.85650343858283
32.99007066209274,171.0717543588696,25.87996322525787,125.85649128226076
33.161981903060465,171.07175755183033,25.87996623260503,125.85648489633934
32.894642406587984,171.0717630081903,25.879971773172667,125.85647398361944
32.75169751266892,171.0717686694014,25.87997724027487,125.85646266119723
32.49678522232985,171.07177471644636,25.87998326702845,125.8564505671073
32.45103622968714,171.07177900551886,25.879987601043002,125.85644198896229
32.79048187944046,171.07178187005422,25.8799903445051,125.85643625989157
33.00196821094135,171.07178619539016,25.879994443559678,125.8564276092197
33.001801271132095,171.07179104246939,25.879999004896465,125.8564179150612
32.887673184605994,171.07179693370688,25.880005032036497,125.85640613258623
32.83069267267743,171.07180066378362,25.88000871785852,125.85639867243275
32.79193221148975,171.0718053741257,25.8800134420756,125.8563892517486
32.746084573359916,171.07181054536585,25.880018565451746,125.8563789092683
33.247114328614956,171.07181542635539,25.88002304458095,125.8563691472892
33.51915066777387,171.0718197242603,25.880027226214132,125.8563605514794
33.446852010614336,171.07182440831744,25.880031704033996,125.8563511833651
33.61019797474154,171.0718300780785,25.88003721473489,125.85633984384302
33.72576276007567,171.07183473337867,25.8800417458151,125.85633053324267
33.679596716618065,171.07183984559921,25.88004690852549,125.85632030880157
33.43167438847425,171.07184408555102,25.88005107494876,125.85631182889796
33.00703026371946,171.0718487580691,25.880055748446694,125.85630248386181
32.78299028930296,171.07185283097778,25.880059747133977,125.85629433804444
32.876300888467966,171.0718574600822,25.880064267874392,125.85628507983556
32.49657068345076,171.07186221014473,25.880068877852334,125.85627557971051
32.349947087191765,171.07186710484063,25.88007340722526,125.85626579031873
31.808536067557853,171.07187224749126,25.880078368856374,125.85625550501749
32.39569516868746,171.0718768121722,25.88008253331164,125.8562463756556
32.141693828263,171.07188391647256,25.88008954908716,125.85623216705488
32.21854300772905,171.07188990587213,25.88009526716044,125.85622018825575
32.242245384959645,171.07189779219195,25.880102662307397,125.8562044156161
32.2930630579569,171.07190463237833,25.88010900108346,125.8561907352433
32.55518450787778,171.0719101760714,25.88011440322458,125.85617964785718
32.328075347447204,171.0719155028691,25.88011952208608,125.85616899426178
32.82623665030117,171.071921286004,25.88012509144605,125.856157427992
33.101975102628316,171.0719270250257,25.880130625832894,125.85614594994861
33.64278811354813,171.07193329993754,25.880136741291846,125.85613340012492
33.436854483338706,171.071940280053,25.880143595311925,125.85611943989394
33.69446057653481,171.07194661713118,25.880149726428414,125.85610676573762
33.92704308687332,171.07195181516033,25.880154761379217,125.85609636967936
34.215063763381735,171.07195726496963,25.88015999439906,125.85608547006075
34.22624577342025,171.0719635044616,25.88016603150255,125.8560729910768
34.09001716932036,171.07196818528968,25.880170766061898,125.85606362942066
34.05818803200928,171.0719747463943,25.880177218176684,125.85605050721142
34.34793284028715,171.07197907722644,25.880181362683558,125.85604184554714
34.116485960134185,171.07198628326137,25.880188521303015,125.85602743347725
34.298882154194324,171.0719908955556,25.88019292068311,125.85601820888886
34.442551730857986,171.07199569489367,25.880197627028334,125.85600861021264
34.3123970743936,171.072002629666,25.88020460493322,125.85599474066798
34.34530942940665,171.0720095655359,25.88021163063731,125.85598086892824
33.985119120375266,171.07201498294222,25.880217008850973,125.85597003411556
33.92610523395352,171.0720193341607,25.880221371254983,125.85596133167861
34.015168132612274,171.07202361668982,25.880225515162525,125.85595276662039
33.997839502980405,171.0720272934592,25.880229073538107,125.85594541308159
33.73299772301375,171.07203220116736,25.880233811907686,125.85593559766527
33.42455788736139,171.0720416502293,25.880243199131908,125.85591669954141
33.24503529120818,171.07204783094377,25.88024920400698,125.85590433811247
33.09570627803868,171.07205161251295,25.88025297209479,125.8558967749741
33.06183262217542,171.07205987242014,25.880261020644397,125.85588025515969
32.88739161821455,171.072067610276,25.880268668243197,125.85586477944797
32.69301637503317,171.07207218407433,25.88027316123018,125.85585563185131
32.75381140119343,171.07207801260267,25.88027901314073,125.85584397479462
32.72127711368802,171.07208367141504,25.880284551173297,125.85583265716993
32.79514447747539,171.07208886321698,25.880289695934955,125.85582227356603
33.10561413332532,171.07209357614477,25.880294526576698,125.85581284771045
32.96118722842971,171.07210302641994,25.88030449600728,125.85579394716014
33.246870205697256,171.0721106943824,25.880312302172413,125.8557786112352
33.067582184899244,171.07211881078928,25.880320599274953,125.85576237842147
32.99202173343926,171.072124564411,25.880326427441155,125.85575087117797
32.92891731124749,171.07212911014076,25.880330766261917,125.85574177971849
32.568533805502646,171.07213419768325,25.880335524943984,125.85573160463349
32.570445341555235,171.0721403020226,25.880341302249448,125.85571939595481
32.4689606551678,171.072145717132,25.8803464585536,125.85570856573601
32.449528980594195,171.07215201483626,25.880352481789288,125.85569597032749
31.924751393044247,171.07215696985693,25.880357242803793,125.85568606028615
32.01052642155317,171.07216130454773,25.880361214773824,125.85567739090452
32.15335443573065,171.0721646476277,25.88036420159756,125.8556707047446
32.10156749473585,171.07217053232347,25.88036981278465,125.85565893535303
32.05788703023896,171.07217398721116,25.88037305680853,125.85565202557765
32.17155257278928,171.0721790012758,25.880377678061077,125.85564199744837
32.250859011730334,171.07218272729313,25.880381149280037,125.85563454541372
32.25351326951534,171.07218534238382,25.880383685559302,125.85562931523235
32.16266373386077,171.0721901306322,25.880388204566092,125.85561973873557
32.30073330197349,171.0721936045479,25.880391546329843,125.85561279090423
32.29043922835437,171.0721980067114,25.880395816228116,125.85560398657722
31.882694960506925,171.07220244512592,25.880400245382333,125.85559510974812
31.21145216004502,171.07220572937229,25.88040339868193,125.85558854125541
30.489783514526298,171.0722091264149,25.880406706298054,125.85558174717023
30.423063454095505,171.07221422434404,25.880411607633352,125.85557155131194
30.481904565794032,171.0722179549835,25.88041504495617,125.855564090033
30.652308590814265,171.07222118438878,25.880417949486475,125.85555763122244
30.851503219052148,171.07222529280457,25.88042175774802,125.85554941439085
31.192885393175082,171.07223070681553,25.880426946474202,125.85553858636892
31.024507143413697,171.0722352211574,25.880431329316828,125.85552955768522
31.18501817103847,171.07223986482936,25.880435867514006,125.85552027034129
30.91339790975558,171.07224565178106,25.8804416841548,125.85550869643788
31.115446682326898,171.07224983618983,25.88044592800982,125.85550032762035
31.600708556415775,171.07225444808375,25.88045042480429,125.85549110383246
31.428191155363578,171.07225907453096,25.880455008545884,125.85548185093808
31.561325675204813,171.072263741673,25.880459497200885,125.85547251665398
31.371687719289675,171.0722698158712,25.88046530247713,125.85546036825757
31.292690853009056,171.07227723500142,25.88047242391052,125.85544552999716
31.57120694264367,171.0722827824045,25.880477478947626,125.85543443519101
31.969538713262203,171.0722881549983,25.88048240761641,125.8554236900034
32.5240867713502,171.07229271463098,25.880486514028,125.85541457073803
33.012101938717144,171.07230065915442,25.880494337234026,125.85539868169116
33.34162231591681,171.07230908632386,25.880502557348713,125.8553818273523
33.382913584566744,171.07231819304386,25.88051163566611,125.8553636139123
33.39559488339865,171.07232633063805,25.88051993759016,125.8553473387239
33.567916700949404,171.0723347006628,25.880528508194303,125.85533059867444
33.29218928551414,171.07234195269223,25.880535887950177,125.85531609461552
32.78329957664563,171.0723487303287,25.880542869545216,125.85530253934256
32.48631395233116,171.07235902665866,25.880552760103793,125.85528194668268
32.09566242339149,171.072369393623,25.880562962243552,125.85526121275397
31.959520988544234,171.07237602449786,25.88056954962757,125.8552479510043
31.874644529758086,171.07238348561145,25.88057724546582,125.85523302877709
31.826799709579074,171.0723874609388,25.880581150478953,125.85522507812239
31.917777113752216,171.07239209219176,25.88058573277293,125.85521581561648
31.72783690653248,171.0723999573803,25.880593556908977,125.85520008523942
31.801893718304385,171.0724062211371,25.880599561794586,125.8551875577258
31.870623353883317,171.0724112875873,25.88060463513821,125.85517742482541
32.00528007625682,171.0724183140763,25.880611767774255,125.8551633718474
32.137440819286496,171.0724281828477,25.88062168210934,125.85514363430461
31.986256625001758,171.07244080526058,25.880634334184744,125.85511838947882
32.53141461171204,171.07244941810893,25.880642643410372,125.85510116378214
32.50770732315435,171.07245854137676,25.880651452339887,125.8550829172465
32.583861305904136,171.0724666606481,25.880659356767723,125.85506667870382
32.6395704962097,171.0724777152129,25.880670123578913,125.85504456957419
32.55018319740385,171.07248752660172,25.880679632870837,125.85502494679656
32.726361944838025,171.07249875529558,25.880690582206814,125.85500248940883
32.88947009251123,171.0725086333129,25.880699925249978,125.8549827333742
32.95548094636691,171.0725180414471,25.880708972820077,125.85496391710582
33.26672330091828,171.0725283600916,25.88071896128814,125.85494327981677
33.297761848459096,171.072540728829,25.880731179028135,125.85491854234196
33.197795697848676,171.07255054583229,25.880741171923198,125.85489890833541
33.289981603124545,171.07255792716455,25.880748640984955,125.8548841456709
33.330728938954145,171.07256977884876,25.880760303570966,125.85486044230247
33.347404030333266,171.07257834087068,25.880768921969015,125.85484331825862
33.106908865604204,171.0725872279536,25.88077802069135,125.85482554409283
32.86535391250969,171.07259558387145,25.880786320511362,125.85480883225712
32.941409628919295,171.0726017029204,25.880792348658265,125.85479659415921
33.05927116347972,171.07261034941124,25.880800776944373,125.85477930117752
33.04140453546058,171.07261713383792,25.880807284575763,125.85476573232414
32.8261710857759,171.07262370609067,25.88081349249311,125.8547525878187
32.61922831676911,171.0726307646439,25.880820291626513,125.85473847071222
32.427390657782176,171.0726393752815,25.880828945238434,125.85472124943696
32.18826439584822,171.07264482868723,25.88083439283337,125.85471034262554
31.803510817550986,171.07265244912608,25.880842068703515,125.85469510174784
31.398255079042677,171.07265837874803,25.880847917134314,125.85468324250395
30.924250191321008,171.07266591244917,25.880855771400743,125.85466817510168
30.571672503878354,171.072669954581,25.88085982678227,125.85466009083805
30.37655729415851,171.07267558888705,25.880865461609304,125.8546488222259
30.417329947916038,171.07268110115092,25.88087106516316,125.85463779769813
30.45856170199334,171.0726854859107,25.880875448284446,125.85462902817855
30.704550613726873,171.07269050551764,25.880880591478828,125.85461898896469
30.950020740671405,171.0726958077032,25.88088603442051,125.8546083845936
31.045024504066802,171.07270188701307,25.880892199412667,125.85459622597389
31.292332479929094,171.07270828262202,25.880898746438778,125.85458343475595
31.551796627749304,171.07271277241978,25.88090315095552,125.85457445516047
31.70385555553967,171.07271925054656,25.880909591086308,125.85456149890688
31.746946821504032,171.0727236527411,25.88091393754074,125.85455269451782
32.23116194174,171.0727284322382,25.880918567311884,125.85454313552361
32.027714365139516,171.07273627303866,25.880926457453224,125.8545274539227
32.05092542809945,171.0727410885324,25.88093123126452,125.85451782293516
31.86523841857258,171.0727463306713,25.88093636527797,125.85450733865743
32.10673569857296,171.07275054552184,25.88094038501773,125.85449890895633
31.98001336669135,171.07275658541647,25.880946248207614,125.85448682916706
31.996216951022113,171.07276343365155,25.880952871411196,125.85447313269692
31.957890679314513,171.07276993386844,25.880959071952823,125.85446013226311
31.90884959273156,171.07277425010952,25.880963299707524,125.85445149978096
31.447533267780592,171.07277861366737,25.880967546899498,125.85444277266524
31.110448399994276,171.07278350161153,25.880972212415212,125.85443299677692
30.868502217854285,171.07278783636718,25.880976278422114,125.85442432726562
30.443852905479705,171.07279205296842,25.88098030030033,125.85441589406317
29.658432129976365,171.07279568901396,25.88098375754938,125.8544086219721
29.289193821454155,171.07279996787088,25.88098797249801,125.85440006425821
29.108649507559456,171.0728038724047,25.880991781447378,125.85439225519059
28.728197896651608,171.0728071648141,25.880995042268353,125.85438567037178
28.223586679500755,171.07281087885792,25.880998664581227,125.85437824228413
28.003852443787018,171.07281400485783,25.881001613242585,125.8543719902843
28.03002032801202,171.07281803142945,25.881005413526754,125.85436393714107
28.14858027776044,171.0728210752563,25.8810083477587,125.85435784948746
28.338530680380636,171.0728248452836,25.881012021306688,125.85435030943276
28.523074628587985,171.07282959139593,25.881016678745976,125.85434081720817
28.572195791960475,171.0728336788509,25.881020665632533,125.85433264229817
28.351250788902874,171.07283737931374,25.881024216927102,125.85432524137254
28.350101535418837,171.0728410191443,25.881027710843696,125.85431796171137
28.27759116346656,171.072845430094,25.88103200803862,125.85430913981202
28.312368382331353,171.07284918610887,25.88103569157301,125.85430162778228
27.911718851648548,171.07285343581452,25.881039889714593,125.85429312837094
28.2824428745268,171.0728569026797,25.881043107385825,125.85428619464065
28.362586753908985,171.07286093628863,25.88104688626393,125.85427812742273
28.805651151433587,171.07286467807822,25.881050450719425,125.85427064384358
29.298457734912212,171.0728698005792,25.881055398233613,125.85426039884156
29.247679746198052,171.07287533446916,25.881060729535665,125.8542493310617
29.33762975943345,171.07287980485853,25.88106495535559,125.85424039028291
29.719417339994756,171.07288664079636,25.881071487405432,125.85422671840726
29.61550255296269,171.0728917277732,25.881076235229035,125.8542165444536
29.792410016453378,171.07289696094193,25.88108118515691,125.85420607811615
29.70391714340427,171.07290176717146,25.88108579505231,125.85419646565707
29.67470454243631,171.0729054809486,25.881089176586087,125.85418903810279
29.64093146961914,171.07291040107967,25.881093708045587,125.85417919784068
29.241137922854058,171.07291503492988,25.881098022168246,125.85416993014023
28.748525295722843,171.0729193940523,25.881102128893446,125.85416121189539
28.282218592395445,171.07292279606,25.881105262187038,125.85415440788
28.04086680682469,171.07292727371527,25.881109439102477,125.85414545256948
27.954807953122618,171.0729308305737,25.881112774253193,125.85413833885258
27.73920089616803,171.07293419416084,25.881115893441915,125.85413161167835
27.397446932923437,171.07293707358664,25.881118582828588,125.8541258528267
27.016177071162367,171.0729404180752,25.881121721019767,125.8541191638496
26.865894900927096,171.07294417641978,25.881125408280628,125.85411164716042
26.644518904859886,171.0729470429454,25.881128078954315,125.8541059141092
26.611523527997832,171.07295126648535,25.881132028014296,125.85409746702929
26.292184317883198,171.07295518919966,25.881135712220612,125.85408962160066
26.18438377635273,171.0729577955619,25.88113816735663,125.85408440887619
25.783519546144788,171.07296140714843,25.881141657431783,125.85407718570316
25.70007837814442,171.0729647262811,25.881144816339013,125.85407054743781
25.628279463825177,171.0729682925732,25.881148156475952,125.85406341485364
25.960842377313675,171.0729720846372,25.881151812245083,125.8540558307256
26.701203581312463,171.07297715234918,25.881156719196536,125.85404569530165
27.112847582719866,171.0729801132279,25.881159541271867,125.85403977354416
27.306368986365868,171.07298441663798,25.881163667153995,125.85403116672406
27.32521078580382,171.07298794516336,25.881167083066483,125.85402410967328
27.404731252729167,171.07299156847793,25.881170608677955,125.85401686304414
27.37214039443488,171.07299506504813,25.88117387879484,125.85400986990373
27.34508830782697,171.07299855105802,25.881177177199252,125.85400289788396
27.533927982932546,171.07300104549006,25.88117949956118,125.8539979090199
27.6735333490152,171.0730041872412,25.881182464114094,125.8539916255176
27.586317331071974,171.07300730342624,25.881185440971915,125.85398539314752
27.646254259727062,171.07300983935522,25.881187774681756,125.85398032128954
27.56616801831908,171.07301319708878,25.881190968981677,125.85397360582242
27.65025460884614,171.073017042372,25.881194587940143,125.85396591525603
27.461340019989592,171.07302194562678,25.8811991909443,125.85395610874643
27.471842779644184,171.07302592999244,25.881202928698382,125.85394814001512
27.688739101466695,171.07302940125703,25.8812061544038,125.85394119748595
27.650553907842784,171.07303286452174,25.881209416736493,125.85393427095654
27.59861416930665,171.07303732164553,25.881213592030452,125.85392535670891
27.523707921552596,171.07304062732754,25.881216712133245,125.85391874534491
27.497266498858316,171.07304444895033,25.88122032088326,125.85391110209936
27.567668667109903,171.07304729406675,25.881222972261746,125.85390541186648
27.5708755855131,171.07305055905837,25.88122605183692,125.85389888188325
27.46555346906714,171.0730531226639,25.881228468470407,125.85389375467221
27.55681286010877,171.0730568510639,25.881231998193822,125.8538862978722
27.87313616003451,171.07306106393398,25.881235952522495,125.85387787213203
27.985778468190745,171.07306355759226,25.88123823720719,125.85387288481547
27.963476972198904,171.07306706874058,25.88124149494413,125.85386586251884
28.158194323009937,171.0730705631001,25.881244677414404,125.85385887379985
28.04433086419469,171.0730729794399,25.881246998186867,125.85385404112021
28.226130718205727,171.07307597830155,25.881249660188523,125.85384804339692
27.8344837845513,171.07307855071548,25.881252068413822,125.85384289856904
28.2560192619001,171.07308188624788,25.881255197044464,125.85383622750426
28.440469368837448,171.0730848317366,25.881258083660345,125.85383033652681
28.506717573880728,171.07308741602782,25.881260638241102,125.85382516794436
28.38580746527517,171.07309020697411,25.881263276778853,125.85381958605176
28.308048966436978,171.07309311226956,25.881266034190343,125.85381377546088
27.88257987276075,171.07309549578014,25.881268345173325,125.85380900843971
28.20383295259027,171.07309823850306,25.881270930707775,125.85380352299389
27.746613433017277,171.07310151310867,25.881274165963525,125.85379697378268
27.707885257890673,171.07310480090257,25.88127737232206,125.85379039819489
27.775057946490005,171.07310658611135,25.881279061406623,125.85378682777733
27.831829279903378,171.0731097688048,25.881282073135843,125.85378046239036
28.531657066308306,171.07311234613945,25.881284465032408,125.85377530772111
28.627684984295726,171.07311500610433,25.881286968772574,125.85376998779137
28.82102517367609,171.07311786985977,25.88128969643427,125.85376426028046
28.815398061810157,171.07312086248118,25.881292608416913,125.85375827503766
28.834663451238804,171.07312340691865,25.88129503658872,125.8537531861627
29.106900579480406,171.0731265407139,25.88129806406014,125.85374691857218
28.67982548765817,171.07312897859097,25.881300396237478,125.85374204281807
28.862953020541042,171.07313214166004,25.88130341524575,125.85373571667995
28.829814224688043,171.07313504384564,25.881306200094645,125.85372991230871
28.887701545172618,171.07313837446236,25.881309409276557,125.8537232510753
28.9568893676538,171.073141074793,25.8813119970317,125.85371785041399
28.858424227778052,171.07314410287057,25.881314997549264,125.85371179425884
28.684495233261515,171.07314687725074,25.881317716673436,125.85370624549856
28.968907896211725,171.07314993835556,25.881320556304175,125.85370012328889
28.65895719302513,171.07315304983155,25.88132358382833,125.8536939003369
28.484504852256784,171.07315526631328,25.881325712045093,125.85368946737347
28.772150890150726,171.07315909303273,25.881329621002234,125.85368181393454
28.685419271724854,171.07316229705754,25.881332761733145,125.85367540588491
28.18355419736893,171.07316511481892,25.88133559358861,125.85366977036217
27.777472784699455,171.0731687620974,25.881339059472452,125.85366247580524
28.106811779546156,171.07317278221578,25.881342939285883,125.85365443556844
28.032842180720788,171.07317583204556,25.881345822592216,125.85364833590886
27.749398899811858,171.07317892023076,25.881348880019363,125.85364215953845
28.15317154275666,171.07318170775426,25.881351521032528,125.8536365844915
28.236878197880593,171.07318459874432,25.88135439592527,125.85363080251133
28.158844365717005,171.07318982707963,25.881359427453297,125.85362034584075
27.758370325073344,171.07319416318325,25.88136359766503,125.85361167363354
28.22931604037132,171.0731991794808,25.88136824803984,125.85360164103841
27.988353268085692,171.0732042045137,25.881373431092236,125.85359159097261
28.115124258591475,171.07320811702147,25.881377330398358,125.85358376595707
27.947785378423443,171.073212023523,25.881381060192048,125.853575952954
27.855964430183406,171.07321589189561,25.881384816112924,125.85356821620876
28.0814376921803,171.0732187495131,25.881387543770895,125.85356250097381
27.95117859407585,171.07322213489766,25.881390795188015,125.85355573020466
28.112835757996436,171.0732267491884,25.881395127606087,125.85354650162323
27.99611993403173,171.0732305349483,25.881398625120077,125.85353893010343
28.04955336298501,171.07323386010268,25.881401792609864,125.85353227979468
28.360595430099245,171.07323762859065,25.88140531583302,125.85352474281872
28.45586539111379,171.07324189469716,25.88140943281493,125.85351621060568
28.114786512715764,171.07324682125528,25.881414083875207,125.85350635748942
27.896968244341394,171.07325074778947,25.881417855330827,125.85349850442104
27.90565855172749,171.07325360951882,25.88142053846396,125.85349278096236
28.04064505630474,171.0732565362612,25.88142334055252,125.8534869274776
28.140597342009656,171.07325887251443,25.881425654766613,125.85348225497111
27.90843452608801,171.07326165611477,25.8814284216006,125.85347668777047
27.919041385574843,171.07326417892097,25.881430875351896,125.85347164215806
28.271986173448536,171.07326889229782,25.88143547179613,125.85346221540436
28.12824694587485,171.07327282635669,25.881439264877994,125.85345434728661
27.988267798203218,171.0732762440927,25.88144264994294,125.85344751181457
28.19144263660329,171.07328095629398,25.881447221666505,125.85343808741204
27.971037907577575,171.07328492594343,25.881451125327985,125.85343014811318
27.925399583067946,171.07328824793458,25.881454295183595,125.85342350413084
28.007772569142546,171.0732912109519,25.881457036408538,125.85341757809618
28.251895209009064,171.0732940354471,25.881459687679072,125.8534119291058
28.328758844103582,171.07329670257798,25.881462273504283,125.85340659484405
28.300663841440716,171.0732994860332,25.881464962054697,125.85340102793359
28.423498003440162,171.07330183662617,25.881467180176735,125.85339632674763
28.582727813934806,171.0733040051843,25.881469215757882,125.85339198963138
28.610906891228723,171.07330710002717,25.88147225214476,125.85338579994567
28.854995115075383,171.07330988699732,25.881474892090292,125.85338022600536
28.883836943062228,171.07331250964387,25.88147747932287,125.85337498071223
29.368638571678552,171.07331560974887,25.881480562021704,125.85336878050225
29.16877692596499,171.07331931495125,25.88148419793507,125.85336137009752
28.92402521899377,171.07332248302362,25.881487297880238,125.85335503395277
28.904288181684194,171.0733257938285,25.88149052107804,125.85334841234301
28.736197150415663,171.07332922780543,25.881493953024663,125.85334154438912
28.933426106241118,171.07333413634478,25.8814988056369,125.85333172731042
29.374832123211792,171.0733389218663,25.881503503625332,125.85332215626741
29.26584935493208,171.07334430089006,25.881508742123387,125.8533113982199
29.208773832748264,171.0733492600534,25.881513583688363,125.85330147989323
28.907105168463097,171.0733531909832,25.88151761786706,125.8532936180336
29.244846508762816,171.07335842314052,25.881522753601395,125.85328315371893
29.221301558740734,171.0733642045354,25.881528452518264,125.8532715909292
29.14788837898822,171.073369175287,25.881533268448962,125.85326164942597
29.228869255544403,171.0733742482658,25.88153828622397,125.85325150346841
28.99655477272891,171.07337999390717,25.881543890029015,125.85324001218568
28.821249965116124,171.07338463387757,25.881548315454328,125.85323073224485
28.45978838140423,171.07338806057842,25.881551661138918,125.85322387884317
28.53319137301238,171.0733920342543,25.881555524085417,125.85321593149139
28.44521695496785,171.07339632639204,25.881559704040818,125.85320734721593
28.282436188963334,171.07339970800476,25.881562901460846,125.85320058399049
27.904644409714003,171.07340315545053,25.881566153906352,125.85319368909894
28.25604097152417,171.07340730123485,25.881570145135107,125.85318539753031
28.274225509459658,171.07341142861418,25.881574140636637,125.85317714277163
28.502735696233053,171.07341564287123,25.881578192358017,125.85316871425752
28.580497630736488,171.0734187154244,25.881581184899577,125.85316256915122
28.3864977427145,171.0734228214279,25.881585241033882,125.85315435714419
28.291154398499607,171.07342623610907,25.881588549694346,125.85314752778184
28.337596073303672,171.0734297120311,25.88159188641129,125.85314057593779
28.111571896114718,171.07343304752573,25.88159515774323,125.85313390494854
27.858834474067265,171.07343565379094,25.88159769940131,125.85312869241811
27.96095552480601,171.07343929069737,25.8816011652456,125.85312141860528
28.229457088507292,171.07344206919797,25.881603819970415,125.85311586160405
27.83764392794877,171.0734441655931,25.88160579006283,125.85311166881384
27.955947163721813,171.07344584186617,25.88160734692861,125.85310831626767
28.03162088601126,171.0734483413324,25.881609700194605,125.8531033173352
28.407374707305117,171.07345013745777,25.88161136642189,125.85309972508449
28.375636006361397,171.07345367668512,25.881614783710216,125.85309264662973
28.333294239343697,171.07345905456015,25.881619936064176,125.8530818908797
28.269973249180815,171.0734632262344,25.88162393604803,125.85307354753121
28.16908325814913,171.07346685064132,25.881627383792473,125.85306629871737
27.890155233089416,171.0734708609932,25.88163134450684,125.8530582780136
28.133022451249133,171.07347389326392,25.88163426175072,125.85305221347215
27.677508565156018,171.0734768352169,25.881637046239344,125.85304632956623
27.63746575112017,171.07347907810384,25.88163919234359,125.85304184379234
27.82051945456265,171.0734820137134,25.881642020911283,125.85303597257318
27.931264619398064,171.07348460973702,25.88164448837676,125.85303078052593
28.38386497890249,171.07348736222335,25.881647111805655,125.85302527555332
28.385687469193158,171.07348926761819,25.881648914289375,125.85302146476366
28.441353291541308,171.07349174532447,25.88165134760697,125.85301650935106
28.367561584899143,171.07349470348896,25.881654167066916,125.85301059302206
28.29437404885538,171.0734974762005,25.88165684638081,125.85300504759901
28.192691535648407,171.07350136959906,25.88166054037822,125.85299726080189
27.668252459762336,171.07350379848987,25.88166288343454,125.8529924030203
27.614621187394786,171.07350633205613,25.8816652680215,125.85298733588772
27.520179861364465,171.07350997623575,25.881668862317134,125.85298004752852
27.62132013571945,171.07351347705128,25.88167220266242,125.85297304589746
27.32987422156031,171.0735169050868,25.881675606584185,125.8529661898264
27.42289879322201,171.07351920608187,25.88167777236951,125.85296158783629
27.781488692193825,171.07352161805403,25.881680014640423,125.85295676389192
28.251113275830107,171.0735240846403,25.881682270249943,125.8529518307194
28.360561034543423,171.07352749064546,25.881685540917832,125.85294501870908
28.69126462155934,171.0735304881252,25.881688460193484,125.85293902374963
28.72298477948219,171.0735333937454,25.881691223938585,125.85293321250917
29.042367727753977,171.07353691013074,25.88169459638458,125.85292617973853
28.809363410855198,171.07354032127293,25.881697785655465,125.85291935745414
28.383499819490027,171.07354379069102,25.8817011186124,125.85291241861798
27.887934637812656,171.07354736981767,25.881704527411625,125.85290526036468
27.73931783311716,171.07355065263164,25.881707595096536,125.85289869473674
27.749726524845457,171.07355501599966,25.881711717797458,125.85288996800068
27.657847858747672,171.07355944868195,25.881715917172897,125.85288110263612
27.87165434070141,171.07356383981144,25.881719996522175,125.85287232037712
27.89247999548561,171.07356921798782,25.88172501718164,125.85286156402434
27.834218719132743,171.07357432784426,25.88172972062084,125.85285134431149
27.679357356074426,171.0735790967895,25.88173431471843,125.85284180642103
27.758349924624575,171.0735841520671,25.881739081902612,125.85283169586577
28.06482029269656,171.0735872055546,25.881741875841346,125.85282558889081
27.823816093059065,171.073590763603,25.88174524519957,125.85281847279403
27.96806497056431,171.0735946358044,25.881748812458518,125.8528107283912
28.204926324746047,171.07359819400222,25.88175210845715,125.85280361199554
28.066259826183682,171.07360215662126,25.881755928917528,125.85279568675749
27.959819850794496,171.07360687239313,25.881760453880318,125.85278625521373
28.085400639437154,171.0736108483893,25.88176423680733,125.85277830322136
27.755478310744614,171.07361300092097,25.881766283833212,125.85277399815804
27.646803112262194,171.07361579126658,25.881768954572202,125.85276841746686
28.04094840755346,171.0736183018622,25.881771248816328,125.85276339627556
28.080174242236385,171.07362118436373,25.881773924915187,125.85275763127251
27.867891180729828,171.07362366720963,25.88177625260016,125.85275266558074
27.799163950121738,171.07362791313767,25.88178021249359,125.85274417372467
27.80677091397692,171.07363121622947,25.881783297509,125.85273756754106
28.09130720974681,171.0736347662697,25.881786767218003,125.85273046746062
27.73556101844242,171.07363774117206,25.881789651211513,125.85272451765589
28.109787513723468,171.0736403575265,25.88179212548936,125.852719284947
28.083076713750874,171.07364348158808,25.88179492892504,125.85271303682381
28.21953487392009,171.07364658358853,25.88179784620029,125.85270683282293
28.212980570940523,171.07364909820748,25.881800218719075,125.85270180358502
28.065170460548,171.07365301148036,25.881803991578558,125.8526939770393
28.27431654127428,171.07365552914345,25.881806349312015,125.8526889417131
28.314144637711316,171.07365810766916,25.88180876904686,125.85268378466166
28.339877347274673,171.07366093919313,25.88181142424189,125.8526781216137
28.391535739213197,171.07366337914857,25.88181370414753,125.85267324170286
28.13800242573099,171.07366602066975,25.881816167427104,125.85266795866053
28.46334928481589,171.07366889847742,25.881818726875707,125.85266220304514
28.540482373411848,171.07367158151902,25.881821172082173,125.85265683696194
28.788242878588882,171.07367444223223,25.88182388270779,125.85265111553551
28.981019933726863,171.0736769663077,25.88182617225407,125.8526460673846
29.277180163452925,171.07367948281956,25.88182853918744,125.85264103436091
29.59856510836614,171.07368241820453,25.881831383526197,125.85263516359096
29.803092323571555,171.0736849862817,25.881833765640163,125.85263002743656
30.228247980810686,171.07368710172435,25.881835697412054,125.85262579655131
29.99188205276681,171.07369002302377,25.881838377216923,125.85261995395244
30.007581985868494,171.0736925013468,25.881840670495798,125.85261499730636
29.775703682316987,171.073695319681,25.881843338923886,125.85260936063797
29.76553891658172,171.07369923077604,25.881847215276792,125.85260153844793
29.734979504283576,171.0737021153117,25.8818500448236,125.8525957693766
29.714943155488655,171.07370564159658,25.881853464083836,125.85258871680684
29.70515724096227,171.0737091619004,25.881856881503232,125.85258167619918
29.137810037580277,171.07371344162084,25.8818611227475,125.85257311675834
28.79555987861783,171.07371721256038,25.88186479951334,125.85256557487926
29.348270249302722,171.07372264509672,25.8818700120086,125.85255470980653
29.296081856623513,171.07372718230823,25.881874452455925,125.85254563538356
29.35815422146922,171.07373151273916,25.881878613140604,125.85253697452168
29.57664192856524,171.07373592354895,25.881882880201992,125.85252815290207
29.981170163830015,171.07373904370547,25.88188596997136,125.85252191258905
30.02055487316821,171.07374374566012,25.881890616074262,125.85251250867974
30.247150102005214,171.0737472434272,25.881894061369604,125.85250551314562
30.42452287693479,171.0737505301608,25.881897297006212,125.85249893967838
30.596772290375498,171.07375261080364,25.88189930983504,125.85249477839274
30.79624422656195,171.07375555958026,25.88190216974477,125.85248888083949
30.899754128160975,171.0737594046373,25.881906076559154,125.85248119072544
31.229113488439864,171.07376255072856,25.88190910101557,125.85247489854288
31.287412053327976,171.07376678510565,25.88191323720623,125.85246642978873
31.112651514471864,171.0737711894131,25.881917565536444,125.85245762117384
31.112480031795812,171.07377583246887,25.881921986779876,125.85244833506229
31.017319933114106,171.07377905473612,25.881925104718427,125.85244189052774
31.170729177930088,171.07378322178175,25.881929034253027,125.85243355643648
30.826908439572676,171.07378736294004,25.881933062656994,125.85242527411991
30.919665890834683,171.07379039501907,25.88193602257214,125.85241920996184
30.91074651830864,171.07379352784665,25.881938999684543,125.8524129443067
30.65297150579878,171.07379638423936,25.88194174916104,125.8524072315213
30.383693152198592,171.0737991795869,25.881944383981356,125.85240164082619
30.15126450564154,171.07380216778807,25.881947228061726,125.85239566442382
29.897056075766713,171.0738060116774,25.88195095180598,125.8523879766452
29.77063898447593,171.0738091178993,25.881953943563037,125.85238176420144
29.478267728480148,171.07381311801424,25.88195766456568,125.85237376397154
29.322928665450057,171.073816650369,25.88196109346514,125.85236669926203
28.746153461158272,171.07382019021472,25.881964453479984,125.85235961957055
28.6402395141574,171.07382275257578,25.88196691708851,125.85235449484846
28.565491778268672,171.07382588275942,25.88196996115924,125.85234823448113
28.853516164549255,171.07382791910413,25.881971946959894,125.85234416179172
28.862948786152593,171.0738308159737,25.88197477571164,125.85233836805259
29.061896405163157,171.0738335754612,25.88197743684136,125.85233284907758
29.154296034430836,171.07383599864247,25.88197971212425,125.85232800271508
29.282391702224952,171.07383884682602,25.881982372011784,125.85232230634796
29.48109708502879,171.07384184635518,25.881985307223125,125.85231630728963
29.35972805565698,171.0738450508548,25.881988531414933,125.85230989829041
29.231134986363546,171.07384798373707,25.881991446039017,125.85230403252588
28.976596565566773,171.07385169951976,25.881995030186275,125.85229660096046
28.871287919582684,171.0738547610938,25.881997968736098,125.85229047781242
28.90615361905574,171.07385761111877,25.88200068121825,125.85228477776246
28.737957825974963,171.0738604412877,25.8820033516026,125.85227911742462
29.067013738353467,171.07386324179421,25.882005960134162,125.85227351641157
29.030659044047777,171.0738655426198,25.88200817253705,125.85226891476039
29.236389365702067,171.07386841211775,25.88201099849536,125.85226317576448
29.554924984122746,171.07387037048707,25.882012801662547,125.85225925902584
29.830481488614843,171.07387254801466,25.88201488829374,125.8522549039707
29.826923638104745,171.07387516065313,25.882017417106912,125.85224967869377
30.08278168620973,171.07387803165233,25.88202024971087,125.85224393669537
30.246694276183334,171.07388164640366,25.88202368566752,125.85223670719267
30.102661065225682,171.07388443355228,25.882026432417646,125.85223113289547
30.147802190580286,171.07388798002378,25.88202996720467,125.85222403995242
30.17452463605084,171.07389078677105,25.882032713970556,125.8522184264579
30.25559043726457,171.07389412508945,25.882035982429905,125.85221174982108
30.500604990186652,171.07389759555906,25.882039281246914,125.85220480888185
30.577544081220775,171.07390132319532,25.882042991740583,125.85219735360938
30.75135526121499,171.07390483223836,25.882046393976356,125.85219033552328
30.739624908140136,171.07390779402104,25.88204930288187,125.85218441195791
30.816159089853343,171.07391109314034,25.882052402563513,125.8521778137193
30.90921804709886,171.07391431727842,25.882055475010958,125.85217136544314
30.854583298805714,171.07391776964886,25.882058750073966,125.85216446070231
31.037259475251343,171.07392164448444,25.882062544471985,125.85215671103111
31.105149511165898,171.07392556512343,25.882066279086086,125.85214886975311
