204.5,41.5,23,30
204.72470002381834,39.27925843644371,23.181708117150606,29.983008967871854
203.6036944886929,37.9019697372932,23.18170811715002,29.983008967872706
202.20310490338616,37.79581139135753,23.181708117154997,29.983008967868578
200.27710085122192,38.04617447305298,23.181708117159157,29.983008967864993
198.76604693142875,38.5843355124063,23.181708117161133,29.983008967863185
197.01403384415548,38.903634346015494,23.18170811716236,29.983008967862045
195.50033312050346,39.517846501361085,23.18170811717026,29.983008967855067
194.20598976599737,39.98585919374285,23.181708121546805,29.983008964179803
192.3862095319552,40.084174881097354,23.181735069886326,29.98298535800641
190.58319892673023,40.46406160742219,23.181967334184517,29.982785961028423
188.2532478630882,37.72915874468843,23.635627853802543,29.64086940790098
182.4700181560859,41.62312713476442,23.93710599797074,29.376854594301733
180.20241679780858,42.22086500206218,23.950084765092985,29.364675897784515
178.00177013465708,42.65732680119446,23.95506728512159,29.360731276723335
175.92957146255634,42.82599554482225,23.96094438853939,29.35545072906964
174.15474789737505,42.8962669361856,23.964378607296098,29.352899881357676
171.59583489413552,43.28219351389302,23.96483114728346,29.352522160246114
170.85105962029303,43.82632698874002,23.96541821020436,29.35204629579534
167.76584160314107,44.16333702337265,23.979557991303903,29.337476995954525
165.73957154764113,44.33650196354906,23.981766986581142,29.33542777575413
163.89646602768335,44.32741466866351,24.005049445258944,29.314218108476865
161.4928046598002,44.59399461573505,24.005497905817652,29.313811383870377
158.8682497091742,45.109801844616655,24.005520473390483,29.313792394628276
156.26512375684774,45.343712947186106,24.0269955950539,29.293654239095694
153.90281799184612,45.66327764999937,24.02700680996318,29.293644220142138
152.26148825628266,47.53992470583766,24.02700675045041,29.293644337973014
148.84153489277213,48.66290908825489,24.027007261803774,29.293643914965937
145.88058807924176,49.27212461657824,24.027015875284178,29.29363694012161
141.95372265579263,49.55056436209956,24.027017474135583,29.293635538983764
138.37177583628494,50.251124574961835,24.027224837668744,29.2934215568551
134.79255235426015,50.86660648490981,24.027960772665597,29.29269522093742
131.78254278271515,52.00066217387773,24.029431903975826,29.291053321608754
128.5539645881332,52.70797114625276,24.031423860614073,29.289218165135367
125.22322382640303,53.35082987962021,24.03152652360081,29.28911518890951
121.7227605848228,54.008136741891875,24.03159374620218,29.289049599169946
117.95414751101634,54.37033528178823,24.0316146745463,29.289033072145944
113.65387943595705,54.9233111104741,24.031738455890466,29.28892007119967
110.69075922828341,55.498844360802465,24.03211798943233,29.28856033857884
104.78715314010111,53.13139083883537,24.26280924599711,29.074297269903163
101.5243154718747,53.45903044342124,24.267463693167706,29.069598109292517
98.68746003716964,54.08442559989703,24.291256006364456,29.048746780258163
95.17277168542768,54.58671771853901,24.291972889291745,29.048140318547937
92.53984579709066,55.252418731445516,24.292499119701105,29.047674247782535
89.81271268266691,56.15336908254997,24.293865892524448,29.046419969867138
87.10514295354835,56.644399264197276,24.293902868919535,29.046384455033692
84.2630993785931,57.34921085647609,24.294053899750455,29.046234332037642
81.49797898894226,58.101226111123545,24.29440986383604,29.04591099322918
79.10224143295356,59.16978822456907,24.294632839582977,29.045690290736943
76.22046756610729,59.92873890726988,24.294780972292873,29.04555051343193
73.68736457152255,61.26545320251787,24.295210613348317,29.045148961510176
71.97807346415345,62.467308729053954,24.299495962623283,29.040835281637467
70.53048016720187,63.394104661116025,24.3019861759112,29.038546160471395
68.84613179741106,63.95319741876596,24.335565336986356,29.00984700572145
66.47005095840585,64.52649426488891,24.337683622815376,29.00785334723563
64.51864579438414,64.92693177885305,24.341397700324727,29.004666982313182
62.18522249902691,65.23398580941594,24.35476471492837,28.99258782753275
60.07871920417156,65.73107974533758,24.471583236249153,28.89431468909937
58.06107833687236,66.20488008704214,24.54270095221658,28.84014364264549
61.82108262820531,63.4294849602772,25.310115503400777,28.167255307308196
59.932151054149585,63.65532127358118,25.320122768867584,28.159556341169292
57.38006797275629,63.901633288930356,25.328904333875858,28.1528336066097
58.02480166684362,71.6211683143934,26.021498808646744,27.562438329853546
55.17097864916335,72.25847452562171,26.022661003064897,27.561416710543273
55.9042593310056,72.88891800646937,26.379619942152924,27.275013596466056
53.32956865873551,73.23641104964304,26.386616757579333,27.268960524988426
50.73710491883335,73.89395898179285,26.457750387438583,27.204642858930992
48.44394722795245,74.80954857674602,26.46342306900508,27.199871578417945
55.157272235395524,75.84182522323178,27.141032545085718,26.56941438339261
52.75805297828816,76.46369326327982,27.18184786365226,26.537426068837583
50.642452380157124,77.02723793780606,27.22963173966287,26.496964679990185
48.95181927362206,77.4296975978841,27.229903632817223,26.496750562413602
47.12946424237798,77.99028963436908,27.330369882744343,26.41698015426147
44.17977782787325,78.4610563177521,27.4191548287582,26.349726763386553
41.90142623294362,78.96417678449785,27.44718913815481,26.32752281195451
40.21562985298579,79.42523336116412,27.45354561572184,26.32318254775923
38.34020120930204,79.48019025183639,27.453797319898424,26.322982559215593
39.94835034519179,76.27481078196035,27.6992216604999,26.125819421788712
38.03046481754733,76.61895586622899,27.702390930129027,26.123393940217408
35.75607236746793,76.39642230965255,27.70242590658178,26.123369060753625
34.9620132500212,76.73408855363704,27.702449072543665,26.12335189327643
33.805175024971646,76.48756175837133,27.70245059588496,26.12335064681939
32.29053511659768,77.30112432858266,27.70485539355939,26.12151089343591
31.436671362909262,77.74897385174846,27.718022373134723,26.110214956654794
