331.5,39.5,38,42
333.47288550070243,38.226184681303494,37.119958616667645,42.88102260182859
331.5000434033687,37.94264005153344,37.1199586167703,42.88102260174422
328.465413817677,39.328634607359234,37.119958621436126,42.88102259722458
324.6203216870812,39.75586239018746,37.119966395658864,42.88101499242172
320.80282814066504,41.42694404734436,37.11996661104971,42.88101476404542
318.2957192074353,42.34528759761355,37.119966623963066,42.88101475151973
316.1508801660729,41.56577798294729,37.119966609916546,42.88101477289784
313.6169699362155,42.3879605229974,37.119966520620046,42.881014884257276
310.72486350936776,42.98931470344031,37.11996821556315,42.88101333718372
306.72355072330265,43.46042271880984,37.119973090671934,42.88100911321879
302.79461182497556,44.27340030089435,37.11997363283999,42.88100857704049
298.9812176057588,45.561882503360394,37.11997965397615,42.8810033052566
297.16602383522314,47.49454732983577,37.119979411996994,42.88100363315607
293.3279218675249,49.16973236001129,37.11998438804285,42.88099897311936
289.3352239797655,50.242039335914185,37.11998997725182,42.88099328051461
285.46917707628086,50.2675535363572,37.120048624156425,42.88094504895466
280.13884377383744,50.01223901420167,37.120048763284025,42.88094491617222
274.5066839553128,50.0139827011775,37.12004993414674,42.880943887277
269.5946422304602,50.01266814183573,37.120052916627834,42.880941206875455
265.9173393494462,50.61101876739399,37.12005300391218,42.88094112477292
262.1220437828003,51.416039622627814,37.12006176644595,42.880932926420755
258.75597571370963,52.72580169366154,37.12018515590894,42.880820014440594
255.6128490291238,53.15596815298251,37.1201912716627,42.88081416078964
250.94501567473242,52.57386204894743,37.12019609232291,42.880808896783385
244.69994895134968,52.04481529025102,37.12019625356591,42.88080874714586
240.5191793367491,51.91294636444612,37.120196595743174,42.880808413588355
237.32940862888378,52.55596861289357,37.12019661437905,42.880808395109895
232.71646068100938,52.06547225253064,37.120196628474986,42.88080838140354
228.86051679956398,51.84225389484968,37.120197985421,42.88080723126979
223.59626379003493,53.08022307378356,37.120368433190045,42.88064697627678
219.70561649209634,54.24758419666293,37.120620930068156,42.88042432806747
216.15106696903658,55.45771119719204,37.12089810729123,42.88016491967587
210.69062999183018,56.12495818484267,37.12101095330561,42.880058008354716
207.68629690920432,56.951873818937855,37.121210397976256,42.87988250760515
203.6749160218621,57.9536544531922,37.12131668560015,42.87978856049234
199.93982330591803,58.850474566624726,37.12151567873707,42.87960989483029
196.6555270103886,59.174182301330674,37.121534794911895,42.87959307606459
192.79651069967895,60.02357640516498,37.12222122492496,42.87892975395506
188.9115025106858,60.04582609534797,37.12224811240218,42.87890330267935
184.72798532773396,60.52595424492516,37.122320999118855,42.87884165083714
180.1524441475072,60.4751833937251,37.122343255202274,42.878818491403194
176.35775501663798,60.93894649626991,37.12234983572731,42.87881291905743
173.37941537472847,61.782996719286245,37.122364080483855,42.87879910193863
168.19636638784252,61.23878306703212,37.122365557673746,42.87879755150456
164.72675329914696,62.464503618604326,37.12239943999035,42.87876745719498
160.49458152469214,63.84624360739575,37.12244569428335,42.87872618124177
157.00267134583876,65.23304149064349,37.12245228932529,42.878720025799765
153.70384533304042,66.91823015201129,37.12363777363168,42.877732237060755
149.30153149107494,67.81808052432285,37.12384880106849,42.8775249244826
145.81867486205346,69.04079906453708,37.124792218870965,42.876566594283034
143.71454096187168,70.24589389725715,37.14612173340689,42.85658755735242
139.344070226398,71.23052306553618,37.14619368225956,42.856508731864594
136.63774282125863,72.26481325499013,37.14649831477341,42.85624338210098
133.68671371759729,72.56257228334589,37.14663763400405,42.85611999635277
130.5912872125944,73.24171183976125,37.146670426877236,42.856090667037954
127.2537731309214,74.18359233581722,37.14667789549056,42.85608464356921
123.35839356547523,75.19644651676398,37.14668127763415,42.85608185761869
118.65461064464913,75.8837402550671,37.14668295607833,42.85608024794057
113.70623379233035,76.44431874290774,37.14668907160454,42.85607424271825
110.21265883387797,77.58880259674228,37.147113181319384,42.85569052896091
107.26959742074567,78.53193360173317,37.14924715031468,42.85383484718042
102.876814304488,79.37250171954612,37.1603325631279,42.84449386053981
97.76994435004329,79.79191368547262,37.16058103219798,42.844274855749816
94.94694859936644,81.32123195188097,37.16155824751043,42.84333347330847
90.90728329321138,82.29142958252561,37.16160133082884,42.843296493154746
88.68631763507403,81.84669311351045,37.16157374283715,42.84334308059149
82.59813094843948,83.00341729448331,37.16158221742463,42.84333504152175
80.34195558357976,84.523449436937,37.16182414434867,42.84310263336915
75.19885400310636,85.6527099386476,37.16228454559086,42.84264804573466
71.24034017229276,86.58721842791992,37.16257369708624,42.842400951299545
68.3684074468421,88.32194324480658,37.161946617164794,42.84333210060728
64.4455440168191,89.3498605361463,37.16196463016492,42.84331416831848
59.307248076498354,90.38911047725428,37.16197665393384,42.84330502020285
55.432465414158585,91.23236807122441,37.162000219122405,42.84328215613802
51.69998090590866,91.88171203138901,37.16205443688568,42.843233533294146
50.07046897098583,93.45030261104712,37.162045103606346,42.84324653062466
45.95080432542045,94.29914267967631,37.16221862538896,42.84308259629292
43.963545052356004,95.6374607257263,37.162391964303495,42.84290891607343
40.21772240107691,95.69934416463504,37.16256120790171,42.84272561582926
36.524343785230215,96.55306799700683,37.16256297313392,42.84272428783189
32.296568165760426,97.7144477285631,37.16256306461257,42.84272421459666
29.12048521379779,98.31450525791334,37.16844028750757,42.83809188676167
25.981408357976964,99.31703682848008,37.168493508579154,42.83803744313794
21.916341226021178,99.44869054279407,37.16849414364551,42.83803693027002
18.8990730662258,100.12544960478586,37.176639910715515,42.830999771900764
14.366644467420215,100.9206818729248,37.187233993397484,42.81973991415834
11.544566475473552,101.654200545236,37.18767650301713,42.819279622606025
7.847189214284221,103.21949196070614,37.1915218304495,42.814787079827965
5.187275057773608,104.4062712979051,37.191548336067164,42.81475426335544
3.5581931890405265,104.14078500282467,37.19156745645264,42.81473184218666
4.03452403187233,104.37497623029674,37.19156746388519,42.814731835200526
0.8673768469931993,104.50348155916122,37.19156751449062,42.814731786383085
-1.1485276412567842,104.44203349209047,37.19156811467833,42.81473112256954
-0.9102151449888432,105.20250059937987,37.19156927990307,42.81472994002657
-3.233262443186348,106.20315745155308,37.19156955409349,42.8147296836324
-5.171696505794415,106.03880051746503,37.191569431323785,42.81472986653439
-9.008072965511428,107.01532781154562,37.191570447223874,42.81472863359019
-10.59029903843863,108.07437022470175,37.19156956344571,42.81472966848398
-11.881620186101895,108.37165006951493,37.19156548883816,42.81473495316564
