298.5,149.5,67,122
294.94499329216524,148.8759107730384,66.7276644013873,122.16741675305457
289.7984946120518,152.1433301112616,66.72766440138466,122.16741675306083
283.62236097939416,158.62649823640965,66.72766440138017,122.1674167530699
278.1750314584198,163.87728787842423,66.72766440097038,122.1674167537087
273.390800272566,170.41129781181706,66.72766440085184,122.16741675386639
268.31579807920866,176.73063184185418,66.72766440066476,122.16741675409493
262.69745854068753,181.61048318302315,66.72766440055848,122.16741675425207
256.9002511852562,185.35653163336474,66.72766440042268,122.16741675450882
251.3589499348974,187.06599761377058,66.72766440022475,122.16741675475676
246.4435136671202,188.34646738886374,66.7276644000736,122.1674167549702
236.4661767829685,189.59393681467913,66.72766440128713,122.16741675374227
233.20626858369667,190.3304979937904,66.72766440121019,122.16741675384182
229.972090994297,189.84944651895768,66.7276644011765,122.167416753888
226.44867375988636,189.29342381529796,66.72766440115623,122.16741675391222
223.25711325307665,188.21700911096434,66.72766440113429,122.16741675393382
219.73344448707473,188.0978568481388,66.72766440109469,122.16741675397114
216.27988985681213,188.22070208805843,66.72766440106079,122.16741675400644
209.09080389628596,189.23454133304506,66.72766440133678,122.1674167537183
201.78291824929002,190.49662295630347,66.72766440168851,122.16741675335625
193.39070919613889,191.76521674456117,66.7276644019117,122.16741675313477
183.80184677673327,193.30698136182323,66.72766440246608,122.16741675254316
174.06874493184327,195.9503145585716,66.72766440267088,122.16741675232646
163.80061653671618,199.08665326940547,66.72766440276396,122.16741675222855
154.7000964027291,202.38621882308624,66.72766440279376,122.16741675219733
144.70587757641482,205.35603574624886,66.7276644028344,122.167416752155
135.63960388712647,207.84196165912635,66.72766440287107,122.16741675211418
126.03871372749424,210.527808226309,66.72766440292166,122.16741675205671
116.35846928168078,213.3982501399285,66.72766440294703,122.1674167520272
107.29020622756217,216.619019783961,66.72766440339618,122.16741675152933
99.8288104861366,220.1502411747451,66.72766440522925,122.16741674950212
93.06252407227629,223.8461683598614,66.72766448667299,122.16741666546338
87.05997631809582,226.9553369037882,66.72766451316139,122.16741663663078
80.44797868431758,230.2706109357189,66.72766457197766,122.16741657310509
73.38707511963568,231.81729784075506,66.72766460295274,122.16741653851494
65.2190574745167,232.5706423503932,66.72766511841044,122.1674159948475
58.50160396340381,235.2975925520652,66.72766518110254,122.16741592872272
51.667393551892935,237.90723698113186,66.72766521249831,122.16741589657818
42.98284991891398,240.25967998458657,66.72766525921794,122.16741584929397
35.01331885857554,242.1763556726839,66.72766526136455,122.16741584677182
27.91201381444776,242.20393481475077,66.72766533375096,122.16741576424319
23.19133071273319,243.32471779132948,66.72766534150139,122.16741575385001
19.275838653869783,243.88779333522808,66.72766534362762,122.1674157509527
18.862250636140985,243.44787115216155,66.72766534463469,122.16741574958166
18.72980099386354,242.89584219875286,66.72766534554204,122.1674157483409
18.210763329388776,241.65945745006493,66.72766534661834,122.16741574689168
19.157369786179522,240.60168088034058,66.7276653475037,122.16741574570013
18.930939727511984,239.04595494846538,66.72766534788016,122.16741574520796
19.112828173287667,237.58839274085864,66.72766534875242,122.16741574407013
18.38426957214282,236.4642535526931,66.72766535114435,122.16741574096093
17.716539836225294,235.86051470896356,66.7276653522305,122.16741573963061
15.642523264327714,235.34641666181216,66.72766535393582,122.1674157375131
14.486915444257818,235.20371214582215,66.72766535496123,122.16741573619463
13.747753714161405,235.49090374579745,66.72766535552881,122.16741573545899
13.039581571119534,235.41778888197393,66.72766535660126,122.16741573404968
12.447805556125282,235.47359950696276,66.72766535984111,122.16741572981384
12.504911184304525,235.3793996292618,66.72766536475505,122.16741572330058
11.428506850860614,235.25446922558933,66.72766536541363,122.16741572239219
8.01270270308492,234.55619967962645,66.72766536552435,122.16741572225409
8.225212647981927,234.65175505233998,66.72766536580029,122.16741572189936
8.260489887795941,234.83553123746276,66.72766536612889,122.16741572148679
8.336706376792534,235.0654514907209,66.72766536628893,122.16741572128576
9.309920168546917,235.34056656356873,66.72766536647462,122.1674157210445
10.866023874761353,235.89882920995433,66.72766536676548,122.16741572066987
11.478551065982408,236.5932965166488,66.72766536760126,122.1674157195551
13.442409551009796,237.35845564699196,66.72766536799021,122.16741571906165
15.870075022908928,237.9476995956225,66.72766536825323,122.16741571871978
19.57838872590407,238.23473699870385,66.72766536933692,122.16741571733996
22.693591391054063,238.5801731249307,66.72766536969489,122.16741571687372
24.396611724779767,238.52335520286417,66.72766537073103,122.16741571552444
26.04750183616016,238.24875445930667,66.72766537181668,122.16741571414454
27.641032013462336,237.69250275552906,66.72766537335247,122.16741571231408
27.34968230348698,237.17758991293877,66.72766537523525,122.16741571008623
26.998727918664933,236.55140914636485,66.72766537765598,122.1674157072081
26.375447274560088,235.55843581856718,66.72766537703205,122.16741570753
25.127701999707966,234.44623257783886,66.72766537574142,122.16741570819745
24.022391085540754,233.2835163067807,66.72766537027458,122.16741571132754
22.25228358376475,232.19114007209046,66.72766535841521,122.1674157164136
20.01691009328296,230.7458758488008,66.72766534536024,122.16741572251743
17.896341824710404,229.24034739548452,66.72766533160203,122.1674157291256
14.405924348211911,228.90490306165796,66.72766532366151,122.16741573444045
10.778653892609675,228.9879464477046,66.72766531460842,122.16741574039187
6.368029911515144,229.78158173167054,66.72766522229308,122.16741578994501
2.0177877737575756,230.48511037428972,66.72766522199035,122.1674157900155
-1.200345432762596,231.85126098974382,66.72766521275896,122.16741579430628
-4.471362008650473,233.2257202497295,66.72766516903911,122.1674158076601
-6.714149340928046,234.2535525088649,66.72766511130422,122.16741582872646
-8.900816998899678,235.86156612839056,66.72766506576677,122.1674158495018
-9.905582508052461,236.50397777676943,66.72766506295417,122.16741585119838
-11.400433140144102,237.24354082268604,66.72766505608033,122.16741585513697
-12.433620643538404,237.8518155779096,66.72766504570279,122.16741586041398
-13.2372690503707,238.16733747089899,66.72766503491212,122.16741586620618
-14.326415289125002,238.92780689665847,66.72766499952705,122.16741588797821
-15.76529059313112,239.07330996291049,66.72766497239219,122.16741590333565
-16.853561969116285,238.91248920858663,66.72766496542087,122.16741590721878
-17.71961971008794,239.6738642116728,66.72766494023833,122.16741592107365
-18.637139688928883,240.29223724351507,66.72766492466124,122.16741593015826
-19.78173875486189,241.02630407762427,66.72766489635575,122.16741594991291
-21.0677567588017,241.88734186216797,66.72766487632704,122.16741596237607
-22.439262940261983,242.34987868083624,66.72766481096392,122.16741600830139
-24.12505467736947,243.00355016818042,66.72766458499883,122.16741615895634
-25.719383082284835,243.75912099243746,66.72766363420945,122.16741676431803
-27.119519407166308,244.47438378632177,66.72766310396446,122.16741707548282
-29.066931018769466,245.4878599862552,66.72766253757422,122.16741741914625
-32.05162579209206,246.7450268059569,66.72766121507878,122.16741821997411
-33.363830255772456,247.32779941566716,66.72766051154491,122.16741870253422
-33.36383004399311,247.81764465126332,66.72766008798622,122.16741902151831
-33.36382972995629,247.47500501929557,66.72765945991257,122.16741951214604
-33.36382945801874,246.80355598946625,66.72765891603748,122.16741991822497
-33.36382940888809,247.45115720144463,66.72765881777617,122.16741998793576
-33.363829311824325,247.34230327730998,66.72765862364865,122.16742011282595
-33.3638291170586,247.82959123572476,66.7276582341172,122.16742037120923
-33.363828883067,247.52784813768324,66.727657766134,122.16742068501003
-33.3638286312991,247.4318082312024,66.7276572625982,122.16742102841013
-33.36382825697046,247.60444316770014,66.72765651394091,122.16742152089124
-33.36382794100984,247.84879643023726,66.72765588201968,122.16742191238765
-33.36382749732428,248.1863718485468,66.72765499464856,122.16742248348723
-33.36382725802484,248.3301074412716,66.72765451604968,122.16742283085932
-33.36382700555032,248.91013580448757,66.72765401110064,122.16742317229847
-33.36382684797037,249.0327538653123,66.72765369594075,122.16742338783392
-33.363826741281535,249.1607056694157,66.72765348256307,122.16742353028515
-33.36382662493908,249.43509292983322,66.72765324987816,122.16742366908372
-33.36382647722576,250.15273208350297,66.72765295445151,122.16742389663348
-33.36382641863026,250.38332783136366,66.72765283726052,122.16742399551279
-33.363826326460696,250.23493424625133,66.72765265292139,122.1674241719954
-33.363826222185175,249.9389931590115,66.72765244437035,122.16742435604239
-33.36382607152583,249.53040086493658,66.72765214305166,122.1674246151593
-33.363825836577966,248.96537538426696,66.72765167315593,122.16742503652816
-33.36382567477376,248.6635358606296,66.72765134954751,122.16742532089013
-33.363825518409676,247.7161807665807,66.72765103681935,122.16742556426286
-33.36382549215506,245.3305725495798,66.72765098431012,122.16742560574758
-33.36382522180133,244.0083971741869,66.72765044360266,122.1674260662349
-33.36382480542665,243.99756213859771,66.7276496108533,122.16742677194765
-33.363824151694146,243.95518575929643,66.72764830338829,122.16742789476034
-33.363823629966305,243.94423512405774,66.72764725993261,122.16742878148216
-33.363823234746654,244.41905141289658,66.72764646949331,122.16742944450424
-33.363822850159174,244.85212213189885,66.72764570031835,122.16742998142571
-33.363822325220156,245.65814895897162,66.72764465044031,122.1674306752721
-33.36382177303832,246.20658399302243,66.72764354607664,122.16743150637092
-33.36382079769641,246.69326670389455,66.72764159539283,122.16743306041099
-33.36382003587513,246.8536275823495,66.72764007175026,122.16743412187573
-33.3638191536101,246.97392089043828,66.7276383072202,122.16743542564865
-33.36381842808262,247.0839543692992,66.72763685616523,122.16743652033793
-33.36381785950682,246.87209117474558,66.72763571901363,122.16743730443415
-33.36381724630553,247.48819866068206,66.72763449261106,122.16743821390882
-33.36381669929296,247.7442595326358,66.72763339858592,122.16743904146973
-33.363816207693596,248.34752655264595,66.72763241538719,122.16743974475847
-33.36381576098176,248.9352811615027,66.72763152196352,122.16744045670191
-33.36381536425456,249.59615940206027,66.72763072850913,122.16744105375759
-33.36381495995178,250.00700261218805,66.72762991990356,122.16744161661052
-33.363814613164884,250.55431682098376,66.72762922632977,122.16744212911095
-33.3638143205023,251.1025011369502,66.7276286410046,122.16744252526952
-33.36381395398585,251.75926332283308,66.7276279079717,122.16744299576604
-33.36381357074702,252.01362031785314,66.72762714149404,122.16744350281529
-33.36381287206415,253.06867003072745,66.7276257441283,122.16744434638429
-33.36381274039238,250.84321990591042,66.72762548078477,122.16744451819852
-33.36381231492412,251.43836906470722,66.72762462984824,122.16744511551428
-33.363812183972875,251.37987023049823,66.72762436794575,122.16744530353978
-33.36381204332176,251.2129989845747,66.72762408664352,122.16744550465157
-33.36381196021548,250.43641744511075,66.72762392043096,122.16744565118358
-33.363811666955385,249.04834243390906,66.72762333391077,122.1674461622497
-33.36381141174854,248.12714605291077,66.72762282349709,122.16744659884496
-33.36381134054518,247.74184091547102,66.72762268109037,122.1674467200494
-33.363811233501835,247.50570076801316,66.72762246700367,122.16744690007596
-33.36381114644519,248.0892869146553,66.72762229289037,122.16744703873744
-33.363811072924285,248.97458552306358,66.72762214584857,122.16744716059739
-33.36381098694511,248.81440406519283,66.72762197389022,122.16744729982098
-33.36381094409098,248.36176299151663,66.72762188818196,122.16744736699991
-33.36381090551449,248.19972402400919,66.72762181102898,122.16744742759273
-33.363810873496924,248.39476395400533,66.72762174699385,122.16744748312396
-33.363811033099374,249.53099711228796,66.72762206619875,122.16744711084887
-33.36381115278236,250.55233058904568,66.72762230556472,122.1674468309937
-33.363811303061674,251.44423053149117,66.72762260612335,122.16744647517834
-33.36381162107266,252.37548035050358,66.72762324214531,122.16744571658622
-33.36381184493744,253.34362479048593,66.72762368987487,122.16744519340249
-33.36381200258001,254.0553091364431,66.72762400516002,122.16744483625837
-33.363812199728955,254.55375791566345,66.72762439945791,122.16744437921994
-33.363812310216204,255.1149779720729,66.72762462043241,122.1674441276987
-33.363812351117645,255.58442652693438,66.72762470223529,122.16744403163993
-33.3638123620698,255.9571802497705,66.7276247241396,122.1674440050771
-33.363812425845325,256.93702799184405,66.72762485169065,122.16744386013279
-33.36381248778958,257.7533397211288,66.72762497557916,122.1674437164208
-33.36381256512888,258.62659786484187,66.72762513025776,122.16744353750755
-33.36381267231913,259.4873679751449,66.72762534463826,122.16744329111417
-33.36381269172939,260.6871678916005,66.72762538345879,122.16744324877602
-33.36381274422201,261.624912154831,66.72762548844402,122.16744312277437
-33.363812870677165,262.51529202631264,66.72762574135433,122.16744283358459
-33.36381301818374,263.4264455150367,66.72762603636748,122.16744248913214
-33.36381321475918,264.4214580883149,66.72762642951837,122.16744202843525
-33.36381337873589,265.40500918583615,66.72762675747178,122.16744164575547
-33.363813511675815,266.3108840698399,66.72762702335163,122.16744133606096
-33.36381361357586,267.4175019976347,66.72762722715171,122.16744109715536
-33.36381365260356,269.05893611666863,66.72762730520712,122.16744100598385
-33.363813645377576,270.08978854870935,66.72762729075515,122.16744101594115
-33.363813695017235,272.07707505526537,66.72762739003447,122.16744089978651
-33.363813741170446,273.976857050031,66.72762748234089,122.16744079499024
-33.363813821928645,275.6662025021008,66.72762764385729,122.16744061045515
-33.363814153952596,276.6781819868753,66.72762830790519,122.16743984708297
-33.36381442684658,277.8282000371257,66.72762885369316,122.16743922326671
-33.36381464471107,279.125953501827,66.72762928942214,122.16743872353643
-33.363814597936,279.67459353546565,66.727629195872,122.1674388009506
-33.36381456380128,280.43867617779074,66.72762912760255,122.16743885672392
-33.36381454437531,281.6675966221635,66.72762908875062,122.16743888747308
-33.363814772099346,283.8176904390575,66.72762954419869,122.16743836458592
-33.36381475972866,286.2269177975154,66.72762951945732,122.16743839010181
-33.36381474227486,288.8709347630363,66.72762948454972,122.1674384213097
-33.36381461701551,290.916280684687,66.72762923403101,122.16743863062594
-33.36381449026652,290.91628057864943,66.72762898053304,122.16743884270116
-33.36381430394936,290.91628041872605,66.72762860789872,122.16743916254795
-33.36381414264962,290.9162802854205,66.72762828529925,122.16743942915903
-33.363813978048626,290.9162801437571,66.72762795609725,122.16743971248584
-33.3638138311229,290.9162800162078,66.7276276622458,122.16743996758436
-33.36381369735403,290.91627990381284,66.72762739470807,122.16744019237437
-33.363813607904746,290.91627982711384,66.72762721580949,122.16744034577228
-33.363813543672464,290.9162797715595,66.72762708734493,122.16744045688094
-33.36381349015335,290.91627972646586,66.7276269803067,122.16744054706831
-33.363813434146806,290.9162796787744,66.72762686829361,122.16744064245124
-33.36381337888009,290.9162796307264,66.72762675776018,122.16744073854719
-33.36381332072756,290.9162795821025,66.72762664145512,122.16744083579495
-33.36381326109186,290.91627952851206,66.72762652218373,122.16744094297582
-33.36381319445181,290.91627946953645,66.72762638890362,122.16744106092708
-33.363813127380574,290.91627941170714,66.72762625476115,122.16744117658571
-33.36381306448419,290.9162793583321,66.72762612896838,122.16744128333585
-33.36381299551861,290.9162793027474,66.72762599103721,122.16744139450518
-33.36381293314138,290.9162792523124,66.72762586628276,122.16744149537519
-33.363812874214005,290.91627920540253,66.72762574842801,122.16744158919498
-33.36381281772332,290.91627915913915,66.72762563544664,122.16744168172174
-33.36381266111801,290.9162790349814,66.72762532223602,122.16744193003716
-33.36381234300915,290.91627878239933,66.7276246860183,122.16744243520128
-33.363812291895755,290.9162787420867,66.72762458379151,122.16744251582652
-33.363812237986764,290.91627869974803,66.72762447597353,122.16744260050389
-33.36381218813176,290.9162786607171,66.72762437626352,122.1674426785657
-33.363811902656046,290.9162784288027,66.72762380531209,122.16744314239465
-33.36381182575197,290.9162783702421,66.72762365150393,122.16744325951585
-33.36381173750314,290.91627830330907,66.72762347500628,122.16744339338184
-33.36381166837327,290.9162782520742,66.72762333674655,122.16744349585159
-33.36381160776484,290.91627820438885,66.72762321552968,122.16744359122235
-33.36381155629804,290.91627816253674,66.72762311259608,122.16744367492657
-33.36381151035212,290.9162781267027,66.72762302070424,122.16744374659456
-33.363811469953895,290.9162780970652,66.72762293990779,122.1674438058697
-33.36381142716647,290.9162780655659,66.72762285433294,122.16744386886823
-33.36381139122111,290.91627803989616,66.72762278244223,122.16744392020769
-33.363811352228915,290.9162780122834,66.72762270445783,122.16744397543322
-33.363811299055584,290.9162779725321,66.72762259811117,122.16744405493583
-33.36381122687511,290.91627791771543,66.72762245375021,122.16744416456915
-33.36381111921501,290.91627782623243,66.72762223843002,122.16744434753514
-33.36381100998909,290.91627773368083,66.72762201997818,122.16744453263831
-33.363810903271585,290.9162776424063,66.72762180654317,122.16744471518734
-33.36381081337703,290.9162775583114,66.72762162675406,122.1674448833772
-33.36381076439195,290.91627751313234,66.7276215287839,122.1674449737353
-33.36381072960873,290.91627748250033,66.72762145921746,122.16744503499932
-33.36381069693877,290.9162774513243,66.72762139387754,122.16744509735139
-33.36381060852308,290.916277380422,66.72762121704616,122.16744523915602
-33.36381055921912,290.9162773330898,66.72762111843824,122.16744533382037
-33.363810494189615,290.91627727132607,66.72762098837923,122.16744545734782
-33.36381033611822,290.91627711589933,66.72762067223644,122.16744576820138
-33.36381012368619,290.9162769160924,66.72762024737239,122.16744616781519
-33.363809811733205,290.9162766196346,66.72761962346641,122.1674467607308
-33.36380936593371,290.9162761975061,66.72761873186742,122.16744760498788
-33.36380893424303,290.9162758151011,66.72761786848606,122.16744836979785
-33.3638083270446,290.9162752580087,66.7276166540892,122.16744948398264
-33.3638075616919,290.91627452135344,66.7276151233838,122.16745095729311
-33.36380678467274,290.91627377800455,66.72761356934548,122.16745244399085
-33.363806040420116,290.9162730657863,66.72761208084023,122.16745386842743
-33.36381220889564,290.9162799985439,66.72762441779128,122.1674400029122
-33.363819819910965,290.9162885853375,66.72763963982193,122.16742282932502
-33.363831182472026,290.91630147538575,66.72766236494405,122.16739704922853
-33.36385649370138,290.9163305642817,66.72771298740275,122.16733887143658
-33.36388165155848,290.9163596309892,66.72776330311696,122.16728073802166
-33.36390371415134,290.9163851577831,66.72780742830268,122.16722968443372
-33.36392967794945,290.91641473987096,66.7278593558989,122.16717052025813
-33.36395632206415,290.9164455486175,66.7279126441283,122.16710890276494
-33.36399091336198,290.916485484282,66.72798182672396,122.16702903143594
-33.36401535715706,290.9165135282747,66.72803071431412,122.16697294345056
-33.36404400971077,290.9165467596166,66.72808801942153,122.16690648076674
-33.36404885413489,290.9165522961683,66.72809770826979,122.16689540766346
-33.36406201507075,290.91656718978675,66.7281240301415,122.1668656204265
-33.364070710167425,290.9165769004867,66.72814142033485,122.16684619902657
-33.36408817656108,290.91659708439596,66.72817635312217,122.16680583120807
-33.364105681237746,290.91661779147785,66.72821136247549,122.16676441704425
-33.364124178711194,290.91663962903885,66.72824835742239,122.16672074192228
-33.364134871109115,290.9166518656949,66.72826974221823,122.16669626861014
-33.364137398916974,290.9166547446549,66.72827479783395,122.16669051069015
-33.364163250796814,290.9166851756005,66.72832650159363,122.16662964879905
-33.36418566465174,290.91671176129887,66.72837132930349,122.1665764774022
-33.3642291795742,290.9167627993211,66.7284583591484,122.16647440135783
-33.3642782678844,290.91682014380063,66.7285565357688,122.16635971239877
-33.3643253811029,290.91687495397065,66.7286507622058,122.16625009205872
-33.364380464959886,290.91694067060763,66.72876092991977,122.16611865878475
-33.36447472030101,290.917052480794,66.72894944060202,122.16589503841207
-33.36455087019869,290.91714234006247,66.72910174039738,122.16571531987505
-33.36460490502824,290.9172057762454,66.72920981005647,122.16558844750924
-33.36464752005903,290.91725619510396,66.72929504011806,122.16548760979204
-33.36468742842365,290.9173035359994,66.7293748568473,122.16539292800122
-33.36472787567178,290.91735123812197,66.72945575134356,122.16529752375611
-33.36475778957558,290.91738682746956,66.72951557915115,122.16522634506093
-33.36478498621596,290.9174189368473,66.72956997243192,122.1651621263054
-33.36480654977072,290.91744500537,66.72961309954144,122.16510998925999
-33.36483511570154,290.9174797693945,66.72967023140308,122.16504046121099
-33.364890414873095,290.9175427581026,66.72978082974619,122.1649144837947
-33.364967430162366,290.9176328039326,66.72993486032473,122.16473439213483
-33.36501874380929,290.9176925516848,66.73003748761857,122.16461489663033
-33.36506397102281,290.91774588393014,66.73012794204563,122.16450823213974
-33.365108400721184,290.91779898129926,66.73021680144237,122.16440203740147
-33.36516505328673,290.9178678159966,66.73033010657346,122.16426436800685
-33.36522533485207,290.91794056530625,66.73045066970414,122.16411886938754
-33.36530554571135,290.9180357112086,66.7306110914227,122.16392857758287
-33.36540460770575,290.91815390267107,66.7308092154115,122.1636921946579
-33.36550167510017,290.91826734005787,66.73100335020034,122.16346531988427
-33.36557585113925,290.91835493392546,66.7311517022785,122.16329013214914
-33.365644950433506,290.9184380727282,66.73128990086701,122.16312385454368
-33.36567028935165,290.9184693285918,66.7313405787033,122.16306134281638
-33.36569694420448,290.91850237404753,66.73139388840896,122.16299525190496
-33.36572363799405,290.91853576052506,66.7314472759881,122.16292847894988
-33.365763595633574,290.91858594202637,66.73152719126715,122.16282811594722
-33.36581098639713,290.91864550830087,66.73162197279426,122.16270898339829
-33.36582643454562,290.91866496182206,66.73165286909123,122.16267007635591
-33.36585966184925,290.91870683982734,66.7317193236985,122.16258632034528
-33.36589727192548,290.9187533977196,66.73179454385097,122.1624932045607
-33.365934297668694,290.91879988040944,66.73186859533739,122.16240023918111
-33.365969514145426,290.9188440891643,66.73193902829085,122.16231182167148
-33.365984097719554,290.91886238276606,66.73196819543911,122.16227523446786
-33.365993390086174,290.9188740209854,66.73198678017235,122.16225195802917
-33.366007024772564,290.9188899874091,66.73201404954513,122.16222002518185
-33.36608616452926,290.9189850443507,66.73217232905851,122.16202991129869
-33.36618049111031,290.91909687771954,66.73236098222063,122.16180624456089
-33.366319566773576,290.9192653517349,66.73263913354715,122.1614692965302
-33.366426626625824,290.91939354352365,66.73285325325165,122.16121291295273
-33.366517823802766,290.9195026764352,66.73303564760553,122.16099464712967
-33.36661775648696,290.9196221853799,66.73323551297392,122.16075562924017
-33.36670928130542,290.91973373852596,66.73341856261084,122.16053252294807
-33.36679035327777,290.9198321591281,66.73358070655554,122.16033568174389
-33.36684634170055,290.91990017858893,66.7336926834011,122.16019964282218
-33.36689072805416,290.9199548050316,66.73378145610832,122.16009038993684
-33.36692110486125,290.91999218994613,66.7338422097225,122.1600156201078
-33.36693890284052,290.92001441979437,66.73387780568105,122.15997116041127
-33.36694785518859,290.920025597855,66.73389571037718,122.15994880429002
-33.366956548272526,290.9200364195171,66.73391309654505,122.15992716096578
-33.36696252478297,290.920043851811,66.73392504956594,122.15991229637804
-33.36697147238365,290.92005486625544,66.7339429447673,122.15989026748916
-33.366990890641276,290.9200783003125,66.73398178128255,122.15984339937498
-33.367021803353296,290.9201154470745,66.73404360670659,122.15976910585097
-33.36705659468424,290.92015678607964,66.73411318936849,122.15968642784067
-33.36708481559182,290.92019019209124,66.73416963118363,122.15961961581753
-33.36711075177324,290.92022065211233,66.73422150354648,122.15955869577529
-33.367152897030955,290.920270241026,66.73430579406191,122.159459517948
-33.367189503364514,290.920313858905,66.73437900672903,122.15937228219005
-33.367227181617395,290.9203587897614,66.73445436323479,122.15928242047715
-33.367279928321565,290.92042122939756,66.73455985664313,122.15915754120492
-33.36731095145063,290.92045794875514,66.73462190290125,122.1590841024897
-33.36733159386959,290.9204823734548,66.73466318773917,122.15903525309044
-33.367354861105575,290.9205099943474,66.73470972221115,122.15898001130523
-33.36737831983087,290.92053777021,66.73475663966174,122.15892445958006
-33.36743295275705,290.92060338546906,66.7348659055141,122.15879322906184
-33.36753744594688,290.92072870344225,66.73507489189376,122.15854259311544
-33.36759635742989,290.92079818977726,66.73519271485978,122.15840362044553
-33.367633291065644,290.92084225870343,66.73526658213129,122.15831548259314
-33.367655142618815,290.92086884349004,66.73531028523763,122.15826231301993
-33.36768785651234,290.92090775232805,66.73537571302468,122.15818449534389
-33.367727190559066,290.92095417015685,66.73545438111813,122.15809165968636
-33.36776943256258,290.92100501163975,66.73553886512516,122.15798997672047
-33.36781247086454,290.9210571043667,66.73562494172909,122.15788579126655
-33.36783328659546,290.9210823149879,66.73566657319093,122.1578353700241
-33.367842756959604,290.9210934775747,66.73568551391921,122.15781304485067
-33.36787310766668,290.9211295605519,66.73574621533336,122.15774087889623
-33.36790316249225,290.9211648343854,66.7358063249845,122.15767033122917
