282.5,104.5,67,84
289.6321304692414,105.96090007355343,67.29612953392927,82.83048581022956
289.36974426642917,105.84204671313896,67.29612953392935,82.83048581022952
285.99504014385195,107.18069372111289,67.2961295339971,82.83048581016604
279.30503913289715,106.99521641968948,67.29612953411714,82.83048581005606
272.90972157809296,107.62943749694062,67.29612953477782,82.83048580948446
267.9487740655402,108.05362765918015,67.29612953272274,82.83048581223014
262.6105973387737,109.02945702129144,67.29612953166583,82.8304858137461
254.28585883572552,110.1749382506127,67.29612953275735,82.83048581276043
246.85180445648197,111.67046099196202,67.29612954185477,82.8304858050679
239.4107725135611,113.12050968467165,67.29612956203488,82.83048578979634
234.66254634795138,115.0617054107806,67.29612956171135,82.83048579036772
228.67790241150226,116.97437530807863,67.29612956229514,82.8304857899306
221.49136419203302,119.87040954881522,67.29612956232981,82.83048578990275
213.42408342268138,122.03725582414779,67.29612956233682,82.83048578989677
204.91602582836728,124.05309611613868,67.2961295623664,82.83048578986887
195.8715016355487,126.3922725325433,67.29612956238346,82.83048578985382
187.6207034101368,128.82309299763904,67.29612956240157,82.83048578983815
181.51045293700912,131.08139520948902,67.29612956261204,82.83048578966113
176.0440074906237,132.97757560109216,67.29612956335406,82.83048578907812
169.80639953241686,135.13623315361235,67.29612956790248,82.83048578566124
163.878226445102,137.58411463111932,67.29612961216111,82.83048575102697
159.09478479125573,139.45487646666743,67.29612983269547,82.83048558418795
154.536942449342,140.73769019874584,67.29613000724557,82.83048545653322
152.28978003318593,141.4487038059763,67.2961301554146,82.83048535312577
149.84058342826893,142.36315639819355,67.29613116477869,82.8304846782356
147.5879341345836,142.88694595581646,67.29613161448454,82.8304843746353
145.66517772366427,143.0795677685486,67.29613204618649,82.83048407559657
142.89914574999764,143.0130371689075,67.29613250932785,82.83048376157409
139.6842499150231,142.84790500146897,67.2961332056136,82.83048325990138
136.97454312211855,142.4555668772636,67.2961337016705,82.83048289688861
134.41313116322024,141.98376778069155,67.29613438109429,82.83048240238392
131.5801631984777,141.22039449278162,67.29613479422201,82.83048210911659
128.00632531528254,140.1657081568424,67.29613504639113,82.8304819267622
124.0074491093474,139.24292981710028,67.29613526862514,82.83048175104477
119.60443427016514,138.23742117709514,67.29613562722649,82.83048147009615
115.07544535079754,137.12997373691508,67.29613578957009,82.83048134046182
110.88784749894437,135.95549182794946,67.29613599004156,82.83048118248668
106.44570350975368,134.75866066106238,67.29613613425545,82.83048106356306
102.00648681052198,133.84635036574286,67.29613630517981,82.83048093047773
97.02869635992937,133.02632863261505,67.29613649500025,82.83048078043849
92.05740992359213,132.49693227157255,67.2961367739858,82.83048055380068
86.41043861510755,131.9828023458407,67.29613693947789,82.83048041266491
81.34488587310734,131.80440708563097,67.29613700050467,82.83048036067947
77.05983784020923,131.85420781946573,67.29613705037073,82.83048031824048
72.622958188729,132.35118894881978,67.29613708361684,82.83048028783055
68.77087139873784,133.0626667121311,67.29613709868826,82.83048027420844
65.87339066949777,134.00319451153604,67.29613710468428,82.83048026888915
62.96139716167726,134.91276693793952,67.29613711318417,82.83048026109098
60.67424343983359,135.8149667436394,67.29613711516009,82.83048025925697
59.12202619369999,136.8328990403906,67.29613711722344,82.8304802573531
57.84820829575304,138.16526228927043,67.29613711943142,82.83048025533621
56.153405533341626,139.70541853582108,67.29613712209849,82.83048025269821
54.37576030253676,141.30070585933152,67.29613712312167,82.83048025167342
52.49823866785741,143.23098892948772,67.29613712427664,82.8304802505822
50.5729099359604,145.15221817312408,67.29613712499692,82.83048024986644
48.67288838267021,147.74311144194934,67.2961371254982,82.83048024938637
45.538974150037895,150.84656078695127,67.29613712625478,82.83048024865253
41.55817662040907,154.09639985479038,67.29613712707126,82.83048024789252
36.48462496503745,157.55041010347725,67.29613712818316,82.83048024688722
30.082306486667655,160.7069037679963,67.29613712966152,82.83048024542477
23.942596532929805,163.91171510642354,67.2961371381504,82.83048023779024
18.122679773045313,166.35237990659616,67.296137207602,82.83048017388303
11.992762050373358,168.7844059192957,67.29613740972081,82.83047996733158
8.65735391984554,173.6937118674514,67.29613724926766,82.83048016971401
4.787928428720754,176.70313626993692,67.29613906846181,82.83047835342097
2.013933043553166,179.04343729625262,67.29613999352111,82.83047742078469
-0.4151088517818664,181.38870843664557,67.2961410128899,82.83047640739379
-1.8484035662843894,182.93189872213534,67.29614232620281,82.83047512604134
-2.5261042428092395,184.35794318737499,67.29614335538471,82.8304741701104
-3.879843548236714,186.25602571393551,67.29614272772953,82.83047506013507
-5.085717065026678,188.45499422130783,67.29614254413111,82.83047534321152
-5.694634064555032,189.4644044714288,67.29614278578731,82.83047512876671
-7.0871755630665945,190.77320990049608,67.2961429657328,82.83047496361002
-8.209765001992139,192.19702963912977,67.29614338250906,82.83047457020497
-10.822471555506787,193.81475238245645,67.29614364392678,82.83047434455318
-12.952731705126041,196.89292398747116,67.29614348494385,82.83047459460674
-17.25516667518032,198.59549983318496,67.29614358252311,82.83047450878523
-19.572979060151326,201.79123734778332,67.29614346690605,82.83047468024158
-21.873188520235736,205.02605023671526,67.29614334258024,82.83047485223736
-24.088012449145808,207.5157545586073,67.29614327788451,82.83047494945055
-26.5890366844016,209.5139482832941,67.29614325596445,82.8304749817664
-29.742197684502585,211.54020038934758,67.29614268155095,82.83047578598638
-33.648071498779714,212.75313791045406,67.29614299755943,82.83047545385642
-33.64807139108027,214.62786083588125,67.29614278216054,82.83047575664278
-33.64807148339765,215.50281599265605,67.2961429667953,82.83047555928884
-33.64807137074908,217.000521170454,67.29614274149816,82.83047588446385
-33.64807149571905,217.91959768517705,67.2961429914381,82.83047562124547
-33.64807165686279,218.99398564439142,67.29614331372558,82.8304752803619
-33.648071819661766,220.01384608570666,67.29614363932353,82.83047493300973
-33.648071965538556,221.11429473151858,67.29614393107711,82.83047461976417
-33.64807211354627,222.07631790926635,67.29614422709254,82.83047430384994
-33.64807224457251,222.85142567026722,67.29614448914502,82.8304740261414
-33.648072462317174,223.72073711916374,67.29614492463435,82.83047355533505
-33.64807267267131,224.84019447210824,67.29614534534262,82.8304731007736
-33.64807289718358,225.9000493387996,67.29614579436716,82.83047262070205
-33.64807307634572,226.96734913853817,67.29614615269143,82.83047223005669
-33.648072974044126,228.56765740768665,67.29614594808825,82.83047252830755
-33.648072839091775,229.97841153442118,67.29614567818355,82.83047292084987
-33.648072696822574,231.81843245763886,67.29614539364515,82.83047334126017
-33.64807255128403,233.42334154457947,67.29614510256806,82.83047376898723
-33.648072399769035,235.21352474882116,67.29614479953807,82.83047421040318
-33.648072210999715,236.6163156222422,67.29614442199943,82.83047474848843
-33.648071947296415,238.49470577979815,67.29614389459283,82.83047553460334
-33.64807150867893,239.9361672817516,67.29614301735786,82.83047684901005
-33.6480710618706,241.62718936652084,67.2961421237412,82.83047818690264
-33.648070476995755,242.53981606144873,67.29614095399151,82.83047995261016
-33.64806979803584,243.25812692710448,67.29613959607168,82.83048203302049
-33.648068908504015,244.33436025075522,67.29613781700803,82.83048478231017
-33.6480680660637,244.99063227993668,67.2961361321274,82.83048745398877
-33.64806703306314,246.04273207089378,67.29613406612629,82.83049061941954
-33.64806608205914,246.634226518194,67.29613216411828,82.83049358711618
-33.64806533838627,247.63950155179415,67.29613067677253,82.83049592622687
-33.64806420730206,248.1565183594108,67.29612841460413,82.8304994241833
-33.64806319874709,248.98531850365396,67.29612639749418,82.83050263797054
-33.648062048222386,249.86977206532995,67.29612409644477,82.83050628026643
-33.6480611645574,250.65432977540627,67.2961223291148,82.83050912145106
-33.648059703338845,251.11818358035126,67.29611940667769,82.83051383284254
-33.64805855252684,251.7703211780946,67.29611710505368,82.83051748791125
-33.648057001985194,252.44773909148117,67.29611400397039,82.83052229739148
-33.64805580639459,253.0763063083882,67.29611161278918,82.8305261158357
-33.64805496805383,253.6221352330734,67.29610993610765,82.83052876603807
-33.64805397637687,254.19484172989098,67.29610795275374,82.83053191295927
-33.64805269074383,255.0467581131358,67.29610538148766,82.8305358259282
-33.648051325040015,255.82402115687017,67.29610265008003,82.83054012061588
-33.648049878045626,256.7476344892793,67.29609975609125,82.83054448626179
-33.64804843159228,257.81889076335926,67.29609686318456,82.83054902794565
-33.648046918965875,258.9327678188919,67.29609383793175,82.83055380131027
-33.648045093059125,259.86322537278386,67.29609018611825,82.83055948038401
-33.64804331603036,260.67849558477,67.29608663206072,82.83056503018942
-33.648041233201354,261.67916982166264,67.29608246640271,82.83057148918925
-33.648039620067294,262.72955155051756,67.29607924013459,82.83057659761097
-33.648043098064065,263.9062727795059,67.29608619612813,82.83056941757312
-33.64804603393885,265.09283789953594,67.2960920678777,82.83056330013265
-33.64804438043966,266.660631020585,67.29608876087931,82.83056832657397
-33.648043058219166,268.20131654603824,67.29608611643833,82.83057239773784
-33.6480415134093,269.54181450816907,67.2960830268186,82.83057718300986
-33.64803994757754,270.8828334701336,67.29607989515507,82.83058209622364
-33.648037818889115,272.5634350330405,67.29607563777823,82.8305888397947
-33.64803523945994,274.30415308296864,67.29607047891987,82.83059709876409
-33.648033359117335,276.0941728500419,67.29606671823467,82.83060302627224
-33.64803232316189,277.84316183721324,67.29606464632379,82.83060636182024
-33.648030773298764,279.16456894083234,67.29606154659753,82.83061132076554
-33.64802897071351,280.49364915654746,67.29605794142702,82.83061705945552
-33.64802774179661,281.7066159713005,67.29605548359322,82.83062108253745
-33.64802616528169,282.7609107695501,67.29605233056338,82.83062614202875
-33.64802493442976,283.8813215940457,67.29604986885953,82.83063014611378
-33.64802302780756,285.11611342221187,67.29604605561512,82.830636200017
-33.648021788803945,286.33723898076767,67.29604357760789,82.830640103047
-33.64802070435713,287.24194283694527,67.29604140871426,82.83064355879027
-33.64801975857936,288.22496007714636,67.29603951715872,82.83064659021362
-33.6480190607207,289.0535119396894,67.2960381214414,82.8306489070359
-33.64801787553995,290.05107539619706,67.2960357510799,82.83065265217026
-33.64801700496654,291.32376846241203,67.29603400993308,82.83065545673672
-33.64801595177938,292.32888209342303,67.29603190355876,82.83065897436258
-33.64801460832426,293.50482206223126,67.29602921664852,82.83066316340937
-33.64801337021494,294.5633173203767,67.29602674042988,82.83066702806936
-33.64801242784062,296.02000640203335,67.29602485568124,82.83066996445694
-33.64801174282407,296.86503400092295,67.29602348564813,82.83067216356653
-33.64801112952478,298.14554870448444,67.29602225904956,82.83067409799628
-33.64800999838434,299.1648127181615,67.29601999676868,82.83067761246654
-33.648009219051765,300.1656446330672,67.29601843810353,82.8306800901045
-33.64800842530368,301.01753402266604,67.29601685060736,82.83068255804575
-33.64800770350458,302.2912313523187,67.29601540700916,82.83068479701011
-33.648006746374676,303.77651263673806,67.29601349274935,82.8306877856512
-33.64800589304323,304.64719485747725,67.29601178608647,82.83069044584212
-33.64800545786094,305.79846814502986,67.29601091572188,82.83069180240811
-33.64800507270998,307.16082086449455,67.29601014541996,82.8306930132589
-33.64800468750975,307.97174712559223,67.2960093750195,82.83069420028447
-33.648005347684126,309.0152368941717,67.29601069536825,82.83069286022332
-33.64800616029357,310.16912916217734,67.29601232058714,82.8306912126245
-33.648007042176786,311.23259874049654,67.29601408435357,82.83068944535991
-33.648008202206455,312.3762712922301,67.29601640441291,82.83068712868172
-33.648009257267425,313.3966791059102,67.29601851453485,82.83068494736642
-33.64800985300061,314.31770176060223,67.29601970600122,82.83068375304892
-33.64801040434277,315.1408690495645,67.29602080868554,82.8306826311638
-33.64801112750062,316.1673284203115,67.29602225500123,82.83068113171996
-33.64801165470777,317.16160744450684,67.29602330941555,82.83068006441597
-33.64801210490457,318.30798760625476,67.29602420980915,82.83067915940772
-33.64801263335121,319.45512066128,67.29602526670242,82.83067808117191
-33.64801218622708,321.26918414790447,67.29602437245416,82.8306793980993
-33.64801330316046,322.5890208705801,67.29602660632092,82.83067704001301
-33.64801415533655,323.9023944992298,67.2960283106731,82.83067524513126
-33.648015024322625,325.2947403902235,67.29603004864525,82.83067336640303
-33.648015869689,326.80534139142617,67.296031739378,82.83067154405146
-33.64801665612824,328.2786516526722,67.29603331225648,82.83066981695433
-33.648017648272166,329.6767064892569,67.29603529654433,82.83066767437876
-33.648018649740294,331.09765350543125,67.29603729948059,82.83066540762456
-33.64801995302728,332.67591990048004,67.29603990605456,82.83066252093883
-33.64802099304355,333.97160313513774,67.2960419860871,82.83066019690236
-33.64802230344981,335.39630294526177,67.29604460689961,82.8306572822818
-33.64802338835764,336.8760823242233,67.29604677671529,82.83065486552998
-33.648024728170505,338.4671805809303,67.29604945634101,82.83065186980095
-33.64802605336335,340.1727015460648,67.2960521067267,82.83064881511183
-33.64802756625293,341.86055821762716,67.29605513250586,82.83064548251554
-33.64802933550923,343.4835316135742,67.29605867101846,82.83064152166097
-33.64802797255914,345.91453199930544,67.29605594511828,82.83064503028875
-33.64802669035796,348.4021240242322,67.29605338071592,82.83064828207097
-33.64802594685377,350.33480319855266,67.29605189370754,82.83065019343988
-33.648025076673164,352.3218416958137,67.29605015334633,82.83065233099786
-33.64802429318984,354.1207530293876,67.29604858637968,82.83065423736694
-33.648022966390975,356.0956037007128,67.29604593278195,82.83065730336219
-33.648022396762926,358.0469554957958,67.29604479352585,82.83065866734336
-33.64802173849976,360.15240582191956,67.29604347699951,82.83066022914625
-33.64802048898361,361.7856411517241,67.29604097796722,82.83066310126013
-33.64801974778893,363.307269976542,67.29603949557786,82.83066483387236
-33.648018984532726,364.63410973840996,67.29603796906545,82.8306665883652
-33.64801840658489,365.9346772032599,67.29603681316978,82.83066786624579
-33.648017943391984,366.787637334289,67.29603588678397,82.83066889649264
-33.64801852439161,367.6136751386029,67.29603704878322,82.8306675056612
-33.64801908975761,368.33616547894593,67.29603817951522,82.83066613501082
-33.6480197925171,368.95273724959355,67.2960395850342,82.83066449282445
-33.648019307821926,369.4430496757309,67.29603861564385,82.83066562760267
-33.64802012900654,370.054394822073,67.29604025801308,82.8306636522174
-33.64801967200422,370.2277863070364,67.29603934400843,82.83066467791889
-33.64802038141776,370.84907831913597,67.29604076283552,82.83066297488682
-33.648019934243365,370.9248620915626,67.29603986848673,82.83066396202355
-33.64801933332771,371.0524024774434,67.29603866665542,82.83066532069404
-33.648019868724504,371.65490420868986,67.29603973744901,82.83066404688375
-33.64802036538753,372.2275986779555,67.29604073077506,82.83066287709792
-33.64802068132499,372.74236384247246,67.29604136264997,82.83066211959714
-33.64802095883751,373.27195078704426,67.29604191767503,82.8306614568101
-33.648021212770004,373.7781679668074,67.29604242554001,82.83066086460246
-33.648020984897194,373.76137138506084,67.29604196979439,82.83066137556611
-33.64802125600546,374.32891539087046,67.29604251201091,82.83066073481939
-33.64802154518962,374.8183367423079,67.29604309037924,82.83066005197924
-33.64802184235631,375.2621907118078,67.29604368471261,82.83065934640842
-33.648021546786815,375.105624290428,67.29604309357363,82.83065999250326
-33.648021803016945,375.64065155737046,67.29604360603389,82.83065939366924
-33.64802158158568,375.68207802845114,67.29604316317136,82.8306598730768
-33.64802183787069,376.15293040775174,67.29604367574137,82.83065926849015
-33.648022042727604,376.5687183718381,67.29604408545521,82.83065879359893
-33.64802222999692,376.9830768206198,67.29604445999384,82.83065835292562
-33.64802241734482,377.4087095466365,67.29604483468964,82.83065791411008
-33.64802254883734,377.70355161277826,67.29604509767468,82.8306576125647
-33.648022728172904,378.11848499518624,67.29604545634581,82.83065719744587
-33.648022850147356,378.44300932922374,67.29604570029471,82.83065691737514
-33.64802297341288,378.6817692992759,67.29604594682576,82.83065663845893
-33.64802311830099,378.89023042463316,67.29604623660198,82.83065630136818
-33.64802326593565,379.0831290619762,67.2960465318713,82.83065596104834
-33.64802341075897,379.319575743129,67.29604682151793,82.83065562819405
-33.64802351894167,379.34351146534084,67.29604703788334,82.830655374825
-33.64802368484053,379.3095914020796,67.29604736968106,82.83065498478032
-33.64802382158703,379.4336800515682,67.29604764317406,82.83065466284141
-33.6480239817549,379.5363244716536,67.2960479635098,82.83065429246209
-33.648024058098756,379.60752895505107,67.29604811619751,82.83065411387135
-33.648024185000764,379.6812938742994,67.29604837000153,82.83065381782075
-33.64802431458962,379.6924385813524,67.29604862917924,82.83065351778767
-33.64802441905919,379.8321623767854,67.29604883811838,82.8306532738475
-33.64802456472439,379.8490690981054,67.29604912944878,82.83065293151557
-33.64802474499593,379.9447035316541,67.29604948999186,82.8306525084795
-33.648024835115095,379.96595115495666,67.29604967023019,82.83065230023477
-33.6480249351147,380.07744261589824,67.2960498702294,82.83065206808993
-33.648025055539364,380.15969677587447,67.29605011107873,82.83065179285711
-33.64802515687365,380.13807352970605,67.2960503137473,82.83065155775712
-33.64802524020346,380.2643513844803,67.29605048040692,82.8306513675511
-33.648025312007164,380.26304517942634,67.29605062401433,82.83065120223601
-33.64802539731642,380.2836231084086,67.29605079463283,82.83065100665902
-33.64802548385833,380.30036428375485,67.29605096771667,82.83065080893529
-33.6480255770575,380.3029267745878,67.296051154115,82.83065059690864
-33.64802567758051,380.3784474205442,67.29605135516103,82.83065036568189
-33.64802577459989,380.5024551599703,67.29605154919977,82.83065014156566
-33.64802585703412,380.56001120619374,67.29605171406824,82.83064995147492
-33.648025936885425,380.62497156208093,67.29605187377085,82.83064976703953
-33.64802603585376,380.62045509524745,67.29605207170752,82.83064953949098
-33.648026118355816,380.7048570278913,67.29605223671163,82.83064935116613
-33.64802622767629,380.7467122357407,67.29605245535258,82.83064909929905
-33.64802632302589,380.7913423096923,67.29605264605178,82.83064888135083
-33.64802640149178,380.88113250493217,67.29605280298355,82.83064870251052
-33.64802646912713,380.9145600517102,67.29605293825426,82.83064854781917
-33.64802655506075,380.9789142644842,67.2960531101215,82.83064835074006
-33.64802663076417,381.03720868817743,67.29605326152834,82.83064817783931
-33.64802672431564,381.133658260828,67.29605344863128,82.83064796165726
-33.64802679033943,381.06731027689483,67.29605358067886,82.83064780759257
-33.648026873096974,381.1283397286311,67.29605374619395,82.83064761606606
-33.64802693537719,381.04535509206323,67.29605387075438,82.83064747270264
-33.64802701917047,381.07301880876514,67.29605403834094,82.83064727967641
-33.648027125684564,381.10523765006195,67.29605425136913,82.83064703116008
-33.64802721895534,381.035363345261,67.29605443791068,82.8306468141391
-33.64802731477614,381.02043708105043,67.29605462955227,82.83064659464296
-33.648027399590326,381.04796712722566,67.29605479918065,82.83064639721195
-33.64802750727106,381.11565634386926,67.29605501454212,82.83064614585906
-33.64802756872298,381.05064429536424,67.29605513744596,82.83064600344825
-33.64802767699545,381.0412352367136,67.2960553539909,82.83064575347694
-33.64802777630836,381.0513631428264,67.29605555261672,82.83064552365846
-33.648027861006796,381.1523314076209,67.29605572201359,82.83064532844092
-33.6480279407411,380.9909995195937,67.2960558814822,82.83064514165441
-33.64802802966655,381.0251154343697,67.2960560593331,82.83064493944747
-33.648028149444706,380.9354555172911,67.29605629888941,82.83064466173386
-33.648028233919874,380.97288615822436,67.29605646783975,82.83064446677238
-33.64802834157295,381.12113237726544,67.2960566831459,82.83064421785906
-33.648028395595446,381.00068869292204,67.29605679119089,82.83064409365078
-33.648028468512116,381.00472264290835,67.29605693702423,82.83064392635508
-33.64802858683712,381.007975781791,67.29605717367424,82.83064365016651
-33.64802870328074,381.06879693966755,67.29605740656147,82.83064338009015
-33.64802878911842,381.15212915209383,67.29605757823684,82.83064318308082
-33.64802887022103,380.9796930546681,67.29605774044207,82.8306429926689
-33.64802898012277,381.0120306309259,67.29605796024553,82.83064273913533
-33.64802908958547,381.0199535409968,67.29605817917094,82.83064248970678
-33.6480291522853,381.1420619748602,67.2960583045706,82.83064234721022
-33.64802922483104,381.11567540547264,67.29605844966208,82.83064217797636
-33.64802930518726,381.01362009929426,67.29605861037452,82.83064198911323
-33.648029402460985,381.1079818957433,67.29605880492197,82.83064176664796
-33.64802947292391,380.92683033449794,67.29605894584782,82.83064160234792
-33.64802956814421,380.91203084142455,67.29605913628842,82.83064138569787
-33.64802965833671,381.00839975127883,67.29605931667342,82.83064117513726
-33.64802976368668,380.9798158885038,67.29605952737336,82.8306409310432
-33.64802986286881,381.01040514328804,67.29605972573762,82.83064070337812
-33.64802993719537,381.0323961097025,67.29605987439074,82.83064053501465
-33.648030030785414,381.1556503001103,67.29606006157083,82.83064032039303
-33.64803010236036,381.02708034857835,67.29606020472072,82.83064015325702
-33.64803020090538,381.140104479246,67.29606040181076,82.83063992933144
-33.64803029393543,381.01219012896047,67.29606058787085,82.83063971287609
-33.648030367712316,381.17089728042,67.29606073542463,82.83063954469786
-33.648030452415036,381.00491125879716,67.29606090483007,82.83063934654184
-33.648030522791636,381.10507490361596,67.29606104558327,82.83063918507617
-33.648030615781245,380.97781291095947,67.29606123156249,82.83063896923447
-33.648030701058644,381.02118824433614,67.29606140211729,82.83063877258297
-33.648030803488304,381.06770409995676,67.29606160697661,82.83063853479949
-33.6480309139825,381.10933388257587,67.296061827965,82.83063827640937
-33.64803096382536,380.9175146749673,67.29606192765073,82.83063816065682
-33.6480310570385,380.88197566580556,67.296062114077,82.83063794555945
-33.648031162073444,380.8448743616341,67.29606232414689,82.83063770344138
-33.64803128337081,380.8801993276784,67.29606256674163,82.8306374175754
-33.64803135997892,380.95067056113476,67.29606271995785,82.83063724108798
-33.64803144644723,381.0794571503171,67.29606289289445,82.83063704145822
-33.64803152494437,381.1086421037121,67.29606304988874,82.8306368606109
-33.64803159885587,380.9840324227526,67.29606319771175,82.83063668574859
-33.64803169593903,381.0140473990379,67.29606339187806,82.83063646337871
-33.648031811131666,381.14856010701624,67.29606362226333,82.83063619438322
-33.64803187620937,380.98810525401484,67.29606375241875,82.83063604263614
-33.64803196622314,381.01742133916656,67.29606393244627,82.83063583636059
-33.64803208464446,380.9538116873457,67.29606416928893,82.83063556733896
-33.64803218803044,381.0368940955616,67.29606437606088,82.83063532791448
-33.64803227325324,381.056320263348,67.29606454650649,82.83063513264905
-33.648032361102054,381.0857446791358,67.29606472220411,82.83063492798509
-33.64803243026163,381.03015554113114,67.29606486052326,82.83063476860924
-33.64803252740103,381.066122061848,67.29606505480206,82.8306345421909
-33.64803263127577,380.97419963210126,67.29606526255154,82.83063429889727
-33.64803269850411,381.07986544543934,67.29606539700822,82.83063414402189
-33.64803275112268,381.1370012064774,67.29606550224536,82.83063402430474
-33.64803283102006,381.0518279841579,67.29606566204012,82.83063383634398
-33.64803295603822,381.2299576522692,67.29606591207644,82.83063354810649
-33.64803303221815,381.2166717496853,67.2960660644363,82.83063337166539
-33.64803309011201,381.15362763427225,67.29606618022402,82.83063323657909
-33.64803314906203,381.09660190118666,67.29606629812406,82.83063309996938
-33.64803321071281,381.0017789411307,67.29606642142562,82.83063295484627
-33.64803327481749,381.10001701309733,67.29606654963499,82.83063280848009
-33.648033311284024,381.08754782702516,67.29606662256805,82.83063272391027
