1
124.4809,338.8364,71.6182,102.8139
131.5499,326.0860,65.4817,111.0454
124.8972,324.4433,63.0150,114.1668
122.3260,328.4051,63.5662,110.1671
121.6009,338.0652,67.1390,100.0237
126.2332,343.8537,78.0936,87.0836
128.4268,334.9966,87.6277,79.8562
116.8712,312.3792,84.5259,80.4176
111.8438,272.4117,74.7449,96.6669
123.1304,247.4671,65.5787,114.2490
135.5949,236.5098,62.0418,123.4642
137.3187,230.2251,60.5093,127.1392
140.7171,219.1024,60.4349,126.6650
138.5600,211.5563,60.6505,126.4314
133.5134,219.4630,62.3664,116.2563
133.1557,232.3519,73.0521,99.6643
148.9384,251.3099,83.6458,88.2477
144.2468,242.4414,83.6521,86.4337
152.1366,234.6360,82.8618,85.8451
155.8330,218.5425,85.5200,83.4759
152.4735,199.5410,93.9718,76.2043
132.9334,169.3144,87.8497,79.6431
142.3098,144.0773,75.3427,92.2435
155.3975,128.6753,64.2632,101.9639
164.8977,123.0109,59.1556,110.0902
171.5635,123.3703,57.9682,116.2451
174.7647,122.4272,58.8017,120.6725
177.9704,120.4014,60.0311,122.6202
180.1973,116.5475,60.6255,121.8985
180.9324,117.6676,63.5854,121.3186
184.2097,117.3963,64.5148,116.5183
186.4183,116.0903,61.8349,116.0005
182.1870,117.7775,53.7802,117.6230
182.2433,120.9317,52.3411,114.7829
181.6368,123.5072,52.6012,113.7746
181.5491,126.6248,54.1877,112.6709
179.0898,133.7431,58.4143,107.1866
178.5842,146.1098,61.7083,99.5488
180.8441,161.3010,66.4544,90.7590
189.1755,177.7762,71.3367,86.0690
196.6866,170.7597,74.0979,82.9903
206.5177,169.7128,73.1788,82.5794
208.8343,157.8692,73.5948,82.3770
203.0397,137.7032,74.0123,80.9654
198.6453,114.1022,70.8930,81.8697
205.1337,83.9867,65.2260,90.9475
221.0304,58.8609,56.9974,106.3654
239.6535,44.1989,52.1837,117.0862
252.8935,43.0789,50.0727,119.7910
254.6953,33.2061,51.4810,120.0533
232.2732,44.0653,56.2012,116.5005
241.8961,42.5375,61.8415,112.8016
254.6285,63.6334,62.5466,112.1075
268.0231,82.5682,60.3831,112.8321
274.0583,64.3510,56.2618,113.7092
279.2397,44.9175,55.7696,115.1067
255.2445,20.1290,66.1668,105.6543
229.5366,-6.7580,73.3234,94.8049
253.6714,-13.9032,74.8846,91.4237
262.2344,-11.6718,73.3662,88.0483
263.1813,-7.2618,68.7746,87.4961
261.3845,-8.2907,66.8792,82.1984
264.4175,-9.2972,61.0093,79.5339
266.1755,-7.4017,56.4670,76.1215
266.6353,-5.3842,53.1648,73.6538
266.9601,-3.0371,50.3149,71.9832
264.1422,-0.8851,48.7784,72.0501
265.2419,0.4812,47.8452,73.8528
261.2928,1.0607,47.6054,75.3333
256.8578,0.0840,48.8850,75.8191
257.4554,-3.6380,49.2437,74.6940
253.0654,-1.3279,49.8892,73.1782
254.3229,-0.4486,50.0556,73.0552
255.4453,0.5266,49.4086,75.1712
250.2484,-0.6387,46.7581,74.6936
251.0756,1.7768,45.8615,75.7001
250.6713,3.9332,47.2376,78.1415
250.0672,5.1350,48.1032,80.2460
250.6976,6.3547,49.0698,81.6692
250.6321,6.8875,50.4555,84.4410
248.9138,6.5442,52.3456,86.4191
247.6194,6.0311,53.8398,86.2855
244.8093,5.8179,55.2818,87.3748
244.6602,5.4752,57.6364,87.6532
242.2316,4.7292,58.5575,87.9223
241.2675,7.4523,63.8896,86.0405
238.6044,14.1862,67.9354,81.3041
233.1103,19.5030,72.3959,76.7091
236.6016,26.5058,81.2988,68.1328
233.1493,38.9771,88.6116,62.0410
242.1692,41.5046,91.6852,60.3712
232.2814,34.5720,93.6261,59.4156
228.5903,29.1945,91.1352,62.6896
237.3746,36.7646,89.5153,65.0709
245.5723,36.2275,88.3274,66.6794
246.9520,29.8797,90.8475,64.8856
239.7559,23.6070,93.7338,63.0011
244.8864,16.9948,97.2968,60.3281
251.1710,18.8928,104.2265,55.6359
237.1842,11.4105,104.1695,54.9402
227.6186,3.7745,97.2122,58.5051
239.1207,-0.4264,89.4736,61.5913
252.4155,-2.3199,82.0413,63.5049
266.5082,-3.2507,81.3099,63.6271
273.9036,-3.6695,80.3062,63.5312
276.0340,-3.2040,78.3823,63.8109
277.3134,-1.8322,74.4267,64.9579
276.8784,-0.5808,66.9271,68.4581
276.7924,-0.2558,59.2445,71.4208
278.9742,-0.1502,54.9882,72.2792
279.1978,1.4692,51.8929,72.9653
279.3591,3.2234,49.4927,74.9027
278.5755,4.2454,48.5519,76.5747
278.8115,5.3348,47.7238,80.0034
278.7953,5.1402,47.4327,83.5720
278.7057,5.5183,49.1628,86.5526
279.1837,3.3078,50.3804,88.5342
278.9879,5.4476,52.2610,91.1082
278.9937,6.7606,54.3693,93.3767
279.8155,2.4419,55.4506,97.4623
272.1591,6.0407,50.9031,100.5143
272.7072,8.6908,47.4452,104.0872
272.6188,9.9972,44.5113,107.5740
271.0087,11.7434,44.3195,111.7180
269.1818,15.6295,45.6551,114.1674
267.1839,19.3666,47.1884,114.7966
265.7812,24.0533,48.7234,114.3402
265.4761,29.7272,50.3210,112.9214
265.6063,33.8774,51.5342,112.8347
265.5667,37.8988,52.2902,113.1930
266.5673,42.6643,52.3252,112.5774
268.7673,53.9504,52.3602,110.0454
268.4684,70.8321,57.3638,101.2647
267.0693,83.9781,65.2014,90.6868
269.4676,88.7648,69.0721,84.2766
278.7113,74.4204,63.7912,91.7809
299.5359,63.2271,55.2814,105.7774
312.7292,65.7125,54.5850,113.7720
316.9311,75.2290,52.8479,119.4284
319.8586,75.3120,52.1260,124.8090
326.5567,83.1077,49.1516,126.8783
326.1959,89.7132,49.7934,129.0235
319.3720,96.8001,49.7858,129.6255
319.2970,111.7997,51.1812,123.9043
319.0192,121.8417,53.1070,119.5122
319.7737,128.4332,54.8094,117.9799
321.7340,133.7047,55.6084,116.8608
322.6707,136.8247,55.6606,116.9053
324.5414,138.1745,56.1742,117.2543
327.2540,137.0241,57.2223,118.5449
