1
662.0998,128.5073,31.1103,65.5840
660.6122,125.6353,30.6122,64.7929
660.5231,132.6655,29.8507,66.3227
660.3568,139.9373,29.0999,67.9482
658.4095,140.5935,28.7614,66.9779
659.6431,136.9636,28.6711,65.1148
658.8914,137.2633,28.2982,63.4750
658.1069,138.6557,28.1083,63.5794
656.9028,143.3933,28.1687,63.4911
654.9341,146.7843,28.1716,63.9017
654.0978,146.1512,27.9734,63.4028
653.7163,142.9299,27.7683,62.9909
652.8984,137.7029,27.1482,61.9277
650.3472,132.7621,27.4463,61.3823
645.2139,133.1839,27.9298,61.2002
640.5163,136.5132,28.5157,60.9740
634.5071,144.3926,27.4632,62.0057
633.3377,150.9403,26.8889,62.8826
632.0800,158.1611,27.2006,62.2031
629.0401,156.4536,26.5399,61.6354
631.1230,154.1828,25.8718,60.8820
634.4100,154.0334,26.3243,61.3549
637.0539,151.5401,25.8785,60.0785
638.6675,150.2143,25.4977,59.8240
639.6299,148.4616,25.1580,58.8349
639.8760,145.9165,24.8273,58.4441
640.0206,138.5487,24.6538,57.6566
639.7634,132.0620,24.6108,56.3109
640.4727,133.8068,24.8864,57.4108
642.1288,138.0526,25.2754,57.9050
643.0306,144.2848,25.1625,58.9920
641.7416,140.9154,24.8670,58.9404
642.6132,147.1590,24.9163,58.5321
643.8769,158.6222,25.1950,58.8689
645.8039,163.9135,25.5198,59.1721
643.8679,156.6891,25.1274,58.5418
643.8029,147.7650,25.1369,58.2327
644.1941,140.1929,24.9206,57.8754
644.3089,134.1405,24.4697,56.6957
645.7968,131.1286,23.2810,56.8936
645.1364,131.9699,22.9455,58.2984
642.1556,127.2842,23.1048,57.5746
641.2211,122.5608,23.3962,57.0109
642.5183,126.0660,23.1851,58.0989
642.5586,129.4870,23.2318,58.2500
641.6991,133.2920,23.6452,58.3074
641.8264,135.6273,23.3667,58.5372
643.8647,134.5437,22.8281,57.8711
645.0296,131.3408,22.2231,57.2169
645.2703,132.2046,22.6628,57.3271
645.8906,136.2842,22.9431,58.0570
647.9976,139.5552,23.1613,58.8071
648.2290,139.3504,22.9277,58.4686
647.5280,137.4469,23.3190,57.7862
648.7278,136.5659,22.9917,58.5156
647.5574,141.0583,23.3806,58.3542
646.7700,146.1876,23.7282,58.0742
647.2678,150.1400,23.5328,57.7568
648.9366,152.2404,23.1092,59.0411
651.4990,152.0442,22.8791,58.9865
652.1395,151.0154,22.8292,58.4692
650.3165,150.6374,22.7057,59.2722
650.3815,149.9023,22.4625,59.8467
649.5424,150.1545,22.5947,59.5527
651.4178,150.0907,22.5117,58.3899
654.0535,150.7732,22.7254,58.2895
656.6257,152.7214,23.0299,58.4547
658.6277,156.8799,22.9919,58.6243
659.9374,152.1269,23.4741,57.7097
661.6693,147.8997,23.5979,57.3045
663.4031,141.3565,23.7510,57.3045
664.8585,136.0827,23.2685,58.1473
663.7349,137.3905,24.1588,59.2581
663.6023,134.9354,24.6304,59.6399
662.4916,127.1420,24.6411,59.9298
659.7969,126.0378,25.2606,61.5794
661.4978,132.3788,26.1189,62.5460
661.9772,144.3268,26.8868,63.4865
664.6101,156.4564,27.3873,63.7369
667.6723,162.5399,27.6695,64.6804
668.6156,165.2971,27.9271,64.9341
656.9620,168.3299,28.7176,67.7992
658.2028,165.4874,29.3224,70.3697
660.4137,163.0342,30.1884,71.6483
667.1090,160.9124,30.7802,72.7095
669.0093,154.7268,32.3188,73.3554
667.5867,149.8054,38.7817,68.8150
658.3415,141.5240,36.1823,70.8064
653.1388,140.3501,33.5703,69.7227
652.4718,143.5078,31.5897,67.8127
651.2423,146.6018,30.1759,66.3729
648.9755,150.5363,29.4864,63.7415
649.3505,156.0480,28.4660,62.3623
649.2830,156.7091,28.0332,61.0880
649.9788,156.1524,27.5779,59.7800
651.6951,159.1002,27.1520,58.4308
652.4847,156.6735,26.1436,57.1488
653.6151,155.9913,25.3616,57.5570
654.0394,156.4024,25.0068,57.6520
653.1004,159.5185,25.2824,56.9886
652.7431,159.2705,25.2838,55.8625
651.4690,156.7532,24.7181,55.4284
649.6938,156.2684,24.5852,54.8940
647.9401,156.7811,24.9853,55.5065
647.6564,159.6461,24.7494,57.1730
646.9186,157.1449,24.7187,56.9854
647.3096,152.8013,25.0538,56.4689
647.7372,156.0724,24.6316,57.6011
647.8347,160.0083,24.6535,57.8574
649.2513,161.3880,24.5333,57.6099
649.9755,156.0670,24.0737,56.7041
651.2126,158.2519,24.4515,56.6226
650.1728,162.5146,24.6511,56.8748
648.0526,165.9094,24.8993,57.8600
646.0137,168.2090,25.2747,58.7634
644.2828,165.5387,25.0243,57.7535
642.9189,164.0562,24.9318,57.4532
643.4909,166.4943,25.2743,57.7160
643.9128,164.0397,25.3125,57.8745
643.9840,161.1245,25.1507,58.0679
644.3213,161.1847,25.4716,57.7115
643.6862,161.3877,25.4066,57.6921
643.7630,159.3500,25.0367,57.2347
642.8331,157.1917,24.9872,56.4292
641.9451,157.0403,25.2911,56.4718
641.6465,157.9670,25.6138,56.9705
643.1514,158.9583,26.2124,57.2065
643.0796,159.2545,26.1958,57.3334
641.6490,159.4378,26.5753,57.6156
641.6332,158.5432,26.8214,57.5269
640.0891,161.3580,27.4240,58.4671
639.5457,159.8556,27.2472,57.8681
638.9488,156.3661,26.8909,58.3872
641.1911,152.9229,26.7862,58.6723
642.3286,149.8427,26.8660,58.9636
644.2169,145.1820,27.0031,57.8469
645.6089,140.0321,27.0414,58.6319
643.5925,141.5197,28.0256,59.3431
642.9820,140.5791,27.9217,59.8644
642.2820,140.1878,28.3064,60.3948
642.9749,142.9441,28.1619,61.9258
641.9906,145.9273,28.5329,62.9949
643.2324,146.8907,28.7841,63.1520
643.9306,147.7297,28.8294,62.8781
644.4366,150.6049,29.0946,62.6240
642.8345,151.5509,29.1489,62.4638
643.4703,151.2722,29.2154,63.1171
641.3076,152.8208,29.7735,63.6664
642.0793,153.1498,29.2895,63.8374
641.2635,156.4450,29.3347,64.6862
643.1992,158.6633,29.4574,66.2151
644.5416,161.3415,29.5909,66.7804
645.8656,161.1705,29.5585,66.6050
645.5865,164.6416,29.8422,66.3099
645.5797,164.5856,30.0135,65.7452
645.5805,165.3222,30.0727,66.1466
647.6917,164.5257,30.5197,65.9613
648.9861,164.0284,30.6624,65.8839
650.0975,162.6924,30.6508,65.9104
649.1577,161.6342,30.9446,65.6533
648.1441,160.1114,31.0607,66.0770
648.3438,156.6508,31.1963,65.3237
646.6415,159.0826,31.5266,66.9250
645.1560,160.4475,32.5765,68.8420
644.6893,160.1132,32.4092,67.9847
644.6514,154.5985,32.1965,67.7705
644.4080,155.5666,32.6182,69.2489
644.7325,156.3264,32.8755,69.9007
647.3917,154.5328,32.6467,71.4015
647.6818,153.7955,33.3281,72.2688
648.2479,153.1061,33.8719,74.2531
648.2324,154.4725,34.1900,74.2806
648.6186,155.6921,34.2306,75.3095
650.1029,154.6734,34.3470,75.6543
651.3259,154.0028,34.4778,76.3617
652.1232,155.2384,34.7410,76.3252
653.7674,155.9743,34.8264,77.4088
651.5345,153.4307,34.2908,78.1917
651.0539,149.7284,34.5592,77.9792
650.4434,151.8660,35.1996,79.2797
651.5721,155.0757,35.4348,79.1983
653.0374,157.0305,35.2063,79.6300
654.2851,151.7778,35.1964,78.7513
654.1029,151.7802,35.2739,80.3497
655.0235,149.6392,35.6567,81.8371
654.9853,144.7833,36.3188,82.8837
657.9645,143.0546,36.9830,83.8797
659.9703,139.7805,37.0115,85.1983
662.2223,135.6928,36.8846,85.7694
661.8334,135.1915,36.9249,88.0237
