1
623.2067,668.2982,59.8787,26.8012
616.8948,661.0934,59.0396,28.1417
605.7957,656.8167,58.9343,28.6367
580.8200,657.6580,59.2961,29.0849
568.1552,652.5211,54.7697,30.7233
553.0789,647.7842,52.6611,31.4176
539.8326,642.5795,51.0619,31.5779
524.2081,638.4099,50.4961,31.1602
508.8294,631.1345,45.2503,34.3474
486.7583,629.3691,42.2544,36.3371
465.1660,616.7636,40.3190,37.7151
433.5199,597.3380,38.4039,40.3366
417.2774,579.5238,38.1461,38.6157
401.4203,572.1283,36.6535,38.7659
384.9363,555.3787,36.9858,37.5748
362.2573,530.0541,32.0667,43.8805
345.0673,515.3441,35.1090,40.6705
337.8372,509.8700,35.7996,39.6714
319.8710,505.1237,36.8331,38.6011
303.8217,504.0006,36.1846,36.9107
286.5713,506.5435,36.2175,36.2552
260.7912,517.9118,35.7472,36.1251
236.7266,537.5020,34.2705,36.7205
222.1594,550.0390,33.5385,36.3135
212.9259,557.4509,33.8575,34.7820
203.6535,571.8777,31.6630,37.0568
193.4996,585.8936,31.3360,37.4461
193.7155,595.4915,30.5681,38.5327
188.8348,615.2570,32.0846,37.4207
190.9759,626.8865,28.8066,41.5271
206.1936,670.0505,25.9628,45.6327
238.6501,710.4785,25.6427,49.0066
242.8386,710.3817,25.0513,51.6319
243.4554,735.4256,25.8939,53.8598
259.2437,744.2559,26.6953,53.3688
274.8153,771.3277,31.4097,49.6608
283.9051,789.3378,35.0520,45.4907
297.3134,796.5559,36.1932,45.2130
305.1334,800.1787,37.1243,45.5285
318.7876,808.3465,37.9704,44.8255
337.5204,810.7866,39.8087,43.4154
356.2059,824.0401,39.8144,43.1012
374.5633,836.6230,39.6043,43.7404
382.1502,845.6883,39.5063,45.1733
384.1882,849.7244,39.0387,49.2432
384.3814,855.3079,39.6843,49.7318
384.3409,861.3534,41.1777,47.5023
384.3596,866.1475,42.2164,46.8796
384.0497,866.6873,44.1889,44.5628
383.9908,864.4377,41.3673,46.3228
384.5796,866.9623,40.8641,46.6708
384.7161,866.7063,40.6114,46.0616
388.2432,866.7819,41.3297,45.5206
391.8373,869.2476,40.5049,46.9694
394.0624,871.7186,39.2502,47.4312
394.2858,876.1429,40.1868,45.8598
395.3650,876.7955,39.8420,46.9071
393.1256,874.9863,39.7953,45.0969
393.5915,878.9343,40.0893,44.0103
393.1566,879.4520,40.0240,41.8390
390.9177,880.2130,39.3763,41.3361
389.5446,882.2916,39.5700,40.8666
387.3914,882.9485,38.9136,41.3938
388.6605,881.2219,38.4449,40.3939
388.8514,882.3464,37.9858,39.5310
390.0952,884.3092,37.4037,41.2059
390.6748,885.4401,36.6756,40.9656
391.3134,885.8042,34.8129,41.5441
391.8108,884.9041,33.8410,42.4574
392.7987,884.4421,35.0662,42.2607
394.6780,884.5233,35.3153,42.8186
395.0402,885.3884,36.1554,43.5133
394.2251,878.9315,36.6041,43.2790
395.5293,876.7748,37.6621,43.0218
398.0739,877.8860,38.6736,42.3388
397.6504,876.2585,38.0411,42.0920
398.2237,879.2579,37.9813,43.6085
398.5423,880.1925,37.6385,43.5775
398.6469,883.4114,37.9470,44.1053
401.3556,886.0676,39.2795,44.0138
410.0735,888.1749,40.7070,41.5165
414.0304,890.1977,41.6696,39.2541
416.8600,891.3193,41.5799,38.0784
418.8633,892.2344,41.8459,37.2972
419.8434,891.7197,41.8209,36.2597
421.3456,890.6820,41.7043,36.0859
422.6495,893.0674,39.9716,35.7949
421.3985,894.6099,38.9206,35.5766
421.7503,892.6174,37.7058,35.8253
420.2468,892.9108,37.6037,35.6482
418.6157,892.4095,37.8019,35.2423
412.8567,893.3781,38.7793,34.7500
412.1283,894.5927,38.5328,34.9091
412.0835,896.2833,38.0603,35.5777
411.8002,894.5086,38.6884,35.5942
412.9710,893.7865,40.0383,35.6011
413.1275,893.8749,40.0767,35.4314
412.6445,893.1823,40.6880,36.0717
413.1344,891.2825,40.7030,37.1372
411.7520,892.4038,41.3458,37.1717
409.3259,893.8007,42.1431,36.5427
408.1131,891.7083,42.6145,36.8481
406.6505,891.4623,43.1835,37.2766
405.4620,891.6339,43.4027,37.6130
407.7979,890.9940,43.2358,38.1313
408.2576,889.7266,43.5144,39.1802
405.3587,888.2871,44.3715,38.0963
403.5661,890.1808,45.1160,37.6973
403.1518,888.7164,44.9306,38.1292
406.3716,889.0459,45.2925,38.0196
410.4824,888.4164,45.3442,38.1118
414.1631,889.3328,45.7985,37.7653
417.0379,889.0594,45.6409,37.5787
418.5912,890.6169,46.4204,37.1677
421.7432,888.0645,47.6200,36.6616
422.6440,887.6409,47.1949,37.8801
422.9823,884.9899,48.2572,38.9220
423.3152,885.4439,49.0900,38.2812
422.2381,882.5351,49.7953,38.0705
423.1145,883.4803,50.0314,38.0552
421.2734,880.6183,50.8241,37.4595
421.7007,881.0048,51.0264,38.5080
425.9424,879.2302,50.4232,39.0616
439.2060,874.5082,50.8727,38.6610
453.4512,867.9936,49.2846,39.3449
465.3900,866.7436,49.3453,39.9318
477.5313,862.5642,49.2959,40.8559
491.0218,856.4341,45.8993,42.6720
519.6815,850.4985,46.3915,41.6857
542.4973,847.6247,44.5911,42.8734
558.0239,848.3434,50.6278,36.7381
568.0928,849.9417,48.4470,39.1516
569.3729,852.2309,48.4116,39.8194
570.8804,855.9709,47.0028,41.7561
571.8647,859.5784,47.0880,42.5518
572.0023,859.9631,47.6080,42.0854
572.1822,857.5103,47.8603,42.3479
572.6135,856.3551,48.5600,42.0079
572.0036,844.2824,49.1885,43.8533
573.1501,843.1688,51.3497,42.6214
577.7495,840.9857,51.9974,42.7820
578.6434,840.0810,53.4941,42.1169
587.7258,841.8258,58.3743,36.2426
589.3282,846.0522,60.1971,34.7420
595.3603,849.1230,60.1448,33.1315
601.9383,848.1906,56.9934,33.4191
613.9446,848.0056,54.8655,33.5475
612.6281,844.9254,53.6276,33.8059
613.8774,845.1188,53.8303,33.9656
618.1454,840.7464,52.6494,33.5914
623.4193,842.3792,51.9526,32.4006
628.9360,842.6788,50.5577,31.5103
637.2910,839.4330,48.5651,31.8968
642.2809,835.8843,44.7812,34.5352
648.2433,832.8184,42.4071,36.2718
658.9370,829.1001,40.5672,37.1442
668.5343,825.0202,38.6949,38.2711
670.6415,822.9922,37.6375,39.3563
673.9395,819.8433,36.0006,41.0216
679.7040,814.7144,34.9046,42.2426
685.5659,809.5580,34.8037,43.1593
690.2934,807.9896,35.0114,41.7177
697.6236,799.7054,33.6406,42.5062
704.1860,791.7788,33.7888,41.2067
711.8377,771.0205,34.0696,39.5888
720.8499,760.0054,35.1157,39.4191
733.2774,747.1263,35.1381,39.6317
751.7053,724.4531,35.1515,39.5695
763.2873,706.9597,34.6856,39.6513
774.9945,690.5762,34.6477,39.8216
779.4435,684.8675,34.8706,40.3017
780.4153,680.9964,36.2766,39.7936
782.2314,681.2109,37.9280,39.1198
783.4315,682.0482,39.5300,39.5097
783.7697,682.0383,41.9605,39.3363
784.0220,682.9615,42.8205,39.4233
784.3261,683.5880,43.6751,39.3154
784.2104,686.7123,43.7585,39.3617
784.6804,691.2153,44.6321,38.5504
784.2505,693.7346,44.6795,37.6738
785.6680,696.1612,42.7301,39.7371
786.6145,698.2592,41.8122,40.0789
788.0342,699.8439,39.5327,42.0056
787.9755,703.8898,39.1792,44.0601
787.2626,706.4739,40.4912,43.6373
783.1409,709.4570,41.0642,43.8942
784.3468,712.2736,40.6456,44.7000
784.1992,714.7590,39.9504,45.7467
774.2820,714.4551,36.8023,49.3521
769.3429,722.2982,36.7576,51.0083
764.8304,725.2153,36.2564,51.7893
758.1990,722.8840,36.5217,53.3536
751.0405,726.1107,36.4946,54.7594
740.6863,729.3898,38.0656,52.9135
722.6153,733.6311,41.4434,49.7022
707.3657,745.5952,42.4636,48.6528
697.0885,747.6224,41.6123,48.1744
685.8689,754.3821,43.4467,44.5181
680.6187,757.5574,43.8827,43.5062
678.0851,760.1508,44.4369,43.6143
676.8563,754.0079,42.9796,44.6466
677.5848,755.0696,42.6775,44.7329
677.1662,756.2233,42.4495,44.4882
677.8553,755.7653,42.4802,43.8602
672.2947,754.2139,44.4859,42.0245
677.0076,759.4262,43.9993,41.6309
675.8827,759.0767,43.8185,41.5751
675.9149,761.7022,42.0942,43.0656
675.3707,762.8384,39.7437,44.3085
674.4669,764.4662,39.5468,43.9497
671.7545,766.0972,40.1020,43.6813
671.8681,767.7008,40.6483,42.4011
671.4728,768.8660,41.0656,41.7204
669.4012,761.8581,41.8290,40.7530
667.4664,758.8710,43.6648,40.4736
669.2607,758.5375,45.1210,39.9389
670.6802,756.9391,45.6928,41.4129
665.4006,756.0674,46.6150,41.7401
667.2504,750.7357,47.6637,39.3279
667.6105,746.2251,45.7467,39.6621
669.4070,740.7856,43.7333,41.5617
664.6276,735.5847,42.6297,42.4304
662.6857,725.7736,41.9608,43.9403
651.4554,709.8776,41.7648,45.9459
646.6911,703.9448,44.0362,45.7371
644.1298,694.9890,44.8628,47.7926
628.9105,681.5636,47.3199,44.3631
619.9622,667.9494,47.3699,41.5465
607.6851,651.5283,46.4308,41.6318
587.7812,641.0958,45.0173,42.5392
548.9550,631.2972,45.2937,42.5784
509.2858,631.2689,47.2796,41.5746
487.6897,632.5089,45.6957,41.0815
478.7094,634.8437,44.1197,42.0474
444.7883,644.7122,47.6884,36.9517
416.0755,652.4935,44.4987,38.8963
390.2147,661.5577,46.2419,35.0852
368.9102,674.4990,47.1563,32.7344
349.8963,685.1363,41.2245,36.6637
346.1845,706.5170,41.0404,36.6736
324.8467,725.3380,34.3212,45.9167
309.7882,755.8041,35.1887,45.5948
299.3205,787.2567,37.0881,43.6309
305.5724,806.6490,36.9212,46.0557
306.6423,816.0961,37.6055,45.7240
317.3822,816.7697,38.5429,46.6697
331.3820,816.7729,38.2049,48.1648
339.9701,816.2012,38.8288,48.2210
354.0325,818.2761,41.2349,47.2440
368.1148,827.5428,40.9137,46.4242
390.0571,827.9003,40.7540,45.8663
400.2281,830.8254,40.7312,44.3220
413.1093,837.7493,40.5703,44.2296
427.1793,845.1862,40.4644,43.2903
429.7228,852.9339,40.1387,45.1767
431.0844,861.9415,40.0305,46.1449
432.4012,862.1823,40.2656,45.4667
430.9834,861.8472,39.6394,46.5950
427.5255,854.0383,34.6162,53.0153
415.4488,848.0853,38.5102,49.0352
397.3238,846.7423,40.8829,46.5726
378.0162,845.2010,43.3765,44.6443
353.9272,840.5717,51.0146,37.3095
337.3795,833.0045,50.5571,38.8258
314.9955,819.4188,49.8771,39.7279
297.2304,809.1985,46.1931,41.0581
273.6838,788.0850,44.5077,40.8865
250.9949,766.2315,40.9525,45.8260
228.0725,740.2766,40.6990,44.2114
204.5560,713.8748,40.6807,43.9199
189.1729,689.8560,35.3198,51.2473
173.9747,677.1143,37.8128,48.1474
172.1496,674.0179,38.8889,46.7515
170.5100,673.7791,39.8813,46.0714
167.3359,673.7204,41.2013,44.9510
163.6514,676.1307,42.9436,44.1760
158.3208,677.0635,45.7057,43.3624
152.8197,677.6163,48.3771,42.2914
150.4092,675.5869,49.3376,42.4735
147.6310,671.7931,50.9299,41.5478
147.3523,670.7445,51.4351,40.0500
146.2551,667.8538,51.2746,39.8678
147.0826,664.3746,48.9117,41.2927
146.1521,663.2069,46.9241,43.7164
141.0625,652.2701,44.6163,46.7937
139.5806,643.4202,43.4964,48.2410
139.2688,627.4402,43.0661,45.6256
131.4240,617.3105,42.1863,46.3253
121.0531,594.6563,41.2779,45.2952
121.3380,578.4680,39.5657,48.8450
121.8865,569.2073,39.3513,50.3918
123.0320,549.5045,39.3266,48.7696
129.6037,527.1275,39.1623,49.8078
130.1358,503.7177,40.9812,48.2534
131.3518,479.6465,40.1325,49.9854
139.8916,444.8223,40.2307,49.5331
153.2863,409.4471,35.6664,53.8593
158.2339,386.7445,38.4647,51.2229
171.5273,369.6330,40.4373,50.2280
180.3386,354.8726,42.6228,47.5474
189.5295,348.9087,42.0416,50.6786
191.6169,349.2898,42.5995,50.6801
192.9337,349.4796,42.2777,49.7520
193.9371,348.0458,41.9033,49.6517
195.9264,346.5730,41.9192,50.9166
197.0976,347.6397,42.0319,50.6465
204.9874,339.3722,40.9681,48.6674
207.6116,338.9664,39.3778,47.6970
209.3392,339.2113,37.9189,46.7153
210.2166,338.7874,36.5991,45.7535
210.3929,338.2313,35.4671,46.1835
211.1590,338.7560,35.0261,45.7071
211.1803,339.5787,34.4758,44.8615
210.2107,338.3844,36.2594,42.7933
210.5082,337.0678,37.5255,41.3441
209.4168,337.9465,38.4058,41.0934
209.2264,338.9901,38.5638,40.8137
209.6275,339.3928,38.0971,41.3943
213.3522,339.5572,38.0696,40.9864
218.9646,337.9796,37.8149,40.0056
228.3533,339.5043,39.3250,38.1436
232.7841,336.7491,39.2724,37.4552
240.2817,333.6887,36.6382,41.1426
243.7155,324.1555,34.6869,43.5963
245.5514,318.5193,35.1668,42.9804
252.1316,313.0139,34.5458,44.9752
253.4129,312.6320,34.9310,45.2541
266.3311,303.9901,34.2813,46.8546
274.6838,291.6693,36.0362,44.7132
282.8691,285.9668,36.0485,45.4108
290.2265,282.9937,34.6497,47.0850
291.4160,275.4602,35.6386,47.3354
292.3590,265.8525,35.5140,46.4872
291.9854,256.3949,38.1261,43.9886
291.5146,254.4425,38.4661,44.5960
291.9441,245.6387,38.2081,46.3196
282.9382,244.3789,40.9974,45.1885
281.3314,241.4304,42.7305,45.2182
280.0284,240.4348,44.3789,45.1348
278.5550,239.8776,45.8823,44.4421
279.1410,237.8760,46.1277,44.2406
279.4848,241.6849,46.5789,44.2542
280.5719,240.1790,45.1439,46.7037
281.1631,238.2228,46.3206,46.2319
281.0484,242.8693,46.4950,46.7654
281.6495,245.0398,46.1698,48.3218
281.5808,244.7444,45.9667,49.1281
282.1588,242.9040,45.9829,49.7078
281.9078,243.2656,45.8107,49.6747
280.9756,243.2683,46.0969,48.8091
281.0813,244.5503,46.4361,48.0368
279.7748,244.8383,47.1466,46.7356
280.7490,245.0727,47.1148,46.1418
281.0748,245.5218,46.4524,47.0171
280.4096,241.5149,45.8034,47.6281
279.8436,242.9032,45.6693,47.7596
280.1440,242.7289,44.3866,49.6550
278.5340,240.2827,43.4611,52.1450
277.6515,234.7168,43.3036,53.4108
276.7989,235.2572,44.1070,53.7116
274.9355,236.1103,44.7206,53.8043
272.5878,236.0079,44.6979,53.7473
269.0440,237.0304,46.0538,52.0725
264.6191,237.8372,48.2410,50.4053
258.9679,238.9923,50.6810,49.3823
252.6437,239.8944,52.7394,49.5187
247.0495,240.7026,54.2818,49.4715
246.4339,244.9269,54.3985,47.7578
239.8505,249.1802,55.1881,45.9981
229.5619,255.8961,53.9566,43.7671
221.3677,267.3259,51.3613,43.4441
205.9696,282.6053,47.9191,45.1229
186.9015,304.9160,46.2377,45.3826
178.4774,317.0445,44.1567,45.2270
174.5520,323.0173,43.7167,44.5389
170.9034,326.4464,46.3897,42.7457
173.8145,322.9256,45.4709,45.1877
179.1104,318.4487,43.6948,50.0093
181.4693,316.5174,43.2444,49.8261
192.3644,298.5194,37.6344,53.7721
201.9988,286.3893,38.1349,52.6833
217.0184,278.6894,41.0673,49.4229
243.2195,261.7893,40.5295,50.5588
264.6103,244.8574,39.6699,50.3571
291.1994,222.4134,40.6981,48.9740
324.2198,211.9363,41.6427,48.2828
358.8781,200.0073,42.4995,46.8616
387.5198,196.6736,42.7334,45.1902
415.5591,197.2387,43.1581,44.0145
438.3493,218.4943,47.2204,38.4120
480.2100,242.0916,45.1384,39.1921
489.4851,249.4039,42.3416,40.7648
498.6417,251.3100,40.8855,41.9827
512.8146,256.5020,41.0149,40.3765
529.5715,256.4912,39.0753,41.1674
566.6350,246.6542,37.9470,41.2930
599.7657,229.1188,36.4480,44.8221
614.5109,219.7598,37.0238,44.0771
619.4913,218.1818,37.7577,42.5816
621.4007,220.1969,37.6639,41.9071
619.6407,222.2003,37.7803,41.4718
618.3568,223.2005,37.6351,41.5778
617.7800,221.3684,37.3261,41.2083
614.9538,219.1731,37.2885,41.7835
610.8559,216.2823,32.3214,49.2195
605.8836,209.3504,30.3059,53.1395
594.9429,200.1088,29.9358,52.1447
584.1759,196.3579,34.6673,47.9985
550.0239,190.0074,36.1906,46.7428
527.1458,178.1946,36.6710,46.4812
510.0490,178.1304,37.3940,44.3768
497.0007,174.2491,39.3561,41.8773
496.0089,174.8240,38.3300,43.3642
497.0447,179.0301,37.5394,46.2247
509.8179,186.2248,36.5163,48.8553
516.2985,187.0252,35.3944,49.7593
525.5760,190.3610,36.9851,47.4530
540.9697,190.8833,38.9261,44.8512
562.2516,198.5968,39.9854,42.0935
598.7367,210.8806,39.5106,42.1117
634.7664,218.6984,38.6640,41.1652
659.2639,232.7239,38.5310,39.0821
677.8917,249.5387,37.0525,41.0433
700.1997,274.0167,32.0954,46.1622
720.2282,309.3290,34.7434,41.8055
734.8267,316.9302,34.8937,40.5062
755.7164,331.0972,35.6058,38.2052
772.3880,344.3206,35.8467,39.1154
788.8692,361.9220,30.9731,45.1999
792.6374,389.8442,33.3719,42.5214
776.6397,429.7542,29.0094,48.8178
781.7015,458.4381,28.0749,50.5870
774.7144,502.2000,27.6947,51.7505
755.7659,546.3908,27.1919,54.6848
751.0772,577.5090,27.0579,56.2450
738.9134,608.8416,27.9703,55.6143
721.6477,619.1884,32.8010,48.7337
699.9567,624.8476,38.1099,42.8706
673.5463,628.8627,44.6779,36.2624
651.2534,618.8455,43.3231,36.8935
635.3433,601.0724,41.4759,37.7608
617.3285,576.5989,34.6983,46.3694
597.0762,536.4854,34.3088,46.7300
580.9890,495.8796,36.8059,43.8797
577.2736,450.0233,38.6106,42.6263
565.3019,403.0736,37.9632,43.7170
555.4615,381.0249,37.4164,44.7163
555.7518,370.1043,37.7997,44.3072
539.8508,343.0218,37.6517,45.4856
526.1977,302.0465,39.1704,43.2733
509.6060,283.7707,38.1687,43.3960
503.0890,268.6729,39.0342,43.7023
497.8599,235.8341,38.9421,43.7975
498.9388,195.9218,39.4058,43.9189
506.6795,180.2106,36.9249,47.2482
508.4101,180.6461,35.8194,50.6427
509.2435,180.2242,32.4416,56.5672
502.6705,182.0389,32.0647,59.0935
494.6125,182.2213,32.5261,58.4433
483.9909,185.3426,38.2936,50.5024
461.9339,187.2267,40.9529,47.9814
436.8132,183.7681,40.4395,47.7712
403.4513,186.5708,43.3621,44.6272
376.3868,194.6102,44.3455,42.1992
353.8790,212.8768,41.2405,43.3031
322.2979,225.5425,41.6221,41.6441
296.1331,233.7666,43.3343,40.3860
277.2471,238.1582,42.4670,39.5137
262.1150,251.5962,39.9659,40.4338
242.2600,281.3548,38.2349,41.4869
228.2063,319.2613,36.7791,41.7513
222.1024,368.4655,36.4646,40.9233
228.3624,415.4927,31.6650,46.0485
242.9013,473.3784,29.2097,46.7103
258.9308,525.3425,27.1701,47.9333
264.6390,537.5223,24.0783,52.8781
263.1194,566.4344,29.0200,47.6023
246.3838,583.6295,31.2515,45.2780
230.4541,599.3491,31.8018,44.1655
214.8862,616.7717,32.3405,41.7935
194.2030,638.8090,38.2974,35.9892
173.6332,639.9089,36.3848,36.2946
168.0522,642.9382,35.3871,39.1567
166.9184,645.9844,36.1939,40.1963
163.8436,648.0091,36.0372,42.6868
160.7389,650.5303,36.1522,45.3371
158.6342,653.5674,36.4060,47.1490
159.0683,655.6480,36.6238,49.4342
158.7136,657.8338,37.0943,50.7454
159.6148,659.0082,37.5223,53.2842
160.2498,662.2231,37.9842,55.7705
167.5463,666.8918,38.4720,57.2567
173.9311,679.6100,39.3434,58.3618
183.5423,696.4047,39.9428,59.1589
203.0596,708.9080,43.4960,56.9871
216.9634,729.5948,43.7957,57.3064
227.3645,747.9444,44.6594,56.8614
236.3643,754.5953,44.9599,57.0792
247.2900,759.8898,46.8131,56.2225
259.9924,763.4857,47.3682,52.3761
277.4656,762.4570,49.1858,49.1205
301.4956,756.6442,56.1470,41.8381
339.7965,749.1863,57.5357,37.2541
372.6889,743.9589,51.4511,42.1929
395.5061,747.4603,53.9084,37.1665
426.9103,749.8024,53.3406,35.1167
445.4805,751.9146,47.8899,38.6259
477.9344,770.4925,44.3274,40.5751
491.9385,783.8654,41.4245,45.1719
498.9042,810.7575,40.8782,47.9044
511.7367,830.0164,41.3932,48.0996
514.0413,833.5683,41.8547,48.1821
523.3887,835.0593,43.6067,46.7885
527.3039,835.3856,44.9522,44.3810
529.8419,836.1833,45.9910,42.4864
531.6375,836.6035,46.5768,41.0253
536.4349,834.2438,47.7006,39.5577
542.0320,835.9969,47.5661,39.3787
544.3822,837.0752,47.9052,39.0241
543.4844,838.9055,48.7178,38.5269
543.6083,839.1823,48.9353,38.4172
542.0148,833.5792,45.5164,41.3893
543.2396,831.2981,43.2072,41.0952
544.9976,831.9678,41.0656,41.2520
546.3871,825.2700,40.2763,40.4490
547.5747,823.0790,40.1769,39.5188
550.6125,820.7961,39.3998,41.1521
552.9718,816.5026,38.5100,41.7779
553.8383,815.8943,37.8802,41.4963
556.5081,813.8423,38.0749,40.9481
558.2952,812.8536,37.8611,40.4497
558.8578,811.9078,38.3503,40.0929
558.8141,812.3917,39.0080,39.3742
566.8458,809.7224,39.8326,40.6070
575.4622,803.7689,40.3605,39.5287
577.3849,801.6707,40.3805,38.9439
580.3044,798.2565,39.6144,38.5227
587.2676,792.3015,39.9963,37.1006
588.6351,792.7307,39.5093,36.9417
590.4169,793.7687,39.3263,36.3240
595.0685,795.7231,44.4034,32.1570
602.3585,794.0695,48.4090,29.6338
608.7911,791.7958,49.8103,28.3174
611.7144,788.3341,51.6735,27.4993
612.0632,789.1221,50.9201,27.4458
614.4460,787.4904,49.9911,27.0582
618.3723,787.9319,48.5264,27.4443
618.6772,787.5128,47.2162,27.1098
619.9769,786.2288,47.4692,27.0805
619.5151,786.7957,46.5445,26.9734
620.9167,785.8042,46.0730,27.2624
621.2026,786.5800,46.4168,27.3525
621.8110,787.2475,46.4405,27.1448
621.6280,787.6705,45.5824,26.4508
623.9597,785.8448,44.9969,26.2529
625.5963,786.8403,44.1857,25.9404
627.4020,788.3943,43.4758,25.7862
629.9034,788.0167,43.3225,26.0952
647.5200,796.2050,40.7982,29.1134
647.9515,795.8179,38.6529,31.8113
651.6663,795.5887,37.8735,32.5462
651.1017,795.3293,37.6818,32.7567
650.4631,793.1236,36.8186,34.8058
648.6081,787.2675,37.5746,34.3300
650.3986,785.3051,38.2370,33.3528
651.8085,782.4392,42.4296,29.8508
661.7498,779.0237,43.5830,28.3498
680.8792,768.7500,38.9303,31.9144
694.9449,756.6990,34.7828,35.5027
706.8411,742.5633,34.5399,36.5522
711.4144,735.3799,32.2229,38.7023
712.5696,737.5812,31.5081,37.6442
713.4871,738.0815,30.9942,36.6897
713.6863,739.4443,30.7872,36.0790
714.6480,738.4999,29.5600,37.2419
715.5146,737.4848,28.6519,38.2655
716.1938,736.4104,28.1629,39.4005
715.7615,734.3076,28.3845,38.9890
