1
50.2716,578.2245,50.3316,42.9909
70.9712,590.1685,55.1176,37.9189
92.1384,604.7180,55.4504,34.9290
112.4971,617.7238,54.6733,32.2439
137.1652,629.8641,53.7449,29.9665
166.6948,635.8658,51.8175,29.3809
188.8168,646.8722,50.7743,27.9297
220.7683,652.4780,49.2918,27.6253
251.9604,662.0561,48.0837,26.9887
281.2572,666.9284,47.1969,26.7191
317.1961,668.5318,41.8898,31.4523
351.8533,670.4561,38.4063,34.7711
389.0870,673.6406,36.7177,37.9582
422.0737,676.5439,35.2247,40.5891
453.9357,675.5312,35.1976,42.3666
486.8724,670.8867,31.9131,47.5525
518.7394,659.1293,30.3004,52.1155
551.0402,653.9152,30.1487,55.1123
579.6934,648.1498,29.9583,57.5813
609.1237,641.7974,29.7954,59.7222
638.4736,634.8931,30.0055,61.4430
667.1873,627.3596,31.1897,62.8068
690.6268,620.5562,31.7776,63.5602
709.0913,615.0717,32.6559,64.0033
728.2305,608.2949,32.6165,64.5188
747.7441,604.9437,32.7860,64.7663
767.5605,601.4006,32.5612,65.6804
787.7318,595.6977,33.8862,64.9789
807.7740,592.3851,34.7712,64.2494
824.1498,590.9673,36.8367,60.9348
828.7328,588.7756,41.4784,57.4739
858.3990,586.0876,41.7384,57.4624
876.7965,581.8002,41.8934,57.2664
893.9467,578.7214,41.7583,57.0525
911.1641,573.2429,42.3637,56.9390
922.3696,574.0032,42.2783,56.7296
938.4627,570.8212,43.2739,56.0706
949.7478,570.0455,42.9151,55.3937
964.9907,565.4455,43.6879,53.9922
973.6168,564.6064,43.4252,53.4787
983.6060,564.0599,43.0900,53.0466
994.4893,560.2994,41.7087,52.3329
1001.0399,557.5717,41.2015,49.8937
1007.2769,553.5636,42.3915,47.1346
1016.3931,549.5999,41.8690,44.4914
1025.4341,546.8153,41.0234,44.3854
1029.0427,539.5826,40.6566,42.4438
1036.2780,532.2298,40.3357,41.2271
1048.6149,520.6547,40.4776,39.1136
1053.9451,510.0097,39.6798,38.2931
1062.5128,501.8202,43.8851,33.1833
1064.2539,494.3790,44.5621,31.0335
1065.3297,485.5202,40.8481,32.0984
1069.1693,476.7529,36.6978,34.2519
1071.7689,468.9551,34.2934,36.2362
1075.2263,459.5305,34.3856,35.2946
1064.0999,444.6984,38.5048,29.7048
1062.6700,441.7148,40.2026,27.1217
1063.2075,437.7772,40.6310,24.6313
1065.9329,432.8674,39.4504,22.8462
1068.2756,425.9857,38.2918,20.6661
1069.3217,420.2290,36.7764,19.0701
1069.4602,413.9861,35.4111,17.6318
1070.7784,407.4314,33.8731,16.2439
1070.7177,401.4185,32.7048,15.3603
1070.5785,397.1367,31.3852,15.0963
1071.2181,390.8867,29.8841,14.9856
1071.3412,384.8341,28.9422,14.4082
1071.5604,376.9086,27.5990,14.1567
1070.2455,370.5786,26.9252,13.8713
1068.7374,362.8296,26.7773,13.6226
1067.0514,357.3907,26.5688,13.5013
1066.3625,353.7065,26.3499,13.3983
1063.4419,349.2957,26.2302,13.5158
1060.6948,346.8755,26.3923,13.7005
1060.5045,342.8115,24.8280,15.0806
1060.4685,338.6956,23.8291,16.1291
1060.1927,335.5122,23.4044,16.4733
1060.5820,332.8071,23.2785,16.7665
1060.6012,330.6759,22.9413,17.1200
1061.0341,329.9625,22.6590,17.4515
1063.1245,330.8467,22.0481,17.6396
1064.8956,331.5920,21.7353,17.8210
1067.1936,332.5592,21.4140,17.7291
1069.5957,335.6378,21.4812,17.6698
1073.3022,337.2985,21.1848,18.0144
1077.4523,340.2184,20.7036,18.1748
1081.7670,340.5388,20.5363,18.0739
1086.6080,339.0495,20.2335,18.0154
1091.2324,339.9289,20.1231,17.9489
1095.6532,341.4142,19.9261,18.0751
1099.9849,341.0029,19.8824,17.8867
1106.0000,338.6099,19.8623,17.7992
1110.9170,334.8878,19.9908,17.2043
1114.2351,331.7859,20.0273,16.6777
1118.0763,327.6678,20.1694,16.3012
1121.9834,323.8202,20.1289,16.1424
1124.3059,321.6359,20.2266,15.7237
1125.5970,319.7125,20.1437,15.6234
1125.8271,317.1220,20.1975,15.2649
1125.8082,314.7619,19.9944,15.0441
1124.3136,313.1152,19.8541,14.7619
1122.4596,314.0073,19.9470,14.3577
1120.1829,315.0624,20.9918,13.2159
1117.4432,316.0870,21.5979,12.1401
1113.9822,316.9550,22.0286,11.3827
1112.0623,317.3963,22.2311,10.8532
1108.6265,317.1381,22.4188,10.3504
1106.6927,317.1394,22.3654,10.0000
1105.1548,315.4613,22.2212,10.0000
1103.6094,314.9767,22.0088,10.0959
1102.0928,313.1139,22.0849,10.0000
1102.4125,313.2502,21.8557,10.0000
1102.7595,313.6241,21.5707,10.1577
1101.7333,314.0355,21.4773,10.0761
1102.4294,314.5479,21.6025,10.1180
1103.8210,315.1571,21.6172,10.3307
1105.3250,315.8170,21.5404,10.6869
1107.3229,317.5757,21.6020,10.4587
1110.4120,320.3300,21.4177,10.5996
1112.0162,323.0334,21.1519,10.8320
1114.1147,323.5194,21.2202,10.8683
1117.8175,322.0373,20.0164,12.0010
1121.3726,318.6790,19.0353,13.1295
1123.5090,315.6018,18.5196,13.9126
1125.7004,312.9424,18.6065,13.9893
1127.3505,310.4720,18.4556,14.4116
1128.1439,308.0243,18.5831,14.6899
1129.0081,306.3846,18.7409,14.8830
1129.8328,303.5673,18.9960,15.0446
1128.3712,301.4437,19.2739,15.1766
1127.2670,301.7686,19.3825,15.5319
1126.2008,301.0153,19.5527,15.7228
1124.1866,302.4001,19.7858,15.7766
1121.4614,302.6153,19.7026,16.0467
1119.0865,303.3079,19.9248,16.0131
1116.1383,302.4230,19.8697,16.2208
1113.2389,301.0624,19.6369,16.5097
1111.0171,299.9611,19.4939,16.7649
1108.3435,300.9326,19.5406,16.9022
1107.1483,301.5536,19.8169,16.9707
1103.7931,299.7615,19.8303,16.9084
1101.9977,296.6331,20.1645,16.8513
1098.5590,294.5374,20.2029,16.6235
1096.6971,294.2754,20.5755,16.3504
1093.5278,292.4782,20.6548,16.2672
