1
388.5714,472.7755,59.2143,66.5715
393.3239,464.9648,61.6957,68.1104
401.0593,458.9128,63.2875,69.4635
403.8849,454.9576,62.3035,70.4598
398.0138,455.2817,62.5799,71.9402
389.0219,457.5650,64.1525,73.2711
378.7116,463.0685,68.4395,70.0405
367.2265,472.4719,70.4811,66.3527
364.6973,486.5149,68.4040,66.7295
381.9722,504.4933,66.2353,67.9770
392.3429,502.8078,65.5120,68.0541
416.5301,492.5144,64.6547,67.6709
455.2561,476.1574,66.1057,64.3609
458.8706,472.2114,66.1335,64.3607
2
0
0
0
0
1
972.3326,383.4709,74.1439,38.3280
1034.5326,374.8896,73.5758,37.0932
1088.6145,366.6418,73.9672,35.2994
1134.2531,359.6480,73.2375,34.8779
1193.9167,348.0420,71.7129,34.3236
1245.6089,336.8843,69.8856,33.1020
1297.1666,331.2935,70.3808,31.6707
1341.3961,323.5607,67.8832,31.3261
1384.7506,313.1323,67.3487,30.6094
1421.5122,306.2810,66.6008,29.8460
1457.8184,298.9315,65.6696,29.2339
1493.9208,291.1135,63.2801,29.7480
1494.2031,293.4269,65.9322,29.3656
1496.8835,296.7419,67.1812,29.5513
1515.7648,296.7409,64.8381,28.7381
1528.5917,301.9604,62.0891,27.6355
1547.3440,309.4789,61.2215,26.2196
1561.2020,316.5009,54.5811,32.9243
1573.7406,325.4622,50.2912,39.5595
1585.6383,325.2321,48.2132,44.6552
1601.3329,325.9599,48.5709,48.2165
1607.6063,321.6141,49.8479,51.5246
1604.9825,310.3809,50.8675,54.0884
1603.1498,304.6577,51.8249,54.5430
1600.8580,296.6478,53.0758,54.3532
1600.0916,288.9039,53.8957,53.2841
1600.9281,282.8097,54.8892,51.5119
1599.5065,278.3397,55.6241,49.2992
1598.2516,272.5273,56.3171,46.9254
1596.4148,266.0413,55.9782,45.8870
1595.9221,259.2926,56.6578,43.9941
1594.8405,250.2319,55.6663,43.9111
1597.3701,243.2522,54.5482,44.0638
1598.3529,235.3601,53.7490,44.2828
1594.2804,227.5523,52.2421,44.6948
1588.5117,223.0339,52.2812,44.9390
1583.1678,217.5219,52.2129,44.8866
1578.5498,214.6261,52.2859,45.0166
1572.4230,211.7095,54.3253,45.4265
1567.5128,208.0191,55.6380,44.7975
1563.8773,204.3487,55.4199,45.0350
1562.7720,199.0478,54.8857,43.8687
1559.5525,198.0600,54.6660,42.1946
1557.0841,196.3842,53.8843,40.4293
1552.4623,195.8727,52.8193,38.6486
1542.5328,200.0707,55.7822,34.0624
1536.2841,203.9831,55.3979,31.7118
1521.1512,208.1954,55.8978,30.0189
1493.9397,210.3201,58.7653,32.6106
1451.3494,201.5414,62.1071,32.9397
1401.9349,227.7974,61.1616,34.6446
1351.1515,234.9391,57.7670,39.1814
1295.3639,244.4244,57.3907,42.2796
1243.5098,255.6169,57.3126,43.7720
1191.4005,264.8478,57.4384,45.7620
1143.6565,276.8989,59.1317,46.6950
1094.3018,286.1384,58.9706,48.1110
1049.8739,296.3513,59.2675,48.7242
994.3229,308.1267,61.1473,50.0643
948.1033,321.2395,63.6472,50.9311
900.5414,335.1824,65.4075,52.0497
852.1689,350.3394,66.3373,53.4111
809.2499,363.7210,66.2509,54.2446
760.0848,384.1122,67.2444,54.4658
708.4547,401.6459,70.9609,54.9303
657.0536,419.1612,75.2254,56.7675
612.5905,438.0635,78.5060,58.5732
570.5472,454.2556,78.5550,59.7018
522.5147,474.9151,81.4207,60.4887
476.4693,495.7573,81.6678,62.3734
440.5997,516.2035,78.6330,64.3801
432.8579,512.0602,78.9805,63.4532
418.0666,514.3661,76.7236,65.5186
415.3241,516.4330,72.7929,69.5023
414.4884,526.1034,69.7367,71.5059
411.5046,537.9709,67.8746,73.3200
409.6395,545.6410,66.0435,76.3040
409.8797,553.5715,60.0881,80.4021
409.4242,553.0388,54.6185,84.2992
410.6605,551.2025,47.8762,90.2389
401.5470,549.6934,43.8208,93.1110
392.3515,548.1466,42.2677,94.1036
390.2688,547.3094,44.0209,92.6602
402.9019,540.0179,44.6955,91.7071
407.6859,538.1068,48.4756,87.2363
414.1609,536.3383,54.5003,82.5889
418.3563,531.6612,61.0453,77.4108
418.5457,526.8541,66.1674,72.1480
424.5180,528.4775,67.4699,70.9065
422.9991,530.6830,66.4268,69.9056
418.4360,531.9271,67.6629,67.9983
420.1343,531.9863,67.1179,65.5959
418.4211,532.8448,67.6693,63.4455
415.3864,531.7669,68.2588,61.6228
411.3559,531.4965,68.0878,59.5248
413.5452,530.6215,67.3460,58.7384
414.9957,527.0034,64.6464,61.0192
411.3925,525.4490,63.8624,63.2246
409.1013,524.1686,65.7051,61.9421
408.9641,523.0777,64.0639,61.8607
410.9857,519.4929,63.2963,61.6996
411.8881,515.9580,62.9407,62.0571
410.8033,514.5138,62.7612,62.2452
414.0497,513.5175,61.9390,63.2357
418.5934,512.0759,61.0664,64.1230
425.5473,510.9442,60.7421,63.8996
424.7127,502.3404,60.2012,63.3912
443.1728,494.2323,60.8586,62.8426
463.2878,479.0731,63.2129,62.0348
493.4648,458.2774,66.8190,59.6923
513.4429,478.4338,75.5217,54.2731
2
0
0
0
0
1
1080.8623,363.4419,87.0415,41.1370
1138.9366,357.4800,89.7767,38.1102
1204.6333,348.9776,89.3796,37.5278
1270.6490,342.3096,87.6631,37.7248
1336.1619,331.5246,86.6326,36.9102
1390.8550,318.6793,85.1467,35.0270
1443.4696,311.4392,87.6317,33.1394
1496.7025,302.2521,86.9239,33.4368
1556.4413,290.9909,81.1314,35.8350
1592.8772,290.4891,81.5419,34.2179
1597.5083,285.9454,77.6752,37.8280
1601.6157,275.3076,70.5695,43.3675
1604.1810,275.0318,73.2104,39.9592
1604.2124,267.7242,73.8584,38.2774
1603.4714,261.7463,75.0901,35.0908
1598.1987,259.8887,73.1814,35.4745
1593.9746,264.5742,70.9263,36.0555
1589.7441,270.0362,71.0495,33.3007
1584.1460,275.5170,69.9776,31.8454
1581.8452,267.7817,68.4135,32.1052
1582.2509,261.1468,67.8636,31.4463
1576.9957,267.4267,68.1798,31.0622
1570.1669,272.0950,67.9918,30.4324
1559.3992,268.8191,66.0791,31.6329
1556.6742,262.7861,62.8026,35.1758
1551.3647,259.1621,60.2591,38.1489
1554.6003,253.7956,63.1279,36.9833
1546.6013,248.1079,63.0362,35.3181
1546.1975,237.5364,63.4692,37.5017
1547.8489,230.1098,62.5357,42.2857
1549.7914,222.0007,61.4486,47.5651
1549.1158,221.7907,62.6621,50.3163
1545.9437,223.4048,63.1083,50.5258
1543.0508,228.9717,64.5258,46.8556
1537.6625,235.5584,66.2706,41.6888
1526.5739,245.1262,65.0532,38.5603
1520.5356,248.1636,64.2418,35.9584
1508.8358,257.8234,63.0682,33.6583
1497.4038,267.3217,61.2422,32.8167
1474.6815,274.4301,63.0159,33.8485
1427.8628,283.7734,60.6064,37.6838
1373.9263,298.7724,58.9976,42.2137
1320.0651,308.3548,61.1090,44.4873
1268.7188,317.1411,62.7015,47.2276
1216.2245,326.8788,66.5188,43.9289
1171.3663,338.5572,65.8096,47.2817
1125.9099,348.4028,67.6798,43.4429
1076.4413,359.8051,69.0955,42.3968
1034.3663,373.1351,68.1635,41.2685
984.3600,379.6351,69.2817,40.6735
938.9709,392.4235,68.0424,40.9648
900.7553,399.0089,65.3631,44.6808
855.7379,406.7831,67.2305,41.7404
811.7689,420.5958,68.5349,41.6938
768.6961,429.3822,70.4847,41.5146
723.7025,437.3670,72.5295,40.5762
682.8934,450.4610,71.9733,41.3341
644.6063,457.1586,71.9055,40.6867
606.9168,463.8716,71.8618,40.3262
573.8972,474.2778,69.9353,40.8502
531.6360,480.8223,71.9776,40.8207
489.1106,488.6700,75.9258,40.9779
454.0346,496.2262,77.2322,42.5786
424.6927,499.1167,78.8452,42.3793
388.2466,505.9976,79.5108,40.9914
363.0525,509.7613,80.6783,41.7465
335.8415,508.5729,79.1443,42.8007
317.5374,504.6536,78.9173,45.4227
313.3136,500.4451,76.9531,50.7681
307.8040,496.2776,74.5870,53.0639
304.1483,494.9680,72.9710,53.2938
290.8264,495.4590,74.0110,52.8327
283.8942,496.1001,74.3494,53.8668
279.8048,496.5791,71.9264,55.0820
279.6967,498.6856,68.6694,56.3112
290.3498,507.8955,65.2019,59.1889
280.4459,508.7549,64.4613,58.9754
262.1730,509.0095,66.6731,55.8183
275.4641,517.9632,63.7421,59.6995
296.5896,529.5012,56.1750,66.9260
297.0704,538.1701,55.5322,70.7835
296.2702,550.4601,58.7989,69.0707
294.7513,559.8078,62.3262,62.1931
297.4703,573.1212,67.9012,51.9355
312.6724,587.8127,64.2025,53.7439
326.0146,590.6127,59.8826,57.0868
340.1985,583.1127,59.2766,58.0376
370.8811,564.0589,62.2904,54.4702
416.3437,552.4459,63.7127,54.0471
491.8872,539.4612,69.4364,47.2214
562.6707,533.3106,70.9537,43.1334
638.4224,526.9102,72.0750,40.7707
698.8973,525.0615,73.2094,39.4663
774.5032,516.8800,73.3821,38.9450
849.4172,509.6136,72.5145,38.7140
917.4321,507.6206,72.7088,38.0276
987.3408,501.6200,72.5978,38.2528
1049.9114,501.1947,73.6701,37.6041
1112.6567,499.6717,72.5147,37.5156
1175.2101,497.3148,72.4332,38.0017
1230.9822,490.0710,71.6610,37.6928
1293.3336,488.4458,71.3081,37.6095
1348.5316,486.1317,72.7646,37.0605
1396.8141,481.0867,71.7574,36.0948
1452.2762,480.9358,71.8441,35.3689
1506.0643,478.0317,70.7362,35.7209
1551.3232,475.8054,68.8288,35.7055
1556.2528,482.4451,67.6134,34.4242
1560.7960,487.4019,64.5453,34.6039
1555.0801,475.0269,65.2013,31.9633
