198.5,214.5,34,81
194.9457161080084,212.4231448857256,36.14044649377627,79.05398116742208
193.08741023223308,211.83504633772273,36.706218201305305,78.3738415505906
191.49571830132427,212.46188367459442,36.687635777417384,77.41929591589637
190.89817600765042,213.85044455224156,35.82281149788278,76.89966717970611
189.02786811665695,216.4096073439026,35.36811430303253,75.47486881806373
186.52626968498558,222.46151095152538,36.857716300576314,71.67108086703931
184.20398455333697,227.17719271789494,37.80399001693749,68.41995891907806
183.41606676526607,229.36643620758,38.79535192355034,64.99970791878815
184.339910501958,230.88725769184532,38.97846217012196,62.945740259438686
186.816342082529,231.66368385510557,38.62776613849655,62.031169218680986
189.97790761399057,231.97702140428603,38.62121155643888,61.10244785114166
196.26081846879453,230.52858293089062,37.122847045927614,59.841109275166374
198.46598979465392,229.5416803573705,34.110794789945544,60.746737318210386
204.46319518302732,227.15625393498334,31.853083117507794,60.987409231893366
204.65748014990808,224.51192433316706,30.824948371562936,60.303062663888966
221.12733240304314,215.83339199950845,31.71896884087877,59.62220733303725
227.32887274477866,214.317174589206,31.83382104925342,60.224739361665215
220.37941806915416,212.96570131545948,33.38261176341748,60.11388009060052
215.78595949519308,212.83376514571248,35.12617764257132,59.467827386511615
214.16731428443933,212.29943100029786,35.629988325843314,58.40943287979445
214.26215700736947,214.5473668229356,36.405284972363575,57.24597562317558
220.23319294017568,218.15341600547353,35.11066832220527,56.661040191449345
221.45796295755923,221.35607061607166,33.91666901600715,55.48753295694739
223.54660352989202,224.03220496580857,33.38515365274417,55.0035785236784
225.50369643434158,226.1804382394041,33.1114953306462,54.343002221924955
230.52119765922197,228.04246327734523,31.913312529628115,55.54493319081199
234.90746166077557,228.2876508445805,31.44127299850577,55.809765058504425
240.79807196156028,228.33290748395106,30.655199148340145,56.23652258321482
245.5923520741325,227.28165976010237,30.772171950844655,55.89442913129979
249.90238166784658,225.48963191718858,31.705017846119112,55.18331546364226
251.41595625017666,223.9212622222566,32.427589970140005,54.50815495306985
253.22028639768553,222.80302192757392,33.42476082136248,53.86731477598617
259.29565407218763,222.05550383570008,33.72430566187245,53.93182959075348
260.83042990504794,221.106608366194,34.42359335543533,53.59572022115662
266.59028446896923,222.13175584874983,34.42717295439934,53.3162072499109
271.71931302877806,222.56400080833663,34.419613652774814,53.45152361564179
272.9489025074523,224.22101207631903,34.808819791022664,52.52792127811759
278.93122210043884,226.0239801346176,33.44662525379222,52.35767937920229
281.4322410401614,228.65235181383977,32.84332814277977,52.17495211496572
286.70954179805,231.31644000064006,32.76647549785216,51.28390428521891
288.15016481317804,233.1009275507514,32.25811207219509,50.98748119839345
290.16173092112234,233.41319954897716,31.827825057798844,50.305575651312765
291.6674291472639,234.16728651273843,30.900417748887335,50.641454276967124
293.22892353007654,234.1738468307034,30.632097123673347,50.73712604288737
294.3502828818212,233.43176794484208,30.04165052540101,51.82770245403148
294.3650555697081,232.72680695802885,30.019544218611532,52.506217798572415
293.3996293464617,231.32911726637036,30.57467771387895,53.02266747150121
292.7877359407142,230.7267172739954,30.720015514525045,53.20535389462091
291.6295208279066,229.78782738751377,30.638271215832958,54.11905208217691
290.29120876832314,228.5085973827149,31.188753071587374,54.539221686501214
288.50678612304085,227.6208652832085,31.522411070052954,55.720138017739025
285.71915609090934,227.07735593642602,33.233961207710806,55.17242708750943
283.42903963957093,226.13904055242767,33.780819800847745,55.566447272200804
282.2239159252482,225.50297549069435,33.721104632599975,56.546388691653604
280.66060444183444,225.97999445461465,34.272968116090084,56.75467650367354
278.7766792146147,226.65654173925464,34.690721391116625,56.47249977916587
277.157933942266,228.3711436445107,34.84900308495341,56.63033663141927
276.5988905759104,229.42017833394615,34.849383041999445,55.59943846855941
274.9621566560377,231.4083786098102,35.59968303315782,53.94461713474211
271.62785074028494,233.9202626823825,35.10230546570701,52.960376882663844
267.49693371327197,234.8205393183948,35.43212028602929,52.50494892821284
261.33276699972475,235.80077618705292,36.884603035633546,52.510545366067504
253.3006732883996,236.82764851330802,40.26727381094494,49.94244421960744
245.2811962028805,237.80849767214968,43.080357849536895,48.48584394679638
241.92889387486338,243.0318254715773,45.39380630897689,49.03341957200118
234.30165854971585,242.15527115871842,46.53739706120061,50.506804136229846
227.89546576783044,241.83735475969763,47.28007475448808,51.30741586720043
223.09617687539696,241.072665924703,48.54158588896441,51.316457743694585
216.88649980029365,241.27559662993184,49.31774870158558,51.61296387741109
214.54524691553044,252.28755984321728,50.74362905721735,54.50903371243687
211.49278340625256,252.63633962041885,51.94411853381142,55.80692143605648
203.11155302758084,250.22897850431485,53.16607483558846,56.96396434888278
194.06491308500722,247.3772728249195,53.94997514309898,56.76315274243301
186.25331833820167,242.9008747710345,53.63640182695666,58.61476829676673
180.3675336934108,237.49103725420755,49.433650704856305,63.37004361118233
177.57134732151948,234.88063021658374,48.21731001251218,65.75016206684681
170.64148570712206,233.11536406191345,46.15540142825775,67.01234902019982
167.80573646122832,233.68200778751063,43.76122513824588,68.9718760145011
164.367030240087,238.0210764676821,42.76811174358397,70.8582861929155
160.38844847544516,236.559567686112,43.240882153055594,71.61482750636087
156.57702610277647,234.86350343185285,43.914496704301186,72.78626576448247
147.7957355075445,231.34674305533065,43.73145525987748,73.68717667331907
145.28402118259743,228.20767673583543,44.37552800233138,72.64487092729973
137.72297567864015,224.2613584561776,44.528761245048216,71.44129319218183
134.96966705962345,222.45563658876773,45.02758219554501,69.9606367835689
132.1975176692063,222.26291985442157,44.91303269070427,69.5383326037742
129.5384941595864,221.9546653241292,44.02637065690446,70.25405825965102
125.38818576443491,221.96477146736012,43.19408053345015,69.93779658692625
122.12831196577555,223.15459655679695,41.157164617585266,69.89458077237144
119.97000220144986,223.4550611784063,39.488560852932196,70.25210327704698
117.38494463195464,222.95314492891612,39.61697610560062,72.01985840776797
114.60819164939821,220.6036660455264,40.30233231332825,74.13030899910183
112.21654239723142,217.27479657259835,41.46216289545111,75.52730814164374
110.05263511049142,213.75205418377928,42.47254172750655,75.12405672848597
110.049517860426,211.11614766161233,41.92156548421012,76.4112401417774
110.68167375193258,209.5837168915682,40.50912025939111,76.838128611721
109.8266079580691,209.03427082425708,39.44842956051224,76.64586123573073
109.01693988869832,208.4008472276132,38.58435057245329,76.32548323027274
107.80051210200676,209.74725015759466,38.98962540776876,73.75253533720975
108.59037059089964,209.58590930515177,39.3690320414332,71.98877838624225
109.6859540009199,207.59839588458675,40.828462793719325,70.18076279649463
112.06713145840565,205.78828209679688,41.08593524462307,69.92345526732275
113.34619825778384,203.02180615718424,41.87414325582155,71.34248693475601
114.78804309699304,200.01382509541764,42.6403506759444,71.66585262274236
116.70539755796602,198.4730402962683,42.87739001068178,70.88563752446208
122.08244148191288,196.98431843464638,41.230851830146456,71.08515742530295
125.6173091910141,195.7818430161124,40.295450499315834,70.51118112690341
129.24345956669347,195.18886868927092,38.6946046734942,70.52445488625347
132.43299294877926,195.16501541002876,37.00713155632579,69.39995098979699
135.5005713144618,194.2585446377142,35.86998879819681,67.62453818528972
139.13887237128543,192.5768002082924,34.39366820920776,65.54416842062872
142.65228254459225,190.5206249458775,33.37273537098642,64.03024579024614
145.8340731555911,187.3735637769077,33.00487501233104,61.7810388892941
148.6447617803731,184.20080712278138,32.68621449479217,59.430246922583336
151.74546705604757,182.4388747450181,32.152262954521134,57.48725758265094
156.15580091499922,181.98393078704652,30.84919577296424,56.84489868958835
160.17222760901475,182.15072156535837,30.477325947402658,55.7746781697422
163.73490387849984,182.77598274662705,30.364937657089747,55.55071635217245
166.92294464109,182.74263666668148,29.828064734814664,55.699278330333826
170.14072741718653,182.89339576526254,28.811628077427557,55.886625747109086
172.5389079192738,182.87358988194396,28.240666567424135,55.748394852007834
179.5194232771815,182.32940707442924,29.778523867355823,53.79262322758109
181.39501573044186,181.04629696322766,30.742387750813144,52.928453092013044
182.48332207128308,179.228993845015,31.638425263298757,51.852749822975724
182.95394353283658,177.94008526271804,32.36694066004649,51.10003825145516
189.42838378569886,177.4873701422929,32.45903572500066,50.632605795657796
190.93689620738294,176.75722718531372,32.322172882288626,50.66797198515172
198.21133771656565,175.70025460637885,31.632110779145393,50.91706244960872
200.30238705893922,175.5818149003359,30.851799137016037,50.99953449458432
202.3971201236635,175.87668440261612,30.295886750929867,50.73933547448855
205.07896465612725,175.6910296939942,30.10070621566546,50.45640809821427
207.5605111098733,174.91654156556686,29.408949386817206,50.84158042001802
208.66094184495552,173.5016619881033,30.33448433427055,50.43906981099859
210.46678543360542,171.2593640902477,30.844293357532223,50.598478877278694
212.293812746113,168.96819757310965,31.25155283850465,50.582977801294746
213.0776690340021,167.1015328417313,32.3534238217627,49.65901060648916
214.35276611791124,166.26723647550563,32.71069010507053,49.182047842724714
216.43549653150112,165.6895351569889,32.419477782529455,48.99313661981858
217.1823396551681,165.88221189582438,32.43680170517838,48.78282173317489
218.07805512326857,165.6684444931662,32.765747117472905,49.104656403260286
218.80663084752445,165.692341987665,33.18409682481442,49.21265303964316
220.22651558986914,165.53577863690077,33.50545466899773,49.33785672700766
222.03822356544597,163.84760028341086,33.606777554132535,49.39250141692814
222.9177612791638,162.99026286497332,33.9238894989045,49.391878793247216
223.74376353205554,162.1747455689334,34.414306000277435,48.829840112621994
225.38995875959196,161.38603243014637,34.96413012955515,48.45781351315131
226.40048955941182,160.8620606869461,35.30997970278223,48.02276351600844
228.34519395803594,160.56396583983363,35.24337988647579,47.66057310712218
229.80442968495532,161.4070530372945,35.48460930315096,47.598641971630364
231.73040614000755,161.50930721157928,35.151075897212124,48.04448461097202
234.77798205136926,161.80773010742644,34.73199810250385,48.500696132243064
237.57450039290322,162.91291365715486,34.71740303930899,48.4801681574658
240.97932363288834,162.73721790905986,34.032160989728155,48.871926210151244
243.60312441326948,163.07683341437723,33.43058222559674,48.21928909514557
244.85856006056864,162.75503247330448,33.127168473417825,47.84771360817332
246.5418041006585,162.55498178137964,32.57440038110738,47.487797358584885
248.2168262367568,161.2396531228563,32.05953877568935,47.48671887393475
249.83601484131162,160.23315539844245,31.266004620397414,47.816220946984274
251.0617328034612,160.09750537770134,31.08466833599087,47.715061606647765
252.38263769201492,160.91729845859962,31.451251846542128,46.730815401134755
253.2996127114052,160.5404644325361,31.43698595559638,46.71797618530982
254.53042867461437,160.97053076644514,32.13379128122267,45.92364626301281
256.31026450105674,160.89715990752444,32.59763389912041,45.36880125752658
261.37279599991746,159.82496148485058,32.71980619955565,43.95899912254289
262.71074451817526,158.7635759578796,33.07617649511714,43.27615904290937
265.36881970266705,158.06916986710846,32.59889569781929,43.120680681849116
267.9867451907917,158.21771342121818,32.42408512302876,42.69206626898032
269.9352530973293,158.24101809844757,32.25273535609617,42.67944742805493
271.8345041615262,158.74525651183686,32.12617784592746,42.223296207622454
273.5795838382395,158.909627138065,32.576179959099406,42.114403140943836
279.7960652052452,159.3647583433717,32.108861107839374,43.139130659529684
281.54407120557516,159.11325988846556,31.410199752244864,43.530720460737
282.81797622459464,158.79569237053664,30.751411349261446,43.7125288242793
284.47898266141146,157.933330935386,30.647251544933166,44.44131494321488
286.24145862184486,157.39179530641712,31.21654410419943,44.6922700741385
286.8573041082051,158.27819605957404,31.838179809755026,44.61872522637876
285.82402876693425,157.81850249935894,32.213810973826014,44.37051254956009
285.3608995536184,157.69919867802832,32.49705473103923,43.849312605551425
284.92138840836645,157.5784304191813,32.43668302435084,43.333585343605264
283.73340892609264,158.2994094055941,32.87635530104747,42.692810594504024
283.7169100676855,157.71774591324294,32.69401110714189,42.49978572678933
283.58903180653283,157.03698043592223,32.16345814878008,42.1579217915992
283.8198880892614,156.13133287441357,31.2260745899949,42.61408886476607
284.172091618264,154.04842347482773,31.340037158988615,43.08181329595683
284.1498264698933,151.7205858182142,30.815949217757694,44.233255725730515
284.36001756626655,151.1243176606633,30.47141800350498,45.31332850695393
284.75719062708816,150.41263524109084,29.924729210705827,46.29655265171907
285.8475585016108,150.84608079069267,30.05523866467862,46.620579998102556
285.3060815085515,150.8063918693211,29.72079896641012,47.91451584617867
284.8961161092224,151.63815965512603,29.516047720085357,48.380267994295366
284.18586042072985,153.39953996636154,29.569464341897795,48.468859577100815
284.6804449900789,154.86335010144523,29.39089333819413,48.20702652693465
285.37430513288666,155.60312456339523,29.217419444828693,47.30628036745041
286.1569711901241,156.48560205235333,28.325496434700952,47.56677633443472
286.9602766468581,157.66064450426,27.487121204674196,47.67384808879399
287.57730117644985,157.2072189221017,26.011069926529004,48.58272283406035
287.8868575329721,158.21834322936533,24.926990797125548,48.56442672273746
287.55276472102156,159.59231805040454,24.282654963354478,47.75271298535261
287.7142559306803,161.28630876053293,23.413494322334476,47.05617667732425
287.95679173572023,161.58139084476224,23.35803111689097,46.22028967857003
288.1829963025862,161.78927626963358,24.23883567010205,45.70535264416362
288.9095021726966,161.3785058181195,24.360619176005564,46.24005203546538
288.9497003590213,160.50204196686238,24.911813467742988,46.25196776078389
289.3374134792195,159.50776159695022,25.345635770132183,45.76943675332425
289.81126668272873,158.88496797288542,25.9913352058947,45.756274993275156
290.27702244386825,158.53687063544083,26.439798525687245,46.14004691578394
290.8601006194278,158.91964063664724,26.833230010833706,46.46358700866227
291.0276367835611,159.29918641023102,26.90958026304775,46.45493772795899
291.02406708786515,160.2101264661195,26.589811125634863,47.622710011430385
290.466060748488,161.02266708079813,26.542986179839176,49.131259773055206
289.8814580003409,161.41826704294752,26.264662717812772,50.30873522374117
288.66975290401945,161.7585103663211,26.09819482818036,50.615362470026085
287.89635488833846,161.46809915725905,26.44508796742962,50.77301953699776
287.28385828802595,161.16710356179559,26.797178834318217,50.736297427696556
286.7781184523999,161.10658447967404,26.563144827973304,51.058318505314574
286.37802544101555,161.02427148686263,26.56451667322885,50.76657106759947
286.0587794454678,161.5434194757858,26.612772834971004,50.23935785819333
285.160113511509,161.23359804114187,27.244163583694608,49.27784518892222
285.8168528276875,160.86786159630572,27.050022271665263,48.797578061657305
285.61632321442477,162.69141335702017,26.661913319155573,48.9462072768159
285.17180573026144,163.02142891953696,26.405132438178036,49.80660457089547
284.0335376878594,164.74605358149074,26.53929543796022,50.68034280344544
283.2957177370446,167.71673233860446,26.895506585736893,51.89367412436209
282.48829071541616,169.16662080567042,27.517052204044205,53.34934591306951
280.8313833183017,170.2071260939788,27.85499352796674,54.76247524619703
279.0875785700006,171.24925935292129,27.927916583147443,55.539038320063156
276.2522354278344,171.91784746186414,29.063882923479447,55.45876122060085
273.38973997333267,171.96093945051837,30.25845209862672,55.29338777884253
270.66400296213703,171.48417937059878,31.198289863846437,55.053281892500976
268.2872683793991,170.2777132908352,31.99343006699623,54.17051493246025
266.9488895386688,168.9780111891338,31.819352901960208,54.70393727093388
266.0747714460382,168.17845043556707,31.656621021959634,54.361814056654694
264.31107477846234,168.55272697126136,30.952363050958997,55.667198658834835
261.2935478124865,168.0961798399193,30.709625482819078,56.27344502136676
258.5405578605766,169.82899174380984,30.719490178966744,57.36967700658495
256.7356554708792,170.12739871763546,30.118326463946392,58.038477449306924
254.28625032668813,170.8607620863609,30.524225413522288,57.86575193351284
252.64921859480611,171.38511624251197,31.05282860545098,57.65265484538523
250.9184933193089,172.41860228294794,32.30037525248424,57.37401558445191
250.2951661071188,176.81188829309525,32.15419978184488,56.919124815683176
248.13923069227457,179.99623604511916,31.308100183066585,58.03962036693319
244.99190960101222,181.2291149170074,31.333880118124227,60.06988103288576
241.69683345915234,182.41511382286706,32.097116660877184,60.518100592153374
239.23773046068007,182.0230289642294,32.767361136673046,60.53855092952674
236.68742716161313,181.59877435346394,33.11740077542586,61.077999130444994
231.08191907136995,181.9146898605563,37.19407714649444,58.36614530437062
227.11722952950876,181.72910625739192,37.9822509193953,58.214179530829526
224.54826817903853,180.69355380604847,37.82200925266,58.692562971266696
223.1666935048544,178.91707087939295,37.090821280700474,59.363931067238255
221.23985126430182,178.18262943215,37.29474384659876,59.800613148430685
219.12012601473037,177.65577410381886,37.6234098627857,61.12062212896268
216.4308629528307,178.18208577093714,37.243799237317496,62.08389749925491
214.84867848016415,177.78364942376962,36.554413185397166,63.726869153035906
214.20354403936244,178.3782914770979,36.100771277510816,64.9661107326434
214.28089131423502,180.92036993438606,35.3273031481682,65.48912916825628
213.48928537490212,184.0300853074216,36.172258631970884,64.87388686441543
210.73621612403207,186.24101514629064,36.559032872083776,64.76298604898207
208.61042356790844,186.4891940465064,37.38401013711729,63.76606832251745
206.8009422706773,186.9742718706138,37.893658528317246,63.625670841569544
205.18285695291962,187.87121556523854,36.9573514416646,65.683513083744
203.0226137759216,189.50641859578758,35.96122221414821,67.73672734201237
200.16741720108413,190.30452550733474,36.27615571187612,69.34335074769305
198.3841785522181,190.2510700576203,37.06676054065985,71.44749324979074
196.44874514564606,189.81118466641925,37.55136112226703,74.50573178274216
194.18992023496548,188.363394168152,38.61501309321012,77.08226082810664
191.7893113030449,186.52872789820998,40.755912582417466,78.12176491492679
189.19879727996397,184.71176678990068,41.80555101065944,79.59185637440424
188.63387048239912,182.74289979962992,43.27038437835688,79.82413695910225
188.25060620065057,181.70337662554223,43.32935788623567,80.32251020871347
188.37401747099875,180.4218718236712,43.461778987631064,80.8466580608991
188.23295970399425,180.36113911182377,44.81192201797797,79.66634993646777
187.6119210996966,181.79072877953843,45.505904119494744,80.96392557158899
188.9706071090633,183.44516270333835,45.47332628830708,81.91067534254996
189.40291515752853,185.0780924091473,45.16834070456788,83.11468649825383
189.71576188543764,185.8066729556185,45.636928087716015,82.85560475292193
189.36301473090757,186.30737381335587,46.607392758962575,82.89341299933835
189.10702075686874,185.06963245809024,47.12014042819183,84.65213912760947
188.796674489484,182.9127630584491,47.91305398282539,84.89896003062103
188.63504991082016,180.61186180476355,47.98861052535926,85.8680868902565
187.6161923745552,179.86817275227193,48.321242704517616,85.60568267140246
186.06622399052335,179.10617316556227,48.54863089241161,85.1057799054297
183.8124777273192,180.89609140447507,50.401683015835324,82.0456512265619
182.71567870751903,180.83593761085552,52.313836446270415,79.68997424043675
182.64887307699556,182.05466337927794,52.25912619139964,78.9131842817703
182.75675875721902,183.42586945074197,52.34805562278851,79.22632915140025
182.82250606457671,186.2267259372945,51.43490533886077,79.72697928788382
185.1140722805023,185.96205587330212,48.80089068674131,82.88236273557072
186.67743540825467,183.27703742581159,45.610271425984735,88.38247532368227
188.37556872459646,181.52006032894573,43.09457133068133,91.24023965850058
188.9489964749202,178.81771603178026,42.33120192212445,93.00099495662786
189.19102116877286,177.6180082177998,42.43032968371497,94.24669747747973
188.34831844901703,177.79822080461852,43.242207953999,94.68218051650403
187.67144357759582,179.27848440838483,43.968431055949424,94.34129485140616
185.8702067546372,181.99066731972977,43.77769300333452,95.56143596002116
185.27278638145748,183.23137980019558,43.45897631561198,96.97109376276143
184.39472287417163,185.17302088754164,43.88284558253348,98.91684782387864
183.8334401875071,185.44789530048564,44.167218194918185,99.88298852340415
182.9251485490926,185.69512523386499,43.97604762271767,101.30161685912195
181.76918258019896,187.26457524530926,43.488461690555624,100.18407556464223
179.49256019220402,190.96858626741144,42.80206384645879,99.35581597923915
178.21065396605007,192.4891132857762,43.42684755883747,97.81887025225541
175.18335176675356,194.94584799507214,43.909942119326246,96.12895711379966
172.18171987391676,194.8896401792965,44.11675433639633,94.05602041991149
170.33134337718025,190.3943985315594,43.80326658813962,93.39351337419913
168.20752232569305,189.32740921042642,42.976976520246126,91.2307548224038
165.12555668075515,194.0299272310359,41.802351043611935,91.67828550023998
162.6201734241238,197.78583971696065,41.10766892940268,93.99325324537054
162.09507524430668,192.86063735289122,37.38975501376836,100.04719305346546
160.6425056410866,193.72624923846575,35.5407423990721,102.71945934884465
158.8620406422172,190.63305703994547,34.387591109426815,104.22843123596702
157.31144588186004,188.58148515633303,33.778894794493596,103.79041823439309
155.60548576651018,191.42615756074827,32.389438205582685,104.9660364802196
154.49936876112397,190.38967722653925,31.40439943879771,104.26427504933345
152.69342249080867,190.08089629267624,30.28433835851768,103.5603814383912
150.63908468926994,194.74859835649175,29.536525733750906,104.69014912472505
148.55444515094828,198.73207521271527,30.134613976348824,104.6021278883217
147.27109981886213,196.32169837072493,29.559521164645286,105.43968436008318
139.37014969714284,198.7495703011468,30.958446325686396,106.08555888455436
139.42195493448202,200.84869829935846,31.554207069689376,106.69190837213984
138.1732050769788,198.24886805859364,31.45006083819313,107.87102146368534
136.64694760041905,197.635356083872,31.467217839194667,108.75407878004714
135.4718662860602,198.09335906122814,31.67540768768477,109.25617759313428
134.03837237842433,199.03018712640124,31.509086996944525,110.297881198277
133.24523217747074,198.1626568530877,31.565131273859304,111.22778163967567
132.30296869223187,198.19417996576692,31.540257781232825,111.94927654438308
131.86136831312842,198.72219629326972,31.870916508628373,111.04605048434534
132.2170099546466,199.6774449795806,32.52260715404354,110.47503994911067
132.18846293129155,200.69421078894266,33.139842406541305,108.72245270757048
132.31765936779362,201.2117290026387,33.19803167684391,107.8418617942613
132.89424370949786,201.89427568245594,33.1501426775022,106.57271698920229
133.63030193209556,202.81565258453776,33.21672287899718,104.7889985980058
134.2391724647335,202.01963578435016,33.04619334154568,103.7298400101181
135.53693451257425,202.19730264205532,33.01157756343012,102.60591149328187
136.82260315647636,203.2821792148763,32.89918745732759,101.34633891633493
138.35120369072817,203.9635160223998,32.72174832310433,100.77705533691721
139.204184636714,204.8411059522782,32.337541721164115,100.74450204404727
140.50999690010013,205.55000408350082,32.144165609385134,100.56637927689476
142.04344823177914,206.19976066155672,31.4970632275518,101.46171298929795
143.82778831345723,207.62719836033025,31.45111889831732,101.31488998852518
144.01763802011058,207.75945336192956,31.74341423074194,100.23649560784703
145.45252077361263,207.87007040052765,31.448509296552793,100.87714493252156
146.01794566687823,207.23774393012638,31.063032282238385,101.44434258634442
146.6065703702727,207.0437852969093,30.753330149085325,101.56051896918979
148.15440500436824,207.71104353923585,30.66887871345955,101.82770243284759
148.6108646390989,208.07180742082818,30.292341463518003,102.13614376584664
149.3782664981174,208.6788833199238,30.08917906189494,102.27201392600652
149.28132007606575,209.47001340089165,30.145155996707906,101.90763139048994
149.39658029172045,209.16981819626233,29.873274382470406,102.1032979468757
149.71672449949702,209.55985820789346,29.58671554278971,102.48240106818284
148.88130830833512,209.0193832012118,29.39316947281246,102.60673313015303
147.99737095241574,209.93066852321311,29.4697170896195,102.36283823306812
148.2537100542516,207.60648350268337,29.036842024919086,103.28440473294415
146.8694572164413,208.50272361069148,29.06397273105725,102.642721526396
146.1360985401777,208.995787344716,28.931395778736768,102.69373156673927
145.74636228934713,207.55616101773526,28.908954482542498,102.71956730099252
144.59090776955162,207.42516923323834,28.810360777458875,102.60638639096913
144.01906392854193,206.79975492590634,28.546650474019884,102.72531922506977
143.20452178571,207.5790583279177,28.636504770631895,102.06785024987396
142.41893781370698,207.841279012564,28.71135115568564,101.49760746454189
141.97741059806114,206.83524597776886,28.620549376268663,102.6042709929716
141.83266717955198,207.04375201062663,28.69198492873538,102.11164931032079
141.6517282212351,205.95446621872972,28.740158980556302,102.01165691782677
141.145280925407,205.7052234021115,28.953896966015094,101.57151840746273
141.0528869489891,204.08037984019205,30.18908493754293,99.75378028029454
141.69673121668788,203.50781047503412,29.945258148933434,99.93055453345285
141.8337303329332,203.59235911598068,29.48405953409091,100.0002928694596
142.46380784398954,203.90986794523732,28.925346992065492,100.5391846366818
143.08137687428436,207.4072167423742,29.421057124644527,102.11104492662436
143.85002696824947,205.3378252084782,29.591382564231985,102.70432533175766
145.089304017076,205.03860630038423,29.825905058070667,102.24255232393287
146.62265606421866,205.6261333594583,30.532733592798365,100.76616385448354
148.72860286013008,206.68411659166227,31.39339458929339,98.89456926619613
150.30641613460025,208.00360790659593,32.30659948413967,96.23288592424404
151.50584309694318,209.13366501258156,33.177354772329174,93.44914681526963
152.10062407250166,210.57728739837893,34.332219453139686,91.15261393532603
152.4960216409681,211.0674341781639,34.796808999815816,89.230422506646
152.60150641733318,210.99806138785232,34.7138762292312,87.95177714469557
153.82846978814138,211.0643973006217,33.75758187191501,87.73088696546816
154.91893976340114,211.12365776817475,33.29052317559166,87.78872556462562
155.47182637184733,211.04812357334686,32.94715899009044,87.7883843133732
156.47119907388029,211.94331026467637,32.35253570020604,87.85609978168915
156.80764148201058,212.58571729239412,32.75020740536114,87.16960656804295
157.62595289599304,214.61360575188473,32.862594544246534,86.75857213792278
158.32821491490282,215.1128744834718,32.995423068377654,86.16803851161883
158.96929592675608,215.32902183193787,32.36584023301799,86.87078266737838
159.2754918261889,215.453332303635,32.69008917359329,88.08784840287052
159.48398024594587,215.71924742418034,33.54200450307803,88.12491612435001
158.5623073510529,216.29557830152135,35.622841140570756,86.05138948958304
158.2594329164656,216.25498447123653,36.158408483501674,86.67658457069248
158.19663837192442,216.18059736286125,36.7108558487128,87.39288786974137
158.3808597509803,215.71911538654658,36.4477921579624,88.62480925011079
158.7724711630823,215.31709027647335,35.86673575696001,89.39958649299449
158.80283117275104,215.74469455202427,35.278914816945324,89.90740468005947
158.91080864161012,215.42466844709674,34.52414736110732,90.39640130059627
158.86367752512018,215.6088774603721,34.60363819127372,90.03023382785277
159.25593949957022,216.0289695564158,34.694171522437244,90.10676060855133
159.62193242642707,215.5953486405735,34.191348004119405,89.17178757931978
160.0358811622823,216.74680673745667,33.96378464028476,86.48812150428594
159.67111255755904,218.07157074010036,33.2154505509413,84.13463471942511
158.23181423594346,218.3152378668072,32.155479078938065,83.83736613304458
157.6764610559492,218.12059820931339,31.981408274467334,82.7462452433737
157.36340797069866,217.09159981402505,31.508603874823816,81.32726587771566
157.01814968494526,217.54543167561587,31.97895289886622,79.42982303981077
157.29492761086323,216.67951245368428,32.148604699599105,79.09921488943571
157.91118482054114,216.48543761884105,31.87003508252751,79.22691801066028
158.999044357873,217.27032429816643,31.585619785558475,79.88528882086327
160.0818846144949,218.18962717772575,31.28327142468136,80.48148678603354
160.37167544694276,219.52088237384748,31.460494106823866,80.74780177220808
161.01530760497303,218.77993411909307,31.549117899970483,81.31979946417766
162.10524198402803,217.76900314435818,31.60084346597245,81.40174146506956
162.61056102087306,217.3698255369639,31.3745882720164,82.12103354745283
161.95075234945378,218.15718917855776,31.826565119554687,81.46150315986449
162.4528627922755,217.6839300220229,31.40788721076747,81.70413556003899
163.65024370138133,217.28701739910895,30.714385124802206,81.81476920840521
164.42294470771597,216.75095549469572,30.23114980295933,82.07390199416803
165.33466994336322,216.82922466082454,30.087803110503934,81.68247962334283
166.16950417156363,216.7800473206438,30.182437742291288,81.53953156015017
166.87903590811095,217.67849065520426,29.795782149026092,80.9814836828765
167.31879100817838,218.0302929286044,29.988581204491187,80.56644673871064
167.36296889477933,216.6663510643544,30.217129588689424,80.28575621985047
167.9187234806478,216.01503545863747,30.40479770596159,79.45593780436165
168.082673083152,215.37468251690467,30.970314846072633,78.28698338661877
168.65127853166481,215.04048492000163,31.051664883113826,77.15727298292879
169.2817346984464,215.90515907355567,30.093666423938355,76.63680223929731
170.65944586080312,216.61818421626134,29.55163540324105,75.6204901071052
172.2637158327486,216.6960032464046,28.95729843557688,75.07223494038104
173.9367718120804,215.78277853078885,28.684352132049398,74.36818610539237
175.62414086795923,215.5929798132977,28.401104050580464,73.62247741091912
177.68672092765922,215.1403471979664,28.15747421606202,72.59546031297606
179.1550594431913,215.2068874809473,28.155363921219184,71.73743962584041
180.84677475449197,215.58272315353793,27.844942789584664,71.14819129529998
183.01955226487,215.87512818405963,27.642560986602057,70.37597500726392
184.51578207939366,215.69820436142328,27.533224516963298,70.00676126976614
189.88300518056963,215.69585429924462,26.551557321569383,70.86188586264078
189.61516739730038,216.13557989225438,26.46962690389689,70.7046927675941
190.81549023623964,216.87620836511024,26.927588756612252,69.6891376403486
191.98690745490015,217.0332871543466,27.12978753576764,69.0043137963882
192.9372252697623,217.00281083675586,27.098406375914884,69.19404375672303
194.85065926584838,217.01068728859013,27.100363619109537,68.26666081860773
196.33943499262756,217.0000093076158,26.860591782860737,67.9416100227248
198.2622821042245,216.90468167049457,26.935250733876433,67.61862918475417
199.71364816559432,216.98015123837268,27.089444146338856,67.26055760521228
204.47439041653678,217.13117442995286,26.53153310026446,68.95470415418086
203.40023624747482,217.3632690492427,27.097400823688048,69.74052421392577
203.56299082834022,217.56744129924252,27.889607497528587,69.80935858555773
204.5946039031955,217.50203421530244,28.750677250070254,69.47959297071347
206.0245243491045,216.57123552159186,29.20483219641752,69.66066815468922
210.94920915098845,215.13729129351168,30.175757926511906,70.72342624833888
210.94479229144787,213.73355791221988,30.541682476395955,71.47346631986723
212.07484300896428,214.1769454119318,31.696468469646824,70.41216675987263
213.75111089690327,214.04589395704141,32.11429912405144,69.31264077961592
216.1459541024723,214.01712417021918,31.783217048698283,68.66070018682512
217.6367061894197,213.98269509769688,31.782354716691966,67.44222388973103
220.29691541699248,214.79777398400608,31.343419339549285,65.67880921978234
223.20607542210945,215.56808811053648,31.300499014221348,63.37868415866951
226.4946510250523,218.7358315348,30.319509173844693,62.09958568828575
229.4817595465955,220.952283496194,30.121304074575438,61.52463650602202
234.6985297154563,222.69914812138805,29.765590236792804,62.363254171832715
240.03830971358147,224.47934205464114,29.605034108645487,62.90858730218322
244.3380609447031,225.37624272628997,29.80238471189297,62.17553668177065
249.38998430752784,225.46982124095672,30.535034339392908,60.96400218718908
255.1422436634568,224.26756935892521,31.283837275178996,60.17063188203819
261.20383823616265,223.77720668688943,29.660077832526063,60.50508462641268
268.38279387438615,221.38904935131836,29.362598990161132,60.44238572104726
273.1447802926803,227.8376520398479,30.565818078621668,57.18145754277967
278.04902123923574,232.8735543559955,31.73472266012014,54.93977776552593
283.5934143595481,231.12255101620678,32.71023028088467,53.14107138281702
286.93948920643635,236.31531180983978,37.364003057200904,49.43591821901295
297.96270858543994,227.37948636698013,35.46608762988217,51.77991445690508
304.3779760236708,224.84331639766833,33.07536732098636,53.991991047902985
310.9815312822215,220.78167650951391,30.749400373831282,55.65021774269933
316.0948689553633,219.20287149994422,30.855667036519815,56.489701560209085
320.64433693284974,219.01000811012767,31.4439564233438,56.28348370492777
325.3654119010324,219.31213946677173,31.966957320108346,55.948605047969394
331.9990548019173,221.50138786922454,31.699198495877724,55.9454491816319
338.371797542097,223.1017416567899,30.88627775093087,57.4359757182871
344.40484238343777,223.69171852697562,29.419165157177517,57.74503922606932
352.31673208242154,223.07702900268612,29.528715341424324,55.91902243304979
359.453862651755,221.94515148295744,29.444567270384365,54.15225417233624
367.89145707352816,221.7779338640775,29.465714028644644,52.51203759658907
373.1469072756874,218.0167404816999,29.63374962896488,53.27904802238551
372.51142465727594,197.35169599520262,29.351785941227305,55.73128741652266
373.8446181441437,189.38663671222753,28.317729265915574,56.06998771617645
373.27167160471726,185.24210568501226,28.84120054367813,51.72318169809722
373.0460620479392,187.41008102265621,29.211939789477956,48.059082478974645
368.93668347662873,185.62910815430075,27.492024866363973,46.83560398320262
368.1387077441248,183.58600278639125,25.626061315197468,47.01652340012825
367.51838833229857,189.87890255533353,24.50038215140792,45.50737066705321
365.9157231561809,201.9190745087339,26.18826562807112,41.80289460388039
361.56028285948264,207.39750978028565,27.161584041902184,40.243615651658274
357.0442727113073,209.4210383149232,27.925526487911043,39.32316790779208
350.5308410721365,214.68622738188708,30.788744021928895,37.25216134063683
340.76140684596555,215.90469766873503,31.742670610257186,35.843832665363166
333.2072879560947,219.5634610775845,32.468214145614056,35.588609390755025
320.1409147452575,216.89042969511752,29.196034267239746,37.4982126143682
307.7987725063199,211.23010235878743,27.66623793456806,37.43731172977736
299.1087604667408,204.96399998946936,26.012397038750542,36.91214151418989
291.04055827932007,203.72771841566873,24.594297019060825,36.21390850586161
283.1756925338461,202.81383768707795,23.385250586424817,35.701231120269725
274.2932536210702,198.693335137005,23.105954217640566,34.957746779497654
266.872606244046,192.22705139280123,22.144091165292622,35.74121014955804
258.686022083878,189.94830748129897,22.24158848037945,35.845773244169
253.36315412622707,183.40570668570956,22.671488824392327,36.871402615499186
248.03659541678493,176.98653641048045,22.685079876089105,37.68056073187533
240.36693829305696,175.6447628661143,22.878632633676904,37.600516054250235
233.28888542232147,175.1718415004195,22.685880495509192,36.66798385144334
227.43915035299912,176.38616812569362,25.187182833250557,33.71582354227469
217.45766148182372,180.7435624107858,26.820347572061337,31.50829720200971
206.69904964434497,184.02170962160065,28.16953192511941,30.750038402023083
203.3563539690331,183.00227081689513,27.570795563493395,31.119835992436972
199.6053555511096,179.50550636331988,27.8051108006771,30.2204301003931
192.769724880698,181.8306329495251,26.312385935445626,30.486650793491734
190.65384989289302,178.63706347485675,24.356745106764752,32.50818438851934
184.70324340878332,179.94284083013247,21.869146963533954,33.79935752029884
176.8240360625942,177.86489446352888,21.309770670804838,34.49503516180066
169.46724880459058,178.67258097406906,21.56932659397757,35.05965648543162
161.15123637078796,151.48236498231282,21.994858083897263,34.56703396454958
153.8330660683799,152.04954084815085,21.85985641118652,34.43928189756162
149.69449621724473,151.64442514162772,21.579625927604784,34.38301847618479
142.57433662716542,150.45299536816617,21.963720094030517,33.9806240214905
135.6435708808286,150.44718793628851,21.98877812173832,33.33351565011549
130.30976569437306,151.06739348487426,23.554939481893097,31.60919628711489
122.17824529487777,151.3088071662972,24.52006196118152,30.584410055765428
117.12819537223265,151.61775600216146,24.822380815871156,29.464056136230404
111.96416014206068,151.39969591487002,24.829180333527106,28.851991200721123
110.21092334554491,150.93809588510598,24.41720404786602,28.751356078059253
105.70080436174416,150.95746839023838,24.34444255715455,28.401111501954688
100.76045614178761,150.79559164105103,24.7542298784153,27.771924178681743
96.43600560732733,150.4078961383691,24.497988163217194,27.83971727268775
93.01782417828764,151.43828799413552,24.280962425715522,27.481255090543307
90.06226981461701,151.41194890559834,24.218908978831934,27.439095751071406
89.24358246002518,152.13748375454315,24.081928753323197,27.539638668767118
87.84122987414511,154.14914007757028,23.09935503447359,29.174199653236514
83.7660934255749,153.85449577522118,23.694143159885527,28.85937651496142
79.0460960662105,154.68542843402219,24.573866615491774,28.89899671200024
77.12588834446908,154.3476490880706,25.048068975707388,28.88078118057573
72.46137449995358,154.71122070965228,25.909290802311638,28.949973336563243
67.71606981907344,152.21371651565516,26.482918466989382,29.21710267716364
65.50058850122561,155.67432656883082,26.767859736565676,29.110535490581643
60.25913455974961,153.7131966322713,27.810083300975172,28.79970353249344
69.70832863330718,161.38479876168606,23.299983651784853,32.77090280759941
70.8986936263545,178.46475874629888,21.89904035974004,32.884897175531975
67.3627007457342,179.35220979051968,20.341211019357115,33.393813570443086
62.040898468448525,179.7035233328991,17.895633673904044,34.879514513409426
59.1764890378588,180.0522825810386,15.686579171588612,35.92355123105864
55.578182498675304,178.56078559231372,14.388380238236866,36.51276426177682
52.91240737837217,179.8794450754038,14.057471105369002,36.599279571796025
52.60002744439579,180.8316669051231,14.207940960008472,36.29966379321686
52.571329329492485,179.41171015595904,14.072408458373591,36.26129927450083
52.362886672286635,179.97619230184748,14.270826611725912,36.04185471472244
53.073269006730165,178.82947536604837,14.121909071706957,35.85627562016464
52.880456654247624,177.8803172454968,13.929502653987553,35.92421881248545
53.12342906465861,177.6311600922112,14.031086955995026,35.38681122097776
52.9020250731294,178.1754831246517,13.904153809178252,34.71319918200422
51.20721015447177,179.08611728695956,15.318617921739193,33.02946002194116
49.69571912535587,179.17056514315112,16.388878980253267,31.79249163289942
47.02976760630952,179.6614181904585,17.22836325232424,31.592911249725695
44.28152998132022,180.3605727422003,18.03867316950865,31.054093077276228
46.604306292701466,186.28709517923258,19.49151541750421,29.090251274805887
40.08840737670729,185.968161842101,21.30511638059609,27.329136377871514
30.802859477467077,180.3151907064721,21.07043176830991,28.110602597798795
24.548521554531767,177.10599078859653,19.243446679732287,30.833356147539163
13.821363497305294,178.59636951414376,19.957642860103203,31.191906243060338
8.224298129116063,177.98008825805238,17.997161055282934,34.54277563047197
3.7238804468359206,176.3838269484521,18.607175916608355,34.496428582619245
1.4512672200689067,175.64569152004978,18.93794724242632,34.9495668767866
1.4623098856742445,177.4570935779309,18.414598948397497,35.16925176515953
1.759115011780274,179.12972414700707,18.503686111537306,33.89202694483248
1.7280801484924027,177.5975476936906,18.309095078664043,33.91015668786069
2.111430048626449,176.50883651149826,18.119355663241684,33.17966632107472
0.44911996920567177,175.2565529727293,17.371441260926012,32.761413068946496
0.4650160256968512,174.15784863632916,16.815604813055195,31.51081701915152
-0.23638760699130046,174.99998294675316,14.253110326341044,33.015074551868
1.1437648329895431,174.20292084707725,14.129803861372643,31.52465266204745
1.4863579384547672,177.70395029402846,14.949865124158931,29.279992850328895
1.473238498325811,191.80762338137365,15.075348613891979,26.78132587485726
-0.01775592522927205,197.31802394280064,14.046450315006052,25.254147531849444
0.8752684471070991,204.05972736043537,14.069899045957394,23.745269009263104
1.5179394492453575,210.23851928108473,14.325830754792754,22.620837557490773
0.7610651148324958,210.63145417972592,13.523676236820382,21.805222833368283
2.087399483569964,209.8489333527908,16.08148246730199,19.48951597687786
11.79739914131785,193.0918770903353,15.10071502436481,21.510220298663835
17.363736670634555,190.98512833275217,16.27621409903218,20.44794524226638
25.553730308354147,191.84774799798112,17.06533616807542,19.673726092987515
33.582790169879516,194.63019436182475,17.60479449373074,19.242832712987003
42.210088427743344,195.0643143757911,18.014167017920066,18.76073136265135
49.931885413689415,193.62387703370723,18.299860193549907,18.443234874867798
60.596522732298794,197.02093820062802,18.07219955474423,18.584500152415366
69.1191384108705,195.63626349398893,18.475317196624243,18.233093654820138
78.31058315497988,195.82428770485097,18.19584033657933,18.444618582571927
87.71151898285585,193.37506535545134,18.270095923869377,18.392415927245214
96.54615187401961,192.5436307576223,18.124280992982264,18.799869683297594
107.85664675752408,191.8993697881404,17.914525127950906,19.446369191364635
117.02966709076635,188.9604597537352,17.63357464090969,19.839091851880394
127.93337237760369,188.67343530669984,17.20485287949088,20.125821115566637
139.86856015306716,186.8136142136495,18.843224429394006,19.707482840546742
151.53817994107396,178.48390072925648,18.85999338304348,20.338078327399153
158.73137293909332,176.8648911728136,18.113179530559492,20.77463693575304
165.58732486883406,175.09257977934874,17.35163215453744,21.316358168575086
169.83267539407768,173.11114866104782,17.126435941086378,20.788561645106125
176.2695916606565,172.90249313268293,16.716259833404813,20.943970607948582
180.26522798292092,173.03824898650424,16.806183973849098,20.450980631801826
184.56557241837135,173.58973013800812,16.400100930279805,20.39042691434244
190.66898144438713,177.12763330497035,16.94603422865104,19.676773156864574
194.00806106830402,178.45624584685055,16.96194579685732,19.48867882757496
196.007219156658,179.28444906364757,17.176654713227954,18.993689163008664
196.63110021522692,179.6896551696425,17.22828350814612,19.373085438910927
197.33233492569508,179.68091317859145,17.029805619535516,20.267716559131795
195.97864416184743,178.1254972315554,16.96675014504881,21.053056547991446
194.6220761001551,176.65258028897463,17.23589818364035,21.35952762111077
193.63485213661338,176.4430709781791,17.07844818439327,21.37330263732659
192.49748655047568,175.56418429145867,17.306859633539403,21.126333865229057
190.77745794376554,175.66035427036684,17.504097060887865,20.64803520008014
189.0137989616466,175.84858027565275,18.495478669534968,20.41896182789501
185.40117966541732,175.7232627246833,18.715318988525468,20.499405045793075
184.17219621286577,175.92656149838157,18.53186982078315,20.936596360624947
183.5141452946526,175.98413421690105,18.258552053861692,21.012922783398704
181.16153641326136,177.79223281774108,18.102401160485734,21.821167872978446
178.44182407743793,177.13223776115348,18.161608756784673,22.569672347535185
177.2833100821545,177.3718167317208,18.121784931174204,22.900883063512666
175.9657176956908,177.05489342421222,18.387955202529906,22.624153633016654
174.09682026419398,176.71696226461285,19.076610327440655,22.836043443308064
172.6189584859162,176.09034414525593,21.61758450006981,22.6426889008101
171.11666935244924,175.6579781766285,23.064581819127817,22.831800282187285
169.61393483805338,174.40758917745922,24.08259023466879,23.79869268234312
168.76193701850573,172.26137616508322,25.110696083705957,25.617514266406012
168.40865466484868,167.76302023783575,26.678563762859916,26.87579562087047
167.0029039595866,163.32142755919574,28.341329650160198,27.940272081513513
166.79823457005094,162.28696409893274,30.6066704023837,28.752746560823965
166.81251334094202,160.6349362253717,32.95592596141639,29.53544191060725
167.07046535209255,158.74612078995875,34.66214699252108,30.64786181913757
167.2374131798642,156.54128960201922,35.797417138979725,31.33657955199604
167.2776270189431,154.51536986186454,36.734141651030384,32.25160348436222
167.14919475321284,153.16012935384376,37.64554129725603,33.44065698823492
166.41537827794562,155.93908015566302,38.87650685315241,34.61818038001874
165.6908571863948,153.37292235127424,40.540426269163305,36.24870260424433
166.16141195913968,152.0004101604631,41.84223950657146,37.415443556720774
164.78814056615147,157.25553856825331,43.58149955863066,38.247197239187216
162.12360406900447,156.77226915492645,46.035348439460265,39.74505020043874
160.31981152510596,154.47128323584138,45.73355666759238,43.60436509242663
159.9456579417088,152.86659434701772,43.92259130669204,46.96354649363103
160.09894072057565,152.5153931490817,43.10744870017976,49.58074238086663
159.54026599320812,152.32529043059958,41.30810589798731,50.87740749743443
162.00595304924843,151.57658641442947,37.87459162153141,53.21931434292699
162.82110688633858,153.30186749555529,35.17231658399355,56.16705998096832
164.90821654478157,153.9134433491486,33.740532960848455,56.73799592217341
167.89505949152448,154.42269852014252,32.541927748209766,56.750169812897354
170.3197357501943,155.65874818569884,31.866126313481242,56.92420628882205
170.3645087602125,157.10692304395437,33.61307736185,56.57046078030356
171.82435566207454,157.4347543529526,35.67642675194302,55.27074112686091
174.7831168508382,157.33891894307217,36.33163157778486,54.4828120535287
181.50804806327878,158.5361440298891,35.63648316504969,55.414043804714765
183.14015128889005,160.83646268178708,36.64775507686427,53.96147898207421
189.84530581516356,163.00082636262573,36.04576034774253,54.28554836569717
191.52150740912248,166.56591366989392,35.98779909822494,53.22465532922479
194.05381649093715,169.90729680475098,36.46178519408657,52.403172361817795
201.71193191885305,173.9317146251346,35.07605627612098,53.16504190598709
203.8968349139437,177.31883772689787,34.98961696608495,52.92480611276936
209.7036401312513,183.98402024656215,33.89560739969487,54.84007515242028
211.18798037168483,186.1363854598739,33.86090166171719,54.21494329566679
211.56079157612905,189.0188474287656,33.84600448161524,54.12486886807626
216.7417657785901,192.04527479862912,33.62193735568486,52.66268328347007
217.34253314131965,194.37647167224148,33.465534790412505,52.52512512279321
218.2922845219289,196.5850695686291,33.211378789943794,52.33227835192956
219.81435498138617,198.21374266257405,32.32315170083274,52.87812048801429
221.53662394676985,200.15994234606546,31.684335291442935,53.856292734343214
223.20393698097425,203.21646059614906,30.686458299877412,55.454982899672856
223.93218701326012,204.53680552133721,30.57622641233817,55.82362809034271
224.57280443649552,205.19621662580687,30.38583583943453,56.600659448526784
224.55722307513906,204.97961108130565,30.768914130260754,56.69360702181842
225.10591540237183,202.95966367015532,30.962892834292866,56.42584078760052
225.59984584973387,202.31349072397168,30.8122217331555,56.05897027600662
225.9830683536302,202.16301624019428,30.472563922952766,55.09210675309818
226.2946805629162,202.69539991855785,29.876853390251284,53.80026057113565
227.50567691586608,203.4298837454052,28.59657847590887,53.017820050428966
228.56641169776583,205.00619246297023,28.20487504255678,51.394853065051684
227.4581865965487,206.26168228165434,29.534627237407385,49.828856075579274
223.02029503838853,207.0175335636962,30.219217726774616,48.37115447774646
223.4114848792461,207.5850087806195,30.717269911705266,48.0515128531803
223.46412202198673,207.5784985054993,31.175546456111416,47.70278911879082
222.91106937208497,207.44446731996894,31.253127714739122,47.67725477511652
222.34372901811273,207.14004261633596,31.36281655275713,47.98768724002443
221.34003072266378,206.079212143762,31.348190181084814,48.17682791482478
221.29590493170045,205.26266402168642,30.80568735179093,47.99870518200146
222.39713714037822,203.4087291396706,28.830524234007378,48.88604429303321
222.62522297313927,202.0499812902702,28.03496670136645,49.35860900924426
222.4755046104322,200.84482665517186,27.410394461288348,49.68738031748116
221.3120266443551,193.92836187516158,27.371123720316334,49.64112706194993
218.89293466913605,188.88363606284767,28.05259656922241,48.34790160833067
218.02773040649538,182.97419008053802,28.036515092825294,48.320768106031046
218.1487134667188,174.1143419412142,27.154846354256403,48.87364195120697
216.65594530834883,171.69056601872526,27.26458659136068,48.51862478831136
216.49574386599718,168.95359749792232,27.652270684996388,48.208601964347196
215.80410037087245,168.31684373550496,30.233103561285603,46.389259280899424
214.66456412679653,167.2935260106835,31.540144754137867,45.4350631265384
213.2370339025545,166.53413801390133,32.65342492155507,44.62161451263512
214.66323054564154,142.7975391456667,35.747972534276236,41.51883110896769
213.99988181657596,142.37608384582586,36.28995743938313,40.54390482796546
217.64883849363923,151.13486854314934,34.57650005220602,41.891117766692524
217.40144882250002,152.59910490746853,32.89590250239459,42.72539900152456
218.5558323558659,152.59692301439497,30.47279916854916,44.544575447889
222.6315348392537,154.20846124794494,29.661797281760123,45.25396048095689
223.0856393778031,157.88002604647005,28.74246071317977,45.47682991497357
227.40656251420444,160.13438520441642,27.225780856545246,46.48482712566162
228.18118611507165,156.12581632424366,24.68628753769583,49.233192760763046
228.73069259556047,149.55502210494893,23.84638413339314,50.502796717540974
229.00345114317264,147.85321820774647,23.310070373439064,51.39370061637703
229.50376853377344,151.765926145054,22.72707794720272,52.097007504823466
234.0578762563378,151.74447269914572,21.54719673821896,53.35186374508977
234.03917762146347,149.920180784415,21.32696747445938,53.718181672985615
233.85101803321777,148.3398449882761,20.985263052756622,54.24936813495337
238.1844898994762,146.71386326703558,20.274949550189717,54.46394158376682
238.42520709563962,144.98688154879648,19.841058854922018,54.87882797671173
239.30990693325435,147.21334778638257,19.373155208592713,55.208624650404246
240.47286726836168,145.740742820255,19.068832877458895,55.41089701780952
244.37788523452016,148.17536483062972,18.614185586499318,55.6149628954366
244.8108455075386,147.01458114245457,18.236191374605166,55.564133325833524
245.11424438487887,146.07278188160842,18.129566175371227,55.331933851004834
245.64365438017347,144.9311360879217,18.132260681585297,55.41223490645688
245.5970198413068,144.48371360554628,18.078172220976192,55.18836720755716
246.05999691174637,147.02438094895052,18.008169568115058,55.28937123534832
245.5590439186022,145.7207198013514,18.110312447103592,55.350035491453504
245.27149065855917,144.50230601237217,18.390146676483013,55.176386337157965
244.74066833176033,148.00873221647228,18.588801427584347,54.73322940167504
