269.5,75.5,34,64
267.629131306699,74.04705674998877,33.397449991124745,63.36420234932666
266.7232118019517,73.61144553172785,32.86934392272312,62.711202531095374
262.64126585428164,71.62843016532378,31.21966865650329,63.60528568928804
263.5745460801434,71.4581502898273,31.353896178183643,63.37786324347313
265.50660364524543,71.69951088132142,32.115780498663135,64.08477304574492
264.9479997281119,71.46532589709074,31.94596180838653,64.50015619490921
264.02645082963016,67.5671643603773,31.728781428088578,63.82225994613148
264.08805896343216,63.11862985806606,28.5899363457874,69.06038911234455
264.3243813189433,56.49758555934436,26.377865498748147,72.2994288129984
262.5274486838664,57.726377463884056,27.182380736095695,71.00470897372186
260.53598896770006,62.16185421867134,29.43865195694908,68.34025122601864
258.4705694742478,63.50973048893427,31.40577605814201,66.80150745262077
254.88387463082555,65.95352786330105,33.340505409445726,65.82408230532765
253.90427576531349,67.36601153322532,33.13548352262619,65.24387524036618
249.56789588232664,68.82879343074009,32.098389162623356,63.92096792898684
248.89171698205135,68.26802916817624,30.21640605703075,64.8233748042532
246.466391302729,68.71688986958803,30.330932423304834,64.17741752010105
243.65734428521154,68.0527391017452,31.305335872249646,64.59113495554026
239.45366152960443,69.90101408158178,33.037858548991224,64.64909468329083
235.725304582679,70.49682563803282,33.25131396658475,64.34604420365518
235.65132351124691,71.86087440287447,32.173529358617316,64.34602265511202
237.09457913482615,74.91579074094041,30.847012689820346,65.93634857501897
236.91819376147046,73.55851590667083,30.619360677475637,68.20960053361625
238.35308188959655,72.26942163520536,30.952837213581848,69.07062670586544
233.58424684947386,71.6700247698253,33.78916757214759,67.84702663779743
232.21074144256528,71.4532744652609,37.19120047067773,67.23238016459743
236.78134508131487,72.33187886403684,37.05483976605451,67.49228052270047
239.2427293087033,68.84055411215891,35.22389775018143,67.53535959951542
242.0500454664394,70.41012636507661,33.61879788633887,67.55554856116353
244.56875623895098,67.90513222817154,31.2329356941905,67.97123131968436
243.62919511892702,65.64733674412055,30.442806492282827,68.66561953281197
241.51919776072978,65.15576514404268,31.204532566251785,69.70279478676616
237.17475024113935,65.2151491504504,32.81141066054737,69.15927519418919
229.32660517024573,63.6615515984078,33.72012984896547,67.69602762173022
227.7644249555334,64.5255635572634,32.03532241645165,66.33831266946359
225.56472253035923,66.86198640037463,31.006253317367634,64.06609650365738
224.04087790544102,68.46543244017877,28.89017904410224,64.7675455934064
222.4717114861887,68.45760493855794,29.662014842811963,66.57344684489331
222.1921592169468,66.90973189156688,30.546734846936797,69.30635094530508
224.8189298860153,66.47333432088753,32.11620776813816,70.68425033041913
224.94712847033895,67.13682351864465,32.500044294997934,72.0591864837788
225.12687714203557,69.38286649559022,32.2801243403681,70.57703757784603
225.28143915804324,73.54335752063696,32.14660208876736,72.86778324229114
223.8922760901796,72.7199391326176,34.22024885456817,73.13677723440193
223.50414682159666,74.11543411079504,35.503272042078876,73.35860060774372
227.6683112770099,77.01287939412127,36.21395413283931,75.79972536091546
227.35945829607462,77.03917592797107,35.999115410299794,74.63791071557151
228.87755259210275,79.60516423538814,35.22780246864944,73.93941054879646
230.95809674412635,78.4021753117561,33.54819190202895,74.10648201254614
237.65884539152057,80.53381259941436,29.660098499757623,74.5639162842755
237.76073180106778,81.19489070643297,29.349706181039437,72.59078478327768
236.33920802287767,82.16751971722762,29.955194418877195,72.3606076189653
236.35474803673162,80.29853666021518,30.318454161247953,73.83851532997505
230.60898149836038,80.82449531257267,33.37656133467013,72.90872490256797
225.88902371815954,81.27414976163827,33.38759048149757,72.18734548034027
221.74561173152304,82.74987420335064,32.43648034222174,71.0799560642312
219.86901147160248,83.88991159215462,31.33954935037462,72.64557606697298
214.02342275514866,82.03335076830132,31.362730376727104,74.66023653971467
213.61040232850425,76.7163907402743,32.18301439130306,76.35706000000454
212.3816629776266,73.34738324277721,34.35797691158939,75.73302684588984
213.3237505554171,71.27647661268986,34.11057009707287,73.73996004014657
215.11900074715297,71.46739780831665,33.10540854454899,71.78920323544085
220.28619604433106,75.57322589410047,29.479221742764825,74.15216444973746
222.75222389163594,72.04329086668925,27.954856573210034,74.29610184922544
227.45304038190335,72.93975910612835,28.007428152001374,75.49971378457758
232.47267894282757,72.55140051986629,27.55734437426914,77.56147133567224
230.8096601471601,71.97084448117552,28.454623821225447,78.38959482305174
229.1970660252459,73.5715390813111,30.338724723745194,77.94417014037396
227.31291272378536,74.91396891506517,31.005463343038997,76.19029908265661
225.34440550081507,79.76406926842415,31.702421989495278,75.13648547615838
224.30270989819743,83.50628747408884,31.944345575788322,75.16152000446525
226.79823917636264,78.82772430857338,30.06336869212632,79.6129036902325
226.3412880922806,76.59989162788006,32.669871229743876,80.0711544626909
234.83092804730575,73.9873626718112,28.742784007681863,85.1607506271823
236.11748554813673,74.36249821609803,27.6141795851291,85.30774908559425
237.09107444816425,80.95344430904258,27.442563594613823,85.10895874449275
242.5054959301345,81.52993428307771,28.406918262509272,85.12869159930946
242.42377797774617,78.80747358264202,28.676262918773638,84.96952421691668
246.65559546824443,83.39575429122958,31.19968276260627,82.39053798742466
246.01542466905886,81.28806141411776,33.16055723365422,80.91362628299962
247.99803055987422,81.05932427063698,33.71774440069293,81.90712692856562
247.84035866559054,81.5752819758545,34.41381017555412,81.51149008782892
246.87805686793254,84.26186263097082,33.62358957119356,83.23011277799297
246.38440274830188,85.76166136888803,33.49902811765247,83.56395942065834
246.00376700207426,88.62573121562023,34.0029629637893,82.75713205934724
243.0499325418335,86.486437879494,36.657972325020936,82.05868034811581
242.67682014275792,84.69469511613117,35.120270636203074,83.3990130180147
236.04411285426474,82.72444134320855,33.718140848260234,83.89475881077766
233.31765740726055,80.2919480553166,33.67520928545098,84.49499585958405
232.78317347357716,77.62605463584919,31.4109168550425,87.30559205520832
232.5355480756208,72.68681628296724,31.819255771475333,88.56767090330618
229.86934903061703,72.36506218812495,34.730769490679045,85.28253777371586
235.19452530540178,70.16070505136075,35.70440604633413,85.74689584416504
234.62365443318356,69.92217905992077,35.68135668359285,85.76512900394587
237.35760818380203,70.1466914969227,34.99828070625121,86.2505728761273
242.3222064920709,73.77946828770195,35.017300528006885,87.21374091322116
241.39484429730337,74.89012492752329,34.89846804135941,86.83436851340025
241.9016670791201,76.4642527392006,35.61770736160654,87.63226581553695
241.6659689455949,77.15801248626715,37.58559148456821,87.76662003394351
250.0689375188182,77.35897325716843,37.09279139256499,86.05738946065446
252.01984842749397,77.04636377021463,35.47267662362958,85.76813519895492
254.16137637570455,81.39575369240825,34.70204185834244,86.59480224635236
256.449735698442,77.55381993078267,35.23071852994524,88.33518832429101
255.94924385094865,72.34490741761309,34.65898110123652,87.93996498789822
251.14952648532602,69.27899481612364,38.86566318508186,86.51324030989568
248.7844668380852,66.02986638728375,41.320002755442445,87.71472468756448
236.03722221705993,66.01396232426225,43.81477428509062,87.71599423788369
224.7792893117367,66.97371819415467,44.83418394949682,87.89316170876171
221.16703544892655,63.338730150887145,44.713366205146414,88.626954438058
218.0321299818606,59.68843167061634,45.790766670223135,85.86746705564306
215.2335621536342,56.10638136469575,48.01713282594352,82.99573240137096
214.1034345486367,54.049850095230795,49.076145589039136,84.92928363163082
214.75982798542913,53.449265498830655,45.97488010255451,87.59226138670985
218.8904704894769,55.919706778436364,41.32715696312651,89.99092217008877
219.76689590386178,59.306380280897145,39.569085363520884,90.20041618002926
222.55145437173232,60.44418927725721,37.42659677899138,91.15069502263628
227.46840864288868,62.36323712739785,38.13515344663959,89.50217809394618
229.930406509227,61.5485554769478,38.426858817173425,90.45338972772822
231.51567477793557,60.987484044938796,43.41911353189248,88.84753886501588
236.37872004403675,63.79340073602059,45.195815358088595,86.83308278311475
249.42894312749883,68.50155936119579,44.02808365344471,85.79669507530585
256.02968455552406,70.88833714991574,41.82191062710616,86.54797508441378
258.9373386766281,70.4671337040501,39.94323954806032,88.32574175216514
259.85650055898856,72.57764530694823,41.49314658396804,86.20922241637925
262.6597977575128,74.74625620455119,44.100924821807155,82.90557520231957
272.9827719414072,72.32296529937814,43.187472715615144,81.66429261370936
278.3923602915015,72.25620124954109,40.82162796275316,82.46338012443235
284.80744657582846,72.6958875118585,38.14524396068862,83.32405123993425
289.075045053423,73.07190685501314,37.643852852667436,81.92247117560373
294.7042608201236,73.24890249759252,36.79698805358035,83.178859467128
299.00318640535534,76.69163228269409,35.87910380969157,81.86998471290389
300.5683281909779,74.41671185779795,37.56864016566186,81.43190289423913
308.55516125781935,78.64693710780139,36.54497479491849,81.98480669568488
310.71513244325484,79.9548051582858,36.927752112463025,80.7144004754305
311.63621182122546,79.7705135472925,36.58281971398185,78.75299283361706
309.16041936883636,79.65440161029996,35.51694331886381,78.08941558064518
308.3956288712858,84.74842320339035,34.85328176406867,76.06481691350737
306.7533888809715,86.39629715471877,34.19532600327277,74.92041760170136
304.0085544027303,85.4221249079308,33.61057069293996,73.2846511200118
301.0874015245628,83.74000879815506,33.409920097041045,73.40788364092435
294.2366927568174,83.22240544739071,32.949467629785296,74.43198855174923
293.0403194163285,80.52466423632818,31.446430171129958,72.61055632009621
290.3637868953388,79.89293001588604,30.385318272191284,71.36714018609035
287.0490842164528,77.70605139910626,30.660321087849077,70.41809916754418
285.99138549721346,76.78980629500067,31.262221769774133,70.98614526297766
283.8545785092884,74.42550165695488,30.97617244987842,72.62278338008792
280.9080108258783,74.93620357747088,31.244830430223903,73.71157446054947
278.0388721127445,73.63243460171407,30.707587531784473,71.50448762568612
277.58076213446316,72.59420653612904,29.33258730020636,73.91072442487643
275.20405461866255,78.11079099930919,28.745815735890833,72.16407073441702
275.616697523302,76.41368842746463,29.450302565886503,71.24352377620792
276.27075173978244,74.40428503147965,30.863450150610525,68.76050905023357
278.4696728045802,74.96285377582828,30.17025079368959,66.85742102004004
280.1879817928641,75.48643660634815,30.1496503494704,67.40603775817785
286.28479925668734,77.34554122201322,28.562183215097846,70.14333342110427
291.17949480374267,76.49621454491952,27.6063950262607,70.8867875336535
292.898418307745,64.16223922556046,26.264212996283383,73.63574326880716
292.0572691201761,76.87201632722858,29.652133329200016,69.07750574637913
299.6752873419726,77.21321554358504,29.020279128954236,67.72949527171599
300.49803377233934,78.21609547246058,29.06186855887013,68.66237815421455
300.11734043501014,77.48092873914752,28.61694448447461,68.712937684569
300.5110932930605,77.12378927159905,27.423607759224275,69.9939950410679
299.35184631308584,78.12502532671894,26.963448335918645,66.19116427775957
296.3629431896856,78.19171582702337,30.423269715623153,62.74967804681929
296.58160257441256,79.9078282126882,31.613949894266508,62.77994597988112
298.0662065782017,81.26477094778993,31.629711264205937,61.43960508346154
299.054328141591,81.83323303755577,30.687524324103375,62.635961705702925
298.20467256301976,82.47796845364219,30.89928152712143,63.984297289087955
299.601002423246,80.82588557155228,28.722837512540522,65.57500582651454
296.7736982944048,83.3548458403192,32.68076570125312,62.44847605130979
295.78824363914975,86.54320707238412,38.55306318009817,57.52230974619944
296.5511578604951,90.57541904530214,43.770783607494224,53.52030569172082
301.9294657973527,89.39711750176795,41.93319506227021,53.50090527498975
302.21547043871254,91.07924326150496,41.109845211484895,55.4529670222699
305.9714642842349,83.69649199289876,35.09025900111483,60.28200620346422
307.0716026984495,82.39089496257611,31.8870155303059,63.01791788710487
308.50571090655666,81.98664823740208,30.17824046598223,63.96937967916114
314.46978282260795,85.80215558160947,32.8186572341603,60.275126608406865
316.64317450067335,81.23575017530924,31.51247584679481,60.392461194200706
323.5895406946356,81.68125786826133,28.679941289070456,62.24466351497681
328.88215985880294,77.63829419765881,29.38018155265482,61.78971542130637
328.0296188112071,75.87809358526259,29.897882857135983,60.261482116985036
329.5636674404331,76.05856008625423,29.04666544334956,59.494207562267384
331.7831922351183,74.08146804140466,28.748397256566996,57.55783483968015
337.47195377131294,74.5416710633236,30.029252785251938,57.02789855554495
336.2160649551274,81.77992710002798,30.475512992085857,57.84854472340815
336.2686896981233,83.28462261338201,31.689765859762385,58.14849751154995
335.89982673205077,80.98647661132027,31.117113836470658,59.90890065306357
335.9741708026265,76.39352553619153,30.00647366466061,62.03551287107007
336.02257446904935,76.44704396977784,27.69506672243989,63.15124979425695
341.683279922127,71.90361451513574,26.17442562219271,63.635747978138305
342.1594512349685,75.97422646135666,24.728721791647153,66.60425766723944
341.65966886526735,76.57433958831788,25.07535704620522,67.58967317891148
342.0419748415569,73.7503209767128,24.051157209676852,69.83373181592474
342.91278450126765,63.50869366496397,23.89509725838888,70.56815564413432
343.2169722188801,61.74769366991045,24.73391878361327,72.63747898037937
343.9926948045553,60.49049488764139,26.124875259830517,71.5522349834093
346.45537435335706,65.11809921416115,29.147767409633083,68.0217668355883
343.97337919053393,64.45253474208067,32.33659980681246,61.8142662478889
348.4585133900538,78.66971535788052,32.710054704892,63.14401176677748
355.2504115662314,84.80932028700693,31.648222425717893,66.86740925410572
356.998960760206,83.80363541733269,29.19530776884779,70.59663492378256
350.89344711083845,82.5842674226663,29.129905891252257,72.13484582003673
351.14775689689674,84.94390202720233,30.150016473173164,70.1499103645505
351.0633243680693,90.61474207623667,29.246819396085314,69.37876592627185
348.71408714789686,91.82175894662738,29.6052364633833,68.23589672196655
343.23155872069657,92.53414044656623,29.664959798802037,68.21742043855005
336.0673591470932,91.12480883039188,29.517921781702015,67.72614905480987
332.85029806686913,91.18960156082807,26.09540312641531,71.26793100078258
335.1787873467154,91.87850721258306,24.008054951167985,70.39264347714169
335.017946156033,87.72709374006087,24.51376691169538,65.37862643567485
333.43396510281224,92.99420252016334,26.571411191865845,61.99549472904656
333.51960647567586,95.18111609719995,26.905585489786407,61.67793054494404
334.40966047370773,95.45855917632258,26.993861020524754,63.23069824297626
333.58384364721235,96.25983653940347,26.13780638959515,64.17601915959095
335.945290491953,97.23878868529484,23.02608275359597,68.3180394321698
336.26688952984597,97.60926678643284,22.182293441457055,70.0229123829547
341.85395021674896,93.05732353681157,22.902133974084244,66.84527422399412
342.11868549764563,96.33450210457698,24.765153322416648,65.30494516082045
345.1933774780348,97.84819780495874,24.621707891606533,64.39139195585773
344.4418537597975,98.56841239708812,25.808317666433364,62.95523100153802
345.555722098983,97.3381325587687,23.44406748665662,64.34568226448056
347.8317557252344,98.10998155871128,21.39271000626381,68.06681914542426
352.3189882017209,98.22321805992095,20.17474577426858,67.53103168344263
353.69893527836035,96.10693153312783,20.16168303807342,62.69263610909916
353.8800725920108,98.59806824231323,23.174320195898307,58.49855496291466
354.2747133847623,100.50635592763967,25.174630161222233,56.697965081153384
354.8461801186687,101.95281911908108,24.91835846136906,56.65314150626919
356.14410064995417,103.12229780574161,23.791361097299713,59.007179681196455
356.4082621730307,100.82419047614871,20.97372306587136,63.41133050213874
356.27725800924736,98.84931172879566,19.55536249313896,62.346976001147844
353.8246220285102,102.16260592406057,22.645605310326204,56.67848941964282
350.52726379344824,102.87962753207472,25.34124770284392,55.59503673067218
349.7302482689373,103.19744760768538,25.563451507107224,55.33185634869983
350.3445825894554,101.94113550069501,25.438806084225895,55.084782886975596
350.0001320821508,103.85123130469742,25.248153601997522,54.43677908414655
353.599862861573,103.98643301134793,21.646055038300823,58.23654225867514
359.1943854683353,103.2439269659322,20.435244115852782,60.16865910157034
358.6152450160301,106.31188712542223,23.162378994805685,56.20679292840326
362.36637983221914,105.76639350397411,25.51692374688801,51.958115712071006
363.654303534263,106.33853618048185,25.665969912746554,51.11248774655055
365.3854163381046,106.0258910740798,24.10469914763081,52.709236454017926
366.85234816646835,104.75251706223455,21.90542107411327,54.97958873958356
369.86808192805154,105.19900300415517,19.525216311109205,56.40140305149731
371.41171693657867,105.235114199664,20.36720678637986,53.728911819689884
371.7899688556253,105.66304803151124,22.920982317640792,51.19922795192433
374.22735410872195,106.9665977261958,24.57274636879007,50.037139939889826
372.53738127037576,107.85687135490498,25.777005447658297,50.606943777671034
371.13173908164697,108.40814022976129,24.988741246853564,51.921623759434254
369.3425575501978,108.01957773273722,23.690122097685297,52.368945703918044
367.1275534118495,106.48411517050974,20.69873316521444,57.70461224911885
370.392323077122,105.31052532588211,20.20852145612936,56.35724118573433
371.0539702200687,102.53639666650628,21.149768796212502,53.31798553451527
371.3462928125544,102.94104704617152,22.440725260525525,52.09705477054041
370.98041660967345,104.6663109271743,23.147754952310272,51.488268808843074
369.70628765578994,103.66343194308743,23.12446845127908,51.73501777337758
369.10154441380746,102.16369432029995,21.398661737612194,52.86849200901143
365.1796444365815,100.19804000984416,20.5484585869005,53.83858990223136
364.4159465599289,100.48395304879735,20.304663220058046,52.221005338530944
363.184313744431,102.03933231343483,21.41734517853032,50.38317862344971
361.6284717709125,102.79062225620186,22.25484203755472,51.15532202931276
358.82326037617673,104.72935572602533,24.52150028349282,50.935574940205946
355.8878178949896,104.52070220065066,24.221216441698374,51.306286879466
354.35547973374815,102.57573386075015,22.598171511739885,53.034845414049116
349.54746506635456,99.88196237516837,20.83911978421024,55.309157203114296
348.9153060321202,97.69940821437908,20.77409954052989,54.21130003625903
349.1808573885702,95.6136334425857,20.56132795002828,52.75643623450891
349.41083335501696,94.3308793338073,20.650719901125957,51.868635631341185
350.10671362688817,95.24513243619339,20.89452463829791,53.016510013193155
350.7148987555981,97.59021580564742,21.2712332325779,53.2585704089897
351.52107851538614,99.15046917830146,21.36275736092042,54.484641308029744
354.5430340782909,102.94465820766052,21.075401315524836,55.567959912214455
354.88404025621423,105.87244691183948,19.23487350633947,57.82923049579991
356.80918814095526,105.05648454563328,19.099516854289075,55.411985210969874
358.33082010830964,104.33730093224136,19.400817119027934,53.45591417099958
360.1146940388042,104.29125913177529,19.454457931821104,52.12690502328973
361.9476871956521,106.28351395075765,18.846792140433685,51.93010938984163
362.0689241273801,107.5136868816525,19.522859112358187,50.49221564406449
363.49148825115515,109.2560565606438,19.68380791597089,50.25053830543005
366.33729889149384,107.62886357953366,17.796566575326437,53.36290484678813
365.6539535446354,108.37133134957219,17.976334122795535,52.06599561572445
365.96035533411435,108.142458493752,19.05288234094142,50.371995531161176
365.88524531085864,107.29753837068913,19.48920074846817,48.67147399139827
366.4456391930612,108.69019639187555,19.39405311410612,48.92485066180925
366.33515236684076,108.60063912241738,19.822485322245328,50.13896063739397
368.092966065068,110.33120916077637,20.90554509772689,48.9723213884653
370.36947954465506,113.02398996861889,20.652569827700773,49.24527951765331
373.8753733472033,112.63510775829474,20.696420059060507,49.897190817020935
380.3215918523568,110.50252274199275,19.940165833787773,48.5709792997897
385.3648805884403,108.56209318201032,19.188428182482568,47.94776098521478
391.37748467820404,107.13891159266217,18.97334535390718,46.196263827607375
397.1706741012151,107.3609371482533,18.376765053722416,44.97852130063835
