23.5,88.5,66,55
23.58471539377979,86.95642277043135,66.30480033636468,55.954105924744
22.69868497419141,86.1968341589662,66.6248603191419,56.58929733024189
23.28106729839719,88.1043186372185,66.45654049208807,56.17451968080516
24.290343576652816,86.65474523096316,66.49591864350833,55.885936180968415
23.86712212521512,86.76468755048695,66.09908793054663,56.043716584798034
24.225357989219432,88.09943345279987,65.62377437502622,55.25562059697519
24.135279214913012,89.20944177278344,64.8279307205789,54.976774053405464
25.343236878007055,87.93304902404162,64.77774472636104,54.59483235896401
25.10115238195558,87.84273269067404,64.16391128468713,54.13624794701344
25.272084526372755,87.27450384046892,63.64544187555153,54.03221580691614
25.4818002971684,87.44173221246822,63.58253790087003,53.621684827776285
26.64481692340228,86.8797090632542,63.25262152500444,53.74209405078014
26.516522705142286,84.81005252675138,62.71744117223305,53.705269676428586
27.3878193118698,86.20349533333074,61.844120429252264,52.825305211570054
27.405477263210315,84.13800954791593,61.32337684893986,52.526412852651134
27.235743706318427,82.98617021878884,61.43490981083574,52.67999175657181
28.75248881083982,83.81062247827093,60.673344097489974,51.9977372467629
28.731322036644627,82.73961546170395,60.45185333200135,52.227298462933675
29.818572943763183,83.92689857302699,60.20423092373958,51.638831078140065
30.143828693830592,83.58885103300514,59.50283680845574,51.39511955856677
29.876355396438793,83.99815971716431,59.73883508547315,51.291899488584455
30.172957891406025,83.71557599366832,59.20362488963921,50.90967238572976
31.05911484195543,85.22426151260035,58.73998067485784,50.29764750303234
32.27152510853913,85.63775977441026,57.89694188664741,50.01744199646804
33.11269793654151,84.52516283061895,57.556152422087045,49.54834071612768
33.40371172145777,84.8472717821197,57.426217589213984,48.95310151808533
33.71100461534087,84.86481239968325,56.878567117175976,48.81147519228291
34.178637445750624,84.89573802512182,56.50160940208477,48.60101334951733
35.67684620036451,85.38448799828359,56.0044880812115,48.177662136809644
35.25601972047878,85.68172451132614,55.73463064497922,48.00063718435014
36.53280104213386,85.86155753989001,55.24285441486181,47.699661272834135
37.49571186277726,85.50740616130739,55.001750071129024,47.44846186945021
38.55293482778228,85.25730218558309,54.322789861753456,47.1539796887577
39.49082397021854,86.2681177116837,54.17212830661725,46.425261835027555
39.699945999289035,85.3320598985508,53.93803166602159,46.704324120381514
40.26357223672459,84.9159978347187,53.79750928987484,46.63421423019672
40.404169825827466,83.360761784142,53.775457613189246,46.46571632822207
41.12003726271164,82.81183243922712,53.37033609410382,46.14313887417673
41.981625570341976,82.4568110327004,52.626157186210094,45.880503443116226
42.303338953494816,81.0713507545399,52.36676362302941,45.508399554857135
43.12962768737845,81.33476918851328,52.02005978769317,45.402847571124795
43.41616098645748,80.39445070501533,51.53778226175068,45.255470831913414
44.43615979510654,81.32194030066202,51.14686229833744,44.725904629282766
44.44184190717607,82.6660294987706,51.64669134965004,44.084497759402254
45.17708157332645,83.90543213931483,51.78450137834935,44.0509892426876
45.33060294607091,85.5180839697969,51.11514351454758,43.968218407193405
46.16444791120872,86.19094462983884,50.72177514036328,43.55997270880984
46.26694523360308,87.26971705546615,50.31134217970617,42.98949629608518
47.14500250239605,87.19686615648556,49.709029798568594,43.03842216739679
47.03676373742111,87.82989102322318,49.69935760558471,42.69262326695606
47.146189738143626,87.20453089997054,49.467724187142366,42.79241442010046
47.2458439240868,86.28692505906058,49.16699959995546,42.698010604331245
48.08648667197385,85.6019754883004,48.552983071809834,42.71564772574052
48.91678915319064,86.0800087298873,48.05325700608951,42.15340605831684
48.36485773217802,86.71123153148383,47.846563913208755,41.84283089656056
48.46870903138506,86.98157423919234,47.20126615597928,41.427692785893015
49.219279596163815,88.0389633032478,47.4144893166592,40.98392002601483
49.093954474171525,87.56744927712532,46.86840457195436,40.98380816756184
49.38937833155242,89.01677676281696,47.1146650520206,40.59378132613769
49.83354818856603,89.52412563079665,47.16102540980506,40.369430153040696
49.651468254517184,90.39182560447084,47.20924972578254,40.107729656185164
49.75338096946534,90.56148804753956,47.13481654725856,39.89764626637228
50.062357972300234,89.811284508944,46.52085055426025,39.85035377290757
50.31834358388904,90.9372164138181,46.322216806144056,39.49041958962418
50.42363569566187,90.50089755876897,45.89871479278153,39.38537482844713
50.91635241799639,89.70371363259007,45.4866677192482,39.34331611277363
50.802724761400775,88.49761353669453,45.80544345364639,39.429402365279415
50.25752250286362,88.83273296829908,45.50550037073748,38.98970087191762
50.4059849993092,88.28073704530838,45.09199387081919,39.10984009300583
51.07600111166158,87.84592839429862,45.12158995631796,38.83587981934177
51.918989606182585,86.48935430940045,44.89062385823665,38.43606049798818
51.67505564109943,86.5322211093372,44.89807769586221,38.32825479151491
52.094417485775224,87.11939134296057,44.823100864153766,37.983432821258376
52.55602154523188,85.47872424399594,44.57988577864957,37.81615027609985
52.38712110121509,86.8196905925513,44.43755480213543,37.52052863321886
52.932306811723535,87.9227571959897,44.251270805396786,37.38281440598685
53.04333392880558,86.90620296462959,43.772323830506224,37.11521338269938
54.258923767323594,86.41803425318032,43.733216115826764,36.8732423568064
53.86922763977271,86.70160865171161,43.271422944216496,36.56778414654916
54.3215039334674,86.64037259815946,42.89463640573536,36.419712886982865
54.55475759130743,84.96622984334631,42.718357635721034,36.725075422976346
54.75081975616719,85.66965660947727,42.299882429685084,36.34379132964874
56.11252932721588,84.27638037261715,41.71706325363689,36.08833087345261
56.725581321981174,83.9258074246146,41.53038022643999,36.19741662074174
56.64773947484045,83.76153085405562,41.20937917159501,36.07542424226931
56.57157895799704,85.1639483234552,41.604429705217925,35.60403318355132
56.63755245000428,85.76462541823565,41.62623041390764,35.36361649399042
56.984091556970824,85.23093477379788,41.18104173361351,35.30746369949958
56.75992190303163,85.57370832330449,41.05449716326085,35.44750095250281
56.7803841490034,85.04701574165175,40.63682863941118,35.39703348614674
57.098320263281785,84.8731760070446,40.50153803297813,35.162215239411026
57.37343330731893,84.67745057184425,40.46963518756818,35.049666578542656
57.80623306458257,83.40807236661496,40.438657221693546,34.725672935595455
57.71154083350661,84.29446934276876,40.58591871257896,34.52565768507009
57.913761591926246,84.06359233967683,40.33561151397223,34.67238564640836
57.33839101953778,83.62662041730587,40.108050442219316,34.92793225527994
57.81569433596814,84.71218885878116,40.08030342659187,34.350510801635366
57.53969290072996,83.73070818342217,39.68322380328618,34.36025404989824
57.82841631365085,84.39599051042956,39.38116298308444,34.0727159623889
57.45593404271767,84.8860816649236,39.26631919918327,33.842382496021656
57.43558501917152,84.08724264619558,38.92538283207956,33.88287977118673
57.68685543772773,84.5640432011511,39.32993486424891,33.702131737733666
57.871509639713594,85.69624507160349,38.88800765540515,32.918207714083536
57.88487849320554,84.11829599822389,38.58933108800484,32.964692475451486
56.799352103423615,83.27506980005023,38.84344806606265,33.21513308056957
57.365980536615595,81.44605683472308,38.71751172294071,33.047262986519875
57.18475842069426,80.48561235184843,38.87711011313719,32.693495418074235
57.15196766473311,77.92695856903728,39.157226816714655,32.94697146361596
56.48765740196911,76.86570688331784,38.83039795183127,32.709072727816064
56.69509352250115,76.82590107684788,38.71576735991803,32.30044082049614
56.23507392012754,77.01610187026603,38.30057228026432,32.27641772935307
56.609280369722434,75.60805152802588,38.2564455391594,32.21941670256016
56.40033112691451,76.6763957064458,38.45155816447519,31.71562846454812
55.326664976138616,77.37793122578067,38.75566927843543,31.306728926084382
55.99450478068732,77.95386039302687,38.63529762031152,31.44179733796038
55.72616374439011,79.29233448914596,38.15442231032234,31.773751695465876
55.58705835429619,80.20702301092224,38.09267531682472,31.851458878521584
55.351352794316355,81.51466182931959,38.02767282680285,31.615564090466506
55.171878490547655,83.38066186276845,37.675382513651606,31.378731278970395
54.89252364750331,84.22015153249743,38.008354002175224,30.98797389481184
54.803659289930096,84.77784885140046,37.98622688307598,30.760874251836842
54.41931251566314,84.45838061791633,37.7171207156141,30.72774969270877
54.40164165597565,84.47255095947123,37.471382367831325,30.844024689578266
54.33973399040448,83.47822987106505,37.56972921726908,30.807577840893202
53.83998984915094,82.5163407801404,37.67576008705643,30.63481151857686
53.46225526330449,81.29362029042967,37.82647647974237,30.80983075460538
53.05982070709076,80.9124047168025,37.52226122441776,30.3010424099011
53.269225278397656,79.74379454487007,37.98428266776053,30.265331988613973
52.69416736669732,80.35956598952723,37.631779939906934,30.1436449895737
52.41161912535011,80.64280132492456,37.314290241437575,29.80577483569438
51.97865616731476,80.26125818668942,37.38841106898822,29.41450189070623
51.42595993312123,81.80260357062184,37.29379013825114,29.08792632097675
51.37387708620165,81.89502468522363,36.776202377881916,29.2955267354156
51.46949089767825,80.93886758424159,36.669521708368435,29.78609218001732
50.100494791947554,81.76566611081695,36.82120853996227,29.69894310011793
49.70908054416471,81.63973302064902,36.77570520741058,29.81072742777932
49.40601481385653,81.59707711393241,36.45200313664725,29.41471093263023
49.481594088535495,81.61573870330686,36.33165380162798,29.10693191663157
49.19343104679591,81.98358359096153,36.06580785847293,29.118178224162193
48.99615616939208,81.05006240111614,36.50393288524466,29.16911845675063
48.91728546546669,81.55854206717439,36.143782528454636,28.926308244488112
48.84550188552261,80.68910741220988,36.21917908125281,28.89958891325043
48.02062758240886,81.74181838226224,35.61266061671002,28.45124607375452
47.73156922214112,82.18896424010592,35.52381793230014,28.32364240690674
47.66306340932996,80.94312073623797,35.598755399581776,28.57279406193571
47.27197559255029,81.42086053619406,35.57601620102594,28.46739072020609
46.06596840354574,81.72664731187376,35.35654821628784,28.114237755432676
46.107811703897255,81.41966895092479,35.302670824171635,28.18811047292845
45.80355445764579,81.35491123761106,34.990141741864534,28.025631834509603
45.295939338187,82.33182054649424,34.79694383632716,28.183906903800725
45.00702871471063,83.03727446998043,34.62670384356051,28.04655815030369
43.92517491713717,82.6670277337827,34.88190480685623,27.74165469868028
43.55785824008669,83.05524778550725,34.39746379248032,27.786959454449807
43.35972250993976,81.26573755717702,34.52435197130483,28.23587155463442
43.17347059589727,80.15882752631616,34.36693462534044,28.08316286689021
43.11052835308939,79.80098360601596,34.1149172588253,27.98209565110937
42.774258027345844,77.44545381480988,34.087482121719106,27.982253973145557
42.13921231380333,77.05448821061378,33.47866658354841,28.6708476903831
41.14580862509334,78.41949387024955,33.46570272359503,28.418048561739607
41.483734065153314,77.92173981880485,33.48049425995228,28.43307802025796
40.54619218988797,78.28950973540091,33.282605474395936,28.81801622108533
40.71092677430889,78.42304469606866,32.96322856866408,29.14974004479072
40.31838584703951,79.43003711842103,32.92785034210238,28.886940974889132
39.528048610938114,80.16201525118746,32.954138913807725,29.040518273923865
38.46002846385262,79.61479665476284,32.92042303389119,29.34943026402192
38.391320846827924,79.85445770033249,33.27861791040331,29.154338375319085
37.65491072166067,80.58698713377572,33.07579555114157,28.81742055400297
37.3553368480971,80.78904349336149,32.54678615944424,28.626260150638785
37.21910981420204,80.0992814682826,32.644945427668084,28.65324966824958
36.83960189003063,80.72179687683368,32.844568048910546,28.20847641473842
36.27156150877025,80.53923605461323,33.2258642273859,28.044203074934018
36.38139107200491,79.5468763590126,32.93332968314762,27.89049067864441
36.66988740004697,80.68568745575143,33.20842237900747,27.390884456350534
35.520548301831525,80.56176627444806,33.01272773074231,27.419029701151807
35.247328952957886,81.11544853340686,32.98067635004033,27.24007058732507
34.48912625413473,80.58404536069409,32.84814988676288,26.943505509029293
34.18532890355852,81.30785875084275,33.10552927209652,26.704962524279466
33.535054885614144,81.78632238642561,32.75262097768589,26.45163172585392
33.54907360239208,81.87981869296917,32.292471714610755,26.244524595927423
33.466447359310365,81.90474672854023,31.283429609824164,26.244144738538537
33.28337497741832,83.2483898559156,30.937087093239455,25.34968501710534
32.4572044298236,83.90098689053212,31.018691780195258,25.025339439064165
31.914765898545397,83.45876625332644,31.337827673298985,25.454187038100528
31.076567212474696,83.52033282441923,31.514765182731345,25.485581604803023
31.01481726042026,83.22023530607969,31.63197750229327,25.839026256912934
29.818950211989492,83.39225867242045,31.718669332309098,26.042937063789815
29.523929745263093,83.13731453951983,31.666228402263208,26.298275289822847
29.412447478042857,83.20947122479812,31.72632400481415,26.49421697111753
29.112450508516233,83.80253176062566,32.01651171618337,26.312664476275213
28.819404038201455,83.94354393448812,31.673634915945318,26.497499379811046
28.115391170240088,84.49230263264771,31.266854071324534,26.76056648094365
27.967335303317263,85.52089449087374,31.516447248396513,26.51415518346742
27.796042472256357,85.81692620413074,31.714262809805554,25.997430023743334
27.36100202998441,86.42963010551297,31.52533318867318,26.370283934960497
26.692490579080342,85.67464557243646,31.32063021653417,26.756259604354476
26.897932924963925,86.16579389522715,31.44179535949525,26.2922354182801
25.506152842090696,86.80938980352929,31.2924896671637,26.57398579089243
23.02716684132874,86.36867124479573,31.63338670225695,26.399983197742472
24.492194813305257,86.72030941976601,31.16439628908089,25.935566590681773
24.335747647626444,86.80881522173893,30.941010286442697,25.90852963092008
24.385193754673722,87.74222945167148,31.129367011623884,25.68847629751218
24.67913113041115,87.8100266634616,30.814798212698012,24.9827934873963
23.534771756047483,86.8907166440785,30.29722514280657,24.706075200662013
24.121837231686236,87.67201916174591,30.376020421959666,24.7535579176694
23.073416169745546,88.46118666375247,31.269809071414777,24.111269275579502
21.866589855476327,87.59712185088877,31.27671245144857,24.15489510759047
21.570852795830483,86.82946091495907,31.058198429680388,24.44905050701489
22.036804575348125,86.05579334594178,30.729152996808587,24.48295111574496
22.22212239702891,84.53749696142579,30.958576445491843,24.7388339028586
22.016596141582454,84.75025965414149,31.141212915845013,24.507556463570356
22.056942169157363,82.67291255459216,30.778724494718865,24.364411974772274
21.773797065689607,81.87293652212692,30.932316194345418,24.738558399482127
19.912374005021476,81.43619398472828,30.88524101288627,24.749128137193686
20.406315097742095,81.90055718619973,30.902423434111597,24.644776350396846
19.72257861604712,81.50966631992792,31.140410313517172,24.584476357343114
19.606451973427,82.11420130957447,31.38735386661085,24.84601222826972
19.765551934333686,82.55808957390235,31.439512829132042,24.812895078142574
19.309389348476387,83.29189621667456,31.409878202510615,24.990484071689025
19.3172245279182,83.47484438813211,30.837521382655154,24.370210751091804
19.11368543379452,83.42620834122478,31.01302426067226,24.41688123212995
19.1339666559136,83.28258138664005,31.187029686335755,24.43786203019444
19.56176680232043,83.09613141975983,31.028248162500212,24.412261730066263
19.411305264065966,83.69191677710612,31.19122648107076,24.29496054853103
19.472339377019278,83.43894046766538,30.317706882063852,24.083976936753025
19.377736608460257,84.2814555208183,30.26329947410209,24.001581618006703
19.281416805291634,83.17889288233562,30.196202453099023,24.342738284208508
19.987529055199552,82.75112125198325,30.285193172780865,24.018772620428997
19.306669426617084,81.42430051485847,29.59787998022351,24.15123656438984
19.138822153162536,81.42645050137214,29.69356194101582,23.87974580714657
19.24504423160725,81.15875643570645,29.92377942715465,24.07182638375613
19.29261915802879,80.69339355200084,30.22778238965352,23.766114115202384
19.005915289694713,81.35130336934623,30.541972625635026,23.626618609616244
18.915917721324874,81.58832323216632,30.985403185748876,23.771412604660103
18.59977249057494,82.43698474738719,30.885164126260285,23.821812438369367
17.506615253076735,83.95631026187776,31.605365987578715,23.419261940012596
17.701318653341467,84.84174880080676,31.49647900034843,23.199724965304036
17.786117902193737,85.3863016356594,31.27792183974654,23.55827246999907
17.94854207186148,85.03839479018063,31.15230065466597,23.80243801504251
17.87923206200479,85.37872738996722,31.035851299341203,24.098026861432643
17.849524819553523,84.39178442049962,31.11452644219497,24.14907542377331
18.47501238735357,85.12094917239641,30.80181895481494,23.54025045040956
18.317443105095375,83.75814045768146,30.46789470700299,23.06581180378963
18.6371444772819,83.89594124257611,29.811043514985226,22.68815114535298
19.160208912553205,83.9219633708148,29.19536517330271,22.310916225537916
18.827876359646467,84.91355028707709,28.78490363116697,21.774927194115012
19.665912337100586,86.36982983480476,28.918669494404483,21.13374089376463
18.72748604832469,88.06955219900871,30.00735978090632,20.47690423573026
18.79860004175772,87.88870574138811,30.1438198373962,20.47397059433658
18.721393930995667,87.99488962036605,30.06784849885885,20.447828876505575
18.773829583687657,88.03822629016075,29.958326224882253,20.20593882813686
20.19521725526555,86.55117670746102,28.638831025464263,21.55026246939689
19.713345899493206,86.50205716606182,27.63181970964232,21.6671554330001
20.64969439337069,86.27570253819901,27.328647248483414,21.6078155501797
20.76681055153913,84.62270979079983,26.83395443619774,21.891936153925812
20.93023305790145,84.15616317921406,26.8708841403272,21.66230428611684
22.18715791329208,85.08669835142767,26.631663068767132,21.464230353013164
22.14668977315717,85.56000124897115,26.580479946747563,21.924467385723155
22.21031859969747,85.29480714995519,26.728983510545852,22.157690428344285
22.27065490700519,86.3942422756644,26.78785051680672,22.298055005874858
21.205156837913822,87.2049663504719,27.286123442747332,22.33242281523659
21.758383679665236,87.62462938655004,27.321202657193727,22.003884468528916
21.731785784007762,87.32228296121541,27.36381652765392,22.25737402658992
20.911262449214043,86.7160083539965,27.29940968218857,23.055946959146425
20.235705845889246,87.38781482686821,27.379482806860317,22.739177680433333
21.497869146904414,86.63703495208743,27.428525469432643,22.5569186128562
21.63304289946566,87.14463655269589,27.673742882828215,22.10185578296193
22.092250933664133,86.58493476616214,27.72172046400937,22.1178352837638
22.63669465580745,86.70806662113955,27.812389866341384,21.624156403735455
22.546480223718195,85.9958634468197,27.50765998904574,21.55391584552246
22.465774576757703,87.0597843347715,27.546661060078737,21.63392047274077
23.404582773038683,86.31280246688294,27.426895076070846,21.38236910040939
22.37184648010695,86.2746953049129,27.71815935466808,21.092135945816693
23.04667904669839,87.1593492522098,27.676389285839143,20.988786455763908
23.65495265288194,86.13767174411714,27.594769465477967,21.070639158335325
24.06902940322844,84.97019356895017,27.6653097647575,21.415384737108614
24.14250352552596,85.4393953063884,27.640489947191117,21.508502940203023
24.546597125933967,84.49083332121111,27.80123972614576,21.227126019825782
23.844289316387886,83.1109090767491,27.825543975341986,21.506789476858955
24.436560071079832,81.35361371301119,27.62221019434402,22.06240560449651
24.67316266429676,80.95411326281022,27.37841127531472,22.20100271680868
25.068216490348753,80.34597596869763,27.096380290996375,22.634092895892344
25.721118306579427,80.87101737639219,26.691812298584008,22.60130567948697
25.893133217559342,80.42030169993521,26.518359049042395,22.64044635199248
26.037677339056728,80.8366810530425,26.432611768576802,22.99655998311921
26.646319544181253,82.33651173343469,26.461427307210812,23.033495397389746
26.250995873521873,81.76523186642981,26.40568314948706,23.59364521309122
25.95551335980207,83.19405620400332,26.55922190787226,23.51228337838306
26.705831085177834,82.92217118610992,26.47239396845038,23.687885685984206
26.760196091582984,82.96543739997855,26.75384150357175,22.976311534995613
26.449471244114434,83.00238131845504,26.866853088157285,22.552400160168432
26.68083775988761,83.80990794431546,27.101997165661686,21.771521064636545
26.60520922680806,84.31355753208997,27.261918127360723,21.797902328082877
27.088602076529035,83.67325433171072,27.361989289033275,21.9819871128593
27.246439064014243,83.40806899065406,27.28469981420877,22.252905600997188
26.717575208101593,83.24383484092908,27.075809989489276,22.392757132921467
28.08222666795619,84.69039058186002,26.85848045082256,21.701113880353432
28.297089322300295,84.89238286837954,26.632057212632812,20.92766803912781
27.220265622951626,86.49028216451799,26.774171112566115,20.238462435818803
28.42811148930522,86.4626390372833,26.395543455328898,20.035043759744305
28.23307180843778,86.96141544487725,26.70163902320906,19.77114150970379
28.281998594071162,85.71110508277194,26.57552269145212,20.20291553133874
29.221516947384416,86.02028558699409,26.14476858427477,20.159005313776532
29.393505336258123,85.64986955587804,26.138473457642775,20.25891429318012
29.763387140158414,84.82667951227918,25.708301202781797,20.417066178511668
29.703212217319457,84.30330467591344,25.10209802559823,20.747352345021408
28.620280318647364,84.92010167656397,25.270075522855443,20.334905547165768
30.068745949781594,86.39117564305394,24.969656578244454,19.13549454980135
30.643965849947758,86.89890956215191,24.63360445701216,18.46519443788371
29.29760253631932,86.37541525056493,25.678931181925286,18.23526321929134
28.82374457833233,86.55566423616939,25.60004769070322,18.450836927674555
29.093075100913307,86.32546231487835,25.593490482077677,18.536341949141125
29.269256300366813,86.25201577250746,25.477155800761,18.8806457365883
29.61211473934076,84.46617172069516,25.412998244693437,19.583956154666023
29.150082828545735,84.32622189637787,25.26614195653465,19.9317560809748
29.554827190482605,84.1233801540513,24.85672842988076,20.289137548475626
29.915229211435246,84.58330754289912,24.890047360463882,20.289985585835822
30.052251767051036,84.10638184956345,25.11435278009511,20.655143294128116
29.608629087512735,85.11401732574394,25.689659138088338,20.120949535981005
29.807731034993584,85.22577966461918,26.17873141576458,20.32455585541146
28.91873524733558,86.22049623452564,26.438368098349876,20.63785756743569
28.50485699784499,86.46689895508887,26.478968313475615,20.397494575640543
29.288390149689906,86.69157570689265,26.239318548977984,20.535958621738487
29.162221197800395,86.7629483582124,25.87459918890584,20.241216512835052
28.706577358158675,88.0419080555894,26.284474476526682,20.504317006005248
29.204837526636073,87.31378593159545,26.232242512565357,20.73377571341241
28.75767191264208,87.2628695629414,26.36295729787298,20.62071998233575
29.43447561732736,87.11293987694751,26.017692154585184,20.316340605773128
29.585556003109268,87.7707841921922,25.564468492134107,20.237884302744988
29.36335388974943,88.11317770841383,25.705903948588208,19.802619449666885
30.04876671954791,87.15450510174558,25.64482622333268,19.703363577340514
29.18081433849321,87.3978461568824,25.90300547961322,19.363318310748255
30.204408824325913,87.28003550045528,25.475439453733337,19.60694214600398
30.88273484099681,86.21457737156106,25.022627068161473,20.10242496835234
30.717903114811946,86.3214719192779,24.60453421817448,19.993349961060602
30.805562353804625,86.59082108921702,24.29194888077693,19.815800276596935
31.18166827491907,86.94347782127376,24.382835977013162,19.79335875023522
31.61958665412715,86.87873587631249,24.183053577079356,19.491147298093868
32.15567901597137,87.21348135261243,23.998480182946416,19.105535208351785
30.678908579551276,87.37716283842202,24.68753450450183,19.31655077343381
30.38162002995782,87.1245377456948,24.54817022747948,19.421892177836654
31.615997704720538,87.62222851694,24.153513464990176,19.392462137669398
31.69096864036216,88.02393682767679,24.22133106881889,19.308919779005556
31.795760695108072,88.7162834906238,24.17022721612295,18.854471196935542
32.022116812973564,88.83888930272734,24.171522009925354,18.255188343032188
32.08041380580945,89.4039252252324,23.84714442952607,17.909469873456935
30.81759226025684,88.59529483459141,24.143072411759825,18.043552754424578
31.223863402075626,88.4887857327044,24.00625451529114,18.443023659886432
31.622200806510925,88.17605215448447,23.858567059268598,18.405306888790278
31.102721421181013,88.91559211534144,23.93272314752867,18.221908324460074
31.368631692658674,88.92437627899909,23.827014511340238,18.165821970673633
32.40966462017259,88.48655914067625,23.36101606582779,18.093191529263578
32.46779425409467,88.90024789273909,23.12007133914468,17.83206107113172
32.559525692599884,88.88955696879452,22.79130712012376,17.7970189569046
32.5191723955104,88.57465912463701,22.534558292616552,18.04185122220592
32.56284785646719,88.1706657368253,22.64158653647161,18.361391553556352
32.847694026713015,89.34539845071782,23.121848252719765,17.949581693894174
33.940242138133584,88.84514729167877,22.706555792314536,17.86409537118706
35.33735256648626,88.7648783829507,22.13164140457281,17.752844829954846
34.51188163496667,89.1759649325042,22.362082512301917,17.44572285732795
36.17399913072621,89.42900394627493,21.62141990847816,17.60649503902264
35.91806963975553,88.03620470353866,21.762215479183713,18.023507222691585
36.01395951157382,86.90887729136557,21.567404759965044,18.545756622919715
36.37406248740341,86.52666656579213,21.966056430452475,18.459016474907365
36.77425711077172,86.99896264984407,21.86395079644397,19.191705805712473
36.9331807069727,86.58829996053737,22.23238552352139,19.337550103316968
37.0616685080176,86.61561589092696,22.419423725628903,19.521210906827257
36.38092705825534,85.75791276883815,23.020844526650308,18.89538604329308
37.20040988089258,86.0284966933062,23.28323915473703,18.333598556092817
37.44303839491461,86.50523363676533,23.204627812127306,18.35470936785162
38.06116562541302,86.35622665089417,23.103791646990782,17.960916486776405
39.41098367040696,86.80793288703163,22.59472781881321,17.35548214746467
40.53743528346455,86.8291773443542,22.21456271563808,17.308331562399204
40.31472790107598,87.21159783051517,22.114221796039466,17.279292048436023
41.75915618322681,86.6627851362162,21.18163652251693,17.297490910010637
42.459472515633,87.20806604545143,21.137933636757264,16.989155057993734
42.2737510975401,87.39215397443557,21.26196434270645,17.008472840209862
43.13293687749693,86.57413503262644,21.072689743814205,17.164555050610353
43.74474326756149,86.61167081051862,20.875633217118324,17.449862982102083
45.274739434897086,85.96975145983417,20.55001254458702,17.759158350417387
45.40349551767157,85.2509609191155,20.61686009402294,18.16686796807909
45.97349468732364,85.19594239416868,20.716757813755073,18.259125855819114
46.759362749436065,85.56806184241924,20.43888772785266,18.17544363332162
47.330976723002244,85.25920621178813,20.748135209301537,18.38732662724793
47.61470512117877,85.68586993952967,20.913598940406665,18.570311632664215
48.543823527715055,85.11031597050578,21.116779945403568,18.951976952818768
48.0724104305977,84.89667851895852,21.771503393628446,18.800186115804788
48.91981806237746,85.23592460997433,21.696100552249106,18.59395187573446
50.401162204852255,84.73280252623255,21.522870542140815,18.246864715779687
50.94557546264835,84.71456709280525,21.755904697592037,18.31677831085569
52.035894544591294,84.64877083640826,21.622819119307948,18.648101100711145
53.05687948256607,84.34856555673663,21.267865730479983,18.623864459946823
54.0906919997741,84.15315988070512,21.183126891246715,18.95184931266691
55.17775920060603,83.1950324152442,21.003068026310764,19.001133704495736
55.79214728496464,84.24202234166792,21.503371819370273,18.795828468461956
56.02008922630769,84.38764208438148,21.483436994024807,18.631837434148537
57.66578866163422,86.05120118477888,21.67034274792924,18.46054675563159
57.871914129508625,88.44197257751475,21.722233389662648,18.698357359899816
59.60271067358812,88.70028469608152,21.251522698201654,18.63565667599466
60.31311050061348,88.76859779553418,20.957910296195607,18.845619148296784
61.344824355732555,89.21417915530076,21.010055276921204,18.974502305266615
62.25316164410944,89.14362112737314,21.523075924929397,18.9143354873721
62.87205566200389,87.58206658383003,21.67629721989001,19.46582887850498
63.10067407286766,87.05666014724733,22.008146620811097,19.3324085630412
63.74128064921195,86.94151715317307,22.12225281073573,18.862840952118248
65.40871117768494,86.38999808457062,22.277894588109824,18.86502850720033
65.4236104518134,87.33862751144196,22.83452027138214,18.729682833808894
66.499092638384,88.07550562572932,22.773026284746074,18.663551684389155
67.65761831461997,89.08602172996297,23.031931753715774,18.78540659140039
68.79652199020401,89.53776132363944,22.9387733931788,18.639159593225877
70.3677949113795,89.3444535935129,22.585750198685485,18.63447422621421
71.21296453499261,88.79165190208256,22.526945408666002,18.423889512074737
72.43656811812713,88.53903483498205,22.535749060878416,18.38432562972762
73.73463275802477,87.40152884103303,22.363749028748504,18.25986395048087
74.70599141150694,86.23467282133542,22.46649671430736,18.137007033500964
75.46885487244192,86.54067640626175,22.47403633677944,18.09130222275245
76.88279108457829,85.7662243447606,22.365768643112787,18.012132176595834
78.03843236515014,86.15326034739199,22.26027135647471,17.938777799335213
79.42802057957073,86.06907031753471,22.319908232534665,17.83190176173305
80.52780643162437,86.67811839538385,22.257539506561532,17.847758843568336
81.55692978328231,85.62392588814267,22.420843983131512,17.585433008288742
82.80257745908028,86.10859311908231,22.332951198445354,17.82248475494368
83.92389981698366,85.84666340484299,22.076704702700837,17.83062572333931
85.21762570891536,86.46191425492181,22.235418194411196,17.799876950008148
85.7688578984109,86.25383878626886,22.30783312793536,17.674922676532958
86.8279225547354,86.42931873768637,22.46751128942274,17.519721727388472
87.2946346698958,86.29903007124717,22.318672237000335,17.4866697119888
87.96843734696947,86.56734080240648,22.275833060984098,17.36552519769303
88.95758417085128,87.62879323394658,22.528053701169092,17.191550002085677
89.98805577378792,86.96536493699293,22.246160845485,17.34356781463616
90.89616041246657,86.67317694313557,22.2164608435641,17.217120087617765
91.72634468794686,87.39167650110709,22.299612314042136,17.363605859751516
92.19712958345045,87.08744195713905,22.069172784456146,17.226848922106228
93.71585207226416,86.78905782907395,21.754257218144648,17.058443504606657
94.14038076586425,86.92450033381547,21.663081114704543,17.128457128126847
94.74206197814512,87.36791454483483,21.7637456514694,17.043558418383675
95.72708583956391,87.6748640445061,21.53160545750908,16.998009316902632
96.29837412809633,87.04520855189334,21.562108847943026,17.22391130268509
96.65130290373315,86.71570491885583,21.41680294004096,17.14639964929217
97.83494143152198,87.03694632801171,21.26635446913432,17.241664082967873
98.54131815679226,85.92830404592797,21.143790284798595,17.167944943064306
99.12040496810313,85.95531711666493,21.22530160156131,17.063414150669743
100.0674538081435,87.04736600239184,20.585324032946026,17.015857030537358
101.00871396775382,86.26995399148842,20.725684029506027,16.505373673575257
102.36460476813366,85.70205253394698,20.030957224965213,16.896418638352213
102.8479739387351,85.75072169016885,19.572674517879477,16.967943369097537
102.7159411486217,86.29397448368545,19.57070111404598,17.27491534115397
103.43629044085606,86.42777595426708,19.524998695806516,17.31454361761348
103.44742767061797,85.67228473908324,19.718621051344257,17.403429795539765
104.76747919743742,86.59298315813959,19.49219759746731,17.479981680266405
105.2430233163519,86.5379304304242,19.143669164554744,17.426994611883938
105.61576591301554,87.20094234073976,19.21930995541937,17.539956615837774
104.86959755895855,87.66044375749004,19.608952390538352,17.429246707695036
105.58979925906756,86.94002639287443,19.71739308936512,17.659837496572866
105.98747974392683,86.89580738446136,19.615986110582856,17.873677248704773
105.73689147754659,86.71522717586309,19.85679370012891,18.013790175066127
106.29833728827148,87.28037256927558,19.826669555714645,17.961450938724866
106.17724340463674,87.06994273192775,19.892343785219584,17.80343554857067
105.83005897580583,87.79926820000206,20.20741738316729,17.83743190265184
106.53481397568731,88.44471169623549,20.34161630388313,17.887366533987183
106.19322134337014,88.29445934882014,20.6427629156206,17.657395373944198
105.91286077450161,88.24630527369912,21.02578542624338,17.457701046778805
107.05092340529824,88.09803123763876,20.780844361122284,17.269166760777637
106.9022454385041,87.92817222077181,20.91497903976577,17.340229673185092
107.54989111662981,87.1375082928803,20.445708579949127,17.331038815970686
107.9055333589361,87.19452239511133,20.463176350776298,17.560301745150802
107.18538308233052,86.64568216145591,20.48791808898502,17.445448857702452
107.27196143508745,85.9591779360668,20.404698705312885,17.074680510232398
108.02367457592555,86.47246872463462,20.35924804962849,17.2231035345753
107.6218789097688,85.96999017121098,20.03537163043902,17.095046677723246
107.71213968465221,86.0125212368893,19.944019426468284,17.115860954883964
107.47225771815845,86.48585588186914,20.06566411011196,17.088638490905424
106.81333978514441,86.45014184884269,20.017170186978348,17.02429902258313
107.69317368522756,86.87005498966055,20.028923580888573,17.188029350101168
107.20555919807529,86.96969408082543,20.015015501703424,16.957007686016134
106.70744416393418,87.07762575130363,20.166842839520697,17.002023563638105
106.63887883390666,87.47386301046339,20.37624484662165,16.992627179378488
106.33459207362506,87.85062286032056,20.63286950987742,17.187070180984783
106.37865446392858,88.22221825835004,20.659043579568312,17.450706381729095
105.92440923018633,88.82716875543636,20.949238437101805,17.641877293646246
106.27140020835914,88.44686048255545,21.00884223658122,17.670154338027146
106.0675844287255,88.65781661915005,21.12107302733005,17.582567706231593
105.92560475324473,88.36193392188626,21.32159480885217,17.33698505684057
105.84342380261579,88.34282633255812,21.241101023087843,17.277396717320794
106.05944203252987,88.4475203121416,21.367566760525296,17.238237060632592
105.74955489282601,88.63462415616883,21.2889703448189,17.14798294985819
106.32250064300004,88.8772580750701,21.282507340831614,16.84388724454773
106.52606609972347,88.87439025939699,21.23325287720816,16.60134337886654
105.58244803303486,89.0932889322815,21.383865127337984,16.36412809033516
105.70849753297921,89.67750989028183,21.479009376865648,16.124978316725702
106.34308649910308,89.33156311265085,21.29467794119993,16.578831394950207
106.19595964431123,89.81630351662751,20.874299139644705,16.55099853383145
105.71897085897804,89.86674017111126,20.503767089644576,16.827607847725837
105.78543305145092,89.44315898292292,20.28132031314111,16.669034707554353
106.36051074696098,89.23920865502693,19.924038006666123,16.54207058005929
106.46469405459166,88.30012806386743,19.745417001835623,17.05860060736424
104.96478929683809,88.11800771845883,19.99443615975305,16.660029220182345
105.69113795603431,87.69520232742063,19.86404583198408,16.295171590813112
104.74115737517937,86.86862117326213,19.96426167242016,16.510767857183716
104.5439207024691,87.20176613901222,19.964287542168943,16.761038575555354
104.65932836862412,87.43973574818652,19.596683081674566,16.780036657888807
105.2023274078941,87.40442064119306,19.353353715273734,16.71404129883669
104.67746191728871,88.43306942741228,19.45700544233413,16.771151027347344
103.72086837685981,88.12571006400779,19.84790241260384,16.91512925704403
103.17252513036038,88.74719830326246,20.13560248020292,16.923918268112935
101.9532211007414,88.58171407849045,20.13131965694882,17.07133486972226
101.78395111232929,88.9139703596434,20.40167285147256,17.071884198495283
101.42288040221894,89.26912418260069,20.535157727007906,16.991292174052127
101.400354973335,88.15280429839208,20.452995777239657,16.700404558665
101.07950625268568,88.45205267679013,20.51614037639812,16.687373590710173
101.49197818486925,88.83070241710732,20.45802910213409,16.515353515192814
101.24385577630775,89.15037475479224,20.451594094428017,16.223473460890034
101.14352517581722,89.65269354248234,19.99425601829422,16.30960505722461
101.48336331131816,89.09849671700817,19.815544567677293,16.107648170872842
101.69453603437745,88.64302810045096,19.74643305500753,15.91464575154434
101.31076261107071,88.37594403405309,19.616669167825805,15.889052062116408
101.75327756977435,87.47613383649788,19.551316901347022,16.394135747441364
101.49746604912221,87.37135491719106,19.419037640863,16.331223171416497
101.4540522058936,86.68079262433636,19.54881599103581,16.4540283792267
101.96139092463464,87.18209200179909,19.480244331771047,16.42434920762188
101.94224524459602,86.58192942281138,19.604403923800483,16.63890402086308
101.50574845349371,86.28458890986423,19.685839121109794,16.663882302273453
102.17143950166648,86.04694883093397,19.809494857024355,16.628486195371103
102.53459604569683,86.86987547988613,20.07147923142705,16.412772796720617
102.03727760029557,85.96691119737821,20.148753015025136,16.19629073055667
102.94075930710143,85.7756287246693,19.895483491985004,15.923475069323155
103.23997456762369,86.04263922097456,20.06798075776757,16.02617455524735
103.01104770455899,84.43488363109245,20.29495745698143,15.812801467204556
103.27261284530198,84.88070022073762,20.439618720886543,16.046220024745864
104.05661301596888,84.75499538621874,20.198849190671822,15.785969237126226
103.90887379791876,85.78679732173495,20.08632525021566,15.747331367604438
104.88716302827191,85.9047415331924,19.946838612133543,15.88132320372657
105.62477253435702,86.73746284592572,19.709056848193327,15.759111946324792
106.49268090166899,85.9007445302823,19.30883238346682,16.201162035291382
106.21818963290367,86.14723244141126,19.437729550456858,16.208957973974005
106.90256398338343,86.2172685366481,19.20056942772152,16.002490679568897
106.69726684283336,86.87120779914648,18.86665419067515,15.76067412814392
107.05514105708542,86.57991822954662,19.05970278785157,16.048468632038222
107.53632571973816,85.86500908712419,19.125883848974908,16.16403823581468
107.47758214984933,85.96590218718987,19.43140962102627,16.340362563675555
107.14969069741979,84.7042928080343,19.46671395542407,16.53988852337222
107.733387449942,85.26755493972853,19.899825563981317,16.57951792934106
107.46521087001767,84.66047271073889,20.069195459145305,16.69556503578834
107.57436111498107,84.49835324049953,20.259214651101352,16.96457854434796
107.72514299866846,85.49175086959195,20.365517302088257,16.812115394660722
108.16374778656312,85.14415495554161,20.35397435418284,16.91070865718297
109.41777250283788,85.83845520928706,20.122620888353914,16.706222605868813
108.94334995516915,85.74155982529834,20.356547549071458,16.6901693806593
108.92217695233563,85.99946818372439,20.401115468746752,16.596262383512798
109.07628643419396,86.11420150897217,20.565539463194316,16.524480387014655
109.64568577099125,85.72721494389504,20.45226027984173,16.361692495554863
110.47914195438443,86.4145545769347,20.109720681457482,16.27289832507183
110.20031908908283,85.22675016249971,20.06990357913297,16.48641375298662
110.73658786864625,86.36673554744738,20.214801976007404,16.521908671796737
111.15902420646958,86.15328675515188,20.308050619177877,16.373453766439447
111.04798825512604,85.95204165564652,20.381638381230438,16.209971458450184
111.23403503807711,86.25119425720968,20.458542879131016,16.004351251451958
111.54152175080114,85.8984368323104,20.604947801556644,15.949999684796216
111.37346142982433,85.96187312973821,20.530070039484222,16.013742445909067
110.99883358424826,85.66151860962233,20.676165349319238,15.993153590232454
111.68665611818678,85.583243927961,20.525858263619945,15.926892297722812
111.43738946514527,85.28592571353593,20.537046798079334,15.851760512347212
111.20536221111979,85.7578054038994,20.703023484398724,16.020113772954808
111.4993084594031,85.47282102166665,20.576752272316995,16.079543244131127
111.47553805870982,84.22899036243597,20.63101784947236,16.261383620667438
111.82903144606348,84.66506516800939,20.448406394245907,16.29671478583056
110.84843766897305,84.96737161524761,20.462058195176667,16.12186413557864
111.36281125274002,84.69848184461969,20.489117664453026,15.864993539410008
110.99867747508112,84.57423198629323,20.315644966799173,15.820198975295508
110.93575203048323,84.89684840896066,20.600464915581487,15.928258809747323
111.05584691310163,85.06977552739579,20.571240545318428,15.835699040803085
111.4005484582681,86.07204729152971,20.51988878602873,15.965112183296348
110.72433525798704,85.62628341474608,20.314647215933533,15.848738268315044
111.12658837384174,85.57393723297515,20.388598232435015,15.911024005811186
111.20314675690322,85.11930067015363,20.385166938562048,15.961867282306429
111.33963172903891,84.82999844724355,20.278491166696853,15.816755051891386
111.15105412948043,85.54045547124713,20.008221369914622,15.775886060227313
111.0244531015941,85.154345444395,19.78806777478547,15.948045114538104
111.52301248636887,85.173219878726,19.890993255724233,16.00707769340592
110.6565454146873,85.38616348331715,19.618431135583343,16.152332025227786
110.20036871371323,86.19370166074381,19.933728863932245,16.326592947786885
110.00088819502143,87.0647909193246,20.286774990582124,16.442007967002255
109.83992853204533,86.42764848960216,20.112167210964486,16.19974097422088
110.37104358661873,87.37843183171562,20.266753169513336,15.860879210762697
111.04212936300279,86.99281477003682,20.3113733228304,15.653991099775826
110.20625966423997,87.45705857899112,20.1780081070519,16.286567605974565
111.15688930679069,86.29213762480747,19.60149411938241,16.341392252836748
111.14462239569608,86.05726641008134,19.62030638741153,16.733294920316574
110.62125064321614,87.14766480865035,19.524331934874724,16.8517685146428
111.19314987659259,86.16072160849777,19.308592390412663,16.84079640206955
110.84633325845262,86.54819728039844,19.339668620810336,16.720687077349304
110.07596645478505,87.40900989607489,19.700361868648397,16.805074953296224
110.071119258697,86.41353243792105,19.67146009638936,16.843330208349013
109.45778136922097,86.92354887552655,19.503473018285753,16.737376403229263
109.29897072163102,87.63112108796302,20.05533244630007,16.427400082528063
109.6454791139448,86.42417318856656,20.227912909749907,16.265023632099194
108.77773920283754,85.99249851804186,20.70474171382174,16.35038501614786
108.78504880301985,85.9901839014816,20.67103451898593,16.649603142920327
109.26003586868639,85.67830466981471,20.73825418190333,16.21603326286271
108.47517795266413,85.92068863978879,20.98821982416665,16.185946838608196
108.63513343917116,85.44876636290773,20.995651450782965,16.3551603093587
108.6582450438971,85.7917326219069,20.655081819374047,16.185682189992413
109.51821598987301,86.36001861742965,20.295199903999976,16.065305853816
108.62478753303105,86.82141883773774,20.242680964145386,16.040864652301217
109.30375955616414,86.6802837109575,20.006822131540417,16.08604342417607
109.74542762252476,86.6631802471722,19.83618720025807,16.372282423098646
109.40471286437348,86.47834598857648,19.45520028227262,16.46383739630283
109.9574419594687,86.6754954100578,19.264778651187097,16.41529192505574
110.24861193695257,86.81229188349842,18.77058920492115,16.11416417479891
110.16228916337653,87.05589175195986,19.052589493944595,16.156019019995004
109.81810822221198,87.19458224286176,18.918480055644565,16.463797161135098
109.58799555791367,87.55904855723499,19.566778706418127,16.355448662675798
109.14889162551948,87.52935827331792,19.617077578439172,16.33829749246708
109.93568038213806,87.22931073982313,19.321127890939024,16.301426509785504
108.57488723622632,87.42913933194465,19.959074799446455,16.65125112276079
107.94044417998502,87.26220588019399,19.880460945307654,16.580492193227606
108.46355579823516,86.50499512486567,19.869059099913024,16.335845453228103
109.15790977108762,87.1070328277673,19.460688773989617,16.68957296299798
108.36714227654136,87.18496352406856,19.640665363881677,17.034012275828324
108.32172624703949,87.29587070302543,19.50037187440347,17.02729550919554
107.98271254721686,86.74306588810956,19.125560590920372,17.21369631439274
108.19622338307313,87.11621133608904,19.19686858844497,17.233710209407448
108.0598521591251,85.9191120229261,18.863035249273615,17.58362782987394
108.35402033707352,85.89319355767228,19.398520628758863,16.790789457876095
108.25612333641355,86.2945169874679,19.11828797583533,16.72524933875954
108.41764583447699,86.01769084049707,19.243541761818683,16.290429826651867
107.62351337384423,85.9653618337123,19.249352359315566,16.020347865484233
107.21427991305276,85.78810907444284,19.22664306906455,15.720226418500367
107.3868562079167,85.53076722669672,19.532145331726984,15.621022029104166
106.91615240930486,85.08185830456536,19.255345092799537,15.735884822898436
106.84161158098091,85.48036308120263,19.4174973979835,15.473781418534443
106.90775874684826,85.55352984531876,19.137126144547395,15.18131726886888
107.24097749935915,86.59563161479628,19.17808270299836,15.62210285802665
107.15355336062076,86.68232303609723,19.205208467991536,15.969387926000628
106.53193389402612,86.71485406307072,19.63011568273597,16.028488054265516
106.22042004427425,87.44571863461928,19.73303855674304,15.9353243513463
106.20607199071159,87.8248075595974,19.56727471890492,15.89702487692032
106.00535664638409,87.71451837352119,19.605163089215797,15.437857038497647
106.36635179277162,87.06317657296105,19.702992544842367,15.594188229301452
106.3243349572325,86.36530123169642,19.156830955872714,15.821601089870253
106.54568040941265,85.0569934936103,18.836242736785103,15.98871862788635
106.31023069760145,85.33671771536146,19.111937336198277,15.8164030078513
106.21640815578394,85.0504086236947,19.26683996423163,15.839485261028134
106.32495135383972,86.0417307438228,19.731079122967778,15.859319381901678
106.28463333832545,86.24445151079945,19.3550608735722,15.8845768387702
106.05238092026765,86.29820889574783,19.244074042893974,15.888682286435175
106.17243304911992,86.38103157830759,18.841838118052294,16.09877885013151
105.38354607855473,86.4168858566489,19.328810820169007,16.017818972714252
105.38980649682973,86.7677210703865,19.577111117470984,15.781583245489687
105.76317761278727,86.55143781210235,19.557890364685704,15.973345089816782
104.6267480431991,85.60510660409759,19.597985736619613,16.189867197446187
104.71376090475525,85.81918499995555,19.811230851529572,16.04165515341663
105.18792056549907,86.22486465979293,19.82788587381861,15.997804161702845
105.02456549393139,85.21615649377787,19.56597016866066,15.763720840870413
105.33623955488594,85.18103456237569,19.727981965822785,15.63566759049463
105.12972760682655,85.2947982996568,19.772977698031628,15.706439041093738
104.77999533487423,85.34183748063334,19.89945474508341,15.892007403603177
104.9100952060214,84.64413334428721,19.93992663984733,16.105916910349993
104.77417847804936,85.28894680193868,20.230705311061314,16.04043481144568
104.55675480747405,85.66267301641643,20.601433387728484,16.198064131452576
104.44045513119893,86.04411651664316,20.795665792955646,16.111035092176976
104.5936706626097,86.71286079162223,20.70714272511968,16.220697487882262
104.65503667683181,87.61160426662536,20.867853581359075,16.08893457695376
104.08637775152224,88.32955883139276,20.999132646997467,15.965245424797827
104.39212624976103,88.60474754837449,21.016323568706035,15.99660658202852
104.73120374476368,88.71698685012876,20.971302884177895,16.010889269427828
104.42866130247097,89.33197733662813,20.824948912638426,15.78125531467098
104.63716197591268,88.93560482234952,20.69515868588364,15.778171464348635
104.8945263864795,88.26704237210092,20.608418632373905,15.548298359932524
104.95201492802204,87.95329247374275,20.444713824587666,15.436835327535846
105.65981272055028,88.29512968685023,20.097979366430916,15.425439007533509
106.23402793803186,87.71409912360745,19.995631785738688,15.76306042960088
106.44527781511583,87.2094677447637,19.80905249060279,15.504735525545211
106.70165771124033,86.81032856814232,19.818413710564656,15.402358609165148
106.84279051273575,86.03531617034879,19.80656183414202,15.719166284581622
106.84810239698623,86.40590774841348,20.020712172978058,15.81690592708583
107.89619759713598,85.55827402925514,19.763558714206873,16.009869169044766
107.62905123490197,85.64841590844678,20.063834558281883,16.297098614282422
108.04921029961159,84.8121516853769,19.701733553801617,16.372793592938656
108.82652789754127,84.80956600468161,19.73802595880285,16.15397734518119
108.98797255779435,84.43811295826123,19.778898182524273,16.26978750029309
109.38103192333753,83.60778684637117,19.545735257693245,16.473066462621475
108.36721442944237,83.85001531936399,19.94928803780382,16.42889853717417
109.96588378266023,83.26890381970823,19.740909359062826,16.32949207424358
109.94552671669092,83.26612121385611,20.26210595006971,16.42210670314553
109.56435048062852,83.35981263985485,20.26621635151964,16.73161883658542
110.34484747849707,83.959049438812,20.247052657067307,16.924526860031918
111.06001811320697,84.51937116383358,20.567517242444893,16.85940597106204
110.70999263313057,84.44007546327055,20.632734151465495,16.536382842101588
110.74536377946293,84.03064755104378,20.85557286771188,16.58070152046367
111.3528596432089,84.44718157110105,20.58966220349052,17.13952603272491
111.85787182504396,84.18686521422428,20.343050792243517,16.99172668957462
111.68842211528525,83.48249003917101,20.450724140045555,16.707803118096088
112.3436678816872,84.29018212882464,20.424721166010883,16.741327553901137
112.05667331727768,84.91629816608662,20.49283685313375,17.020672112830525
112.6507680784193,85.82174850184789,20.47699726066007,17.328190373269056
112.93085001213525,85.97428770836294,20.491837255609163,17.090706376678487
112.7692137869704,85.03886175333902,20.67757814229925,17.323649112760876
112.76454792483094,85.32245325939317,20.746225309617117,17.04527039333142
113.1484932935439,85.4480186369706,20.512060072298,17.036914825072863
113.88977502708983,85.14664000553356,20.53406053285659,16.89884828261479
113.27513987107847,85.25105251827989,21.29067361140266,16.93231919287213
114.07442492381507,85.19802357546695,20.87127089579915,17.203264775002594
114.40220112706342,85.74633613362626,21.0630323106182,17.081299101585586
115.24621955723316,85.77952939552866,20.812838176986176,17.132095637234748
115.2164331228823,85.71640429106164,20.925187043356424,17.085809785954744
116.21010988764307,85.4756093099877,20.75150200329104,17.247155435816243
116.57697015672125,85.30123673819543,20.89576026686199,17.006053431936046
116.96048229860834,85.20402403205043,21.19980438919285,17.28342145669525
116.73688132501985,84.1593740638002,21.24083346478016,17.86853857764392
117.69929357337963,83.69320703534127,21.40527240723907,17.89237440696551
118.00726984272552,83.57906830262387,21.825892086488587,18.09706159824518
118.33101206640646,82.83452780641944,22.25259253368847,18.909489563119546
118.19192729650374,84.03480326167598,22.947545287109325,18.92400298747586
117.94998805558672,83.66036961862,23.33612541908604,19.196298058030713
117.83362855398548,84.08519994676924,23.472389876432985,19.24858823791388
118.27494922415147,83.47035473505294,23.44949350213112,19.29096486625675
118.73194499162442,82.96546022026385,23.557676921599615,19.10069758136656
118.70398210269515,83.03931570743619,23.653554947793026,19.134815642304012
118.8986594917821,82.5514484704116,23.77186783033232,19.22247053270832
119.08252386170402,81.58006828694158,23.696080345819514,19.335976391629845
119.69518848720016,81.30770425350794,23.48909108639678,19.588959689877612
119.29737484639108,81.1413570550321,23.562993023357013,19.703429129243958
119.45085904373093,81.09362954520527,23.720740169086405,19.54435115605778
119.77524654677396,81.91491286494102,23.889003997095344,19.089054919494636
120.05131564993874,81.63040389616039,23.804528542440437,19.07687344947837
120.48560788444995,81.03075075566832,23.150867976764093,19.578985452222312
120.3043304606188,82.37959702343832,23.39175649730752,18.907757855799737
120.53370924668036,82.31874596197672,23.698046594595105,18.474515046262148
121.6620838516252,82.0481817769472,23.361587854828727,18.548688797628785
121.84331940628832,83.04718253358965,23.425210145027165,17.999506683223906
122.2921691480646,82.23000013124582,22.970035213819884,18.28944962435566
122.40875272390862,83.1179013130078,23.467607953660917,17.981631817983462
122.97263766794454,83.96325234549458,23.868042745078224,17.3044147078439
122.72320100303732,83.97203519451176,24.092720523020393,17.150251540360507
123.1102110820932,83.42103562210792,23.673958084663806,17.096826447916897
124.95318283084646,83.57443652089154,23.110822089903877,17.46482182766441
125.04967887813211,83.62174831909968,22.771711563049152,17.251541752425904
126.00450397597072,83.04694213237727,22.390601144174,17.170581067742372
127.24982946562018,83.01850287749393,21.73480119141014,17.288164769896152
126.60709712752089,82.69053686343322,21.4473319553315,17.785937661245406
128.40632836588014,82.99951841945078,20.958247101217363,17.65515016285205
129.02753949629022,83.20313890036334,20.773510334820134,17.64681924665068
129.7821262229303,83.76080088472042,20.81289523591773,17.74852759128339
130.3259734917742,84.17901006728819,20.95555131182399,17.69222739354823
131.73858145486506,84.00855557093539,20.739645774207297,17.748271394350528
132.59331269328032,84.52755709197791,21.018172484617395,17.752069685692888
132.92546561332654,84.42396723679423,20.764075555228604,17.74390143546895
134.59088958869847,84.37269419291577,19.790700977897806,18.074065040339555
135.3589006756198,84.0937379184861,19.82449908889864,17.98551777131255
135.52417480832347,83.14893704722695,19.55249603295868,18.262291855177587
135.74050079302492,83.08298873235586,20.202385529315073,18.18894628323386
136.3936268302548,82.93792472942485,21.164048942144724,18.064869214785574
136.3716902078962,82.08240793861339,21.48654427767846,18.601146746298646
137.0409554995954,81.80586267210086,22.223600966924046,18.42178208532728
138.22491432090555,80.64012500235036,22.97442650553238,17.804327399727555
139.0948903070916,81.8825321752989,23.3302155667144,17.476748199399317
140.41600074648633,82.53791385705209,23.22951146877818,17.287620034486082
141.41887460536955,83.21482221525595,23.411053465825,17.12548517995581
142.50617075611999,82.77969645177429,22.84450137790902,17.12355493373341
143.86565143688128,83.23771950317557,22.582116602156084,17.1394613074323
144.8949866366307,83.41665977044204,22.256875038526044,16.97818118026135
146.42051901246575,83.21346801075462,22.061314084387096,16.897813173042
147.32098122607314,83.44809262238381,21.777315588149172,16.890281376560523
148.53713569533198,83.1706255669806,21.58724040283584,16.843855225926664
149.6083423722504,83.10773023344956,21.53695318005676,16.501500641714653
150.6176660411626,83.07882687778164,21.268051330399164,16.551822340061
151.32852350317665,83.24004088772384,21.174742025038643,16.80337286345816
152.68222325845892,83.52239228058407,21.288283485848645,16.960652378019194
153.5624588754878,83.51817749136485,21.52159429524789,16.82933026881173
154.47834910785812,83.63071700232746,21.92644999231146,17.165608089404373
155.278857395863,83.42250998052448,22.08821193688577,17.276315959828786
156.32605336786804,83.7696968862631,21.83483115944827,17.76511866583811
156.87491708854733,83.90400422561643,22.250773328113233,17.51877081279251
157.61176541734412,84.15247839350093,22.129915425173603,17.607997441928305
158.65734387068073,84.63266800105357,22.40837502698422,17.918617777642435
159.904936729618,84.63099307764784,22.428475516308836,17.71858815732419
160.40774792612626,84.45584164450153,22.531634699448908,17.799796616058366
160.6339080104058,85.21332187291418,22.57675463060598,18.069973812583903
162.28030653071946,83.83221722202113,22.040995944852337,18.57956050999989
163.3368650469136,83.01472200730488,22.05893355228031,18.4055871637976
164.26566098466753,81.8575429645969,21.919622111380946,18.521697339667668
164.4584747478955,81.29850409541942,22.256056815035137,18.758274297440195
165.34878288510416,81.1929100382397,22.252689280814106,18.708210366168238
165.32921835245364,80.32526730791507,22.16081648621178,18.813828783131573
166.03075862894357,80.84099841637413,22.328618253635945,18.664053313287567
166.33049000195095,80.52871297864237,22.407352116641462,19.037479719966754
167.08784603410658,81.02359485274214,22.419542489540298,18.5165762701624
167.30709570058764,81.24788261642927,22.51339935918055,18.357687899465397
167.73420721333798,81.37919001721907,23.205534084572463,18.057125990779333
167.8561732567103,82.14536497161228,23.7544889106506,18.127358417465004
167.63796602260422,81.62482146901789,24.351548193234798,18.2870281481787
167.9815071678204,81.30814300159489,23.857086224910713,18.60024048930903
168.72491582754753,82.1168649427291,23.723766291435126,18.929889855407936
169.00787526953604,82.4304593326696,23.769662979243066,19.081483502837877
169.77555320656467,83.30886780494626,24.362095887305625,19.16311186410884
168.9133075618554,82.842454726906,25.276029036446307,18.982288771112522
168.19511871528113,83.59926296860272,25.883511697188993,18.981430304305366
169.5780452048361,83.23248116301693,25.63544474408002,19.243282220282723
170.56995527134413,83.76946800236661,25.38669352833839,19.344257949160877
170.58065254731085,83.92642430785313,25.651806374295063,19.185910257301927
171.10098917649844,83.60398989801861,25.62900509181864,19.049712182439716
171.7221098602504,84.03633715682491,25.611502083765984,19.082250972188724
171.44858871008583,83.26926892555527,25.730589740130345,19.189290829427097
171.26263571914032,84.78848754945284,26.05577997073108,19.00440711518604
171.49732125004886,84.24107230542981,26.279511328290372,18.783044857069697
172.3609209180931,85.4425162029332,26.366287922415836,18.462179013738293
172.93095170242717,85.36801384772896,26.373070740802135,18.14853488538833
173.79411450969525,85.88000434546619,26.280731956977334,18.02429613558801
174.24490318769236,85.08802899000175,26.20002547729536,17.62626747639971
173.6582136822858,85.01872924670043,26.187543615839765,17.70817684007015
174.45250536341797,84.54968881356163,26.01680800614658,17.53344840592507
175.05550541705267,83.8126983958058,25.88199611031818,17.36740672518614
175.25833483359193,83.14570510221415,26.111810170954577,17.711075788889957
175.32088963122214,82.80489753607148,25.916775081202076,17.797841394293116
175.70094063364687,82.84570764128293,25.913262965879014,17.833340004418275
175.27521798400844,84.11379763536218,26.08293925175104,17.671583043298366
175.89965184307903,84.63059882372345,25.8516940044656,17.669222679553428
175.96838937774248,85.19984851350628,25.74608692354626,17.339720573432885
176.80056185537495,86.04471788501186,25.431725422031924,17.279560659233372
177.22773611131944,85.32301145801415,24.846806087188806,17.241853761298565
177.76676014181575,86.33311514508472,24.483403292729083,17.197402674732185
177.65219385929038,84.9625115163179,24.641931481284928,17.050280903182554
177.99424006061187,85.13463862230874,24.781955308652908,17.261131244900394
177.79243835207643,85.11112309845367,25.002979685196454,17.517199462424628
178.41965251204104,84.2267852279423,24.8716921771874,17.34580230935101
178.3783951155044,84.47020606883541,24.903236479238817,17.229413299807902
178.19352276541636,84.08141592167804,25.07298853760831,17.377945187044837
178.58508534532973,83.68772057526093,23.469130367012696,17.822457478599645
179.68184713881487,83.94043170813947,22.58791413783046,17.859399154512005
179.17541127887432,84.57013573891003,22.9837999406202,17.813640723517473
179.03690066145887,84.75576372062788,23.299556486929497,17.652391593158217
179.2423364762319,84.95626738353333,23.00054659296574,17.87093991948891
179.0481652298682,85.07951269922867,23.049518656177327,17.865534832326766
179.12710642803643,84.6444850413215,22.752608664320846,17.85846130864832
178.29249739105774,84.96269356678526,22.376936096112132,18.37683585127242
178.81063248930795,85.03381670120558,22.155348383284768,18.15892983053972
178.19557884801415,85.47337902588544,22.39642256288316,17.775686738644584
177.75295742826032,85.86259593779513,22.41470130059946,17.737379524627443
177.6962089304962,86.10581958787265,22.410783568320642,17.580398567398447
177.61107387049168,86.35453885163888,22.163182749551773,17.520624042046087
177.895339338423,84.91989665601938,22.340663130465373,17.8016706708339
176.826641601486,85.55674861757441,22.540666131118588,18.05081988378646
176.55424971185118,85.15805095917815,22.872985235080925,17.90395025221091
176.83591220532986,84.82679163352465,22.54278356548444,17.88437576005479
177.15546858775969,84.41299945589421,22.026051020024763,17.7621094964764
176.74723686323952,83.84520426635335,21.82137496653975,17.620241088593712
176.6483759434779,83.794979017145,21.93301320017746,17.399217779913933
176.04116107326504,83.70435269076356,22.13774645699113,17.32749449197247
176.15802424378592,83.82435571308758,22.291919127322892,17.444627319470996
175.67821374930259,83.91167429261378,22.67157857797473,17.705150141669375
174.9246494929198,83.71658893764688,22.56771120203031,17.713634760180163
175.4578034914545,83.66953548830287,22.37038420872218,17.722837494792323
174.6093293529046,84.22284266178161,22.236828545239664,18.443934253181503
174.16687567378392,84.64301228288743,22.567369255283914,18.284114651415592
173.3215254038399,84.89094973534245,22.932874959509107,18.13249036591701
173.2966388265977,84.84895777397251,22.75184431138402,18.421250903561283
173.04556029145408,84.4226105517358,23.057805525934583,18.747444288502564
173.32542152538747,83.79818611817471,23.018809619614103,18.55948218531833
172.44105461268916,82.83519895565645,23.53297439136083,18.40946583347496
172.16159642250275,81.74148771524496,23.74723540698181,18.45284606080369
172.13443027096673,81.54060898783686,23.95008829892866,18.307177649492857
170.66663610904328,81.15141832337406,24.629532099154964,18.393282142976872
170.50539075558424,81.20686118088233,24.874183766806937,18.319488923670008
170.41424349970478,81.60987117007467,24.827201338339307,18.43517860200071
169.79768624143094,81.60820989573206,24.89337337766073,18.614075274545346
169.70936269902484,81.50544570379815,25.148732657630973,18.33245945641922
169.4007402732797,81.42373114602321,25.175284690956396,18.662344719997463
169.6036532552386,82.30893733617434,25.419938699401087,18.335836381939163
169.47632028662113,82.44789688438493,25.132929307427673,18.221881884888937
169.48566552784087,82.18009361332136,24.804685410405014,18.38338342055971
169.99262918530513,82.66926105799742,24.596012614462204,18.751241129550486
169.889239795745,83.1225940214758,24.528829640929366,19.22447994960301
169.54928343374814,83.2954314466472,24.400453552285725,19.425091324579114
169.7283995205846,84.05554303970565,24.601769995022146,19.293772471576833
169.0314770447977,85.03887400901094,24.779397190324563,19.239886883941303
169.1728276800666,85.6365680982195,25.06809715822825,19.00155117477772
169.7050214068512,85.17947658359873,24.869587273380816,19.039336653913203
169.46956236489373,85.42798011736832,24.897160555631405,19.169795251714433
169.75282059802822,85.19737631484502,24.86542840637898,19.13945396092517
169.5473168156014,85.40791579398106,25.251145433607114,19.1289758735008
169.7427031617292,85.78870854166433,25.21420927775899,19.122784658091078
170.45183019914595,85.16461343077006,24.89289226328165,18.894160133022936
170.9870104560436,82.76472954419216,24.228743542909022,19.148001335286388
171.63185035314237,82.19807889678681,23.809792718285454,18.918200313240703
171.81052347865133,80.92145760098927,23.636102474319014,19.42054864442928
171.6838499455763,80.90097800064532,23.83561028161941,19.35046010781678
170.96406044768835,80.90322629254736,24.033581969007557,19.342824516641794
171.00092779457344,80.27599686715617,24.268842045287442,19.175385836868468
170.29133474698483,81.01001815493814,25.06718240539156,19.03708795792164
169.95105425983746,81.73484089429432,25.560995888326577,19.10176750190672
169.8279392528891,81.61820904906234,25.747658108019543,18.973986010619416
170.62063727977238,81.29877809079079,25.323214264679322,18.96295488173712
170.84206759933033,81.53988610190275,25.236919279841253,19.07559404883662
171.45250485592956,81.58057995440842,24.90425464604114,19.312239174778895
171.29593483267692,81.71521898560592,25.06434857631355,19.454475066784912
170.7455774443884,81.74254254697887,25.549339564152326,19.372401181532627
170.02588891551486,81.89045258236987,26.220895250344093,19.589705219065124
169.90151585635175,82.09475529871371,26.451540201736524,19.875781848049673
170.7427879719325,81.78842618430983,26.270253151742644,19.99020836785398
170.91883608396296,82.23035603377008,26.243947720385364,20.067476188541022
171.0584695942943,82.63414107637226,26.277392117397675,20.20173822852358
171.45251949925697,81.96303145416444,26.026667996025196,19.786381245751123
171.3505797697955,82.51179973212129,25.841029074783048,19.862386116496044
171.3589657090676,82.03030641559843,25.88928633307537,19.827026659225005
171.62811226652607,82.341288832142,25.47914754066339,19.888573142914147
171.95871967171445,82.41122871034689,25.726085846989687,19.368594358155434
171.802657417858,81.81817970797593,25.574758075134852,19.3272784701514
171.89116664317277,81.93727716932277,25.431725481425794,19.39560639367962
171.83224171560042,81.37232657458134,25.922384716863398,19.21218515827389
172.02458096167584,80.7540682642678,25.85412829974577,19.465468029034483
172.30081906792083,80.26408456635538,25.76678617148045,19.43125226121643
172.07606503089124,79.19891948121406,26.055729018269496,19.271121844951224
172.55448337507767,78.02669145807008,25.99392557021497,19.65386314667132
171.94021256120155,78.42698748023442,26.2356814285046,19.80858091059687
171.59266026875684,78.2069468303319,26.12109416702333,19.97038901537361
171.36846538108506,78.73298804999705,26.407799503780648,19.81249581459158
171.67396609138711,78.49909044654628,26.536971721043553,19.93016955318754
171.88300960936084,80.03654581168446,26.607732924279503,19.79963529156961
171.97003129188087,80.5227947107675,26.651475007075373,19.879860185893154
172.06897174559154,80.57724325234388,26.645426895393214,19.875355564219113
171.837487152465,79.78521440286791,26.9940070942243,19.691192480891083
171.71656698082793,79.54480188771659,26.860055947420424,20.120447322939615
171.4527005128994,79.49827938913319,26.81156407935291,20.482556239889057
171.19374976835158,79.51702984951261,26.767404139424862,20.448721728654355
170.96325011006144,78.60301981476812,26.592202193531072,20.648260767679176
170.93154442493315,78.53536546278349,26.812084339391905,20.48945008378337
171.07552717178646,77.46888310904752,26.632827637120073,20.809594356684975
170.63835794776918,77.41441580056774,27.019887295872778,20.675227552240678
169.8834765323284,77.81406589701375,26.855073128997397,20.568764716869705
170.26806628251515,77.13746534222446,26.36380645396988,20.658788073953485
170.0608978459351,76.70885268967629,26.32087428439963,20.61735730881741
169.56326717839056,76.86989972451661,26.437714610901807,20.700554409018604
169.5284624086623,76.21263883844333,26.710801085983405,20.7534667460837
169.565766837786,76.84846940658765,26.565447646215503,20.750718998047297
168.77910973435442,77.24300196124614,26.848880146840802,20.724651873616494
168.61449511599594,76.1171943347397,26.747833377097624,21.132955578396352
169.14786726548473,76.33639597155329,26.8364643203533,21.202641251111643
167.6121407277055,76.35021365635698,26.775408164344363,21.31944070609014
168.22195598697297,75.76369558903059,27.30598995755414,20.617885251768936
167.9657990822897,76.28952268808578,26.773285213186846,20.44098029691799
167.7693353014514,75.32465561372648,26.473007597079448,20.587681909129948
166.2044661616818,76.25662373465592,26.622159586259144,20.36944969826167
166.37209562589777,75.12608692740994,26.597267228776783,20.54086982077974
166.18871240898946,74.91309271005143,26.32479578188663,20.616991477838297
165.525959620183,74.71638963721361,26.458786271418198,20.624966393445746
165.97449568563107,74.21558473597214,26.856427160846742,20.832801829549872
165.7225454527747,74.74832590999442,27.04579928049776,20.725958387984214
165.1257883994933,73.80929066082466,26.561285161161845,20.860075539117627
165.1330256619028,74.20606204457566,26.733733201445453,21.042613129644018
165.05424376238844,74.2782420089165,26.568977671689204,21.042250512554446
164.8545027129212,73.05328853687844,26.84101070517681,21.835909125560626
164.40115676352323,72.95988135418972,26.811599677241663,22.296610260948064
164.18186683501352,73.08217189131099,26.768267189566913,22.612141186217237
163.38769668851683,73.1026461452662,26.488729045518113,23.266523119304885
163.26611943136203,74.74432092299124,26.87523861647118,22.690681174175857
162.10568625450918,75.52367502680917,27.032157626350592,22.58999019657388
162.00429263879286,74.98901196309609,27.3318007142614,22.445981763605744
161.87239124143346,74.98508879227568,27.585073316575258,22.667463311469106
161.26779461905284,73.88821280981846,27.393123606510102,22.998737258576533
161.302607084015,74.603326357051,27.8210626049515,22.40947197803814
161.12573162719826,74.70772384159436,27.481394956172714,22.10419503750874
161.29174050903228,74.03980466245142,27.324089030869278,21.872197349575742
160.40144508509053,74.8932515046236,27.22372620920474,21.474683242868068
160.30321829308372,75.33461510657412,26.961859592775138,21.490759332672056
160.03928591858593,75.94630895681638,26.95006990804343,21.082937516300824
159.87897004505385,75.99083315797375,26.844585754829485,21.459158739173017
160.14628594022412,75.26793126683876,26.730981744068107,21.192949992069828
159.81059209773028,76.32131167757898,26.570407141629786,21.51416267942424
159.37925337722123,74.4118787078994,26.69833288129294,21.99352723786297
159.56222680927112,75.43785544905198,26.82983395492012,22.07837452154902
159.1857370583083,74.73997087660885,26.624849453759687,22.149286431480437
159.79484079242474,74.68639753041404,26.47889890824868,22.047520021124043
159.1225270096579,73.80682215748939,26.541778894207788,22.026415926122525
159.42300083167916,71.58571873079768,26.65708387515376,22.16373643841099
158.94695676036596,71.0198316252442,26.752683909145198,22.022975325421257
158.65503317048538,69.43833207026887,26.810841606217483,21.960374908012923
158.59469124001777,68.99570879015103,26.841227306242086,22.02860915822051
157.51647710183906,68.6444231373304,26.649050665073286,22.039978240560828
157.77290314704567,70.07979609722447,27.244101101515547,21.413351964937732
156.3567691792302,70.82662262647585,27.958915938849294,21.696581197275115
155.77430603208546,70.46316489728429,27.54538177819801,21.908038429454344
155.13544661930004,71.51070610042724,28.45594663138155,22.194921660375464
154.59779614360298,71.11647366083716,28.688087549549692,22.53228231582743
155.1375753116925,71.65426199803582,28.804833296241082,22.188309144657367
154.46079030007476,71.43113155088778,29.013964575885275,22.28702384893001
154.60249902424337,69.59470019670141,28.744561784203547,22.80577493353872
154.66165509406093,70.62437586568994,28.792568687012647,22.855714195384653
153.62776182686716,70.38097785333746,28.499717556605283,22.638031539002135
154.05019097513414,70.76160976347671,28.397818342197905,22.339649462631556
153.78568827858268,71.99114716316234,28.624669551913083,22.493365247824507
153.0413886836376,70.86192134981684,28.367648371892102,22.78509688950726
153.95040661359883,72.63115709971098,28.536611785269784,22.93403860535619
153.95769588607544,71.29840114135574,28.4049688984138,23.124288118578512
153.70962112841318,71.30432552253849,28.618396775058862,22.696824185018933
153.6108854426678,71.09099356009047,28.760619763116974,22.94195267221184
153.56190830942427,70.78465600738912,29.210568156639184,23.266769589462232
153.01665409830903,71.79690884506884,29.175283002629108,23.249565721506343
151.52726276837117,71.75084298017099,29.8037767945544,23.236524571308138
151.9044478811053,71.1484056340072,29.53052033074954,23.561880456701353
152.98871442141743,72.97095410595851,29.4660059383272,23.51773041602749
152.0380906501827,72.73118172759636,29.747753201370053,23.399434446376205
152.0628449723071,72.45278713228369,29.570819244125378,23.339793473618073
152.55856608600126,71.47698969035636,30.000537595464788,23.08760246117147
151.8876837971152,71.00995705004952,30.110317081073823,23.293878637800304
152.10110694307704,70.8641491348918,30.053100112632638,23.196887115143717
152.33824771752242,70.73626402876756,30.244055454057882,23.22667802903899
152.6176745191884,70.59950793071135,30.667068687273776,23.41781254550539
152.6830744678706,69.85948355336787,30.403017718933135,23.800906716070678
151.67947847680026,69.66387826962203,30.093164489281826,23.992726514557525
151.81742586984586,68.87837537076011,30.925019642155434,23.920621202547785
151.82735141722742,70.65733211482208,31.233481391430345,23.70953760562866
151.38522888990522,70.14221588684785,31.397785545272125,23.291917807663243
151.49258720648328,70.4781322336588,31.146192792442765,22.906579756537468
151.1674208549428,70.96631311999187,31.252802567953392,23.08127904191577
150.9982456858967,69.51097863874622,31.463193580135986,23.328771229428426
151.28791219546608,69.0603231094105,31.749897333725183,23.40638090641651
151.20597665064122,69.6758833625682,31.80709499644876,23.411083792969162
150.90580329402425,68.27102532285303,32.22680220429637,23.613444754601645
150.66869857371688,66.6798884600529,32.46243415982656,24.09934668645498
