118.5,57.5,82,98
117.20400045100575,59.97328922789757,81.2860565625881,94.80503921426407
117.65081657376462,59.77089504141469,81.25424763745917,93.81521479807577
117.22584824335043,58.81264948351456,81.81742742515675,92.8183944324002
115.88303824728092,59.25743911533307,82.40215082038718,92.40380908312895
115.66757224518295,59.39649700877898,82.57908394896515,92.45868713144793
116.25252404254792,58.92357314236764,82.71936352169278,91.91161565765135
115.96430995890108,58.38315772783169,82.43520742995327,91.56800622202141
117.1709925027339,59.37852243310818,82.51467524138127,91.24566601263267
116.75543340563948,58.629013596055074,82.76206887721666,91.32428568983642
115.29309164934294,58.92482002880068,83.64136154546466,91.68919803091106
115.41352402516989,59.08595050630096,84.39148171049777,90.88541159516328
115.76787155003746,59.06932097307977,84.14945285257896,90.51039404407865
114.594107181367,59.366587175367286,84.70737537635026,90.53683522653975
114.76320159615122,58.976723435415735,84.40005508636848,90.30098491332151
113.75935664446102,58.916912834326226,85.0467872480115,90.39319532145103
112.74802540841165,57.65512240601305,85.66139346095495,92.13094138880126
111.72753059072633,57.62196745077766,86.45818978081961,92.19359084765122
111.45695498006057,57.03380414643053,86.66979359690822,92.38710046215526
110.70031286984442,57.484678028180284,86.65779543437544,93.09168440470282
111.53853114512764,56.64714163037945,86.57131051821605,93.16260666662834
110.49926186786055,56.54642972789701,85.65541137820065,93.86375348880895
111.06050103089967,56.63568130377441,84.9544385033248,93.22607925050438
111.05351134822746,57.53518655860868,83.83435033326884,92.24770304631299
112.13387731197611,57.5538708127385,83.05190679402381,93.06470209224112
111.26467176075283,57.310665599829285,82.31751692639284,93.5345732032978
112.30942033457228,57.44567659094696,81.92056721928283,94.2230859982269
112.85981540642341,57.1219312971519,80.83417710327288,94.35673877148596
111.0434487225765,58.72913614843894,80.86793242836417,94.12775644852005
112.10809229819917,58.37345319193189,80.42212530145659,95.33308745085529
110.96367561284109,59.36985135697852,80.71766014159412,94.0373647592012
110.37390728288425,59.75941987744402,80.44973471959864,93.51006348172464
108.03236224139619,58.88998059602531,80.53518095034087,93.2531581195056
107.27140068837141,58.54844361688087,80.34339160254825,92.46265481682342
106.94813866465226,58.681808072546374,79.6898560930255,91.6664762041832
106.31261069154033,59.05668715278014,79.80158107516093,91.08371689203472
104.53389764895353,58.87819248537038,79.86597017493719,90.25195476773254
104.52398529433614,59.84237431240223,79.87269100697773,89.41146481094972
103.37526907576917,59.47840865302605,80.71706067136083,90.2804817543969
103.01661473158894,59.67190177282565,80.46249118875417,90.40462364237263
104.56955542443059,60.29476780476752,79.40930770002828,90.70593120651776
105.05699454579026,60.55404736690161,79.12546538365095,90.84388100482649
102.02652897345294,61.75149132382546,77.96351616486122,88.93773737966171
103.88257124133322,62.141827172545625,77.56212536994539,87.83023410301301
101.83761544123882,60.84406408787718,77.14852887916129,87.99731731733281
102.49953533890496,60.67025371722158,77.01868479801664,88.00485323765822
99.73547291119755,60.50945303932441,76.74420926967292,87.81188060215388
99.21885040708244,60.259401951731434,77.21938039961485,87.46219136975469
100.7315753500308,59.67027645875089,76.50718081698658,87.31484113558486
100.47951875431711,60.63160255465385,75.90149057022731,86.38092306986994
100.31166378726134,59.85684983623621,76.20017274672401,86.17901086983389
102.67425664694942,60.267961562376456,76.54513454169111,86.62203416647765
103.22991698396473,57.865045092510336,76.95689481267546,88.22686403156389
103.50906132919397,58.34957963758684,77.1330235011194,87.74228158091054
105.07147693732489,59.45819036255581,76.76637814835244,87.12569470586274
105.69637112314591,59.2146507741906,76.50223137541187,87.69721348806763
105.42799091799343,57.79006218377643,76.50975004501325,88.67873896792247
105.06433375311673,57.653292372317324,76.26914812453775,88.18990144793449
105.00801555764568,56.84114556131838,76.23236362824802,88.30693272080366
105.35425557512319,55.78310504539293,76.40227214452821,88.33065230245924
105.61793830652728,56.457401302882204,76.47086020583274,87.88477946397529
107.52240244204424,56.37467113694237,77.21167558714257,88.4784081820759
108.57526990009973,57.07757676522101,78.45122870928537,89.54199327828655
111.44585591967471,57.333476237658715,80.00858915609732,89.62139355263798
115.1744676087845,55.697919715768364,79.88292209806818,89.74157118496544
116.22825250476498,55.662086110646456,80.65016514752261,90.3158760795545
117.90411785629539,54.32908543466695,80.13797707179639,90.30917726481124
120.16686150983237,52.8139329409845,80.30783230546339,90.65601462560448
120.65367719350061,51.89343911262098,80.17880972184884,90.43500081558042
122.3752997933786,51.4212178860455,79.64751677924923,89.98965070720033
123.43842689688306,53.40557738766863,79.45981673998782,88.99942229500326
123.86098553551233,55.118144925164984,80.64195714362222,87.7667048416231
124.02053916222127,54.86200451304893,81.90762140414323,86.74969951969126
126.03041035244948,56.842019722367596,80.99344314111846,85.40847307902024
125.11626610810787,57.765037064890926,81.2385286716947,84.56162789001392
125.85403733032601,57.76284018292658,80.96455614207622,83.80109474354222
126.39487860504745,58.31830872786321,79.26847767617139,83.13818860230788
126.20852005719314,60.268602696832296,77.2247983924092,81.20671163009847
127.40069180642978,60.516591285995,76.46852918230414,80.37873199081649
128.02232238463282,59.20389978936893,76.44859065582665,78.44175708154177
127.53881916072275,60.34706506704177,74.36285366874077,77.1365848423315
128.11089374328907,61.27610440859682,73.70750213844818,74.7970040136926
127.56773377623136,61.441284324139076,74.08290614944497,72.6679494528031
125.33879995646754,60.34687466878642,74.7535425820787,71.48762193962536
125.17358502595204,59.83055617898464,75.45649923778173,69.92044593476237
124.43792845947286,61.156431216787226,74.75475743719208,68.75002100869332
122.19022821004238,61.13637832976657,75.4074193076656,68.54693077214503
122.32713173943245,63.0375375850701,74.97853300331815,68.99337391543813
123.67604952979565,63.84469153675997,74.0758947902599,69.55748154893888
122.77248994438912,65.69834456429444,73.90836286282159,71.52035629144684
121.51397249173475,64.85619083603127,73.98066271792894,74.93981372756454
120.56430488142207,65.76178568881345,74.47535595266103,76.73898416756904
121.61657418123792,64.70697753687058,75.46652071644793,78.60202463908783
120.82158289375961,63.622148553654,76.11271672991543,80.68584639616421
120.82691871730361,63.91962906660929,76.02960334100327,81.11444351005466
120.2654581815985,63.42455949336534,75.91060596778001,82.04451995752265
120.42528413140181,62.812667905196875,75.59535116475145,83.00067959012026
120.09694289871875,61.00811951543426,75.45114163468756,83.48428522737254
119.15743479685098,60.58129140814954,75.56392379816279,83.83444866936279
119.5013035070398,60.84440967902878,75.51336986520047,84.73061498633844
118.00455607534929,60.59851218629498,76.39930528606135,84.24339545592926
117.95794135020184,60.45611560290298,76.69092590566586,84.8169061310293
118.38758683879058,60.025076242275105,76.58386002948248,85.55323168799367
119.37452609419908,59.50148381372384,76.23946724502198,85.09943342608528
120.42077456513931,58.68670264426544,76.6250057531232,85.25968917682917
120.93935423060408,59.10873922029064,77.02713682651344,85.560500611113
123.62907310560843,60.00040734970027,76.51029987988,85.5847078684528
123.50202213186867,59.34708214317978,76.71326118370325,85.42415752542077
123.1470352769646,58.852155173581814,77.04443557424412,85.80091123392289
122.08350136065943,58.50161482933112,77.83528159269888,86.25641764180466
122.94969014674558,58.50514089338435,77.67898625014085,86.9324298552433
122.841943002116,59.35262964608873,77.80943888230982,87.25174602048884
121.15263615085442,57.971704466114545,78.63903277129536,88.01105746098835
121.73409728326575,58.975992086747915,77.87543656271471,87.8679471454876
121.74433743749005,58.4588233458646,77.99518617977938,87.23726583033346
123.13039652052274,58.840681632427376,77.55814005427187,86.81449441163639
120.07112512323428,59.5771085668805,80.23330606929251,86.00676501868611
119.92366584231024,59.376747260338654,80.52074447173868,85.28696370217385
118.72523281820412,58.684642180611625,81.88402413708502,85.66225760281596
117.18973081921818,58.1033074016858,82.4891804044203,86.73241862856074
116.70431905579285,57.39986613871224,82.71821268294943,87.09336242426798
117.73455234248377,58.45497189267567,82.46260157545659,86.33542032742815
117.52799487695216,58.28831545034286,82.94006209729002,86.70634056899972
117.02146686002018,58.88400901119417,83.03208057641308,86.25918431372928
117.77321623037189,59.627240838165115,82.17543116994963,86.10123881202433
117.11684054896818,58.547491917182796,81.32844923731636,85.80456132668795
116.63556696669536,58.306875702038354,80.75350257690319,85.324490940109
118.51447061109539,57.62323639055174,78.4197886537724,83.63522788179256
119.33338400098373,57.10083569090999,77.30454368971532,81.03227032035218
121.3267600349585,55.78802826218629,76.77924672850102,78.81979666537893
119.73381501311333,56.06020734703509,76.96509147266133,76.76370079140429
120.86513384623139,58.38262152981473,77.89187498333561,73.93973924904142
121.36639803751497,56.41979648390864,77.83204174160707,72.53875159595003
121.03911557294161,55.6946283996904,77.3834787143634,71.37402838862357
121.51598729544993,56.52957285670439,78.0265046022325,68.79377180692057
121.92518139637131,55.60803839907285,77.93666850343234,67.04120006285137
122.64882127511034,56.6545797964317,77.73202304237154,64.74720188682132
122.98175013185254,56.27448249886025,77.12488595109883,63.27029254290782
124.02154963128731,57.15776589231631,76.65302520868373,62.54178510982412
124.35176528015218,57.981027773334624,76.28139418031932,61.185674578445074
124.24374563274799,58.48751562818042,75.51180039989043,59.96853497469622
124.74328067281766,58.50373836085228,74.7900521054395,59.390082591399
125.38739726783692,58.81735623142672,74.01817204574155,58.77161448488032
126.03122509645803,59.2284769839388,73.72417654045779,57.78717905566755
127.50277153682987,58.75343894615326,73.65866191822853,57.10528055333488
127.65558614207922,62.27041133549456,76.45911562398958,53.889079076043885
126.1923662356389,65.0070273578432,79.15484111573375,49.931387154332434
127.33980457579221,66.38153069467498,79.93317372116319,48.0647376011828
128.13524607787778,66.8768693954982,79.71728189550466,46.9525818282142
128.09496907054591,66.6632673163501,80.07720550283503,46.072229834166656
126.79047522288494,67.104727369559,80.35448500533164,45.164145056506605
121.46458278983343,68.20429737787641,80.4724239699454,44.45783770054683
121.48500032362134,67.7257679769875,80.77521397103413,44.2661756418434
121.75555487948152,68.70691500643908,80.40866995104292,44.29618674250903
122.39854095456424,69.18039040276892,80.52838084149639,44.33279090914653
122.56334656713909,68.63998684395446,80.40892747269187,44.19040295078666
122.47157358176176,68.92902036838251,80.43160391956366,44.063762497380026
121.1152923907335,69.16763262553619,80.77296812428253,43.550745282126336
122.02006760086644,68.4126165198445,80.73225372543999,42.97163993934101
122.93209922703583,68.55198710720964,80.6216242156244,42.69978721985636
122.45437344628735,68.50018160209498,80.86969637639125,42.448269405374845
122.1953921854795,68.63197980354266,81.29690481371784,42.005105784652656
122.20643458983213,68.81439628851047,80.84924385459529,41.844407785620426
122.09151072897812,68.90905151587096,80.8485693311346,41.651647336061586
121.79277158944612,69.34200085859187,80.83028144255793,41.494523753711945
122.61855323619791,69.3286788081111,80.20407479940681,41.558671022660356
120.89907948474375,70.17440641155177,80.50638437621345,41.37137395500784
120.88353432269477,70.36361010116124,80.40147956560016,41.365590734648144
121.27739499976667,69.19874013997122,80.12934846194844,41.134596146606434
121.47912711580425,69.96602708692512,79.86711387429105,40.92094248165676
122.53879865981375,70.34731526947385,79.52886545656776,40.56948781279306
121.85655750412991,70.67545675682517,79.2732949534518,40.53706400518943
122.6598147358879,70.8617166707106,78.66524137879841,40.68809373415072
120.79291244261849,71.71023814558211,79.02097441878269,41.0227082417594
121.55681879523304,68.50761364697914,75.77517536826244,44.44651693325551
123.85371662225477,68.64040528561887,72.42307058831872,47.5859634296882
124.74476100979948,68.37550774624722,69.89826067284463,50.68446812032418
125.21998419283321,68.76111763039881,69.23756911472624,52.509847215622706
125.9094269777657,67.76545189812575,69.02308030770914,55.01015484164878
124.94742467882963,66.54084848996825,68.21460747905235,58.1529734586344
123.87461829245164,66.02857011227933,68.05112224651353,60.97122530621348
124.53014575495358,66.79260690740963,69.54742034122401,62.490415815073966
124.7392151802573,66.71809413306707,69.55908754425502,65.48104964966303
124.70995397956408,66.80553065382314,70.29945429931732,67.60774511629907
124.7729336943851,64.54962039707596,71.58960216661895,70.05681552870398
124.20444471899683,65.66332841651322,72.66173569535312,72.8449758524393
121.94609949542804,63.94065431857608,73.73123967245894,75.58069641998716
123.79608493119008,64.62279769235121,74.58529206677348,77.30227707737464
121.54997003668838,63.99638361590239,76.18335157150565,78.14210577911186
120.99374758960973,63.59552570075126,77.01810238936329,80.25221115390111
120.74386796488783,63.24676251805374,77.20223412349108,82.02151021388386
120.3884156556085,62.71138355438727,77.18613343914369,83.47170677990394
120.61490524787301,63.55493945228234,77.1741201753014,84.21516224867068
119.72484997836415,62.85119653823722,78.18920825767316,84.97220380758063
120.3233773855379,62.22575375511916,78.84729818247666,86.11767537068297
118.7597139535464,61.656632389076194,79.82132666846894,86.34301795294667
118.95135334403626,61.251787971660505,80.10384935300053,87.12214046236684
118.88361629121782,61.18574365626917,79.69386812206668,86.4205466156753
118.3751661059795,61.738737617880986,80.30868819507323,86.50826091336842
118.75985219416152,60.94212747711525,81.09944315780066,87.47358256141982
118.18437815484708,60.245976057619885,81.71539085257564,88.1771492000779
118.8789738019891,60.162486741783226,81.50662865928189,88.7848366478027
118.16172199334437,59.34005544058883,82.33618673614319,89.60777128550416
118.76965609324337,59.618294463250265,81.5724643214385,89.19016531228192
117.15044983119346,60.11351750918797,81.03234195631714,89.45170405507753
117.72946866245343,59.771290416297575,80.79959279219884,89.78991149169565
115.90876500906992,60.12664194675193,81.19700681664773,89.87450599386295
114.48396837952802,58.98315355572559,81.99331996060398,90.51956650089122
114.81790779328351,58.164037924202546,81.83258069665348,90.62775475799401
115.81912412554342,58.6316645882091,80.98042433542498,89.84875025278917
117.35418867182202,58.533953641900546,80.58946108301672,88.60384760049966
118.0198632933296,58.66996594857443,80.59148073743958,88.4033223199375
119.8009612640366,58.300561529229995,80.3635965197347,88.77988014510899
120.76483820435163,57.90589691004287,80.24386287321259,88.4362467989877
122.9950176431843,58.97885856380454,79.4190783363676,87.01619964397976
124.14411662247662,59.140926033584726,79.788362515463,86.32562482547881
125.1506444367424,60.108193565366236,79.46261102606871,85.15005686348974
125.67543278550505,59.770334737359036,79.46626079949067,85.2585655141483
127.58051738763716,60.64451723709238,79.00329389625185,84.0755271457508
125.32398783119696,60.22217963561671,79.54916345873247,83.89136168765324
125.95215120129876,61.06555751072333,79.18220751759348,83.12645077748975
125.81497704405771,60.59592683915574,79.34598540877056,83.1209363008465
125.94742477363155,59.22256005881452,79.11344791801287,83.40223364135986
125.07396807212672,59.168530957518286,79.04551122908832,83.3947802775518
125.45620767505892,59.805636587489204,78.14019591847331,82.8453954131216
124.92469006009671,59.70700714455977,77.21087091413716,82.93636448009752
126.14189792739771,58.93289064448962,77.55556227334618,82.90775636428629
126.10927668948639,59.57027473757827,76.99960967127271,81.85574854252224
125.55083793064242,59.90722356906896,77.00383321824226,81.76210912977737
126.19683840923705,59.55814638889463,77.24940202232926,81.78839993421784
124.41167387652717,58.6049525459376,77.74174413210632,82.70788979393713
125.38341105994482,58.99087022178949,76.7661016153229,82.3915656843846
125.47938852650793,57.8014077772654,77.37054794448001,82.6680962310103
124.14258302157796,58.07175736612376,77.2759330460605,82.93018638377606
124.6632681279454,58.18699407888832,77.69769736053206,82.74935273459602
124.28861734397185,58.19415355373398,77.19343564360518,82.44588566283247
124.58461936961622,58.47338970711574,77.29306892952425,82.37337282634101
124.03595531816856,57.80286186818991,77.43859001032486,82.82081677504763
122.41315379220606,57.84345296792907,78.20228569454355,83.17571166368691
122.0458331957181,57.55828173947654,77.7622518997265,83.18757296376594
122.35063788523337,57.567507187677776,77.14960087658096,83.15830056098244
123.683351301584,56.76783137582232,77.11574104522246,83.18311872216894
122.08418523340374,56.28195208183817,77.26079497380405,83.26245606456229
121.51961483817864,56.5533655859801,77.53907093662136,83.6116215656435
121.61142022830143,55.769250461553746,76.45230757134618,83.85199038623541
122.58404051194913,55.719423310382126,75.20532021841005,84.1875068244658
122.20921380908729,55.63375746324705,74.36400823392836,84.37104390061367
122.32890566714843,56.213462996435425,72.94784715498257,84.66217623786241
121.73663238302412,55.63841932146394,71.34246194909181,84.34344694981252
121.65101608942464,56.095737941351686,69.57275999744952,83.46075378749899
122.30829061756576,54.981377377370286,67.51204965910475,82.70417747397924
121.56942482092812,56.10044345861044,66.31266199731411,82.77759139876395
121.7154116370211,56.766343218022605,64.82794363322506,80.73100993995625
121.09691195195474,56.163505006763856,63.61182515591518,79.4315348522351
121.8012842026755,57.37432607905845,62.38747666809116,78.19973576623204
121.15878766071698,58.034850342034915,61.44479002254653,78.06968257585802
120.98321523238266,56.86662583589742,60.178589903743664,77.88900550475898
119.91419607140979,57.401333544906855,59.29911495054293,77.5060270975052
120.85461872081765,57.578084791750854,58.18914260228109,76.90898148557875
120.79999772456395,57.53275108451892,57.64145903574462,76.58505392194851
121.1905561789371,57.87484786717188,56.71327589145602,75.60722072656333
120.85902563625606,57.28041484963207,55.929502770236965,75.47694358556414
121.7749821185437,57.93912918955974,55.2882978468528,75.93107927014209
122.586845576761,58.15484030712088,54.82150531094955,76.25654256358428
122.76229279937782,58.36030185191994,54.87548972046747,75.5043270628972
121.77962024618236,58.42747746723212,54.98685368958269,75.89673641042836
121.45022545142687,58.269595841316956,54.97399286939518,75.1551756104017
121.32765163887916,59.054636957903156,54.640022540713275,74.58863162815246
120.90248126312558,59.457257154172524,55.04574655723892,74.37928676440706
122.85474568430487,59.20330305494195,55.002162224386566,74.4728385225625
122.38192151748348,58.675190679819025,55.60486948246593,75.38196233246163
120.84092316658763,58.16520855363202,56.880264659904576,76.12411067664205
121.99267571232251,57.73130043991539,57.89622329829322,76.34717493807571
122.47727310041572,58.20284936508189,58.76665435752551,75.84102654944124
122.50378447218529,58.25566349695423,59.89927254511582,76.22023864896065
123.31226428336434,58.54364351721566,61.750342898648825,77.58656688797116
122.09634804029794,58.419049215217974,64.25795779558209,79.03769817423277
122.42166766680015,57.909603097744466,66.95805635271257,79.83367124309169
122.66931289106498,58.302939425778874,69.5699150283284,79.49481925047502
122.51328458285634,58.512571151909846,70.06380988894543,79.36763447205264
122.74432022294593,58.727357327741245,70.72472158758706,79.31907828540793
122.90576805610118,59.94495984914447,71.16177417490815,79.15871288226518
122.47132950062169,58.74935597866456,72.16979816518248,80.17761892549397
120.8028930041294,59.06983810927825,73.31443378100033,81.0347460043316
120.33191661434223,59.59416935569297,74.21997876949658,81.36812937656106
120.74002832610333,58.42024927224904,74.31007222238583,82.42897294043684
119.58847903215784,57.75212952842561,75.66825742297823,83.24030936907795
119.99899277181305,58.00415416784621,76.55977426568165,83.93188456094751
119.16724554943511,58.12818430778812,77.90617182141852,84.25558904823365
119.76749662789415,58.10399725720473,77.89988257801363,85.46656462034768
119.51395573816804,57.99913701967009,78.15591990527545,86.55562437316127
119.2341614004255,58.21200354723076,78.78442910368875,87.16479019518378
119.31658361473332,57.80630334444872,79.04022284889172,88.02807502468923
119.46607290876288,57.67986655247114,79.37277871803931,87.86949408007422
119.72656383611118,58.59492571292758,79.17355423953671,86.78293589452588
119.89677104182208,58.92650104024867,78.93129747238677,86.56876670379285
118.41568881542881,58.898629926481604,79.79886959233335,86.53740783690225
117.69604181581963,58.606443539726016,80.27621764056676,86.52623776230323
115.54095286806181,59.429114940084744,80.33916214527429,85.92650503181434
115.29458581441769,60.79978166393602,79.08045310490323,84.74507282159959
113.34059628718863,61.55391616768836,79.08405636781166,83.7274167679962
111.51958993919997,61.826326586866415,78.68387422049673,83.93012740327671
112.13233438439786,60.99365631537138,78.37100754346461,85.58144976362402
111.66966730660076,59.973449840211494,78.24473993151884,86.96331662381776
112.52657130307269,59.599011698845274,77.97734116403885,87.15134645860556
110.66630011544913,59.48795402025091,77.97154014596015,87.15643903919059
111.66740493107625,58.86584309135524,78.3309166086085,87.37773122855542
111.7832528619017,58.10607361914485,77.88691083511047,87.97143432512158
111.54556282282829,59.42865860676217,77.98412581721277,87.49629518217759
111.9485465968348,58.54869061518905,77.92093990829886,87.756165361796
110.61653405937984,61.03967702789602,77.85887765143693,86.37667580893455
109.64654387900586,61.047040638156666,78.09880443953018,87.4580915956917
108.64252578137754,61.50447614068791,78.5933150295851,87.69769842533074
107.6452352015295,61.06316281092971,78.35424264390153,87.60802693955296
106.10547099005986,62.39950112110217,78.18447201746338,86.5648821795596
105.68498213346842,61.77005354766047,78.24816957880222,86.2125485027812
105.63959201417796,62.56652861740666,77.2200162589191,85.46217564190286
103.53708395333987,63.20465139606946,77.17925143577104,84.32026707767552
101.7332993635444,63.5552867016692,77.40522738797551,83.08336349852712
100.58068675761147,62.98050336947023,77.99143247159125,82.34360049106533
101.43391101769532,63.28011495151151,76.73601366934577,81.83219685109214
100.24483207825412,63.855222822109994,76.26031307731142,80.43679250112956
100.16085679496203,63.869955377435936,75.05680582872533,79.47035822944405
100.09987212254005,63.953235502004276,74.01070247306879,78.74051256990316
100.0127209418866,63.63100896990756,72.32026172085793,77.07327768777701
99.1812131576999,62.96280108907432,70.88137289698889,76.17937204212538
99.20585247277387,68.3924191948687,69.76973326487257,75.9368207441719
98.7805972745065,65.94497023747388,69.3667972016371,75.4650833363907
98.6433262257473,64.68801116185148,69.17460521764876,74.9475543154706
98.09524151479233,69.63056866103491,68.54869870038024,75.81457364022384
99.15665225158006,67.40329929821881,67.75409628293426,74.6481959992789
98.68751819832495,65.76606957727552,67.95748799517261,74.05730853259617
99.94750330498854,65.12210247703871,67.25878479062686,73.12528228194367
100.02696373444786,69.65292869288088,67.1146328460278,73.83516763102105
101.14554338344603,66.1564039847141,66.2943673878676,73.78502418389024
97.59651892724509,65.11772370678204,67.79653293082367,72.7692813309409
100.77113520019378,64.62947423252314,66.66147417871902,72.46872167807929
97.52396590704824,69.29890925859125,67.40614655102084,73.16121415951241
94.45010407981468,65.88102861408858,69.29814148386932,72.47291662970062
91.8695410807374,64.55500962624822,70.4149631111437,71.98356213597522
89.48007655367316,68.691448713004,71.74177043065308,72.36466993963651
92.63716548021542,65.11567774915721,72.69739037954,72.88803708553075
93.3158979639114,65.25856851993662,72.61205375573017,71.66864450862496
89.5797593362656,65.02494876544668,72.93444011136359,70.73024198498155
95.76655567100761,64.59463799421488,71.62319580766325,69.33165961661751
91.70036456281612,68.22925309879992,71.27142427648764,71.37823293527947
88.9496071446597,65.27972387310847,72.24763670267474,71.9399343424424
90.44447023498782,65.14079810096143,72.0349176249848,71.65883677384433
88.40311095280003,69.43743528938464,73.09272287835576,72.29101195907067
92.29704094253944,65.29730172860233,73.64132396607664,73.27825358701344
89.01522068103829,64.66361888109147,74.26946863565487,72.85284903934414
91.1959106404729,63.55164361211133,74.21332934788914,72.76868099553256
93.62095502240918,63.218108155454,73.46790920126514,71.94553338868273
91.20915581017488,68.21947548870686,74.07760944381846,72.62412272730396
96.61836344898178,63.726713573025776,73.34740236475201,73.13198542585363
92.8410201588672,63.14266270892273,73.59580833203563,73.21722036614926
95.81142979452096,62.61251987691577,72.76789885458186,73.21943596657218
92.76201099255913,66.96671394909323,73.843122528757,74.38377140162399
95.86979458621974,62.98353019484887,73.64500090570579,74.61382842808757
92.99531378105864,61.85184026765711,73.67268432541519,74.3819985885624
96.20359166611041,61.517193156462824,71.58925176240393,74.51774743608067
98.31037685991794,61.19768353265964,70.86375281643927,73.76301422797567
100.56055429210858,59.99389245403064,69.92791640374867,72.75339653515127
101.86251833080817,64.07677084892342,69.16779244736693,73.852123197209
104.7069646817623,60.94083179319073,68.85879781674774,73.42747192024662
107.20083749206003,58.85056381088648,68.82473032725579,73.47771213137612
110.72588933274776,58.19290376919808,69.06807032568993,72.93350867997813
113.67933741751796,57.07180656044457,69.83871779628623,71.9290886413084
113.83098113278366,62.84490598992074,70.88674634094403,72.19099429743174
120.57737119606304,60.92791329535844,69.55235625955129,71.98551712018062
121.00580547482156,59.07819367219376,69.07892754092052,71.42241841027217
121.8332484239939,58.543556671523945,70.01678098621903,70.77836619586779
123.16568351907873,57.990512409182614,69.64510818946673,70.25079309278098
122.93734115687337,65.1496987633018,69.79822219630425,69.8836151477262
123.71225019361334,63.688565721856406,70.68344674252953,69.97335621573967
125.37158250388102,62.62466148014112,71.46742465815751,69.32918083724702
130.45087053523645,60.402557669002476,69.66708490831289,70.3362262986509
134.78637826345425,58.493027934656894,68.46766998440899,70.21579473378799
139.0239565283541,58.494689606565416,67.61663130586663,69.64624913950937
142.57347752011242,65.63145612968992,68.73784517409561,69.48862566967637
146.28343725049854,65.55660185321722,69.96950080182435,68.88626987535461
145.35988322028095,66.16538079233702,70.58953888831385,69.13268027409256
148.18133788734195,65.18661229469424,69.8516707719958,69.21012739034217
145.38882514799624,65.32044214716458,70.5981423452002,69.14487458354238
143.1488344391422,65.30400406392869,71.26904673844845,69.1363528208226
140.7573256753505,65.08911042181394,71.04620298368323,69.83153994850645
137.5527043808136,64.36694427936348,70.2808144539826,70.21308112432229
132.69619541229835,62.50486289958184,69.74290732692617,70.0192851474659
126.42685810635146,61.9127363671918,70.35618311222083,69.55701676315692
125.02382553240653,59.92946580509804,69.16070426139241,69.29584430244454
118.97568136729562,58.35779882453963,67.69781328558398,68.88553575219356
112.40284466418052,64.41006839255037,68.2663744939382,69.12603407649922
106.82224829008362,62.099649706037795,68.38076948975164,68.99602077203414
102.00836778791005,59.55802966217583,68.22074401033413,68.60191348579568
96.97498073141688,65.18515877413353,69.0298286473073,67.94025799167764
99.23428625679009,60.4916234550673,67.23563599827901,68.37366766484428
96.12086075778541,59.437369024766284,66.75265671216971,67.3306085895027
91.57974260043399,65.08342874064056,68.41984728865233,66.56722527225612
95.41243310638507,61.999287455212524,66.19490120945892,66.10866105279845
91.2933206198517,66.73447418944632,66.90358516690065,66.02138904764874
95.0083490844539,62.4014347260691,65.13584551369722,65.64969007370738
90.95680443514189,67.13374044625081,64.7241433236738,65.28211404136397
95.1388512086595,64.90387035093876,63.02571588000159,65.11396889034378
94.872827080819,65.31878440571532,62.10302396901849,64.28458585868493
90.93042909310599,65.43477848964827,62.145568643632735,63.478827942608135
90.75224156162739,65.56006519149634,61.70857441337706,62.26097427024286
90.75581536731548,66.55023739792871,61.16031092198837,62.01849685509691
90.67049844526107,67.21559178964542,60.730831791453454,61.84018916133178
90.39608385731552,68.20944548665899,60.276127007955836,61.47027151263544
90.23387427620769,69.87471758101528,59.64008210986495,61.547695129785296
89.94343346673983,69.91917308222285,59.05999649800385,61.69035757495524
89.70647183508802,70.5134789424583,58.99244941247247,60.46191845552852
89.66779291149999,70.88171746595557,58.41307934960672,59.696445978436984
89.58801949711787,70.72565807691828,57.74091834317351,59.17528842508686
89.53031191685744,71.21839069185638,57.62039979753001,59.151145145169465
89.1944072268101,71.29473653181151,57.5392583304758,58.440892186916
89.46552093850138,71.3726534255893,57.40741317790622,58.18442683450484
88.72330360655997,72.04228331939868,57.567870013763255,57.89630461345258
89.09637844483115,72.00588996870115,57.29746625358746,58.28876276689306
89.64606337038093,71.5247537330783,57.34943927129283,57.75428559862766
89.66654258994855,71.94370227609093,57.40288760828778,57.945265055647425
90.21373747299388,72.299344704788,57.08838653171508,58.23006703411452
90.43761328714348,71.77017792212281,57.19411147545266,58.28739828773834
90.57638008111715,71.61720146590594,57.031798575788756,58.69324174518266
90.74959383752547,71.49429792568347,58.09507968208985,59.36968690050249
91.38538818764164,70.56208231585077,58.71414459208698,59.18261279294313
91.45692469771753,70.81432748133233,58.789596191872164,59.2418251645023
92.25047820554659,70.8207908561542,58.88826362174779,59.81710148740646
93.47716138641178,70.21471080569593,59.130031661338805,60.11681562589396
94.50163209562015,70.12208688012325,59.06973758465029,60.559898626804355
94.83520790447963,69.47023419054648,58.59968258296106,61.26312350907449
95.6897847251017,69.51948195350602,58.498917723264476,61.17710979461181
97.20323727532698,69.27483665563669,58.299746616344194,61.11340327807628
96.63708634011161,69.73830136835106,58.038130926197525,61.47899437571882
97.65742614269347,69.81197537561229,57.41337002888142,61.24515827074083
97.72364617807406,69.35301946203387,57.14663892020309,61.04750074479402
98.20971151687945,69.816736074651,56.667696385368785,61.02007750929823
98.20345439945017,69.72238493601904,56.749857813182395,61.05047682378215
97.97667834945842,69.672255569053,56.70877677498609,60.79940125409679
97.70210039058506,69.83648694984723,56.857103437151906,60.615826446504975
97.01604864818762,70.5247664181979,56.78935158480387,60.29742745719894
96.7783866158143,70.1587125216159,56.31373468294434,59.953787641224466
96.14559207844422,71.48309795355354,56.04125260213641,59.51862170441218
95.28232233688568,72.27258550638541,55.947582701288944,59.31567370598718
94.80517579246981,72.67719700517964,55.67575448370132,59.177374537477434
94.20551530196045,73.13599880645725,55.237224584097206,59.114621882779076
94.38388845339503,73.14069337320764,55.7669525925798,58.52949479609228
94.46490718661761,73.22873586144044,55.37707382338214,58.30435844915497
94.28198779627013,73.24813238481255,55.0091628568008,58.24574549456669
94.16076052288722,73.75698576783402,54.96583646708707,57.89510840206194
93.98895935483945,74.0292116913247,54.81942171691511,57.79820703067796
93.42709260525984,74.75388969296505,55.18783007750546,57.39986628523266
93.23064135348915,74.4470596616751,55.6102191962576,57.30787178629293
93.15777980132347,74.5240976565031,56.17148436668624,57.035622473065246
93.39901049825095,74.90574631573932,56.662444784888784,57.33277439718465
92.20294429410936,74.36402615426694,56.99434479227777,57.49234588515706
92.52836037606477,74.57702412437456,57.01519987373592,57.73110385882121
91.60762680727952,74.72759163044563,57.19450244240536,58.34776349151166
91.53364655872285,74.97821028169926,56.758766216534376,58.713386995946394
91.81171003165906,74.40019514181415,56.72438101851809,58.77736803465063
91.59618576435068,74.32727607759341,57.19230289746684,58.71588741008803
91.63088136840179,74.75525053194053,57.426767793976964,58.85490542558432
91.77365151939182,75.325847874381,57.69635481467073,59.26810939659481
91.10354112550807,75.38573679174048,57.05567257299637,59.98496750910331
91.22989541241586,74.82049955646093,57.27755495634557,59.901016654268744
91.69123342242665,74.41557350426143,56.96780088952527,59.94210921000365
92.1181628611923,74.72258240262391,56.732825264137816,60.27851298501026
92.49217966774809,74.44145217186119,56.445170953527935,60.26134554860555
92.30846154654569,74.6752435096929,56.01894691284406,60.665605972536234
92.25210064964395,74.13124537998746,55.76985483359494,60.42143567940348
92.99149833172818,74.34453907464648,55.78131840154011,60.31522623598542
93.00312727475483,74.16518131629928,55.965312883817774,59.98957975841331
93.14054740692981,74.47820436296234,55.620744304591256,59.79933987989661
93.74032612507119,74.32285632767157,55.169921819327776,59.51479911261421
93.23247067299607,74.66977173553352,55.124917882589045,59.05166977322584
93.44262536636293,75.88681812579156,54.654495551758984,58.68513265867959
93.7180437173542,76.71736473208058,54.019278178394494,59.252132116542235
93.10408082904165,77.00791188927225,53.95246911939492,57.91527570193919
93.2725512936207,77.78390675093371,53.650129047882096,57.83716758090354
92.70330812505614,78.36793826709851,53.35654214949943,57.43213942873524
93.12805176570502,78.72346085685247,53.43831074521964,56.951408876517085
92.66976512409792,74.49112183898421,53.2186805009833,56.46197199831316
92.77173618051316,76.5417627966643,52.77843647429533,56.17699452821971
92.4060670435938,72.28209390220681,52.44787568216272,55.84908996178801
92.78622891061255,74.88841688925649,51.720839849556505,55.87051571925603
93.7020103737558,78.20235736551828,51.226598562330985,55.22053431812405
94.0764949026561,79.92363934164626,50.71124686989066,55.769065670357236
94.95101057851957,79.85877984109614,50.216628765272155,55.93914322975465
94.89368530932111,75.65767001129221,49.86072736585056,55.08412831599824
95.02577521561338,77.66089520296897,49.918999830211135,54.40015241232001
94.83069990200931,73.27682388962108,50.06056316200626,53.844934595900554
95.02759987335571,75.69736765413897,49.82595402307972,53.476898138031764
95.78854147786728,77.35381274269692,49.69113693992631,53.163813172936756
96.39274750902104,79.61607405438457,49.86654624583629,52.3522217057199
95.91770298071859,80.87719333793733,50.088850788013985,52.53257193522998
95.83929941519267,76.29424037286736,50.15964424432981,52.3602486859876
91.7753940726567,71.4409577565909,48.809718456318265,53.48366496224169
92.42183653425371,74.96109045527393,49.23711739905285,52.482462064875605
92.39714348406525,77.79721048398058,50.56338686315354,51.273625709244556
93.16544432878155,78.29681622255589,52.03015092880213,50.93235456021513
93.03709580606781,78.28472587312136,53.28042909042908,51.18165861983723
93.48359629608201,78.00816070091781,53.90025085763122,51.54689667627475
94.03981551294663,77.77964896536741,54.62633593102022,52.07476505096384
94.64786660139835,77.66112279056932,55.1984472455566,51.945586227283115
95.86656537625575,76.65666678036406,55.79812903010081,52.48597748715744
96.14932911841319,76.73839743800525,55.84178181741146,53.60536059612279
97.3269533322521,76.91180976461192,55.64155386512121,54.04481925713753
98.95098745795619,77.31815565787323,55.38223344887235,54.51466338122129
99.8342697110894,76.9263186299683,55.16679589954559,55.83093742263064
100.74611207616519,76.57575934730217,55.168000233229165,56.361249952563504
98.8564200233015,76.04262565553955,55.26129601536341,56.96893946476608
102.06008692562115,75.58225859030502,55.14062621981836,58.1605123923276
102.9624916398789,74.93085050563833,55.159049203641096,58.760379454967705
103.56597070402673,74.94460531850945,54.767968453332365,58.83950683771365
105.9579698634015,75.11437675697087,54.97041985305815,58.83353348746318
103.90155244656836,74.66861513988059,54.28030287398032,59.21485753245764
106.2325121209708,74.15383841553314,53.88767826394495,59.718369592640876
109.62478416407677,73.09975168000807,50.81608059268053,62.08777880745207
111.96852774804853,73.04178246729697,49.00244949239449,63.18804603927458
114.38864844227348,73.72968677043207,47.62453725319078,62.818525246191015
116.00617956142852,73.80420258564259,46.66761317558628,62.57661441727843
117.42052056702997,73.8215986637727,46.00307925665328,62.11376137177412
118.28221980821803,73.82590182502315,45.57695858246656,61.310019253203116
119.43053542407189,73.997197985942,44.83590951647691,61.02607029478162
120.94492921452719,73.95916601803509,44.045791807850236,61.381181809168666
121.9130694607585,74.58159085558829,43.44773894504916,61.39028594856878
123.25927868578165,75.5169278557363,42.66403979622663,61.282968276283334
125.0150064166893,75.79760811028602,42.12440516571016,60.813049219687095
126.5067922831893,76.47695678524016,41.713046367204186,60.58061703796881
128.63499089220258,76.9569212942843,41.2429724581223,60.22419887650895
130.5089052105059,77.98988991473615,40.75411575106586,59.67713198930396
131.61094522513045,78.89662840735915,40.32322300151799,59.229857120070555
133.193400082515,79.94398810178983,39.72162557884785,59.468236381187836
134.92301781612292,80.42438704150857,39.168118690199556,59.16252180043352
136.9956631368247,81.03480992094744,38.53467983636314,58.15872513361014
138.31690659872143,80.86418175350224,38.26390488194528,57.426495617212694
139.34995175141802,80.16998145855175,38.25667917005799,56.618272404928646
140.5289543854487,80.94152812046306,38.17583836122509,55.34433640136699
141.3309641508375,81.28026566575423,38.17038524337322,54.224495753829345
141.82576366761748,82.38874151495145,39.451711016408154,52.43669776603859
142.2852172120448,82.91164755764406,40.46194521058876,51.43029985923343
142.91493578374545,83.42109563668126,40.64349565416258,51.34448115572597
143.6104124648595,83.27822490264981,41.175551210696646,51.02796173616605
143.85017325607987,82.82901811398543,41.49319144580657,51.24765126297297
144.17820828583416,82.70618512517805,41.02610430515654,51.23937987696314
137.31498670905324,85.71850203164038,43.489712909768144,52.0208116234257
138.2860502203726,83.85905414896769,44.27646533888114,52.30320683945466
138.94586808300176,82.5001233014788,43.93771666901986,53.296522459565196
138.5877283642281,84.80560914175803,44.39690658110604,53.97883090367106
139.76954551841936,84.21093657009087,44.30871463455516,54.313072375454624
138.52459446017124,86.03262816781454,46.146957143164116,54.94160604630978
135.31319486777232,87.91706215150424,48.943056165074395,56.17572117219208
139.19677769862346,85.74278593930936,49.36801010176076,55.74630709725322
135.37586798427154,88.80184429431935,51.99965334867143,56.84354721401547
125.53985517614791,92.2270689484026,57.638685648268265,57.866728429530596
124.62218987657964,89.97883042821782,63.09097820342899,59.48804644470791
123.96529295217121,88.31475401527919,67.28298211999486,62.43595200548468
123.29171111436969,87.34569344835009,70.99367380882727,65.20811103931389
125.36168228245737,84.37886672924128,70.95984490648983,68.39643557433328
125.12561023322806,84.29578910285895,71.77378549251824,70.1236300364638
127.12470971890343,85.54733114271318,72.50606528474782,71.08702764239376
128.6679912067487,86.00639905529262,74.67922406503875,70.78397849192513
126.54705155327119,89.22624330363064,73.36623801173376,72.64474318128424
127.88178923765612,86.5511386226556,72.96893747816895,72.81780181691597
126.61548587252186,88.87785517148936,73.07447764387754,73.82634171882121
126.9008740693031,88.10541045459662,72.69896952366864,73.5891891260869
126.1113052996194,91.05249597769894,72.43690444634446,74.11673333943426
126.72681794425895,90.61858987418957,71.34938715922732,74.05881639091254
126.00326043203798,93.53638134824536,71.45649595140762,73.57847760249945
126.95983254685768,97.17867816234764,72.00643236637575,72.06605833266279
126.38542434068151,98.78490766500113,71.5615523036991,71.78463484600205
127.17898795862227,100.64028078155745,71.59109806052388,71.00999052634157
126.38478365821533,104.86627750824391,71.56547177020923,69.82924493673818
125.70562804443387,108.62684423401652,71.31450098101799,69.20392876500863
127.23373583435642,109.04647415950538,71.29936778337502,68.09894383783235
127.97098326958283,105.38053269196946,71.74237460092574,67.98671113417126
128.1173154091308,102.59261061051384,71.91963465254116,68.70186184234005
127.95553197587243,98.63287973400759,71.73317524294632,70.02614642173808
125.62120541352483,95.31302734724885,71.33431347124869,70.62771042148236
125.78421471672101,91.44028380717114,71.3192044639221,71.8277129587911
123.38356564398057,89.70764329091195,70.851664680631,71.94302412741789
123.51104462082633,87.80707324655945,71.31684456148847,72.8628754492619
123.92450344254527,88.24182945959751,71.96677802374056,72.92421841659551
125.08226879736083,87.41958929153482,72.28712468494382,73.14189635594661
123.97716365810402,87.91041665855755,73.27216745056376,72.80037601607
123.13276460487556,87.62709070977328,74.0971100758729,73.07411230117937
124.56415159943941,88.77018758283351,76.27122802400106,72.92453979186004
123.60702561983909,89.55815241731426,76.92907439123698,71.8385503787789
123.07202481100617,92.0154140107387,77.38203793774727,70.67826222115062
120.93769582453331,92.0815502813901,78.03036772275048,70.31660755232438
121.74773376340053,92.53043473159966,78.1415583435817,69.93425336671851
119.98150351850401,93.92866681585993,79.52220699522474,69.14927978161776
121.30081272415822,93.5245734537339,79.13412264153351,69.11671748052498
121.82985171636253,92.92745355538091,79.79047379721585,69.24891504090283
120.66952851486728,92.06647199288074,80.13661298756747,69.49817315930375
121.4320687765226,93.78302206041366,79.5111786272436,69.49791933199243
121.90245655662777,92.56358868614114,79.84053191320177,69.60537018889009
122.5014184913905,93.59707076899267,80.17797612858385,69.35121787468852
121.53894879490649,94.05323878712308,80.93676185219456,69.24779441367261
121.18818556975484,93.90555011162522,80.99470017679215,69.11556941395651
118.98998096668817,96.84447072805298,80.25763026457832,68.54777580759635
121.2301919542837,96.72865190055585,79.40345879483463,68.49433952660505
118.41390686839188,97.52621157866818,79.94355927438806,68.19744652688674
118.56936466627657,98.14646073287618,79.9041348783505,67.67784011138073
117.02982157947736,99.97383903103498,80.4359812715229,67.22465855588038
118.6435182928863,100.85444100009596,79.74381085190717,66.78801633288448
118.3366149621855,100.12112799309175,79.20941521323707,66.81746087411457
119.72065736408337,100.37808277248998,78.7648761037925,66.27048848475076
120.84293294575221,98.79980814945765,78.1610403010963,66.65167190134764
120.64811884227355,98.80882271374205,77.65635743761143,66.45265964661536
120.45440692748949,97.93632873341139,77.91806517697721,66.8712338566282
122.13340125616061,97.85801926959739,78.17927198090817,67.16218012140197
120.91161766956432,97.25870033394057,77.97173398861918,67.17611118557909
120.81530737024596,97.28809684548717,79.03295972412724,67.1376932950466
120.6447306823332,96.88931908278289,79.88265712775808,67.5563955887867
119.80811061099827,97.81642677807385,79.42828467963815,67.19938438273695
120.14949497461636,98.25483985522584,78.68557910858951,66.6735893530248
123.95318064905116,99.52168794829441,77.96578386293035,66.03321491943588
126.3336139358072,97.6231461479656,75.99759445349605,65.82219848728711
126.96563033853226,96.49516480448763,76.00645209661614,65.90076773781115
126.48035350575229,97.71242974626722,74.41247229011495,65.74218065668117
126.17903635309733,97.15675364467947,73.2509403595011,65.96932954507547
126.60968285840714,98.6310434298105,73.49382887697291,65.23362176474566
126.5309260707104,98.78628203421655,73.80356964548355,65.29184717620141
127.13548236969,99.4440425634397,74.18051626020898,65.04742635274052
126.99336696644386,98.09350073015693,73.38415312310536,65.47652186584838
126.95492022459757,98.9657342516635,73.23746429433324,65.04080938616684
127.15670062127576,98.13606843125558,72.22730804437666,65.47786934615078
127.76506343014059,97.46117339413223,71.15920423910981,65.64908426227828
128.29863594664064,98.62483849685368,70.38121722255295,65.29904540243169
127.72041958443161,98.02480691219571,70.1592527206374,65.60394157860645
128.3553359339233,97.17602135194397,69.66051267492855,65.91767666814985
128.24427954871032,97.43997391608715,71.27521906756218,66.02117117136375
127.47772747157754,97.34827247245232,70.81047936024784,65.96758830068642
128.31533206042877,97.28532948967296,71.27577311223288,65.95697292418697
128.55085905841725,97.77797115919853,72.32758298115456,65.86401397316303
127.23782520160283,97.79148130774834,71.54073427289316,65.98183732890784
126.30565647382885,97.79938393802368,71.93293654224576,65.99322094313828
127.11774160747387,96.56960153993117,73.56773367455287,66.89948929252307
123.89783735927415,94.13420718767385,74.43076375908709,68.39299203970128
122.74612214759732,93.20130028363292,75.24758877663325,69.19749496044643
122.31383240106315,91.5154454046111,76.24521133536874,70.32239022912543
122.19102617569945,90.25915721123397,76.0911215947433,71.2321183244826
122.39495820218418,90.22341400334616,75.63571712669543,70.35161753332233
123.00211671489265,91.786625344387,75.36983475217647,69.61549035676434
121.54393995320869,91.6588979709978,74.11553922387813,68.50520277775996
122.70500790038997,94.44639053765107,73.45767742600452,67.58418121027984
123.37930509576026,95.51779350454635,72.69073359039778,67.09410192672733
121.28461967321124,97.20749883181102,72.70897950034566,66.21835052055
121.2380297049895,99.00719206747866,73.40938723906575,65.6083377331442
121.31719211377269,100.03953368333023,72.9506165370332,65.51840645075134
122.02871979764315,100.96180676235738,72.7674611622351,65.12482069041738
122.68376469107788,99.68637779512855,72.43111123780764,65.46777643180559
121.76864306755522,101.2565003637807,72.90509537726324,65.05372424570368
121.8075291526611,101.65407969829975,72.88811177516075,65.12518677293556
121.82970942931517,104.26774826149948,73.6219427883199,64.46900567146898
121.93428607383437,104.45689132539718,73.43002847571537,64.28062663254936
122.96110164114202,106.53898124931015,73.40886685213216,63.75334625600636
123.74155650732975,107.63739438437594,73.73979900818446,63.78384709425797
125.00081677583333,107.85428320343517,73.29953984660455,63.97788923267453
125.11803313763795,108.40098082887627,72.95581108424847,64.35759822030246
125.61638437516615,108.65306094390306,72.68165196799485,64.56907042890856
125.52200468641882,108.66632048055867,72.41148058486749,65.0828692486256
124.89720364192976,108.42171307732528,72.20671682435069,65.19966964497807
123.68564096020691,108.01233793019648,72.26096048537329,65.2049853384056
124.69375549646381,108.5530517013121,72.66898392293028,64.7434013387502
123.40533278398814,108.64930699741437,72.35208201816972,64.73227229995715
124.21182104948872,108.24522817814587,72.50296225577665,64.5996056086411
124.45695851192926,108.3010157499946,72.42293736880414,64.25094503312943
124.12134810706068,108.0876963047232,71.8593561708661,64.04739760432105
124.03042221612509,108.49438149873001,71.56613494300792,63.606897810570494
123.58944371926677,108.37244139570896,71.85831345381057,63.23808893875843
122.99051932440288,107.83399424604784,71.83626449649856,62.790276159146984
124.06597158564738,106.95140329550212,72.4669940663405,62.6339881334043
123.56594990026657,106.77344145657068,72.93986063971212,61.64779474011546
122.85299790491996,106.47963495477923,73.23620320615,60.78254405046104
123.8606820641586,105.88215089315675,73.9005977279437,60.46783404832454
122.44968730897685,105.99387800832895,73.98820270156402,60.36048658146223
122.56158384431261,106.11903617907018,74.53636398851657,59.923478106433876
122.33701587330563,107.04510484255843,74.52891777172657,59.548594693336774
121.91385346425021,106.95366543700506,74.02236640346658,59.691682803322436
122.487630858231,107.9727218560297,73.72963538364387,58.99830630293492
122.03887699986403,106.64834517135434,73.82225497114351,58.372846119810646
121.7047999696124,105.90841336014978,74.14117608978086,56.79695341172963
121.70378328536363,105.88388145549735,74.85737872211811,54.99526498657558
120.25852912806585,105.6321669184739,75.41903939000042,53.80170857745294
121.97522181723957,105.44973048425504,75.16640509693435,52.858196550565935
119.74514814263466,105.80611932104722,75.81140599991615,51.681590343093724
118.11512250695311,105.87395825884661,77.1779120013131,49.015098058238955
118.2713470029322,106.49200323903139,78.32005225705848,47.593712650162225
118.59642568568407,106.16241129257531,79.21428509312335,46.283764119673485
116.66873663371459,105.84490176388778,80.01412096645625,45.18074332585991
116.35982002346489,105.58840642719699,80.83477626124971,44.28100127886643
117.06106069716357,105.21379813360231,81.34761972101941,43.508176545255004
116.85770375013644,105.47804258785922,82.04208087898206,42.66803771818497
117.47728634612447,104.773023210726,82.51030408803749,42.26929723279687
117.72028238996319,105.35237758185596,83.14802716263728,41.73353928284957
117.53672951394881,96.4484662985961,83.37760816085705,41.49977401977943
110.02676803362341,88.08800316897299,84.38150843931791,40.997824683932876
109.78947370430838,87.59833176058473,85.61521809871473,40.428411139701716
109.07488813499064,87.05850109894975,86.61861785191891,40.009196129734995
109.43817671497837,86.78226079235287,87.69724365291147,39.58886093129466
108.83732360542476,87.04565865442672,88.6756803498286,39.18054951795278
107.86129682042497,87.11189026624794,90.01260462781694,38.71124199904705
107.22517222119421,87.03399426100559,91.09523853194118,38.370825371578945
107.30378068335159,87.01660519983818,91.70892155908439,38.09994762705242
107.35004204570022,86.96717736625897,92.42398848454124,37.80739225795787
107.06738208361176,86.99821679481674,93.42625062845237,37.52397997162499
106.4883909341716,86.96228460199814,94.06065881348684,37.29826766158157
106.44368955937738,87.12348351501561,94.75754775148701,37.11806510501208
106.61105090512095,87.47379078156864,95.39808853637163,36.91693436587993
105.88798738177154,87.83098679002467,95.94748033212059,36.75256179200302
105.56591806793423,88.04027166743812,96.63126078341482,36.60389620363614
105.2616948550002,88.20479785387158,97.02680363517378,36.5119299182345
105.14140162984015,88.2121155148997,97.49470223311125,36.385496257586226
105.07137980775153,88.20799773794343,98.09587178757063,36.24634457514203
104.48298105031594,87.76700427082045,98.69177065990179,36.15243038252639
104.12509005021931,87.80013770979826,99.30796761124071,36.03978943318134
103.69506577943906,87.58957316276393,99.88685377162905,35.91718248665782
103.21822438770043,87.4131950628675,100.47382124310221,35.807251343091686
102.41223995355097,87.90141925543585,100.78557510552652,35.73503695005473
102.2925708703446,88.51977165324563,101.15582897332852,35.665344845932985
102.33329261133622,89.55573630547103,101.46685969564716,35.580788297486514
101.70249814487703,90.38406239972011,101.79234123148606,35.543627924555366
101.43894824039754,90.90482214483393,102.05142923204964,35.508671263345384
101.29904998674799,91.26828516258416,102.337429994274,35.52098289397499
106.21725086032578,106.94167847376309,101.46494693303153,35.92248347254484
107.54560747100439,107.25518989844201,99.51373520846614,36.62492648927588
104.78549518541672,107.21581334815889,97.39564410199864,37.558642177198706
109.79973914902976,109.88571230942571,93.80262580215293,39.67736752813307
110.51425338553776,107.6474888001058,90.47154433059417,41.54370044917767
112.72961152473412,105.362642829197,85.99457256797805,45.002819933681735
116.0854820915557,108.49240560711827,84.56647801789202,45.56061567834578
115.50962609562151,105.77964175257307,81.47550087706999,48.08426121580534
117.01344459269737,106.2964637359712,79.43535050286762,50.721571238037995
118.26471759252534,105.39959280127749,78.05307797409026,52.111885536367154
118.28981696323389,105.98034014383386,76.81070634773207,53.08863333439346
119.13970303766031,106.43082582087825,75.96946376659773,54.08128580919258
120.31431892393469,105.96239287219201,74.19395989979924,55.95080924640959
121.4376403193432,106.23300086401275,73.2593084429437,57.09579280862841
120.59423043728907,105.5278824546552,73.54019113143704,58.33075330319056
121.75168032042949,104.91239839166634,73.77287279940609,59.35819175833374
121.25269437678438,104.04716861467693,74.06272547311521,59.497328771075686
121.3575720188842,104.82697168698049,73.94106139844641,60.23619336201849
122.0814257751083,103.4696407522186,74.02954523025937,61.021217084188144
122.30093703796581,103.02142498145669,73.86033493083981,61.743743014673754
122.13251126977775,102.43369998429424,73.84249126629584,62.65762085662248
121.85038779593826,101.61361354109513,73.7105190081185,63.74106174410025
122.6456228447775,100.73038806026197,74.21584191924433,64.84154512211026
122.34994023598817,100.94372991403316,74.1837826067937,65.2439495660228
122.98141116274883,101.19286520335424,73.96657062883696,65.68326994406857
123.43035346418434,99.66518927127521,73.3908846255429,66.76678142660434
123.03762805562728,99.3466565724407,74.1372671088524,67.00252583037306
123.20568230473634,98.13769722502147,73.69706888114638,68.06034330221958
123.94074586964466,97.3589506454378,73.44817440399393,68.34134505780719
123.64469890535048,95.91432103402207,72.84094336710528,68.30880342881676
124.55801397738568,96.0931145964694,73.77807641235069,67.94015154912307
125.65402775523823,95.40318384743519,74.21477057066537,68.22936880681218
125.79063084397231,95.03601063378528,73.96440656759313,68.18076143534108
126.1530592342427,94.77770641740666,73.8258431863863,68.04001193696124
126.2943945360875,93.84376992217969,74.03801555902842,68.35745093407564
126.283805674204,92.20949080363248,73.61778607912109,69.17323774592288
126.70462177647731,91.69150963804842,73.75137991922932,69.18711679462028
125.75892162983546,91.75583332674222,73.58840575610739,69.06201400650446
126.25484027660457,91.14666070276378,74.33493077488608,69.15590022621731
124.75064271114077,90.90416950402872,74.67367797376104,69.59209494416422
124.672277408919,90.35269199397142,74.94211383669324,70.49403477498876
124.68859380339678,89.16800959570799,75.08127678846128,71.2326958838478
124.63486077032859,87.9697007119049,75.17109302521001,72.22135347498605
123.57895224834826,86.38411965321578,74.9928149783046,73.31323426225566
123.02484716547471,86.24247745268796,74.9379777111522,73.60860370247988
123.09833849133835,86.52044704659781,75.44519829552799,73.04520556147332
122.65661179474247,86.47436283077202,76.10262741866207,73.36118384632104
121.97218310070251,86.27161322240192,76.25972380896977,74.07414959982157
120.83246328240963,86.34237773386485,76.67659387501415,73.89217753273988
121.89415408954281,86.46295333807907,77.04153571083629,74.58125884918326
121.97238718115432,86.611036562919,77.2543358588091,74.05225940146607
122.14417356527295,86.96091683000279,77.27975833984323,74.06991789558064
122.88155903231248,87.8276120096098,77.16849670313508,73.98873216912573
122.62990807209911,87.79894665158461,77.17523185110088,73.88606129432813
121.845943296766,87.64906224786716,77.41845532419143,73.86609627345683
122.09941937237568,88.0941102957205,78.603595710852,73.79586015928703
121.84709174044599,88.36904757701275,78.2560926666822,73.58895382218165
121.964182021672,88.66828817717939,78.2910650435498,74.05414206497888
120.67175489301508,89.07705636954849,78.63478584940185,73.3506959068313
120.58344036660817,89.45248765229842,79.33756351948327,73.1466627437782
120.16270355403319,88.71736713090667,79.02423827931496,73.28952110280773
120.04749550977253,89.16029726797458,78.88187860456301,73.49125533779663
119.60576352426614,89.2869035920487,79.33221642401405,72.95691586264682
118.14118885956695,88.95833488158736,79.69440684914608,72.39991155707568
117.76764573320202,89.45857561197593,79.70219273165958,72.30289894357333
117.47281618337709,89.2302997376209,79.0030076035186,72.66749827151227
117.17426330379628,89.4283949081591,79.44614742756917,72.4627973736188
117.24372169861037,89.69724801262473,79.35791947093927,73.07155229387608
117.95629059531727,89.62690950986087,79.98227475194258,72.75418986663976
116.29562356194356,89.87629597858827,79.98148767534896,72.64217930978492
116.79647954130246,89.691419998875,79.98460023578855,72.87825776521653
115.93978099721662,90.20720983405022,80.29130779930966,73.53666325092536
116.8268990509064,89.86568337366603,80.50401481765488,73.25547788567536
115.83770122102513,90.0241791473029,80.84848980786177,73.46271336152631
115.61357379413307,90.34540978688068,80.4371709397602,73.76654364826584
116.827461560371,90.43603116738815,80.10218911036354,73.38984581294059
116.67255087318784,89.85354423351237,79.42592578509912,73.63428369903704
117.59655284865914,90.2536355854004,78.30967905776264,73.56838581343342
117.32888397739359,90.06016502214787,78.03702028883441,73.0300954831819
117.68439200843886,90.17286345764609,77.93293913179605,73.29177188465212
117.27251404772869,91.21646924680303,77.83965863906995,72.80540170934574
117.50384225568855,90.78564455455063,77.09912679971885,72.62434078959029
116.55654086150527,90.19019326016458,77.51349198489785,72.23398877688382
115.7094549690156,90.45482847595675,78.08767413631702,71.8133503212483
115.78203480192258,90.75164681387768,78.00216812147232,71.1951849091578
115.6655994538968,90.86775772169396,77.97252053081885,70.72917658508428
