310.5,102.5,39,50
308.4637866707921,100.43270576055369,38.816808086180686,49.781818150370896
307.7994595740471,100.40347415899312,38.65644717728425,49.10166923810888
305.9296817768851,99.58179524208772,38.50090575432001,48.606224543538325
304.715994398854,98.53666552881171,38.65794269032918,49.338511228963334
302.5192499819308,96.16336553259362,38.736821519750436,49.23966082009338
302.94680049064453,96.71130409438645,38.64139934296023,49.160883434628744
300.4583187871954,94.39441990053756,39.06437524680668,48.628573254821646
298.72719424483836,93.83506495564131,39.36676586632612,49.42574666323368
297.04460144998836,92.34461995779131,39.491608600572604,49.822060052183204
296.3497946902352,91.60131854702827,39.5185954482878,49.85082088133103
296.06166457421733,89.93592068851723,39.11341173873036,49.500614935145094
295.45337422188805,89.64375923993889,39.00508657104399,49.61706697100991
295.29051249222863,88.45505629648433,38.60566296186229,49.16458189150362
293.14649391407784,86.69613062831823,38.265076155761605,48.61607704573741
292.0546067627492,86.22069282642636,38.45232469395354,48.71574777738983
292.0828682888568,86.7282738706694,38.170563854968485,49.046589340522715
290.41337202791385,85.48804139895238,38.28481611005441,49.06462070737289
288.9907847536917,84.54659087033255,38.43426450226397,49.222858745432234
289.042337745058,84.03226202975188,38.20602101161597,49.13497074940854
288.25738093913924,83.39000566589088,38.21539168235999,49.29048400546608
287.684360994791,83.4328484959063,38.27730104546744,49.63545915948211
285.95853347601286,82.22028997407148,38.41270790454169,49.69823026923757
285.27950929080407,83.3519950391645,38.359678537151055,49.26674421990021
283.6336848330211,83.36455939590634,38.3766861773111,48.90141406894323
282.7755723655779,82.9119828111354,38.67611669290882,49.491528140222336
281.01031149507594,82.08743684603391,39.002276995161495,49.366861182180685
279.0857099780086,82.2383720929019,38.87439229316648,48.92291690814646
277.9455520127443,82.8546114925824,39.07193429982112,49.00212462459356
276.82117486895316,82.61477507519076,39.04898725149639,48.95383388067583
274.3794213314048,80.87530684743557,39.180225058557355,49.13699587634735
272.7572819831287,80.79044736732395,39.07850260688559,48.33131313702759
271.3123933583495,80.68754654815501,38.53551031947198,48.714360660499196
269.6190968103492,80.9201534513522,38.30864716623547,48.69369859022123
267.4504474944976,80.64143354013322,38.83742643453538,49.255892844204936
265.2627961519911,80.9517952251557,38.89271035123784,48.790007589136835
264.4293559322341,80.96844090476665,38.96873519230218,49.09075785517627
262.09196555857886,80.92101723840122,39.18386733045128,49.410450999631806
260.79375942064945,81.90827521691105,38.812435835329225,49.310328863374764
259.88573040609515,81.75116641767569,38.76916177978201,49.674615309680554
257.8944462623856,81.97326639291109,38.92321048445275,49.92278178043246
255.87500624309806,83.80219291141614,38.988473922991226,50.265082761824445
255.03274661406462,83.35698763425307,38.98563778192632,50.41170739839164
252.91101485762428,82.9550166762912,38.766861552527914,50.29188437023885
252.6428410496765,83.98016897483281,38.521019083966124,49.74714839669841
251.00517518988096,84.12750444563167,38.176590051832946,48.73920035358396
249.85104702180678,84.68060796852384,37.8424539910544,48.43306269952704
249.7813851126273,84.43511895081983,37.48364090159744,48.09368842856911
248.4449346015208,84.58948081450706,37.50154433660647,47.54983252849091
248.8656189606962,84.50556443198079,37.13305642875487,47.37691328796636
250.374973227657,84.01059991669987,37.01799031083361,47.438226986878426
249.22183880023178,82.69657251838667,37.14326918498641,47.68345164052997
251.2907830559451,81.54337735732261,37.58206419483053,47.830673480831294
252.9789991975505,80.17678462357168,37.99961608634813,48.478810988051805
253.32684638891573,78.45440440862082,38.41880369595778,48.50609023394778
256.37765171547227,75.64439831848111,38.46686698159595,49.00825211057732
256.9327721508581,73.31750744004529,39.33167453363763,49.261655640215054
260.86692803955145,70.57197208963244,40.147827210901795,49.50267722681346
263.7930247871863,66.53754087290405,41.62935869121804,48.97145440178637
265.9523724033999,63.313216583571126,41.443662878956836,48.008806612806936
269.8218026101252,61.03190756657786,41.840019178457965,47.20113007587063
272.31181300893087,58.3528231637991,41.78523937434634,46.299636730091464
275.58903381005393,56.06213248825924,42.70442724674011,47.08290664241998
279.61069457437753,54.69834231100125,42.84088286347868,47.57823749856864
281.26664412465755,54.943534377087076,42.75215142077081,48.11827867653187
284.0131556145672,52.777123973865564,43.90313803110037,48.84808215280522
286.1903355423203,51.90698943574741,44.123740314723875,48.75742647966713
288.94293855334297,51.15841529777745,44.31409522483794,48.84872899430792
291.83628432053825,49.41548678961939,44.692308284868815,49.370644674945936
294.67756618788417,49.427135111871976,44.52454939026488,49.4350831692743
297.39559467196835,48.304803012487426,44.722798852913066,49.40626933688495
299.7394839408517,46.153389116432265,44.59184309194083,49.10789940942129
302.28893183077935,44.91340993878756,43.96786996909851,48.71707085942201
305.4509115197574,43.66886033394344,43.95145577623141,49.214483605754225
308.4500627200887,42.30935098812492,44.34902978319222,49.369984250058515
310.77016974392643,41.909242607658875,43.40034238689922,48.972558446217036
313.68915424034395,40.506776920771,43.39533447652265,49.28756634281993
313.4439456588183,38.70820325671764,43.0197809683971,48.198411009030906
314.57060294485444,36.943050698966154,41.94667627143152,47.68231796169208
316.5838305948981,35.60883794129278,41.74738848233065,47.12524241655299
317.81057986783935,34.08012295356893,41.24601465129939,46.71405972110225
318.60307538635453,34.10881013029923,40.57932138190828,46.83273281198521
318.95428366952973,32.52338349558124,40.54340031755289,47.90520766154509
319.3443780928136,30.407800947815836,39.99732413604233,47.68570346844065
318.8076629173874,28.86595694280667,39.880957800722335,48.022037209431275
319.2005522040188,29.11695382354835,40.02544662104851,47.80783773992103
318.6033947238631,27.51945989720855,40.211903185783385,47.843049858652876
317.9453105329935,28.148348058082,40.06759004305515,47.65010431693527
317.78021917933813,27.980783128059812,40.329232341158566,47.646058297024354
317.5935949954217,28.62036058425579,40.3663470799078,48.21059580654555
316.90049403211094,28.685793185895236,40.07481785018018,48.48463428335279
316.4708512709672,29.52365633798066,40.05282879151211,48.555605047396355
315.9056385292247,29.355108001128016,40.085431370410284,48.822476579159144
315.48384220593846,29.27212687702263,40.270842886096744,48.904131767724266
314.51510732725035,29.185808716330648,40.43678439945441,49.25877212362742
314.3035663451479,30.095633306913946,40.52801345075649,48.773739722741894
313.2748982290315,30.414328441636975,40.654673461141655,48.65943516668237
311.8963567121094,30.58208843559665,40.28483293388962,48.91214435814535
311.67317149724437,32.4488231391112,39.8125456435308,48.11002971223991
311.02615127938054,33.92742841045858,39.38959620441867,48.2481463084459
310.96155850247186,34.549841473336905,39.84712953059588,47.55701490772587
308.060710881533,36.215177273282315,40.97717817747241,47.36703220401425
310.14053729529303,37.37161902573433,40.30142136702691,46.980642701452446
307.2445931470394,37.900387501848336,40.9387548196317,47.01250127229572
309.68630157460785,38.1296165116088,40.924574433763475,46.84165586979062
306.8853606831311,38.187829980602736,40.85970292463322,46.62880850960637
307.35033737937056,39.40581448119653,40.81982485812023,46.8383528045461
306.82671970568407,42.971692363318105,40.78785516932986,47.20444888890525
306.76807243146374,41.73703811767356,40.7579272733555,47.21108991498438
306.21591030126876,40.694404852265436,40.76512719559537,47.152473694335775
366.78922451857676,22.33095328529194,41.853598553459804,45.21895354947418
363.37620502553403,21.235338781288995,42.54841910616521,42.68557318248007
358.59194007629,22.8787379832478,42.7334651179345,41.67926613064376
354.85943510467337,23.404096312036202,43.36130446027668,40.519317412455706
350.4336426032436,25.129140554601683,42.849937230775424,39.286059896181555
347.54918892360973,26.519277385810398,42.10739000782873,38.90020471177621
343.55790101617043,27.33359300490038,40.85672378779524,38.06071441330877
343.7651852414055,26.92009997219332,39.02392146586514,36.362279574563345
339.10714465902277,29.06691662319612,37.337401960769725,35.41762812985755
337.4548713831425,30.488811727890834,35.629789641833206,35.756749316494734
327.9017753805926,33.228037718475576,36.09295720235296,37.717703730283745
326.50251133713226,31.22081131788537,36.277942255673764,40.14252759660393
320.97839083610506,29.80441204884258,38.31100076261097,41.14410169316119
316.8073823880631,24.78237926536956,38.44672932098743,39.30707900327129
311.82017254751463,24.53386801318677,37.76726983643495,37.71307567832169
306.6764242055158,25.20999024731117,37.08822236912643,36.045282402690304
303.5402341051157,26.25472446059506,35.79794473682732,34.71087441046395
302.84894192793814,25.583537540197028,33.87730762702529,34.49730202037165
301.3111778556044,25.240921991121567,33.85421726430752,33.60169074276726
299.3980995271209,25.97333712502332,33.914272322534906,33.14697657527503
296.88635328650474,25.703349066059825,34.451030890345606,32.63947270605755
291.1702761116494,25.640253404619813,35.82742199542737,33.02664150577283
288.66663818151983,25.054808857618454,36.91463483688773,33.755042555275196
285.1939674393272,24.754329122014767,39.34923079591285,33.89167945949649
282.87056518248664,22.9937683583968,39.7478425224235,34.52386089083093
280.76315999183237,22.74850935384452,39.876849394973554,34.96766777545572
275.1457773590703,20.884221715779404,41.477467016454774,35.339118007716934
273.35845060685585,19.85503003337888,41.73382694941145,35.636998795689976
270.77373581799355,19.555144365097448,41.90738546008891,35.815463432738454
267.0431886476325,18.690166131348555,42.16537864266894,36.360182373342624
263.70333818022357,18.596651730031294,42.08653084091455,37.05649704319135
261.0031586486602,17.861714782533845,41.94052941133499,37.68044334209402
258.80068112553806,16.796286694322195,42.84253235873278,37.524946168831654
255.1904837113093,16.575213519977517,41.98768514464881,38.62291390052043
251.82386149268575,17.175160909111494,41.76237102247819,40.000900458464635
249.58027199403938,15.717483486091616,42.09315649178633,40.21882803170776
245.20276029099247,14.615778753607987,41.950738987540774,40.186300139726164
242.3941857468743,14.540027054391771,42.68129330343824,39.68284743578738
239.9781027962149,14.07413439940333,43.00726222904905,38.88756062605143
238.32284947064898,13.987214314651723,42.85447437410792,38.158372784232625
235.25435288138,14.512193610549701,41.903665142520154,38.14687146687362
233.19156083091596,13.368278241067411,42.35041599721712,37.434358406247135
231.834121883644,13.655930514066732,41.38984404358597,37.09881737345593
230.00200805671165,13.528634766090516,41.05372932837113,36.49983340134501
228.29722117592286,15.06392598147885,39.88738775333978,36.07160569735972
226.75228417363513,15.17907110948974,38.90467331415911,36.16481887599599
224.16200910613708,16.021300370676926,38.978261722012945,35.82849499050059
219.3384603719953,17.10349760358021,40.1067816146129,36.35350310495525
217.89763214902996,18.056798846932978,40.111114194653055,36.83543754833394
216.27649311892793,17.97819662933231,41.44888187601953,37.2866150121951
212.5317856071653,18.44502028203457,41.99247752164563,37.71491214381756
208.8440184077123,19.52960570422747,42.11362215767319,37.80513117675109
207.85241883483425,19.98215056031455,42.17634152895418,37.714375201473445
205.4007882157074,21.46225027191131,42.08719163058069,37.41190015877309
203.43765083513912,21.624852803746535,41.76851085201389,37.549056311647746
201.90762999419087,24.164890276706267,42.6418476598717,38.340002636480236
199.02706777115304,26.617080443591043,42.663011435476164,38.835964767157705
197.0258594952712,26.103403070016753,42.985012595317855,38.84713017752955
195.44226268064946,28.016675339213716,43.846321863294236,39.15867291177967
195.74313514164908,28.541890522188577,43.96778101758512,39.13791814874285
192.33340924488962,31.006844422096982,44.163760120521786,39.36764255488917
191.15571608214884,32.925555459474396,44.413044456257246,39.744039983918526
192.007459561195,32.79587454100046,44.39585956401422,39.90189847847634
191.22376831801097,34.450044949646205,44.51345443365254,40.17685300649124
189.9619510532233,36.173294643789475,44.54144081755223,40.48975637012732
189.04042140989725,38.51112865592823,44.46992357374778,40.876615525567814
188.82876502583895,37.83624570389533,44.43572306910209,40.75392473598433
190.40423998185028,39.6370288988623,44.42554001613398,40.74038272387327
190.24010932280743,41.491511456444044,44.422927606421226,40.73736453101201
191.22068260792923,43.400002179096255,44.41549111537075,40.72478352973836
189.7408850185876,44.07572763048002,44.40949271762277,40.70556665197237
224.546922869614,1.68262838314309,44.744766563909764,41.00801575699778
222.9144156750547,1.706411449018617,44.32873470554608,41.19769688367148
220.73881685457053,1.9322685328560247,44.29201053636428,41.283233592423365
224.54213084674964,1.375750805641072,44.26269168362837,41.291584217141356
226.9230025802517,0.05355037908702798,44.26595809669018,41.29166529752911
226.8738365261077,0.8594583862448459,44.27245401326435,41.30397953223691
227.31923123970964,0.8437403085792212,44.282467138760545,41.31341218032655
228.1724757218696,0.9246967192041637,44.29240705036375,41.322427226370024
230.01590679288304,0.6031682781575505,44.34051905422617,41.329137351051294
230.44624942549362,0.47555193076837554,44.4413716865918,41.306589840818276
230.8661848050433,-0.11275620922478424,44.49945139794001,41.2776864445961
230.9492545381895,-0.1171432357522022,44.508948401965455,41.275470016758575
231.10687561268045,0.38747626261178425,44.518883773497066,41.27487548166238
236.80966175703853,-3.65623546057995,44.769091323342955,41.06934829785786
236.40887641735824,-2.974489732017794,45.00052491917308,40.91689090025808
235.67171547429774,-4.98779410864158,45.492308880050714,40.39393433825907
234.90428752021526,-3.184094245592476,45.99252364155583,40.05965668438071
238.7368767938684,-2.3235954315844367,46.23986407236846,39.86764050358448
234.00115721282162,-4.663656007576886,46.6337084773819,39.439909196615524
233.93420189925666,-2.775082805292037,46.86341538412103,39.27924361937737
237.66981318239004,-2.2986510213104197,47.13015124909814,39.068017519752146
235.90356726313985,-1.61036232049263,47.32366646597077,38.94885624722881
235.23553355122186,-3.8407469286579357,47.65367770026968,38.542352609708104
234.06608609255088,-1.5221811001086039,48.01829333313439,38.333137002566716
233.4478101935914,-1.115885680754456,48.17384826005879,38.28373702937508
232.70995013574938,-1.1592648657929097,48.26107483783998,38.24745909682586
231.86506097118374,-3.1005770725268142,48.995086965951984,37.67277712525338
230.65629557147005,-1.339340436275183,50.120441399527024,37.17121864576465
235.32328365694124,-0.7882008940927747,50.44915920594057,36.946910256895436
228.44018237166966,-2.6019926140194123,51.27991217626401,36.07940273529241
233.02694953690815,-1.0319163762959924,51.47786832430266,35.93683603331359
232.47218675126027,-0.43546588909194384,51.576584235640574,35.87374121983231
226.55677758936747,-3.248313906083606,51.96539263358388,35.49230615411471
227.84346283627133,-1.7503936228866728,52.38427210544388,35.11273469935414
229.7526785393642,-1.1307951932849818,52.542587019982584,34.93979484012024
233.83609464467975,-0.9413433180178039,52.55834243294773,34.89879140034066
237.66557101746778,-0.20569045784513662,52.52525371630229,34.90569899023703
237.699660549234,-1.2677190513644696,52.49842273012669,34.84931622824005
242.62380382219393,-1.186525218188443,52.57674045514188,34.678400236181275
254.49237024702978,4.803833717713168,51.22944105578756,35.707760794553835
251.8660708942639,4.921186365506234,50.30088503338349,36.21595366514736
250.74826881684263,4.084965185190743,49.78607648566564,36.52117490875869
248.87016431150414,4.693385973539154,48.77515178357406,37.09584081459055
247.44709663841468,3.929559250119148,48.001905940406665,37.61215578906423
243.25140340178348,4.628057179063717,46.94049166293669,38.40762070655046
241.7916191527467,3.2868503408588197,45.92931980456487,39.17286040129369
240.44614760322182,2.426570720593517,44.60440759126726,39.79403390345149
235.38721789452555,3.462052137349115,43.95011601531264,40.351890297158924
234.0603869324807,2.2996870827192595,43.16128187807727,41.1319978659447
231.1651780839386,1.604134563519235,42.698921521877764,41.374960208917805
228.35078757395974,2.1367196667000066,42.20690347719929,41.6621974580006
225.7566623824078,0.8662978172878439,41.85653624937177,41.68980749517331
222.264664682726,1.5780832951024237,41.78786260042602,41.73929142540841
219.6396916646001,0.5730871163536904,41.55441162968929,41.80231546587402
212.87757520831533,1.7795429459232963,41.50889852480274,41.9015002117641
209.7067161913844,0.21619691980487943,41.50035153257211,41.9036216558619
207.5356897469428,0.8895753971354026,41.49259239066307,41.9024086817993
204.5846973277825,-0.2874890941656787,41.48982211347465,41.89882420347922
200.3681068752876,0.05372831971044434,41.48451691922128,41.89941479543904
196.5736834557144,-0.43157657888516,41.47857663754858,41.89621922468363
189.8994963674787,6.750307665016333,41.46891191173729,42.503282607913356
185.14991859327102,8.43191596063911,40.98351603040409,43.72917591428133
179.79020370950528,6.065043271478903,41.04011067678077,44.463225753127254
178.7795669311617,8.26397935437172,40.421640190117756,45.73814363784821
176.50388373419946,7.017891670082069,40.302230216854724,46.27446447132467
169.83530225927302,7.4394842468059466,40.174049691365774,46.843234912893394
167.69832710924962,7.7988684004610604,39.84990934276146,48.02260834733579
165.56134980975835,8.26698411607358,39.74516988427941,48.40806079977774
158.96076197250045,7.908492494500692,39.59744571748662,48.96706687913186
157.1988453603335,7.698834451458918,39.43988388795697,49.49135216123697
154.791189250756,6.93418971000068,39.344820988856405,49.851701338443604
148.69207673166548,6.3266740121556,39.255987196776196,50.27548691599564
146.82648214215018,5.846395392851466,39.20669193786426,50.58496128125949
140.54218674131255,5.437700347177266,39.13375174893895,51.072821401723566
138.453260249254,5.740317733303748,39.09567713219549,51.28066509254815
134.48565872836352,6.364813069035407,39.082971772487156,51.3336710097918
131.74016648557046,6.38272426940085,39.0490071842818,51.46039850708929
128.01482342024607,4.199137773439428,39.05665342082655,51.46811639036955
124.14329024728526,3.8577874771856067,39.05168767370005,51.48872167457336
119.87863009901767,2.8774871464802025,39.04736996974698,51.50802206304258
117.13883126657299,2.9725234850205347,39.03862296529428,51.53594145329895
113.36413355369245,0.11197968218366228,39.05293175928044,51.526203157941204
110.34082351358958,-1.1819760098419998,39.061398667946904,51.51071836470066
106.49663189623118,-1.1993870791296892,39.06878405415294,51.49077416495745
104.05322015526974,-1.5809992788428602,39.07144940161537,51.478628085753726
100.62675078283496,-1.474885635901586,39.073187565888034,51.469707117200585
99.22631835643479,-0.3593245448241511,39.067550553301395,51.470237433290954
96.44296022607055,-1.1260873691455515,39.069634875095545,51.4581505083101
94.84052523771702,-0.9850090797851436,39.06537456463221,51.45472882219602
92.82400810544523,-1.6213326419725789,39.06389630933935,51.45200367980148
91.44858210354221,-1.5020204539271234,39.06088116379236,51.44907205809842
89.2133210184882,-0.8440874074271534,39.0584080526809,51.44714458280478
86.75947592331175,-0.5636577542458205,39.0568990052103,51.4469874811464
85.56621493471633,0.8461978701569919,39.05581746105412,51.44776635418221
83.75481461512054,6.538433562533285,39.0144573717911,51.5641132219931
82.50396260374899,7.088573702338028,38.97861881297599,51.62400337828907
81.10285397793045,6.26556780078889,38.907840449607555,51.75266319640962
80.57345994586015,6.1331846614472525,38.842630944664,51.88548262825013
80.45237211692766,5.570071747343,38.714483093551074,52.156369406165666
80.03335967184898,5.20705224315957,38.60014234688288,52.42850298111616
80.3676793724051,5.1366723798013005,38.443476505627046,52.81424451828325
79.1726517551487,4.023410796219569,38.19463646693123,53.220580474410035
79.71932417426737,3.268153784525797,37.855491550778716,53.88371874725589
68.4689984370117,-0.25656953617916756,39.725695637594725,53.20806534823003
79.55319228432784,3.3336910878816965,39.12826894149762,54.118926126780664
67.1936396926555,0.22521993628750892,43.42050187142433,52.88102157099077
65.86246443110196,1.6347325548495704,46.624789805362866,52.798805110722114
65.24365654437432,1.8549781512306964,48.338753889527126,53.25609308465832
65.17955291877877,2.3126501623588602,49.40376406439758,53.60250297914241
64.88088028847028,2.2715335026482215,49.82358679982327,53.820024417879786
64.33976407100198,1.4358322523481384,50.72399292639021,54.12661037203983
64.53630556112915,1.4397535895709552,51.17621467369018,54.24497065343621
64.17168951525282,1.5418356409570002,51.42555773021795,54.282067466658766
64.228295087755,1.7601243917917806,51.679229356467175,54.33242903759815
64.05392519712682,1.365558593933244,52.050052265594694,54.285320818556926
68.75912335402586,0.9671965641245741,51.98069465571506,54.29465887801786
63.99785755722188,-1.3404657791017094,52.300787894830854,54.06265680894675
65.14185221538946,0.48719292263724867,52.37415722107381,54.02648026888741
64.89831410291936,0.6633391746167554,52.53593549431572,53.983097628161964
59.82303379944972,-1.946461054586912,52.79401429736094,53.37096104509591
62.35439459959767,-0.5837116626867562,52.81462332832115,53.32086609468488
63.898881908607095,0.4831616151253506,52.8710640163936,53.246003444471434
64.62453140623019,0.5134184787051304,52.97357752496211,53.10417309720041
64.61775527330015,0.5560194285474793,53.08382402930609,52.92731910964845
65.2032118732115,-1.484230129094815,53.40886009782447,52.50086498549212
64.47590238212823,-0.08316243847242433,53.478611173420575,52.40840873098684
64.53404273240851,-0.19206136520649153,53.51027452090707,52.33810404706141
64.78426073513205,-1.0371366747219994,53.58465539807032,52.24565903163197
84.24974381101097,1.4460217063473912,52.72378430856833,52.25918064077005
90.93675804455764,0.38495900910804437,50.90835722086954,51.98617730828951
90.28972704338658,0.04583683560451135,49.650454940222154,51.13769076025416
90.00647190538108,-0.4587719906417611,48.36134352071465,49.530086885265625
89.50092875481663,-0.966542599902013,47.8157202938742,48.02022913413586
95.10418834952972,1.8261923459988658,46.72012487153785,48.29303370217297
93.76064758437968,0.13118903808595306,46.462102041257474,47.91266721199599
93.17124760470014,-1.2112107213530976,46.26166875953534,47.08626558760932
91.75802257494695,-1.8834273057531696,45.896537092967506,45.7751704494484
96.48551282179318,1.9304189380819388,45.3267628218092,46.00176940083458
95.4796950759969,0.12134467908414592,45.105348443864415,45.60257582822348
96.78372014201075,2.5683375626745004,44.46388573611498,45.996300727699264
103.17545510976568,4.951258100698201,43.182596853766746,47.22040887803126
97.44223293143293,1.7556018214975602,43.13306716563244,47.296823899201094
98.87094688693236,0.24889305380729354,42.95619316775002,46.95091364146029
98.21685299704077,1.9695188515523512,42.8338730492025,46.96737851096651
97.86042172473009,-1.2332293296530246,42.77755869343708,46.75395550081867
103.11554849085864,-1.0634314447982796,42.6522701041121,46.644522634775676
102.81919782151257,-0.7844976244285355,42.614299584016685,46.52912509753846
101.58410607151056,-0.7845115167463383,42.588668760595425,46.45709760196548
100.3260067204254,-0.9293565774498873,42.58430147613244,46.43662547714531
98.48939001933093,-1.4347596851950115,42.57650198227952,46.42236984685614
96.01421044690716,-2.237594760954938,42.57239335368958,46.411478704774005
93.30595208969248,-2.9649401083291806,42.565741885745865,46.38827485492105
89.79201560166668,-2.311230958811837,42.56750039799133,46.36559759993086
88.4891342834255,-1.3369496515798183,42.56955834354044,46.33223354999624
82.25003855955816,1.1286991147005168,42.73239449037179,46.276595483225364
81.6661624540489,2.4314306570065156,42.790569164807366,46.255806756981286
81.94629009668581,2.642892080499326,42.83742598919465,46.237981960828414
82.74134424797656,3.1684217932712926,42.89670504623232,46.22035466132971
83.38865209164442,4.216827944080542,42.91466899070201,46.21687226617483
83.41454484771263,5.524496565168938,42.92671100811517,46.21365922863366
83.63555785780186,6.188952237183464,42.9362973114593,46.21084763798443
83.84381953285882,7.638389672142878,42.960105062762935,46.20958724713054
84.12981555076702,8.404892139068664,42.96158302339884,46.20944664547807
84.25816107558431,8.434525045075567,42.96386923793015,46.210171582227346
84.06158706554325,8.113046375633175,42.966483840548975,46.21220750721366
84.30632984770601,7.613843930004041,42.97118157814911,46.22141478666315
86.02049490636492,3.67434424565991,43.00527669276488,46.259583829271094
87.52477362898196,4.151912825837556,43.03081596536525,46.31034407167917
83.50615924965614,0.12851941593179816,43.15972668126179,46.292621499706016
84.82458253867648,1.3788880929920033,43.33984425269621,46.369071445314
86.70078731754214,2.686612195154627,43.77180139799833,46.5519659457617
83.32585315720046,-3.4521522488269767,44.38206419652594,45.88171327091973
84.99821116151357,-4.265613077615686,44.760471023059004,45.42710221174605
85.90654057485064,-4.5461103761648545,45.10399801028867,45.01024422591287
86.43525291243283,-4.918212062629028,45.40533917565468,44.63254847088101
87.31761016375751,-4.604181511283912,45.71367827140926,44.272704872215286
87.28515043580691,-4.322657227394036,46.142248615515015,43.68426429735283
82.33939103987136,-4.903948337552439,46.43558949753506,43.20565539275356
83.31513514789319,-5.129052257147418,46.69120715650668,42.788305825518044
82.89955863391779,-5.340886498165737,46.86208758619085,42.53170327808233
90.65098566080692,0.4458844426195192,46.891360912783675,42.456180614956644
