125.5,86.5,15,16
126.74350278241066,85.17207759231349,15.302083876478122,16.49388910114726
128.30402665247703,84.71183043544201,15.338609359459404,16.5867766176719
130.47328794025134,83.58354249444766,15.290636539007222,16.77022379940425
131.41595807286038,83.2074897087452,15.343810983261797,16.567123453450765
132.36826121178674,82.56426031202218,15.410108817271212,16.235536916849192
133.4164875817525,82.38065835191597,15.435549960091166,16.52331064435265
134.94679888003304,82.45350266049576,15.33209928049176,16.759265858922944
137.05809125503433,82.88194876226946,15.350000198671562,16.73168001943501
139.19092988220825,82.71007720615663,15.431693092028826,16.296409080700144
141.49995878291813,84.06607436695337,15.429775656209621,15.877250471539499
143.23029464473814,83.72680004315202,15.462456107328553,16.072081409362468
144.76805724748144,83.73309519480414,15.592275817231926,16.229433514858357
146.7354186191763,84.13731529088084,15.542935487706373,16.180724615429565
147.8112893181403,83.33837002343145,15.582174047358931,16.364472064848602
149.06409341764083,82.96372633737197,15.477536068923646,16.45152322328348
150.22560089403186,82.03148201901114,15.421213516120222,16.693476750485186
151.85285992191157,81.08325378927704,15.386993750613502,16.873945527610864
152.26371357969816,79.99270214165338,15.43730226889497,16.836854576566047
153.88616400195713,79.76321461807686,15.387438550918183,16.89235815383995
154.2717157018061,78.42000976590334,15.325036404157565,17.203691087404515
155.6771122901035,77.00088438193205,15.527926785073138,17.468547556793634
156.57279956687256,76.2800735970088,15.533790581449564,17.537261368881055
157.67751992129632,74.73930656441837,15.206622116101828,17.759914437357807
159.06407193449616,74.40513850523607,15.261302627971167,17.364819531170994
160.03990229822935,74.32512891857638,14.92850762888311,18.37634022893878
160.06713161539452,73.63102235476842,14.971629874479454,18.228183436777783
160.68051869150415,73.85239147432115,14.999361833405215,18.360141678900185
162.3567510688056,74.01667812983942,14.959771395971497,17.988350910032736
163.81518249383788,73.54289675277103,14.923897620613944,17.80230854160331
164.65735751861462,73.84642662908838,14.793746312973319,17.514246529714132
165.7420985554116,73.19587080166215,14.965020655700194,17.69974353193294
166.49691793326053,72.5787539155241,14.783020168473033,17.624330578554428
166.6684597074765,72.89909524397041,15.16782138948081,17.58012715874145
166.775667072469,72.58487975896787,15.116752741467987,16.87404494133808
167.44154219913526,72.29982559959484,15.126000184058302,16.571384679170606
167.32550293620076,72.59992394805485,14.773180118885703,15.93311119406354
169.21534862927876,72.81023804367412,14.686618272219434,15.567932578010785
168.8493790294315,73.2218447949986,14.706345922631908,15.700565385023687
169.6203383298493,74.99612374911756,15.077799361591245,15.916733877161136
169.55295091355936,76.39007164452062,15.310359957613636,15.776700997579384
169.69663636923266,74.69683916500263,15.576940905741196,14.621202379344838
170.5460217345908,80.33057437191631,15.346537870833355,14.309223985170798
171.06427827126603,78.45023594736166,15.117379545731929,16.1272318002759
170.71734871092295,80.14133008270237,15.017600913885142,15.944458259666508
172.90475703646527,82.75024365714744,15.244281436109832,15.651976531613776
172.36311954744735,78.64066508536006,15.10485033466264,15.22704016169977
173.14845578588665,79.26943437917754,15.175285536197384,15.561294872786096
170.05165241973933,75.8736658217787,15.241597728086775,15.108400968754427
164.21409363064086,72.29012682152165,18.417871159555204,13.067279468230945
164.7745352687241,72.95035153053841,18.417461864292378,13.067666832652858
173.47838711287082,78.17818375174761,17.429306210666866,14.017518061010824
176.08803290500188,78.52282761538804,16.352423951050728,15.21639997999311
177.4887788208581,78.52908733865688,16.053030918090116,15.915078207729874
178.3931173930132,78.87954995534723,15.7498588587714,16.66382805750956
179.53700208077134,79.5374914461574,15.783688013070783,16.880483489890686
179.9225979394985,80.37644235004258,15.797718587562901,16.393796601210596
180.43441714787446,80.71143725408392,15.954960240543656,16.783070618544496
181.0784944638413,81.53472545769924,16.228126747945577,16.488257102129573
181.5611189049585,83.41428312111202,16.059216900745362,16.319639030629332
181.52249551710534,82.72960780914315,16.06433631187581,16.332945958163585
179.7717419563027,87.37390996692609,15.353628009897111,17.00927122328616
183.5176290667844,85.08098774199394,15.36288280352112,16.603867065514965
184.82963785816983,85.48773876031852,15.840749347413473,16.406052935607903
185.7291968550232,85.71051902226483,16.19187034449043,16.19716473863768
186.83906852591502,85.56679806067903,16.25019769095447,15.295935549748751
188.41098384031613,86.51364751280853,16.26191468101818,15.211563055783332
188.6820721088451,85.31812463898073,16.38526852754717,14.772263649630334
188.2821877848946,85.34864694899615,16.38512102726239,14.772866552794058
192.4548412511802,88.7011931412928,16.365120033411912,14.746155134387257
191.8356326025056,86.1563204701176,16.40385998262421,14.996238401694935
190.8982007158554,85.21162442896626,16.30696980103719,15.039696092975909
190.44081312578564,82.12904283062839,16.255396750337983,15.157085928445577
190.72788645357465,80.70289981600263,15.8704358184223,15.800874910272793
191.6436032959933,79.46006552993884,16.483141614175835,16.432278030969094
191.9471467222153,77.53556311466659,16.818015096509665,17.67514177112053
191.73757776867322,76.31543539232324,17.313245813032573,18.617771626436515
191.5371044129946,74.24692707536431,17.371817782358697,18.9950130986112
191.18451454702318,72.26573008322009,17.39942764812108,19.124930466993888
190.3661794367723,70.83719540718059,17.575314744652832,18.98250049808898
190.83329272927747,70.23766379589203,17.338788064084316,18.818032607995214
189.13560003328462,69.30853141319078,18.17474571788034,17.434073633773693
189.37066377096758,70.91299985122183,18.645192948115167,18.55359029851359
188.4300336583609,71.40933833781,19.026281750370135,19.489761711148113
187.5657007092136,71.62895600407508,19.672095523496942,20.364174006448444
186.34009381357694,72.64074370582178,20.492499530834678,21.006830950443458
184.53022929050067,73.2905030931996,21.12311286196035,21.27650065129662
183.08174558665868,74.09701323396578,22.093767346212935,21.35670444222064
180.8090772049321,75.37696130267618,22.860909205338707,21.241640868200115
178.00158528574173,76.35967285376162,23.96455433293451,20.200257070285666
176.38398626615256,77.93351135678094,24.916254800167685,20.401118701408265
171.45258072087853,78.24573115511846,23.750290675566806,20.89376396553493
169.82510844654036,78.75796697095818,23.140247612472518,20.88947351290214
167.57046592299386,78.39893879251976,22.37122140697155,20.976018658383715
164.87251339043812,78.41887838327868,22.144181163397693,21.199946952432736
163.96762674413176,78.12935699164186,21.854975459733545,21.579179275496514
163.07313358174534,77.2321763291179,21.518183109427092,21.439592560535893
162.3138413821725,77.64876611129462,21.19854774672425,22.405345310101517
161.8244167341611,76.65393559883098,20.989439636703096,22.703923976668506
160.63709538861565,74.90249091102058,20.591735831211935,22.615336673441057
160.46399131284036,75.06910990016546,20.394309031647882,22.496550559513047
159.9723492122295,73.57325278178672,20.417877508878227,21.764866110815213
158.56993359839802,74.00539314593308,20.361425672652594,20.665821924151324
158.4055951818178,73.60197025214931,20.36418028486768,21.2990137812932
158.33759318111908,73.1294812988778,20.51529093447187,21.229993179382856
157.24083624554237,73.32898670131766,20.707169492591206,21.523139821841255
155.73329591199493,72.7862211908155,20.591808494036705,21.495885980327284
155.58100771034705,72.38185732011263,20.55874073753857,21.381527436141873
154.7686323226917,72.73991693551076,20.309815093591176,21.260284196690073
153.28822085507971,74.2767245534553,20.122417966559254,21.410785047760832
152.29486028003456,74.45029073797255,19.988927753810838,21.6840344512445
150.50669510414326,75.10471464144038,19.790489037829172,21.722203813307544
149.37288930636507,76.23914846265825,19.93827193236625,21.824047020633756
147.57683073408552,77.0387338691522,20.312499052740186,21.791238946255177
145.3061287402633,78.77708635662066,20.150801405405403,21.900441907414454
143.3173047672009,79.84397481397255,20.559759289960915,20.669864844223596
141.15505786061198,82.32776538305603,20.4113837069291,20.65034994064525
139.15738068787283,84.70323482794677,20.778450737038696,21.100390283651862
137.70665597849631,86.51410417202105,20.930586324462425,20.787323069960074
135.1136873820261,89.9516435618951,20.838511241707092,21.10024926076252
133.97656773424993,92.75213279114365,21.288403994900996,20.81523645473124
131.43837009017042,96.5981355769384,21.87416150382417,21.388960787316528
130.13007672688678,100.29172141801169,22.175466839247626,21.493097317450243
127.91988417572695,104.04478153073373,22.261052651863938,21.387895575740284
126.43149338182816,109.0137145098043,22.373133207022967,21.613283401778833
125.55933107628367,111.74263760257674,22.42470402630286,21.42215083546614
124.57454506931091,114.402824334265,22.205517428569284,21.425217923847406
123.36259630634197,115.74320864981422,22.079670825326275,21.297655021279876
122.68468623068449,118.77058163011071,21.955196033785406,21.226804362505735
121.24892512646078,121.05967230279731,21.839244515960246,21.254583386242658
120.99341558562949,121.30974604020417,21.803027035847613,21.14747284318206
120.00441338000306,123.25591916734454,21.899110871004886,20.93923317726499
120.178839365573,122.91550656859124,22.137872780499336,21.15047909534882
118.12744012917265,122.05229671877366,22.446174955463697,21.51636853775894
116.6676965487979,118.85509565839511,22.46165205876387,21.758796934150816
116.94291603277777,114.64776415252766,22.29240204968741,22.30042737600047
114.67175621531987,110.61720589246656,22.504870534090504,22.85119939081261
113.61327896377261,104.66583393624396,22.594901857558575,23.337453702122545
112.81379398908601,98.71786109288476,22.88470787889985,23.33030223613099
111.7782289124312,94.10943172514257,23.04302043482025,22.96916567132239
110.45307063188392,88.77839623036142,22.740071328953135,23.314070332454527
134.44682239962307,76.74551970635197,23.34612705861157,23.224113160136508
129.0610556325795,77.1406436825124,23.53380401005714,23.409370679045207
127.76050254533666,78.09755994594636,23.576241809527513,23.465345538575594
130.38300670626666,70.89536606104258,23.48182915264554,23.34777972561949
126.55912106354364,46.3440502685425,24.032775792095478,22.87283944172316
127.78504428814765,46.43610448707653,24.030748192451075,22.87632242327903
107.85169649899622,44.815894191471465,24.32922553955276,23.121835873757345
113.14765920256605,44.486433432636915,24.76052114834328,23.350040638420463
103.39116056350842,69.4898850805883,23.405638558904826,23.98919828612121
102.90452855110588,69.66327424476825,22.641917257896615,24.39786913359596
101.14112617240266,69.07913375721091,22.480638366621395,24.41603616847168
100.02511252637125,68.7004040705038,22.09571443149614,24.783463339880537
98.10342397193062,67.75020514172331,21.96789345840717,24.90092474362224
96.26511040324559,67.17425125331027,21.860352113950444,24.772730505906694
94.48116662412964,67.69523537197725,20.553981153963356,25.692780758410393
97.472386127297,53.96643782398775,19.424947146407916,26.940027725116913
91.85053397426248,57.07315072909637,18.56977163832903,26.572738961713647
84.09386936452287,63.76589316933031,19.80012661464416,25.0848571162189
92.74752377790628,65.081737034269,20.936972527257247,24.256562631084865
95.31713251998553,65.33457712259614,19.902831832954682,25.215496368920338
93.85952704469689,65.46570412626352,20.349859266075935,24.511534124652833
93.42507889221716,65.65370641302967,21.093800334123628,24.496409687610388
94.37094652165526,65.03395834435211,21.66702469667687,24.42079132682708
94.84428150268579,64.8363337996381,21.804867206768503,24.137411852374186
96.59789394986073,65.34533816746583,21.651430926691678,23.682479612842986
98.5024650527159,65.30448146019162,21.82264541424917,23.64587172783848
100.04418110115158,66.78827395265687,22.55129346226001,23.989818525058272
101.37629906694136,67.14196209005682,23.43030689934806,25.063783922202017
103.36540689447254,66.78558562139706,23.8018546376878,25.874468631992023
105.28100491719826,66.84052886956779,24.07281332398684,26.743346252414632
106.65451002751145,65.65183315784371,24.47798353663378,28.29966432257222
109.0557580406311,65.16676258403368,24.497685901355183,28.860064932787285
111.07085676904933,64.01377780278793,24.383978760909727,29.679057275697176
112.27717650506627,64.59324439531318,24.691601339504494,29.810087574457103
114.25758076710633,64.62713482864926,24.98205071184769,29.806009231493288
117.81875103005903,65.10831042893942,25.23712870400871,29.873993695662104
120.61732004451865,66.17935435989193,25.25342117512,29.628277436769157
122.7932279386534,68.56633043147208,25.798262853738922,29.636319159575656
125.7337709376417,70.94055479062581,26.375462664325568,29.960886131118052
128.55118063168482,72.99865014408407,26.917244209314283,28.457336281898087
131.69468199134116,78.14845410450602,27.26699981748572,28.820675062103994
135.46855093436875,81.84921494543244,27.72593955899403,29.414317774629822
137.76025040839932,85.05918631246799,28.229477561616505,27.35008173230065
139.92720604617085,89.29927783709712,28.469925703035052,27.708733445615614
141.42630223845418,95.61810449239039,28.4892353879417,28.01506416670633
147.64512806828074,97.86005171108009,34.59395166346921,24.933236436938024
140.52904219288726,100.2466132444816,32.49721067927085,24.835627114489263
147.4273186024155,105.30023928976823,31.759430900985812,25.720671242788065
152.80576630887867,110.71008297449487,32.47637334053749,26.823762002912414
154.65530976473298,107.19888221787679,32.38870348395889,27.55665374289419
155.88123366871622,104.70150952831223,31.946204545316146,26.9284194810626
158.70568885409162,102.69629043479861,30.99290183676627,25.88266670053001
157.72338208337362,104.56451965581913,29.931509633268195,24.816171141484606
158.03265562327715,104.7587020480419,28.958213320930547,23.607821682585318
161.33392713640916,102.63089929845495,28.541249117756145,23.563952465572687
164.22294305113175,103.91967092144607,30.598942118938385,22.158187183228755
156.96091862752115,104.75576899819688,30.47805535824941,21.27711453913419
154.9016746553235,105.23964692744696,30.138584604372063,21.89194866457415
149.252150068613,104.60223918413715,32.96722819917974,21.790660511591117
155.54909837682254,104.16643357323868,30.935874498104923,22.303144867524253
159.6337843200899,104.57795551928302,30.564030878476952,21.674874709051444
131.4554205900854,87.69386704710021,29.260808082138265,24.875829058202207
127.42831957728573,81.6105084857245,28.28766921876056,27.661994842757842
123.00458050470199,76.26663114151056,26.806794435766427,27.870462383663757
119.86067257737068,70.73487559777583,26.994526939293777,27.68192974707316
117.12451376408865,69.62768427007485,27.315638072480162,28.443485068071105
115.63881818819485,68.09678886843184,27.73498101793843,29.448424961170353
112.73850543205202,65.97354225957143,28.445593979870065,30.170109772061355
112.45320022646348,64.14484588621609,28.592448477074306,31.08126619446174
110.04047331630314,63.52177394254345,28.92906505526852,31.563570360127326
107.54980744903882,62.80447816881767,29.72711822915872,31.920235867883143
107.02521657054619,62.417120230895165,29.988400491972847,32.24710053289555
105.50000018670556,61.2072147864868,30.70152413756852,32.22329431622827
105.07974283321634,61.10821234437668,31.332871066054985,32.515200469586375
104.0999618810762,60.41131792877072,31.502818531324667,32.745330205034136
102.383825971152,59.55446384116709,31.551062154838206,32.46197760448456
101.83090177088101,59.177053535214085,32.00119956018291,32.379035443353615
100.28094067575066,59.05440670065255,31.39577063617054,32.77506849915443
99.1863279337367,58.57838447840796,31.22517313168831,32.46717065047649
98.09439492305002,58.32289778422492,31.36405624290543,32.01959036700572
96.19754907968725,58.64552520850678,31.370743458805784,31.656831464134054
94.12068951036406,59.53599073754971,31.745409386239988,31.524227160618217
92.55151104811753,60.667191563166284,32.03429140381165,31.267988391236255
89.80010807915534,62.9425494086896,32.18562162609886,30.810689867853206
88.41018225361901,65.5299951349457,32.653501612742794,30.60841174999679
85.33371407943885,68.8601846967283,32.86265801572958,30.23143602303802
83.44999861644266,72.9554755843245,33.35304297652725,29.92352894190688
81.01281967747171,76.49131735736641,33.33020932996354,29.87254012848907
77.26899398616484,80.49872236455553,33.84103070693152,29.741417133458967
74.16420110213224,83.10796241065374,33.99124977196328,29.831452113131466
70.59459031727413,86.29293926267627,33.99474441296857,29.85768857555978
67.63973600734742,89.22471854245714,33.96669601759371,29.727129340796626
64.51602151124241,91.22019821904435,33.86748299243922,29.540072613659824
84.29002103106971,76.93808588928528,33.303847508692826,29.235940568466038
78.09770736513994,74.37995303874962,33.450163072974256,29.876305619512955
57.73053772048399,98.35158693732282,34.01474833396584,29.434800212503273
57.005606325099436,100.75135132213148,33.59595437024123,29.03900660371356
52.07326804319141,78.50280553416168,31.79978136282925,30.654182133510606
51.470115736613835,77.34129483317524,31.305884345392062,30.745214390204563
53.58718557706503,77.20152780563765,31.155506356536794,30.736723513133665
52.964493237058505,73.49457612042468,31.22855135873917,30.1023690558008
58.24130733215475,72.84487196945274,30.75220321310234,30.21023163287591
67.23425010118083,72.60272687752968,29.996183702882206,30.424379231682906
70.86616667222766,76.2432790072244,30.17102977908078,29.788597771976068
53.67615168404116,86.53157213002295,31.53559115804168,29.442360113415095
52.22033304521426,83.31389635506144,33.96503365439207,30.143689522835196
52.49955059904358,79.52856836970925,35.67493102811771,32.9225321199739
53.09035425715997,74.94825828724129,37.510283855927895,35.116076460172295
54.59904208709543,70.13602452248568,38.198675350750584,37.78378215267789
55.453695617465314,64.0641639647583,37.65723189741743,38.31977240265414
57.4654144560997,58.79302290973608,37.14412990397129,37.04361312170736
61.287852578767684,55.18993525890228,36.09251966891974,36.11098208029634
64.01600683998929,52.682728409679015,36.11423419869212,35.21265650185688
65.90694483576347,51.371359264795174,36.25914224568746,35.1687228002763
66.81998371910123,50.94954811622462,37.173466462273055,36.75982453619915
67.07414296590537,50.61290911194109,37.868563600912694,38.16371553800656
66.69783153759269,50.804542381519056,38.600380007141254,39.55886742059593
65.1936973544332,50.58554960345717,39.44299585995623,40.438937795798154
63.195791015210645,51.30046853634644,39.61758909412643,40.629701941700205
60.21582823905276,51.24436505660387,39.899502275378964,40.18376182839331
57.28306974779784,53.36121939669554,39.83767588935853,40.15745919221631
53.80281167418633,55.013274517241754,39.94500972075514,40.93829892136924
49.58900547276431,54.97359849232341,40.79016553485406,41.135161371918414
41.87159793662428,56.593950406235614,40.77556063185335,40.38994809508888
34.73800286972485,58.582706934935516,40.69872324642614,40.816948873596054
27.45154366670188,61.356218077341296,41.66169540155656,41.81772999073152
22.985881982441224,59.582719663154464,43.372030019620105,41.30993775279049
12.91658700112443,61.151050090145894,43.3737448296658,41.15215778107081
5.107540346703647,62.579260381917194,44.05489699165678,40.316626479754774
2.7183989199210643,59.85322466664336,44.55982865274758,39.828368835442824
1.7348016066488725,60.543516972921424,44.59767719469724,39.696369327829025
-5.59018507217564,55.44022663604649,41.08356325681404,42.192113591056426
-4.90050065527101,53.68440404406221,39.626059387072715,43.17479568603572
-3.16320135772218,54.13410694220453,36.84909978046993,45.32819960502208
-2.276557954004204,50.030565568821466,35.0344260595258,46.28551886301868
-0.5228094714484186,48.244233230946996,32.82206280432176,46.14599529490165
-1.8469322402701867,45.82266534212675,30.1762819671484,45.915802577516516
-0.6765712260300845,45.43500451156537,28.18279970121283,44.5873527905039
-0.1493757649630112,43.81151987472603,25.425057877474984,44.48260149266463
-1.558026172148347,42.57195659130615,22.738346107159376,43.25791879818238
-0.591247658825349,43.79439064545771,21.054901614082716,42.94673866290171
-0.04491719674479988,42.87947424368559,20.722075158286334,41.41889233779909
