51.5,53.5,87,290
55.02841986848193,56.04208214186383,86.55117532346094,291.37370763018225
58.501307168872295,55.44600018905379,84.54338518923295,293.1508393874411
61.64730603391378,53.38626699978215,82.9893067897469,294.11241806876455
63.93708979564745,52.13600177820831,79.93062938297115,298.4516058910626
68.04431831616672,52.23863032753522,78.14146483384545,300.6290394605149
72.45628866301699,46.0846682196364,75.09337825086268,308.04218113313016
74.09907683213804,44.54006392982586,73.70553071339421,311.2104768434766
77.66801728166052,42.6548558200987,72.30977675603015,312.913805889469
79.95838695070667,47.70496300355421,73.65887941317712,306.28698520122316
84.78106120087082,46.31808523549421,73.26576632544648,308.5437096637729
89.53459260041926,49.670038935020415,70.93119889149241,304.7656588549915
93.6918933740406,48.73453759696332,67.93837897953414,307.09789318002765
98.4681832374473,46.946082124784596,65.48215421411602,309.2823957534134
101.156057583239,49.175434399004644,64.29664924354091,307.42437250990497
104.76012506811117,51.25331310949338,64.8843955451589,303.38570453928685
109.21949892213051,48.99178442110872,62.11845554967513,308.57515358676005
110.36874767124483,54.89645149019165,66.54956324935299,297.57374210989866
112.22058935020104,56.74292697742709,65.77434287361831,296.0535845237945
116.41447152937667,57.994435812443896,64.5991196186301,292.79857975411335
119.226438974809,59.86241985941194,64.87390260801445,290.766159376318
120.38330839426273,64.98189259955478,68.20639112887872,284.08400257896994
123.09457560333166,64.90108760871354,68.24165996009997,282.3486754287707
126.06992293089928,68.61646408725056,69.58870290338393,276.5610137926882
127.8376746608651,68.33641756175163,67.34187880479568,278.4928676888704
130.60049789704019,71.50206620145065,69.10604680464398,274.47578750007904
133.89623021651602,70.36698097143386,68.71069193742083,275.4814523353415
135.22658489957635,70.62248411186391,70.08150675266613,272.9556569500197
136.63408686303035,68.71917478119195,70.02058121397229,274.91368821760295
139.72470878463548,67.49568274920267,70.40129520691312,274.8433120711628
140.1731095055387,64.42322963694136,72.40117340492299,277.73404859315553
144.4678276453771,64.29478055484213,70.77549320968834,280.555253731765
146.6250724060865,64.89983665782557,68.50331201880539,279.7890360014966
150.8744770986886,64.22647457811829,67.52533898690317,280.5602506127239
151.1236733112354,64.03870019674889,69.38483192252741,277.94939877121465
151.00136566602475,61.764899670168546,72.90362547947393,277.0320764425699
154.9463419759921,61.54820421064261,71.12046101795598,278.71068063180917
158.19966244324988,60.87530251138088,68.89865589887012,282.6428232656384
161.0898282443373,60.995333382567736,69.21456624768405,281.729970817107
162.4523305049335,66.47752625932367,70.77357738200922,273.3499177681392
166.64375171659148,65.70076884614215,68.7088907242267,274.70239077683715
169.18845123567587,70.00567143339504,69.41776429576859,269.30878595404647
173.09287566363975,73.76739503318967,66.60571014046343,268.63975941638347
173.66634855302345,65.0909450951267,65.9978843205736,274.361467085173
176.68427663283595,68.62824084144177,64.75134243096812,269.6634505856764
177.16265493809505,67.23450007074288,66.0763646328584,269.3851965485372
180.3485754344647,67.8063264751307,64.91301544233468,267.25412270399494
180.757756305213,65.96011784142445,66.88885292912477,264.7250596018396
183.50420232731787,68.43432510670686,64.32660539709154,263.87711227632235
183.28758889498624,68.42369431123802,64.87936819220951,261.2630453359948
188.32009844205095,66.71397743255858,62.06915561663482,263.85542155293695
187.73293718013466,67.4210814439569,62.82212235652803,262.7139382777981
192.04137422065816,67.07893103819322,60.741727271757924,263.7928719950471
191.96271122561143,69.13083141322653,63.73801939306169,260.0849452982203
193.63044923338936,67.09621262515358,64.0869611021152,260.19619270484105
194.59498731857093,66.25183699298088,63.77245686073004,262.7184385132157
195.4289172439345,68.49088277651342,65.21045605121685,258.2417097189255
196.42299571740818,66.05306194509814,64.80465293460705,262.1258232879412
199.29357550713314,64.4456473144194,65.67743264043543,261.8163708091101
200.22098300631373,66.52269915716727,65.51440524259151,263.67636815205674
203.04927591307433,71.73454679210064,66.04963480535204,257.72237226497197
204.7895139599586,70.05691344066872,64.47803656116234,262.30842994054547
207.39202934509655,68.47469430198461,63.24726349848229,264.6600709695502
209.5470606346818,70.20251592574462,63.00258912197906,263.8749051123195
212.9873204507743,71.75053936213354,62.07750619633701,258.22765928019106
212.89753025158953,74.42367032289684,61.371487875586524,257.2988263290014
215.63510947964411,71.72405583564438,60.06542016731059,256.47445396225874
218.24763643969993,71.36197022033139,59.801209810278806,256.7313550570052
219.42429387184333,75.98950707085342,59.420553937805664,253.53003330145674
220.71585881871692,74.5572378192222,58.979910854742656,253.2655787703564
221.43308960044635,76.05799996826833,59.01424292188382,251.0399740884865
221.76082785165602,76.16514354440267,59.448092443519926,251.20404834015994
223.26865773904328,75.700347042549,59.664104240477,248.92387900904367
223.12108297854098,77.7632480373623,59.62251842350898,247.83439579840876
225.5256196697269,77.02398858003917,58.92255921121159,244.233599050671
227.2470578947728,74.4251588216477,58.65035303203955,244.86607969629915
227.745423019065,76.76271145789633,58.66125146273071,242.76295084706544
227.73931707513256,74.26019196688875,59.13653955465708,244.7705337553196
230.43243365811537,76.31801181944343,58.844768306568675,241.5292454324658
236.42812722616264,76.86080756451587,53.339720262728726,247.7906593096
240.2170259498621,76.56403813588989,49.719634273536045,251.02943871212477
242.33886328133315,75.62782914468289,47.706798863065856,252.26125899346607
242.90215226047482,74.20319130470467,47.19510814233134,251.60308099338405
243.5068841054265,73.31870810762464,46.907577745770546,250.35340663093706
245.51091876681622,78.54203059918478,47.26680750288615,246.1954326645099
247.03747727266193,81.65047425351838,46.43318650292875,243.63366954331218
247.61650915708708,76.9250160433472,46.36346289730934,240.31936341421607
250.679410080138,77.94639710882309,45.482597040587336,241.69954582901013
252.5023568049342,73.98420504864079,44.91058807814703,244.25672194537694
253.74931638427117,72.20433151776008,44.65541460886523,244.6105654770175
256.1518695544334,69.07760397761334,44.14408335017525,247.37525937071126
256.521477117045,76.19262075936989,44.10970775255909,242.70001535035001
256.28691423191856,81.24495983799704,44.421426969185816,236.6480772901416
257.7780579582457,80.10060385404995,43.31284263867049,237.3872070150701
258.67992521322367,75.83982320679378,43.19714910047062,239.36520732783194
259.76731992022263,75.0425323548975,42.35934992370869,241.49487548458546
261.40103639784905,72.35985564644426,42.96745174132881,241.7150148206814
264.5305894522978,72.04505010879588,43.03845808970662,244.02101201391335
263.0959832103564,73.07721038912061,43.59634931504462,241.23916650752795
266.65049151204465,73.35770592319301,43.2102302412701,242.52112542584098
266.388251681259,73.74569184061248,43.091435953218266,241.0380291193376
267.40245978341693,75.36624540115288,42.835546132302426,238.79091104864514
269.7776597764066,77.57168528577151,42.66554232170751,236.49892394908562
270.28345884449806,81.55826310283456,43.00102441623759,230.1661094776411
270.93020103862074,85.71288796592086,42.998884193794225,225.91396433902344
272.29521788810496,85.1812289283439,42.715176989042675,224.8716932627949
273.91325198508923,85.59987277733448,42.48959802046174,222.02888569787038
274.83195851900456,91.33936543812551,42.45142983330727,218.7982886666936
274.7933083271702,92.13202109428781,43.275340381618335,214.0936817572926
276.21273269456503,91.79058163313614,42.83227054125308,215.81023146263882
276.8006336860817,94.52431271571079,42.57244001617798,214.10313621414602
277.6404843962998,98.4626302604416,42.61286439015247,212.26359381038387
278.96408636175227,95.46137294878554,42.214729673114846,212.56266252228852
279.40093902107714,93.68150992246183,41.861621216304385,211.4774081443329
279.4829152661446,94.59975253331501,43.33287971707527,205.90759434177022
279.7462371244644,91.35408991620645,42.8925275669267,208.4687752659898
280.3948890380621,96.283393868443,43.42510552703139,204.1463273537347
280.5390442517431,91.01597797522464,42.273831184798176,207.3134480729717
280.59258982904333,90.13887111187762,41.63266691580261,207.6214748995269
280.9744696826688,91.90375805102704,41.54599767457405,207.83590697291874
282.52467107953146,87.79150375261469,40.99698695924854,209.45150739332132
281.72868363878797,87.15438041739823,40.817022205458706,211.93275431933895
281.856410163433,83.26077842158537,40.43382135224211,213.5409412440091
281.7396202547761,82.01077769355709,40.528631021397786,215.38712075487524
281.7309271463058,81.13892931531373,40.350175493796314,216.0925440576495
282.24220925260687,82.22912917383246,41.02155692748022,215.52041808519516
281.3056089582106,80.71212344963268,41.01595736254045,214.07695389043676
280.8743301100359,80.44258499671213,40.79687326563888,214.44218110929762
280.1079677363677,79.62696858655518,41.196217003873315,213.54843576875336
280.3754844176389,79.10423654701593,41.00947855509965,215.64789486106886
280.6251238186633,74.48264397589949,40.45699484035854,220.0970917754575
280.2312290869833,73.03598821325991,40.03060717206579,219.58456051966976
280.1851095584549,73.00703057439094,40.35720382456638,217.98358078169116
280.83271732466994,74.71288052381388,40.31099206010347,216.4571151195625
281.8502350921394,77.5083461873411,40.65930379803741,214.26676396027844
283.09658145174205,77.86754162024178,40.956619146916836,210.32204495994034
282.65321085260905,78.02621979275494,40.56924657088325,212.34766733081062
285.1239820092021,79.29354093530995,40.88641368839177,209.0916992905813
285.5958066877822,77.68715863170048,40.22065569890537,209.65641382799126
286.5235940541621,78.24929221702666,39.80589796462738,209.34288170420245
287.63637590237283,77.60322495821009,39.31637486039946,208.84127320749997
288.2196824063998,75.66792656564078,38.742966529450555,208.63811711254215
288.75661977529,74.02192548776267,38.29413494543295,210.60183595836185
288.8100407860205,76.27034953900082,38.336366971775796,208.55132722470574
292.1840530708954,75.80746717093817,38.54210254912067,209.77648436300314
292.54801560046957,74.27487443461135,38.01507893869905,210.585577525705
294.2027754752073,73.88165507854242,37.608565504454845,210.51958976851682
295.8032420709994,73.78892397485157,37.0501331902511,210.9407251352594
296.9514059350972,74.75132138076486,37.15531427019138,210.6777067468871
298.30621878400325,74.97889256196692,37.893305149527805,208.69541279985776
300.3267834195331,74.35484486077459,38.095659898701214,209.55497925918058
301.83748215058836,75.86420145159087,38.64744716521315,207.54103647568797
303.41357253842926,75.6776750891154,39.00059957472729,207.04838430657307
304.38604819901457,76.82899389386532,39.02982156097545,204.95672650146986
304.9964315716361,77.83147044721171,38.977080666982175,204.15367649955917
307.21073203807873,77.24157987213704,38.84082716527968,203.26541775560452
306.9498926195092,78.92881917235366,39.329026174031284,202.05556432301796
307.7210975715208,80.57958395096385,38.789432589473826,199.09843439682098
309.6854808623463,79.61067336720578,37.97888276082869,199.81592520678555
310.08095852419274,79.96751980058102,37.91432501108376,200.2747548848959
310.40028755017465,80.62997791240363,37.74998519523251,200.5326329699131
311.64526967037324,82.58313687156972,38.181662781464965,199.39853399422313
311.80521480664316,81.35630671586068,38.99126646072263,197.8809094393082
312.5535487209323,80.46426668230123,38.69988680391242,197.43658736867076
312.62064847511385,81.04857517577767,38.350826170795465,196.84683656547566
312.6087370441626,82.59773732130131,37.95558823619872,194.69331890980817
312.6081246205523,80.95221238196942,38.050158800015026,196.65624641107632
313.40801248207,81.37512808126857,38.42325795681669,195.91579313361564
313.0794804027332,82.72990410024691,37.99528846032353,192.99926456272286
314.64108383676853,82.80989267034731,37.341868236234816,192.24593707166528
314.6493366792604,83.91949277517631,37.112872901597726,190.58906669074645
313.9649777162046,82.5617980871308,36.750100930935005,188.46139748071687
317.1826633441572,80.4969241213664,35.60891912815478,188.81144370249834
319.09891113843884,81.08615902559893,34.87612899727889,188.43787406340584
318.5859716978098,82.52542948091792,34.87439924549565,186.5985800695388
319.85847981039956,82.43948856623109,34.654286985312424,188.1129771290913
320.53745666726496,81.68004408991676,34.43093403013411,189.6845005593353
321.43101811903466,82.28762352239339,34.46843423450489,187.54269081261478
322.57390609306606,80.87904623356363,34.149543614735016,189.152276744797
322.8538444406774,81.61826067554574,33.71807465116458,188.4997177190977
323.16435175674115,81.76257034400719,33.54559641506369,188.279061796069
323.0211435316405,81.74628321739557,33.39269584747129,187.7176106162287
325.48403603333696,80.30707916608908,32.9463062336353,187.08038751995863
325.67857464856564,82.3982224707537,32.61164102541092,184.23291998907484
326.2832298030173,82.30757446519604,32.72100790347345,184.34183835571088
325.9609793321221,82.6931587577844,32.86403076928275,183.53572375729215
327.1172048288098,83.92216316013463,32.7516515875834,181.00692969835166
327.63230905669934,83.4022714155968,32.895735934615004,182.11411914143065
327.7135554404451,84.224252785636,33.047245949229946,182.0504074990314
328.8040869179704,83.05946009012203,33.159794520668626,182.3428985354298
329.2495422428634,83.21574724722524,32.69094066504911,179.7508835798202
329.7672277367355,82.94053816897211,32.40014350886317,178.58730031916642
330.02328364460345,85.99988929214783,32.192054213907824,174.82116073875432
331.3507871313845,85.9369381085533,31.634132001011597,174.56246723497168
332.51826068908485,86.34108381431989,31.043684449781743,173.3741761262301
333.46329051546246,86.54400842534675,30.874252224127616,173.2958789843308
334.37381645733393,86.21114253194742,30.749036765212303,173.17506424279009
334.74572326293895,87.54978745889595,30.62870472567658,172.09976651917256
334.70831034174415,87.51456649698892,30.852677437844815,169.9211089499599
334.5598107278127,88.68097705819463,30.46784512703052,169.79889678674647
335.0761905261699,87.33097168001729,30.44703471187276,168.56539270965084
335.1785218144111,88.54362977774392,30.260547806267475,167.84550165743946
335.55655597141083,90.18870883576606,30.197040105423426,166.51308360983083
335.92487057845426,90.94707259997595,30.292240558427917,165.88539953176658
336.37150781169686,91.80697740773647,30.879667061638806,165.097240197198
337.62809390667405,90.33839339391218,30.820912577220273,166.6646614206092
337.3473845404718,92.872415581193,31.460805577941965,163.0718308121456
336.368872189633,94.27382889729931,33.24521248653642,158.99285991380444
337.6374319605302,91.7930448433678,31.853918211580066,161.0389652893524
337.9196228785408,91.4741140088591,31.48602487520031,163.01004052610355
338.77386862391836,90.7407121166059,31.511898966911346,164.00679483994688
339.5621662734959,89.75455016418509,31.066689470978897,164.6543900174478
340.7460465569907,90.62197775539707,30.850051235608575,163.82587698380468
340.85560078525,89.25920057015972,29.737309353854243,163.88727181791768
340.95828839042514,89.85838585645281,29.106100501021203,162.3279058036563
340.85416660338865,89.82572662515568,28.688945081602025,160.0603449613647
340.94520610581395,90.67964281284688,28.279940286441537,159.35927067981623
340.1943012310566,91.72890912642237,28.38238806791569,158.37028531008866
340.5727002748018,92.66115989017297,28.7889840739389,155.73510222254794
341.1900867261794,92.2828938393506,28.90317097476492,156.15360806882347
340.7529911055436,91.87255174764587,29.5680762564351,157.29642582314244
341.47322318118,91.74125130940575,29.91414021566638,156.2424251848064
342.1895521420468,92.55534062583811,29.84285476478851,156.39525002713088
342.02077895396945,92.23441413343483,29.61348121811456,155.34299273762258
341.8931194307357,92.26639647387563,29.097763699278282,153.75920486319086
343.3398929826974,92.10782607872608,28.550857659044993,154.58919248099699
343.62194640544277,92.53991359295561,28.25968301517817,153.65189144939174
343.9696519990655,92.41115796809973,28.472790201899034,153.2467264839317
344.482053471292,92.58641287678742,28.941337167228458,153.26305455551238
344.4579677400917,91.46690809977471,29.62205731947123,152.04925596782942
344.9947309146943,93.26070016995888,29.28605673139353,151.2839109879988
343.8122847333464,91.11719784126699,29.036854598315962,152.42897362115164
344.9035140986117,92.92425948868615,28.746310473879674,150.8992056806224
345.246756026497,92.9898841823254,28.300801267896087,149.97267625403344
344.7745050129075,93.45761882986173,27.73670711320554,149.41762052102018
344.5304378076717,93.2987058285637,27.619543123751853,148.67248136896842
345.8902001311916,93.48784871444323,27.060594343411328,148.30197672281446
345.9724311614408,93.8690807424762,27.041755311191352,147.67748122184133
345.4317769432828,93.65144525203041,27.454857413393306,147.76979402063643
344.9949219665884,93.21263533769309,27.841922323885765,147.27146828122636
345.8593460846065,94.92859054515914,28.136333489171022,146.92433665199982
346.03004931573935,94.61255966484822,28.01661504415435,147.19925062958066
345.59320988195316,94.08099296486427,27.764662460119983,147.81559309593956
345.8200672105088,93.56885269971838,27.930200246322308,147.3342942738525
345.1180553347642,95.89839190225572,28.20391668103139,145.38565769655185
345.29873136457263,95.23505924926724,27.771022179569595,144.43590193242994
345.9668721296958,95.70799744439586,27.606129513840557,144.03170152703217
346.0969236333498,95.8172932278107,27.460099723447648,143.6245112081807
344.9417887424213,96.28926240211027,27.741362070459623,142.8876598101221
345.14953995926174,96.53946814989925,27.75433632802481,142.50773499868768
344.93736321602614,97.61994622834797,27.7012392052888,141.16575440960793
344.4923097288077,97.85017827896385,27.656258856536986,140.6599369665285
344.16275065076684,96.90275460591269,27.579027429946507,140.44239474811667
346.09207133596374,96.74011802307135,26.916804821759747,139.9749850276757
345.3365257264808,98.52011056400642,27.08977081184394,138.55587719266225
345.63327593487116,100.12098858691994,27.13872454240193,136.7851434332503
345.1950370760107,100.89589167367413,27.33709267388405,136.32588601348033
345.24490530227405,99.65994506144753,27.26980626774765,135.82463709086932
344.77716583010016,99.95694806281932,27.314127644594343,135.2408493768752
344.7735260997008,100.00806442802221,27.14237522668332,135.0267717193969
344.94421688938223,99.7612408655273,27.173205282433216,134.68212302701153
344.44488336843756,100.70824931038739,27.244681543682916,133.50800614930765
344.2969627285267,101.5494326925127,27.22442699449455,132.91154255278164
344.91236125795245,100.12368053572823,27.70074820842445,132.82913148968737
343.7150835300884,100.97877968018688,27.98306215757605,131.28474897139614
343.72973043778273,100.41744454840715,27.804672777106685,131.687338561261
344.5048781574907,101.87899429058658,27.37919244408271,131.51651621275113
344.9230397170515,100.3715350034216,27.409412260332516,131.8210992939933
344.15355406074093,100.66517480236928,27.482252004998614,131.0498577980095
345.01692419229477,101.55076908540863,27.235632519974722,129.98044061044794
345.4641515718755,101.80459653160065,27.0489112131334,129.69632644138773
344.67459007582227,101.99187816354205,27.185213537019262,128.40021570502796
345.55421628021173,103.40635433465891,26.996087304120753,127.5199466246656
346.16898104298343,102.06357767740707,26.487780417661273,128.37955968781887
346.3093393281789,102.21642451388428,26.499450677123335,127.58823195615054
346.9137979160996,100.88753762625879,26.23465426601428,128.0106005247212
347.9511977942237,102.11772107952054,25.323603846962527,127.48926629203348
348.7248107048989,102.52210898735076,24.97638057669086,126.48746824014503
349.0630743884382,103.2784309713791,24.86903804933771,125.4933974966329
349.1452748125201,102.83262423873515,24.919858263476627,125.48553842726426
348.6153145646223,102.26569521342006,24.71276461342108,124.63569441433395
348.7322768403928,102.86851926884219,24.7192626534471,123.28259736142444
348.6876072158818,103.63573895908216,24.6184014842352,122.50310075571716
348.7260115096935,103.81912010053318,24.66619735273855,121.35440760895784
349.0852465584836,104.44551923181075,24.337947062783137,120.84104621125562
349.4801096487577,103.71370890039603,24.082553038416247,121.17574715343534
349.0577492464256,104.66757358686934,23.926873895914,120.56810988158584
349.4162098592714,103.37999993608439,23.870187419539526,121.5979226055953
349.73601166724484,103.41418958535533,23.922673838077575,120.81578007005389
349.6077876093558,104.625742109935,23.934156177054522,119.45174930354074
349.2319568201937,104.73526685478842,24.05374661795041,119.30851345746822
349.08178851249176,104.22755348824249,24.237897635278948,119.26344374108956
349.23455225590646,104.49781742992363,24.20540343955096,118.96723039417958
348.8896166012346,104.48163133514777,24.72933181175906,118.33584895500053
348.3527424118414,104.22827885638843,25.133262444859803,118.16497033727049
349.44184991031165,104.68042828341085,24.8054025962348,118.06882588738901
349.09079564174027,105.27187388810842,24.504316205208294,117.62961283055505
349.3446623689819,104.70493993733405,24.496911529945596,117.46442026819847
348.73578439247865,105.72748683320711,24.566557570079752,116.88559084355593
348.7053727292074,104.38247073243075,24.715069290513142,117.39036441817078
349.6436639262212,103.70074147214572,24.36323522183338,118.03904928380308
350.58798594714796,104.62294970146984,24.15886036981457,117.86221021105726
350.4299463941285,106.00900201371985,24.2706197454524,115.79377710154517
350.56798968962966,107.74090417477854,24.013284172199455,114.40605977741365
349.98591856652814,106.7443155635545,24.288743218519972,114.11297091137601
350.8800118386161,106.36427133958104,23.93727895293893,114.22597548080577
350.94324271260706,106.1284646804836,23.829668630455743,114.25169804453935
350.9686932029409,106.40843918845621,23.82522817771469,113.74615148055635
351.2859176921968,106.34145329900142,23.52213089664793,113.65648649815824
350.29477995276426,106.62760414010837,23.810572309121955,112.17481564527858
349.8167716264594,106.37801087995933,23.6234810706489,111.80114161469623
349.24599375090554,106.99053200946014,23.656206489000617,110.98301469254193
348.8049221119772,107.5088058567273,23.870654363758227,110.9332752980259
349.36562594837136,107.8085321195087,24.028905366163745,111.11754564996558
348.5820040531894,106.50947859136737,24.290923068957458,111.87376272879308
348.03665390586696,105.39208860360992,24.274962759125415,112.89468088122601
348.5747431003521,105.7161491422641,24.351599950523156,112.28683483375572
348.7296725477156,106.9183070933034,24.277227190682837,110.62449197416524
347.6325656007991,107.27848912918822,24.504250580441777,109.99537448496329
348.48032132885197,107.40494951070947,24.527559934654043,109.2797183372181
348.7950054798278,105.81033692929674,23.700235532596167,109.89649429273766
349.2438576927715,107.10817531618886,23.381341738937635,109.52914765429887
348.90929270739747,106.63828109232887,23.466574357467017,109.31991340361645
348.7888707034861,106.19345745353301,23.270582271625592,108.81428556524136
348.8746161520161,104.93444842934447,23.115863136266206,109.60191246886595
349.1587223963148,107.8964462706677,22.805056703596023,107.38566591456117
348.47355771168276,107.42727334987808,22.797005535827044,106.65005762692135
348.83127845889703,108.97107297656144,22.825819107316462,106.17726359511224
348.84767742428187,108.49810645252849,22.93286987075203,105.30558339912145
348.65083538237377,109.78755677280648,22.744107737031307,104.40176019691995
348.61737759451086,110.4774909961414,22.405877011964392,104.05326501265552
349.2287975487979,109.35037299457667,22.700912774777102,104.10708659661077
348.6197932503471,110.7990181749789,22.561951299886093,102.49804429794013
348.97995613829676,109.9224395600247,22.78847910207744,102.11244930578735
348.89983831313015,111.72897998837232,22.371447582458238,101.18365552032013
348.85425696190265,110.69514636221791,22.45315526809907,101.21857621920795
348.4589594130361,111.36935942646157,22.407186778643464,100.69210767891641
348.4559712453665,111.41536050947127,22.400340516694946,100.5861749164858
348.31813843580176,111.21918841938033,22.436440927270215,100.68730367689838
348.5301074274842,111.07749521882499,22.303898012073994,100.9160855439493
348.78230775884276,111.33915722869553,22.27884988317414,100.71906107235733
349.34706627297794,111.28630994278433,22.172798965133346,100.64604819355145
349.0598191250312,112.40996600023873,22.15750345323029,99.51306148280983
349.53144784828135,112.2189694488051,21.9060396869211,98.65855730269521
350.4436961051719,111.39514482962781,21.629064883535783,99.23226316450865
349.6365680623899,112.0397777276473,21.719767716879588,97.60147389997525
350.041784625956,112.10662577537818,21.455874850062422,97.98402275242383
349.25567082880565,112.3763986926577,21.59764580602687,98.03991885531136
349.65031624792977,112.68414138721536,21.605571323579316,97.08678662419318
350.06311024378476,112.45762785140207,21.568638612936212,96.56096529808796
350.4442825316436,113.6527358327912,21.424081338758956,95.72146382810757
