122.5,51.5,51,61
122.85773291757289,48.74341085575878,48.819976397939854,61.489505230926284
124.91550014512805,50.48523104387,47.93837133850519,61.60284351910204
124.69364207731562,50.378874313590636,47.743533973954584,61.46677229452588
124.26505447659207,52.637645643923534,47.13425061636542,61.361028587870095
124.2347839288343,53.405072089238956,47.23605348916272,61.6573485211452
124.54157845125029,53.57660427298069,47.89672556131225,60.96155325361252
123.7135306451932,54.65207194002699,47.61953844046285,60.591822143152726
123.22492263695014,55.86075023342894,47.95534482140516,59.940210123266255
123.26089008043668,56.877124469569026,48.613913970381795,59.81880129160346
123.35261152042632,56.722923249235656,48.42984790457465,59.387892931240984
123.54127244696792,57.33190751253173,48.40727456876631,59.17231502774148
123.70602117429897,58.0324355243864,48.433492776345176,58.686907285606395
122.89719775170119,57.90852070879498,48.51809528331444,58.40032685733718
123.03115557208608,57.40500049039931,48.558942133294025,58.54810500651179
123.8160202774132,58.13210828629309,47.748796672682495,58.78744178956402
123.6146405095299,58.764025119354656,47.89680157573767,58.647824083943505
123.28896617797872,58.82296150398331,48.09403168901629,58.429883274494074
123.11391300678389,58.53914447314005,47.92226533214523,58.673664141467
123.04393415182287,60.57383464263616,47.31722697120545,58.25674485441571
123.35900595873699,59.92259982939267,47.65949016193885,58.15182460167599
122.50787593186521,60.952623210766625,47.63447758594454,58.05077246592698
122.72563445947546,60.39155616825313,47.37521153983069,58.48840126712142
122.76367797666951,60.30345388348349,47.29057557422388,58.39457137444718
123.18193926578192,60.586115642602216,47.11063994105599,58.32502254254625
122.36795592896735,60.982330979095934,47.41231028518682,58.42641191693736
122.51087727367002,61.202542472644254,47.28838268944186,58.38529510793367
122.21351043553061,61.229556121366954,47.25680154686157,58.484399206066655
123.1450375017289,60.64259817306985,46.80074545275693,58.60815040310642
122.08438155162251,61.413301419600074,47.0591580495334,58.16371792528187
121.60239978331853,61.372889347571814,46.84189473658542,58.938480741880966
119.38829109786522,60.12608433649531,47.60623175928647,58.31616664408463
117.65136691009386,59.562732117312564,48.40313206430305,58.088525880004134
116.43130600693007,59.41576591959266,48.42059185090102,58.87944469440643
113.8718058263785,58.089664354771536,49.027855342192126,59.03689899325339
113.52499816044914,56.58757646117047,49.071527501119206,58.60208108805745
111.99694221245258,56.010307669611535,48.83267389151234,57.082563333269434
110.91779208261082,55.19674267738992,48.85201975017965,55.80319941550624
109.42016060743225,55.336384817171094,48.98904829501919,54.22132655390501
108.9137409721079,57.08923253387569,49.05228138547684,53.76617180614951
109.23115080305239,56.837543919233795,48.97266253878868,54.018153660896786
109.75272583350966,55.57774127339118,48.71086404418884,54.87987340112938
110.10859294088036,55.12994055787975,48.84026682142514,55.46293424138915
110.77164782186335,54.53378484985805,48.58431732919639,56.852417941558826
112.11865820130167,54.065151624498874,48.506564728278725,57.177067972485005
113.60306379657318,51.893656562572275,47.81688948019482,58.29471153109163
114.48071220141291,51.196390648213765,47.139475675657565,58.763473136667926
115.62737868272245,50.18440657945319,46.58539992949203,58.857656618618094
116.57891219337378,50.73025567711798,47.307031785523975,57.80970028278415
117.55347968889747,51.224551947666974,46.88495229641447,57.89130222448951
118.59482427002538,51.86211318026865,46.79841315094332,58.249270016930815
118.15963661468183,53.567858749469686,46.84855243438966,58.069283318836355
119.54803329767493,54.47555344692041,46.41453322115919,58.866765570816014
118.69822275062569,57.009996040685145,47.22693005826534,58.6124126632548
117.93437770757578,59.630309482835855,47.6735616421679,58.841529507591076
119.51234373428368,61.373900277415174,46.5992011677316,60.2973186711485
120.07132411936142,64.21475041679577,46.72120941269756,59.99379555837241
118.80421466062639,65.88402069769674,47.16003491090189,58.91381541565311
118.55598532441144,68.36608564078509,47.38938860000202,58.51374574065805
118.29605427212992,70.73179964259658,47.07315560988425,57.932649711064606
117.86438421892075,72.67674596691703,46.919743950097754,58.07376006077578
117.98767091154936,75.37311828802046,46.5569389519794,58.771539615193674
117.58445965711604,77.67645496230713,47.037949634473875,58.887715158832236
116.51795948870023,79.93432624157492,47.770920073615684,59.28900388844364
117.80064630757701,80.3685560332888,48.000550565271894,59.831473984886486
117.70462259846647,81.64641591502304,48.79249930204308,59.21809054229507
117.00364761974589,82.97334473878263,49.36804570123,58.6373666018224
117.2641818880438,82.65511532537664,49.21995036829328,59.106369919329396
118.73320310061816,82.76553188663146,49.01803150500368,58.94033453933554
120.41018694690403,84.34436505224869,48.878834606346715,58.19957361123831
122.90582617404412,85.6280171429541,48.44095571490223,58.22862057652546
124.49210463244926,84.95143278476442,48.23491839228447,59.18970186314294
126.60054204617276,84.78590555209122,48.549409436266885,60.32505180874065
128.82485816723843,84.47283378190716,48.964653536909005,61.35902424634656
130.22154664435834,83.14116771376544,49.34700037379162,60.46356259944214
129.38499522812185,81.55434300983764,49.372817387210915,60.445786445392834
128.06848416728002,79.50208257033495,49.895783347014145,60.00680976198974
126.76464015678353,77.04450908766397,50.072442048243914,60.5465895627199
128.11193224785774,74.68229259508796,49.713938894080144,61.473410834462506
127.21418134242808,72.84779771565837,49.655987426397886,61.96178469137464
126.01852252868943,70.3991638133293,50.430488890812114,61.37959607131968
125.00408482991163,67.5389254277727,49.99820625118205,60.673718911005864
125.08711524244734,66.72398091954805,49.40376362545909,60.54523728956146
125.75667920322842,66.42418857593448,49.06524212155288,60.055540179379555
125.63590925083389,66.08405177679401,48.57199402575827,60.095843117450826
125.54233676542982,65.16347200310075,48.952216635311714,59.595621353420746
124.49312984018225,65.43565741967737,48.8300055621008,59.80498403600693
125.23832300874678,64.31820482555898,48.776657765811905,59.45461452789364
124.00794388321837,63.06997156099193,48.62424277048504,59.979625840619946
123.39871297187634,62.34824279291098,48.35695642136278,60.07157034863701
123.43015668419908,61.15261827564322,47.652586226274344,60.26021961930229
122.06997680502707,59.68963475797098,47.6399738395378,60.40133891828813
121.68788191694202,58.36347314181113,47.53108020306063,60.317944138751756
120.46202663985957,56.609018305672905,47.91187386612751,60.350611268761355
119.5091078707126,55.211045108740166,47.921456268885265,60.279704187056154
117.47094686494401,55.807613800597494,48.8585146505091,58.97743918496906
115.18235628617053,54.05792566433783,49.100934188488196,58.926562066222516
113.03057733689324,53.45830801933995,48.55432195154473,58.84451528891938
112.04918620874327,54.50780556313082,47.9869764440965,57.732397940767115
110.72572995356973,53.3066280925028,46.87163280896628,58.61446381856949
109.63936613862431,54.00490173892405,47.56714395669464,57.829059220677095
109.05815817867636,54.558072038928216,48.0255261441763,56.99742182530056
107.92592678468966,54.792429001098725,48.48716753436834,55.9239076170507
107.10491365145207,54.520868657082985,48.35579623595553,55.09798555090891
106.90629312998195,53.29435188979816,48.01914603019277,55.216151608061566
105.988860313884,53.8365241487014,48.33741963663182,55.011432947131446
106.25623716767745,53.65804051953382,48.01779771849078,55.745221276376114
106.10111984008495,52.84355394306825,48.2868416451306,55.70215790071991
107.06606647968633,52.03121832484659,47.99279808020702,55.96402079041488
108.18695352035147,52.66765943448419,47.39448308052653,56.098481839534145
109.62918499918936,52.09837505752861,46.537318096483546,56.84642502720119
109.5144560942849,52.101405018764666,47.05376759192136,56.56294669991149
110.22694092143149,52.8157475473826,47.20561914562837,56.305807625036465
111.73060409119674,54.930253711178125,46.78024204010666,55.99756951886571
110.55585202838128,55.55621114139239,47.76294991062586,56.28516955769102
112.3791587389004,55.54931891366287,47.563997412591796,57.74086690263065
113.28590510287466,57.632310220845625,47.61678857822845,57.73914324517431
114.41044247538163,57.21367767559596,47.379892492653624,58.406112963068324
115.08030740943008,59.45779435688083,46.94585925503462,58.60958244321098
115.98731470964361,62.14939013029124,46.906621113347796,58.60695177132913
115.88450502661149,62.3047535043632,46.96790893477437,58.44656453720232
115.64776877903647,62.59322347601022,47.67866774429265,57.493878999406775
115.17357164994758,64.40766733444923,47.93131766681904,57.50365648180856
114.9187946596524,64.12862786040495,48.49114916365522,56.9733691598318
115.26077378206894,65.67783045204396,48.50146057595717,56.90443966548811
116.2346144281651,65.95642403243541,48.06199840665149,57.761432664274
115.88294033440305,66.3226096855372,48.39054868372372,57.54726729879384
116.65916445056847,66.53841474823795,48.27293254749273,57.40579568624214
116.57791956497827,65.26311868382257,48.13966848204134,56.61023622472561
116.47569291889275,65.42334455308607,48.21327776230959,56.433182815814206
116.28269469841621,65.44392216791168,48.320093020878176,56.32920304632276
116.3781940332041,64.70983332169173,48.08886538840416,56.6875751548088
116.48175702320061,64.01304400670392,48.0160378373042,56.803809915575144
116.22294994066318,64.23859349060768,48.053986186548826,56.521469995752675
116.21252136516979,64.60676720304882,47.92719260394549,56.20730271684934
116.87759001002271,64.53464664200058,48.042654274162416,56.80247938152927
117.2319830448203,65.1480992101198,47.87938362261994,56.9156077764798
115.39153367645812,65.30747842876245,48.38859785578897,56.67255147743961
115.10757052067446,65.42425847921317,48.32943937569602,57.05165440716258
114.93351408308871,65.12514730229614,48.36344975019041,57.090449082411574
113.68007108410987,65.34174991334488,48.79347818131457,56.84555190558214
112.28058284370078,65.31738738653638,49.237302770424364,56.720248502988056
111.03671102707816,63.52606438754192,49.7145876958602,56.44324007440227
109.86872525697606,63.65344634118126,50.09937520171683,56.56083264152316
108.30951390855866,64.75665972023481,50.63263955046815,55.996796372994325
106.59532620290257,64.40915860650622,50.90867717224481,56.087041291491516
105.53833308991896,64.37289629205303,51.20703713459355,55.234042996928366
104.71589088899415,64.62307331030289,51.48777792644255,55.343220541830476
105.31935743766688,63.87076826385159,51.577489874377555,55.3425527626475
105.7273787208322,63.58495578381452,51.563917992098425,55.185056991367865
105.86401109672563,64.13438019676323,51.449689966071084,55.32231813747059
106.4005450264399,65.31952517033436,50.878647651285945,56.416249667836865
107.03811446364752,64.01439584026804,50.38961625739668,57.387918945797864
107.38172312101761,65.71939275828629,50.25599591607569,58.371652889149814
107.66372935672544,66.15290533471959,50.21603320357116,59.028583319855585
107.74185696360576,65.08487045764966,50.22822129709108,59.323442947118636
108.8068858404011,65.42378333129076,49.98984664515443,58.592698247878
109.14092792481784,66.48654090777544,49.54644793665,58.52725623219196
108.99179511196732,65.89771834395994,49.79816679395395,59.5397322697904
108.9875487462995,65.33667984199795,50.111980056419455,60.132808574194264
109.34776921036521,65.91754531119011,49.877689244016395,60.89196021847444
108.88023693654196,64.83986174566442,50.070891554209425,60.92034704480777
109.42009189182127,65.60354133568438,49.777046473667895,61.211964028631996
110.5094552608694,64.5741152089355,49.20630403999974,61.24581284890225
109.758070696153,65.28668152104534,49.4995198084935,61.47414346912072
108.87323979305373,63.81675153767343,49.906402116591785,62.103219095959744
109.3134746232919,64.22357021976532,49.71148403988238,62.27807606838103
109.31189439400313,64.81142685939432,49.60094135188304,62.600049413650034
108.9263012802256,63.825610651616095,49.88646917222678,62.07552489828301
109.80903918232244,64.84955984064533,49.739264122847274,61.338432079382855
108.62493975885803,63.98542580715906,49.2082343969306,61.24894671217419
109.07466785222525,63.49549181782184,49.23117290309399,61.29299458815697
108.75157698502011,63.72622993309817,48.98192001950805,61.860644882529556
107.71229401500867,63.48643782558324,48.728394151211816,61.95499483103987
107.3303344093366,62.591575513546815,49.06962130208537,61.411156842579146
107.41141570600948,63.19178340958647,48.70837307081257,61.242550976532854
107.34564698768955,62.567028816654194,48.486151606094765,60.72460935291865
106.41214049772839,61.102034231275084,47.7847000684237,60.871321488917346
106.50113051626545,62.05122375543783,47.48368859395258,60.39176186808209
106.50384729389103,61.90437421672903,47.13101184888971,59.35244717253521
106.92461482088737,61.171755655432264,47.06602023333163,58.24946701760188
106.77878041290776,62.457430235158256,46.84566369299813,57.036615954615975
105.95139147100898,62.91393922997005,46.67097296889317,56.50805909966455
106.66506283822802,62.97006249047581,46.60878760025403,56.26952759191863
106.77973501611052,62.50500685967351,46.443481565864886,55.628640065643296
106.42086823573106,64.75805554794528,45.936997354139976,55.43926174427554
106.70117433645032,64.48820073651507,45.84160810745151,55.05122703816027
106.65682799438254,63.4116807423801,45.590561498727055,54.719533444887254
107.79356189838651,63.86630006081302,44.83312638648938,54.481594980827204
106.97119471670064,65.06295616648332,44.99337118973385,53.764799660012415
107.5119538153434,64.50958807616342,44.71362075892401,53.36076337399264
107.57851797364955,65.73497555216238,44.636672561826174,52.732542891103336
107.67900109910998,65.08763536455407,44.48985825572143,52.67296913977117
108.15523559970651,66.60585585990373,44.25563696618683,52.7881003765499
109.03426239108933,65.63149950343788,44.091214531759526,52.749374887577304
108.42586315728948,65.73121791588042,44.168695606056296,52.85659805920177
108.97073537392305,67.3346779719748,44.32551150794849,52.47210545822823
109.27624280747555,67.20177192411626,44.43283435551555,53.08891991929602
109.92886897363186,67.94201403813132,44.745084474145926,53.152520240216084
109.69668222438186,68.38784922627492,44.84428984820861,53.33330455486211
110.25824324498096,68.92636921204495,44.87747228565573,53.40233220264579
110.03224814422207,69.18402005281378,45.01624857254072,53.50476382084034
110.7987054702863,71.39252693021898,44.96430263417263,52.944424737203036
111.09756678316643,71.27877761544124,45.00065553083515,52.821457174989845
111.97013108741777,71.65787550563442,44.9290089827649,53.08046830187584
112.29881245196177,71.97485000598391,45.00001596650651,52.8989948787697
112.39001293471041,72.47554381248425,45.01166787605118,52.64376377945999
112.50386146274775,73.4624732588868,44.99986289646883,52.48730915682701
111.51868405935774,73.67523524765284,45.12956845607933,52.029965273209186
111.71028351303352,73.92564294940385,44.960107513357926,51.99711231353575
111.7373317447247,74.37675443892412,44.700842951764265,52.017218104655875
111.10417690032884,74.43404679524994,44.824385211204174,51.58417277851511
110.4697300479689,75.57133360153364,44.746258170646655,51.607361321480525
110.3254004879213,75.68019717237216,44.72317608767215,51.4649935317365
109.81637339886518,76.0589996669807,44.79005552976144,50.99708475910269
109.45065955230245,75.3670672633175,44.89124921981987,50.825721690719554
110.12942370654241,75.54723714856193,44.55003458340572,50.319518059385096
109.38717754215341,75.15101825309937,44.52216788908953,49.73829588193408
108.92838248277282,75.18350208486343,44.36422306808479,49.48385783786127
108.98711402626094,75.5634137457951,43.931275785160906,49.65612897076326
109.80062396265586,74.26764375304522,43.62831349141159,49.607595895273654
108.52723408081437,74.64264710664838,43.25168879990964,48.90393421709361
109.26832216250631,74.26706401365145,42.70462457643282,48.90757930065903
108.78955862298405,73.99983523142163,41.99729081086523,48.77465164459102
108.44702082635766,73.89566457481791,41.48732462841457,48.37751258489272
107.74819036263267,72.54581471053385,41.039384831644284,47.95350644950821
107.81551004579481,73.47169142444216,40.94541586766802,47.51586928508117
107.79278045340311,73.46531547170176,40.726763712405514,46.99166762210342
107.16167475378063,73.593380436596,40.286244575189585,46.567870646125634
107.3310631490321,72.94561360391361,39.95138662616784,46.30924347813162
107.3129482663737,72.85336184496953,39.66654750854246,46.36203746507022
107.13272095409982,72.83525703576375,39.46501020308229,46.06310670619868
107.67969295484095,73.53861660622093,39.34637026873489,45.941863176971026
107.78043791273123,73.24852049980808,39.473909585217896,46.39378424218796
107.47060990632906,73.72507812501028,39.791920080672966,46.82179193852275
107.41428869389348,73.90360475829385,40.41586122161241,47.248616402325176
107.64720553403394,74.68644259062168,40.70041407745285,47.977617756788796
107.87710766192774,74.81770565000032,40.98440217672582,48.542582146587876
106.66635475246251,74.48530807500657,41.42245388741808,48.68859694589027
106.51136751281717,74.6161598694035,41.89484711961747,48.748364273367585
105.92132694447726,74.70368487421915,41.96150812747496,48.56338820538431
106.43886420273867,74.8115786443368,42.171717691457516,48.70983197933128
106.10057899611965,73.85777960046008,42.668709249061806,48.74429318907114
106.64120086392742,74.95071740256745,42.897641409137194,49.355569388826716
106.67031809357447,73.60996541439084,43.195161265696214,49.85321067902272
107.03147239406752,73.582645012721,43.66233630728824,50.063665489287004
107.00833138437953,73.64118620531238,43.80792520064139,50.31192020770952
106.77890416906132,73.35631780144438,44.076430290838985,50.50343660629065
106.81104175268666,74.03914701243272,44.156768404480644,50.52636291732328
106.63007712283508,73.3848009662629,44.21964280311511,50.635615484058675
106.23714060555977,73.5399738342709,44.23653229474654,50.664039809774046
105.81618151578914,72.49209981015602,44.60356697752651,50.66636425303858
105.69215357785401,71.39558234603268,44.64409503710111,51.11225233642135
104.21372355521756,70.13471268988411,45.09312684674782,50.69276898102442
104.70760483917257,67.9225058788089,45.06515313772832,50.73476349383034
104.30571577921793,66.11533877796577,45.17794533959254,50.22670980946923
104.11723009845565,64.85614860618529,45.12739562133845,50.3716830275572
104.5487282104433,62.61498973649177,44.83762477635334,50.24495955295497
104.13916857728145,61.25793350953013,45.107082287115176,50.29683746212421
103.801670923453,60.17801267441788,45.24017600633214,50.12140467441721
104.57701200905262,58.25424830626065,45.30518823878128,50.5561276150621
103.54099389867068,56.312793521089134,45.565782084362084,50.820469003413564
104.65595637088012,54.723530049712835,45.49232529294308,51.39073245358193
104.04636410413315,53.021653775762594,45.47829032208062,51.286484150804924
104.12724508640774,51.539472280696565,45.428743161227125,51.57192019620432
103.51847365952423,50.297273282312446,45.08009243436668,51.45544925261916
103.25839876533232,48.390812774575025,44.57999416729244,52.274446604000985
103.71626480871979,47.5514143889756,44.56679024728844,53.02019292153696
104.25756199227854,46.22293865842414,44.75462871002783,54.03027901475048
104.23452463778403,44.30163428452328,44.175442291068066,56.135331424241954
104.485444406668,44.14096364363726,44.56693791689342,56.28167539120325
104.54845329051093,43.33844493155017,44.95522156846569,56.86343589029045
104.11391664861466,43.31859899190803,45.08072398805762,57.30225045476874
104.86706035399239,43.55621794466506,45.588584335786074,56.828948917433266
105.16794903778276,44.236670543360745,46.08582697247779,56.27082035473503
106.86155972209784,46.250514257863955,46.262068099651444,55.43794045517808
108.31304877928405,47.83026289396259,45.97166885414501,55.052038277661595
108.57217453285064,47.68304108694831,45.8176292043307,54.40596690994349
110.04990729977644,49.09398201277429,45.78486312192564,53.41466839226064
110.20080009301508,50.131846152902476,46.06626898985891,52.920950858006464
111.69914756871478,50.746463155001436,46.21923724837468,53.075351659487865
112.2853906513034,51.96168019637492,46.28663474446756,53.4397219113814
113.47955194594725,52.185575374626644,45.93150931971539,54.20520198067446
114.54277788866187,53.26040148772296,45.99722757741359,54.0520866054111
114.09221730178646,53.07676070781516,45.54582351694198,54.84395419308733
114.75732038622147,54.07835275041924,45.72668843400186,54.889787775649545
115.46527112956932,53.23756204858935,45.646098479326724,55.19868529659601
115.0791440578723,53.64417325964055,45.394349713060436,55.38081865938665
115.79140907634826,54.2868130595794,45.44908453149334,55.79048320280424
115.41961973432662,55.8730761185675,45.38983889712765,55.92434403245989
116.47969920217274,55.255126043253824,45.16436356090744,56.3337766094445
116.45295978772366,58.311622873512896,45.61477689908295,56.44508094926205
117.66078682453397,57.72738927209339,45.532043138343795,56.55821060384513
119.16731908029902,60.02175146212984,45.5690298391245,56.40985344560451
119.10242161689378,60.98926198878956,45.77354758496526,56.23541328961632
119.24754514312386,63.32947609630105,46.4539380327912,55.49471404988935
119.8004620664666,64.28529967044271,46.54326612477301,55.68205662671895
120.18682467101272,66.47436335310303,46.47907438154307,55.39127390785215
119.88556833261545,66.53514973614293,46.52488742473926,56.280480760989306
118.18041385577008,69.28606234799372,47.367239692410095,56.29293967119885
119.36065791704442,71.27046298229786,47.43069103633785,55.619317292818835
118.55049850297215,73.79956996149933,48.05666509357405,54.27124976157043
116.95497303329762,75.10250966419785,48.20009859746777,53.920032631487715
116.85151646094153,76.93756844339879,48.02336817461787,53.2350344158898
116.55850323830515,76.57982646435262,47.78496701521533,53.29513711167974
116.73175263027633,78.3774070638573,47.29122933597591,53.25870150814461
116.3051498880339,77.27163106547044,47.48866201524686,53.78125528256725
116.12552047616727,78.4790256993242,47.17068314948503,54.812791793820935
115.96118846397087,77.77825840452746,47.02026390404329,56.362888397517324
115.6641709149819,77.05134770365629,47.5509465214905,57.92060146996358
115.59903522436308,76.55512171714128,47.38598891479594,58.59863184885069
115.91588109950663,76.489360879647,47.093925507375744,59.68498649493529
116.20402457154611,76.30149202979646,46.58750787296054,60.42542448221684
115.56566544670343,76.08776862145642,46.76729394987065,61.875643730270525
115.86352448090827,74.5849060897983,46.84259895227318,62.480034269432124
114.11933205839833,73.35752898954375,47.6009039079956,61.918551211030056
111.6112265821594,72.86359189975028,48.37604363626079,61.536956224815
111.18477247253718,72.3735558007121,48.887564196193956,61.03496596389938
109.81709573986211,71.75140694685567,49.05553318011404,61.025626119350875
108.33424877451483,70.92045385256552,49.78509425062485,60.77924645168423
105.90994335677317,70.42270582590487,50.0417060321531,60.10345294182649
104.40107517789677,71.21469765137007,49.975014794767354,58.939912676735545
102.78903428839658,69.38366530363201,50.27496446507941,58.84896638397621
101.35283283173669,69.38634700152905,50.05303158395033,59.14951134031875
99.35902244319554,69.04133866529527,50.00190314304555,59.52973999432126
97.38907788437159,68.29772023500729,49.43210054545298,59.677266857720085
96.38715279175446,66.92255960170154,48.65139195764647,60.51511039262689
94.49446614256671,66.01463291667079,48.387954773996825,60.81404009668802
94.07605496313738,65.50076022210804,47.82953384576899,61.08964132792702
94.02423225745709,64.49588218374325,47.47177156588926,61.17154501245996
91.6737074378236,64.24104016167107,48.11229769517701,60.31909781862062
89.24067840517336,65.40044720223398,48.969714040659355,60.23389746697171
88.68254361236112,63.907555583261015,48.35296475116178,61.08683172687503
87.35479795294715,63.75272386611564,48.60290487484505,61.37254970852037
86.96082212992461,63.29012040178521,48.58870197987452,61.52489849432844
85.13375390862605,63.15084512913795,48.70763305824434,60.71234548585099
83.1344171165984,63.25974386722616,49.41564030051803,60.21562837247134
82.47314400892907,63.820841582728754,49.61077324299902,60.25758341792185
80.5057543500668,65.3025999257606,50.242477962411186,59.94578534834375
78.10391744919372,64.918516978096,50.912706501248394,59.919582678590416
77.13563325757093,65.15951713329007,51.628165613444466,59.36650055105216
75.94982040412823,64.9939696570144,51.18157833433744,59.86168907252456
74.23507804068267,65.25773007500865,51.362910566798035,59.905686180871996
73.75681259747618,64.86042051595432,50.80124224781244,61.01234825056454
72.16505206610027,64.02407066130897,50.33877675355743,61.98821053462329
71.77881481738109,63.85386142372381,50.22399105240267,62.23857839442336
69.979968142425,63.50500182604412,49.7058515966813,62.730985874179844
68.45798526584633,63.85277707256535,50.034759023117445,62.74967766066696
67.04593079478104,63.54488906198674,50.26294621041096,62.17802175032852
65.66986384481038,63.70696176106931,50.74566449336315,61.748660713287414
63.53605934957313,64.63580536302551,50.45124507578713,61.094682873312394
62.786562594261675,64.61462950301036,51.142271638854496,60.32546031308069
60.901943754853136,65.49134185890887,50.917702240263736,60.14952533497966
60.3023626234024,65.25090824042577,50.936057508727025,59.740230282803246
59.42739057677984,64.79733244951936,50.213108602323096,60.58421118570248
58.13250677910449,64.5134527557056,50.29504152474596,60.85919875707633
57.46346476361113,64.28609535147376,50.28771520874781,61.398023713791076
56.624053913261946,63.64138423228265,49.64197006832069,62.43061326312644
56.03498732415541,62.521541336694945,48.956125695073496,63.38019919506418
55.233579243185176,62.60878479004012,48.59616018930462,63.76335814570796
54.811169918271446,63.17702106872484,48.70065732214141,63.97003739612355
55.057821237705085,62.61133501829045,49.182383257740845,62.939051689832915
55.32769288904368,62.21851759552571,48.9884149036606,63.784067748401554
56.95185333231025,60.461189681512124,49.387795757392354,64.34906279838307
57.47419340805777,60.277610255868,49.73344925839364,63.800888140226135
58.85824373037159,58.384769306284724,50.005529535320576,63.96013952791808
60.49473614699913,57.644276942737584,50.1947598872309,63.210859591316066
60.58439565300225,57.966929936543906,50.41088216894111,62.20919790678684
62.079279771718625,56.680879004078875,50.73512192902116,61.388708056857894
63.42580952875342,56.494015235057276,50.81057847864175,61.34398911367322
64.60426462250408,54.66662896338765,49.57341473774996,63.52878475500441
66.62154873039535,52.647214205090215,48.739392548197245,64.45545788045548
66.73498723644697,50.2583781544223,48.760113066578214,63.768061641489794
68.25163306733384,48.862490550710085,48.89722059379983,63.09716580742558
69.38990286568972,46.89054794390812,48.78502840729009,63.03195869009691
71.15307586855828,44.61338970164149,48.36508885182459,64.0757458949213
72.63067583086996,42.97326524464923,48.146578494767155,64.09331761621783
73.50397652490155,42.22543872488101,47.757164497031425,64.13184129650897
75.24953395936845,40.46238655646359,47.3589680240937,64.24679517786895
76.8383863750867,39.122467756998134,47.244333728317,64.35938514763421
79.1462429859629,38.652242809933334,46.985434414187885,64.80293436408284
80.8945181389341,36.80670217294461,46.54771317738306,65.27567977113219
82.63104058605217,36.92628757421497,46.307896728200035,64.34206836533525
84.98694333968918,36.69862738664777,46.21639056022045,64.39912653772993
87.34975719291371,36.56392134586997,46.00640549674623,64.58530942023367
90.57421687103508,35.87918663272144,44.83528383947811,65.09923421981793
92.99588391981996,35.926099389546906,44.13500899560096,64.81374675224092
93.63328090902135,36.287276701229715,43.94590933024749,64.84369417946581
95.78881018215499,36.682299325958624,43.83303145948682,65.29705546420294
97.73246656561777,37.49586211098394,44.01454203011619,64.65226772660317
98.69486284207306,38.03096932566564,44.21206512242348,64.12620490141535
99.93055192714033,39.9459459046745,44.45625120323501,63.6948570900773
100.41318121666569,42.4472415145404,45.221322972199104,62.89540279127446
101.52730105759647,44.172586831120846,45.60705047058961,62.36439966765032
102.47045205843462,44.91053374604533,45.71363906530311,62.09929146516646
103.55411585247026,47.12284752279512,45.58790145258889,62.373614202346815
104.66887612890328,48.42115186255172,45.79537592917231,62.27600035010413
105.95940720253395,50.012353964734075,45.27518204515559,62.93128554545865
105.74132974084452,52.109139611379675,45.28336340009497,62.957595786743866
107.60617230010091,53.72351578610678,44.780197627819376,62.96257685289329
107.83599816295938,55.69005273585516,44.88657223209661,63.33088168035576
107.01866370865577,59.29323319197765,45.88256396089048,63.71466540235761
106.80992851889265,62.66427906469027,47.065109785591886,63.70441379059936
107.3500689294759,64.39715033994025,47.654560819817846,63.36176341462943
107.63815318393769,66.46259768268317,47.78463612393213,63.308084877520045
107.51321658138068,69.4478038484747,47.53291937514676,63.05372603180733
108.74095477289102,70.76697046168655,47.436873543655025,62.894226242349575
109.81486314776997,74.06642683086065,47.40061904594179,63.21858039166618
109.58344046620189,75.75373808878354,47.995283627475104,63.66612193450572
110.11392632064849,78.36180556833297,48.154687456454226,63.88456682465002
109.56925611511598,79.6973652702033,47.90957273503479,63.913796274974274
110.30983889540622,83.62700139379763,47.74552462707579,64.52259215064942
109.36888565953818,85.87091452571951,47.6319642704656,64.86827294781028
107.72605399327482,89.1643989021133,47.864285499034196,64.00838978538526
107.2736913950088,90.68830095765732,48.26420733605771,63.292896589290514
107.52042259176665,94.41816436545749,47.97494084429354,62.681581810585925
107.08722948102641,97.45802177745611,48.19729512388328,62.267180230454656
107.1811131704124,97.93963452687686,48.00232787422317,62.927077542930604
105.9389947802447,100.86073225631725,48.2724952881035,62.62414294830761
105.65593069694779,102.1361735887497,47.903023531563456,63.61702272889255
105.73761138008476,103.0361452075885,47.82127168262542,64.42865676363009
105.99349576926772,103.8162776979344,47.54234081968002,65.68499854296334
106.10595150949052,104.63512457350471,47.51651667589386,65.73654190959004
106.70115032380914,105.31982044223767,47.48480854615799,67.18844877136728
107.64085394279391,107.04010040766988,48.33909753049375,68.14408997423091
106.4184669101752,108.62866541756988,49.908009474149154,68.81724381559118
105.77292960154847,108.57453496283216,50.615392554022364,69.70171372183938
106.40254705382064,108.9399543265392,51.21431945653828,70.57144936862423
105.16992745987196,109.56568726416708,52.27601552977346,70.15449852852089
106.00826931749616,108.18480413886775,51.85245855498071,72.22146815732009
107.85283695124744,106.24036390416174,48.435448144188584,75.03604821836876
108.53368356380105,105.8717049732127,46.55585433295312,77.60693882559002
108.66093433815583,105.710975128788,46.06297776123616,78.6430911070603
109.95008730504706,111.18502366241174,44.541760798591696,80.18827063588212
110.32403369043243,107.8879136773422,43.94192434121647,81.32899844140941
109.85687593445995,112.82942970141487,43.52497430350169,81.88136258772207
108.87373593949395,118.22586275765399,43.37081309508469,81.24625328066375
108.26956735028223,115.24133903802608,42.864212228960106,81.37723175782239
109.4833815406835,121.37534796856296,42.2654624892861,81.0369759283038
109.41128677617252,117.8908320909773,41.976201677083395,81.61614943762552
109.62722312176889,114.29217060918035,42.300392327985065,81.5052372327624
109.01937943689077,119.58217224027399,42.006870064867755,81.00440896599747
106.90708936836381,126.18498661989516,42.391553999834294,79.38736892135475
104.8144938272517,133.70734688947778,43.13079576603374,76.57696234703329
105.59239279392028,132.7933410986647,42.65859775773775,76.38654417249487
104.82341989295463,140.83435548489763,43.11340080225328,73.32039026269993
99.64565406782137,144.27629719293483,43.96048099072782,70.539834120948
98.9454730380304,148.9663871252591,47.76781545860444,64.75696503777834
97.54033667510944,150.7398177365706,49.88026394471552,61.138834906475886
97.0434974001721,151.9610191593991,50.607742428977424,58.950750476937536
95.1020845535154,152.77173504925122,51.20445676746295,57.52150710918433
94.24848278994936,153.42442913023817,51.413557868066086,56.469065860452744
93.2349424006768,153.50313443929363,50.310631856450065,56.49568996240505
92.59260898531664,154.14474586865583,50.292190948675525,56.19482400961781
92.207537419151,154.60191267177888,49.60339536316471,55.95272261400788
90.61259519112471,154.81062436353668,50.072936467853125,54.62688105193396
90.07847904529241,152.68726734401653,49.889186785869676,54.7198847256788
89.21024289751267,149.58500206879987,49.05513343521942,55.59411113029914
90.12579877830152,146.13812932669083,48.32183468385752,57.09536861174013
89.85226875304667,142.47007872055048,48.31673321960814,58.29105081767321
88.78419849092178,139.1076532061951,48.74596516021686,59.193874163125884
88.58213930647983,135.82400774268615,49.212028986112216,59.85719055706275
88.07058951257679,132.55340466765625,50.149024166011785,60.83091137463349
86.8702036191113,128.5103123494073,50.879532662537486,62.93926369377911
85.35849773205321,124.99074555339038,51.26994477806906,64.90515795933591
86.22862785752471,120.93677067844168,52.25180362006734,66.93030684405997
87.42563497580878,116.4716290792728,53.237191782562334,68.40114218167994
86.01730266539971,112.14363884174021,54.35845354273897,70.50906080905835
86.83490720355981,108.98105334864742,54.86668137514071,72.27751106160136
89.92472433173977,105.3448563758773,53.655543918249776,74.30612010266162
89.99971835282398,103.3420273656998,55.73746467429914,73.84189229690577
91.00769235746164,101.1123873208739,56.305201586288455,74.13779986992549
91.61442512915195,98.63248849585817,56.89100440781414,73.76254932125701
92.54553577127581,96.76512172852593,56.62894813306502,73.58515345376085
93.36647136457537,95.17793921046739,56.55299336549511,72.78854261402344
93.62417717959514,93.54333393060415,56.625068538987236,70.85393294517326
95.99429097804415,93.18247142257681,56.19066617554869,70.42049526915794
96.16468640387279,90.95403106286423,56.23811104190325,69.11365499935579
98.03944470448522,88.39803886863612,55.67877092764739,66.46386723205028
99.20028310780022,87.56696519767664,55.18229658607478,66.1933501795906
100.4579270960754,86.9104070851871,54.53777930234976,65.36452414192013
101.25833152735878,87.7487928190881,55.03994032465542,64.04575688649759
102.26541235785949,88.84771981881724,54.5118967418858,64.40427910583509
103.45184461837299,89.98251744181266,53.66707108022619,64.54696680356982
105.77717398342693,90.63756273065867,52.55024108546986,65.03470406572919
106.67376408560821,89.46460258686434,51.39206915661619,64.99161726179562
107.46345251939437,89.79570082147644,50.80277896373411,64.01163573812616
109.42338669165852,89.68376059400697,50.28766644997056,64.44471118107744
110.6051206935524,88.68601536002376,50.0451748942419,64.39135015902309
111.36279355299618,88.37631827449161,50.824994237305035,63.60527705828257
113.06709730343137,89.15601399015438,51.41190017561311,62.50223857609949
116.20371038921688,89.23130574769418,52.30848906751864,61.557303185237885
118.77574559470327,87.55096608113033,52.92753453941941,61.399577319314695
122.51741499400066,87.57501852529128,53.15015124619571,61.40236907558507
125.31897516693213,86.74928854704747,53.03714368185743,60.472490388044974
128.53254523782059,87.06476076453919,52.92084080890988,59.126531674172824
131.84161535747506,86.27559237386015,51.98815016982065,58.83665885508232
133.6182688258657,85.75153531517115,51.26698320191147,58.919486419554254
135.5531119294876,85.68747302721835,50.452980130653934,59.317086723733254
137.14899295490505,85.11338829224728,49.79280377317844,59.99411154726923
137.46418538012176,84.85809349527023,49.852850040756465,59.26720893751087
138.34303441599212,85.65050859880299,49.65866441351194,58.53919108834787
138.7096119555558,85.83689208454057,49.90983915406384,57.26045336463349
140.69595346684756,85.99935631229368,49.2985481526595,56.9399217374844
142.99527240970852,87.26780905581464,48.65694104010042,56.128139894317584
144.5596528217066,87.66833270108339,48.079017494470335,55.19972840044626
146.20651104347428,88.4592965914521,47.28184874990964,53.964621003972795
148.2603260963422,90.74782364573767,46.71425007727924,53.64042505732796
150.83899012664386,90.35514753424947,46.769276676710106,52.93124791381111
151.36880639925823,93.15450306286353,46.40298675757619,52.15627686207617
153.36187978962536,94.76530203381378,46.42370500140858,52.15252793636523
154.1434220289625,96.24399700221937,46.48227860951099,51.838088772793185
154.7496803250936,96.74446743143895,46.343217708586366,52.39967080253764
157.07445210569838,100.60763692463257,46.84703546787246,52.246286947681156
157.9509329219242,99.14352337699944,46.790091935205666,53.09917615613712
159.6251165004229,102.71843586113154,47.18943119147729,54.31887137525084
161.44970287338936,105.1380316442681,47.81844572047724,55.93792651689398
161.75470352095735,106.63538574903194,47.71087617563881,57.410222606530105
162.82926275717193,108.4548269129825,47.97662534275129,57.785365489963226
163.8956497056821,110.8247930959236,47.77916741233707,56.65142711021078
164.56369301376935,107.55541828230753,46.77292759553623,57.164917719498575
166.32604944387273,106.32296447874151,46.47664095336228,56.50342437905982
166.1786271627111,107.1790225136777,46.846335389466724,54.588877151956126
166.64297863408655,105.71880421246229,47.35686765713458,53.07578247005466
167.00664026544192,102.29085943643103,47.80714823525177,53.006852075828114
167.65223183497062,99.40265428643904,47.91684471770006,53.19697630784944
166.60476930296812,95.73988427918871,48.21742440282938,53.36969001314601
167.19702011646336,91.78421847213248,47.86042878160286,53.74994567282122
166.70187214482348,87.57465008245191,48.1864859143434,53.984035302524134
167.06922116401603,84.4964453609125,48.17947308904729,54.13979863125358
168.09180445657427,81.91531634044091,48.18956954638075,54.382608296494865
168.65659523225054,79.4517724390609,48.24728748500317,54.76268233964187
169.90399127125318,77.13136664015047,48.11640059841942,54.63462119957819
170.91573927857718,74.80340215050644,47.77638687308567,55.17832989154326
171.2636723360307,72.72679158832572,47.07146718609758,55.47576969914749
172.85499406469575,69.08758165762916,46.10334299108137,56.12007767928452
174.077405042578,66.63374649111543,45.12954185307353,55.81781234718135
175.54569082295646,63.236249349391606,44.909360186802054,55.66455061485142
174.70987476135952,59.68637664634821,44.500422565885884,54.77420994229442
176.97779529846486,57.13776558196076,44.06180858823278,54.67401814971312
176.46998080059757,54.91366405260575,43.756501023336554,53.64016506752347
178.03996535060674,52.36808919886523,43.0198720245603,53.300809022441044
178.0346579368317,50.943745612807135,42.52207258361671,52.3644121853867
177.88733153291258,49.35666242740257,42.10605748326327,51.63309340299759
178.486695513965,48.360931945045024,41.675456247308915,50.78493759219998
177.8007076238958,49.314646675445914,42.09264733611363,50.52469572199726
176.11406815674684,50.931814851715544,42.14484248630811,50.69435130709533
174.41309380755067,51.674822998123176,42.66106282547803,51.04852339833616
172.98837460103297,52.8548285687374,42.884188505816894,51.178884676465
172.5514132886725,54.750822423029604,43.29525078469739,50.88205587863194
169.1779002846321,56.27913532890137,43.62188284899154,52.54799667150267
167.1566533954555,56.53506113974474,44.54609335555524,53.34957786250667
165.13924962207426,58.48972502005644,45.12199997382038,54.85424775202974
162.44965215499437,59.5240049942384,45.25333686049481,55.279934286514944
158.36392812514467,61.9838877163427,46.644245884397094,55.47705402754805
153.91574125674805,64.07901688424064,47.61982799521378,54.65962322165939
150.8379075846836,65.7215543756406,47.85402517408999,54.323762935743645
149.19651692015867,65.27790332292564,47.63456250747335,54.3244843951355
147.06739631320522,66.88447241390185,47.532384924840926,54.2611238640162
145.60452697289463,65.24881142050046,47.29114190837959,54.6492897896465
144.1564616458923,65.51535495941997,47.3641872543093,54.38299667810084
142.79877397858252,66.53655805387656,47.86293666005005,54.343463909902965
140.57273156428545,65.03957347079537,48.586321327664024,55.21736714855985
139.25001621113262,67.30438917611784,49.59289502694301,55.33715790664662
135.29980877072464,67.0118567496426,49.84775870307756,55.92072400848762
132.69414979808226,68.82219315961407,48.829737525590076,57.11932084567969
129.67497825269416,70.4646694946284,48.7551469806546,57.029364055778
127.43855478235565,72.25233988181955,48.833526567510816,56.467681328118104
126.87237275026098,73.54300947858572,48.868901000047344,58.05770548831501
127.18600832187586,72.6777481433258,49.235192853205064,58.32364142406311
126.77072717710784,72.46255170279989,49.56631819801796,57.32017471839923
128.9445825102119,70.90098292897038,50.22465239646442,57.900650122350974
130.67133704442355,68.82063995669131,50.69052518495943,57.849177863784135
133.40930993463274,69.09855021566987,51.422235311218316,58.43825266099728
136.12097315441676,68.61147378963108,51.87620007419541,58.334256671216956
137.17498063640892,68.57003498463726,52.73757884037471,58.31769929449404
138.82549549071382,68.57303451199184,51.699428503407916,58.087940528996164
140.33818459386237,69.67768339935762,50.7901091235574,57.559524850555206
141.26429211228609,68.94731165615383,50.284056525102564,57.50301458043964
142.584693557952,68.13450651470782,49.99336917141417,57.02527970761571
143.09470400316957,67.1770562656262,50.29881384093844,56.50004615731703
144.2100689021162,66.28242236230577,49.74539868213667,56.105387143202904
143.51955626768444,66.37819599868867,49.69054090580369,55.209166818602995
142.3588730485341,66.88418276210501,49.11211061978493,54.75121935902723
140.5812076835036,67.10542933219976,49.21618221364595,55.37588146080398
140.34133380395565,68.55885540590836,48.44155868730331,56.134775763810985
138.92385385260744,69.87750545603579,47.77292395308262,57.45820240153219
137.1911790748058,72.18294778305426,47.649312384265706,57.89651923599014
135.27059023693408,73.7029992544937,48.0084911395685,58.25497467133086
132.5244810496445,76.5065737713076,49.08870504332249,58.865293422584635
128.6343614954748,78.066065963476,49.87676809575366,59.670603748407146
125.23514298185918,80.15181548916286,50.40924204543974,59.71519632987645
123.16289121518939,81.15057948793935,50.87246687318239,59.62269059585036
119.97801564006824,83.31035620600295,52.29331875432068,59.83322510756864
119.04327099394493,84.65453031671568,52.89692114375816,60.1266574151654
118.66122219420804,86.0080886376446,53.15309937210386,60.31652463523076
116.30416075442129,88.81960003861025,54.66124862649425,59.61931121669181
115.15153426521013,91.2000356289297,55.03208507240009,59.42286359714912
114.49464121592698,94.0036707635381,54.66424032112816,58.893511380605645
113.7479238821901,95.61893574595817,54.613964160774465,58.41042223073741
112.56859993400536,97.52597026595919,54.77238813441444,58.446736234024556
111.2404713175191,99.40840238758094,54.79941534495654,58.44210515461471
110.28937114688335,101.45068187245312,54.50931870441649,59.42056593737276
109.60605178946105,103.15926429428181,54.889595081195026,60.10606794857379
110.13730060860735,103.43567950850436,54.807775941647364,60.48128291216513
110.08549475789366,104.56533142922795,55.34215377852894,60.76397292714799
110.47425271044148,105.77876381089322,54.758010868094644,61.389182834609066
110.29908964017515,106.75537781138458,54.60159268346629,62.520036244988056
110.18604829195739,107.34048792485368,54.13015303769677,64.69408410162225
109.88934644871642,108.13238303315603,54.01946988402597,65.4039635856401
109.67168060245766,107.20003628627123,52.69312001984183,66.18545173711692
108.42816866090234,105.86104077128664,51.826077531034755,66.56825314802177
109.32606488795074,104.5386641798396,47.37157769664314,69.36361104089872
109.55397170197305,104.86626249289225,44.49374601745105,70.1256191524567
109.02211990469328,104.53397689818392,42.51414397655832,69.69932520668047
109.23175654641969,103.65634450589062,40.99594772519474,69.2891880556897
109.89840939996056,104.81614885701032,40.177556530747296,68.25432969581938
109.68243827263929,106.5246546765208,39.46023671473401,67.44259535667939
109.42729577964538,115.15584388912349,39.38811273608789,67.6364108554242
106.12407327883233,113.92471365954918,38.684490084057984,68.92481922850561
105.95180327961043,107.89113091548788,39.058887008332036,67.90040051100078
106.67665374220506,107.2132132520127,38.67699483043433,67.62370884419963
105.40221197454738,106.08281566164166,39.909867771381684,65.13672560926176
104.71227309470422,104.18111752607079,40.152258357987584,63.7896969231281
104.62338291924766,101.53642475788376,40.5654320542567,62.688571900420115
104.23120899052097,100.49580762994745,42.181324549390126,60.436558494702176
104.28417448508704,98.62470603267664,41.86323389681919,59.84726974206972
104.53907832488662,97.3054113290836,41.638011246106814,60.19242715195662
104.99524725853111,96.254331231918,41.168717981688786,61.44878247615918
105.36895990499931,93.9054405438994,41.09602054586526,62.43679722583835
105.66496149690981,91.47577559797395,41.06209100191396,63.8331790338117
105.26947566314604,89.78061373992846,41.14391438166838,64.76286994884677
106.03688433803512,87.35064246219258,41.13759425097588,65.15028452351407
105.47751342842815,84.91066362495705,41.975743151793836,65.24252867030569
104.05469786249563,82.65944613629478,43.004536138402855,65.5789794938827
104.4201241358088,80.67373873868844,43.57793001740514,66.52477621277089
105.12440613465188,78.25170222200697,44.87277259206091,66.65963646613507
105.11928520344709,75.0247199524513,46.41579724751555,66.81854370849344
105.23514658215043,72.07663706995999,46.61071795109785,68.36034555517165
104.71132995635728,68.99732020816316,47.394258280473494,68.41786071415959
103.7012025582493,66.03827082452983,48.090087975409205,68.04147343558884
103.6933466111322,64.29621141778232,48.271158219324306,68.6670679265741
103.34396156586848,63.511828057031664,49.20935477369416,67.88019042200119
103.41664213594167,60.999261303492744,48.577224881211265,68.71367210794256
102.5732989820624,59.09007159317564,48.8023052824833,68.56821795809643
100.79028592541147,57.920976425218214,49.04666682402308,68.48067401247135
100.38332965095717,56.174302384591925,48.393484832335666,69.3998436364638
98.21943433298742,54.763911415821454,49.36140694181644,68.33896678150901
97.19902562117778,54.45661750485395,49.03263384457695,68.11354753671733
94.74067247635627,53.08493934296533,48.68184068735108,68.83964831583211
92.46492618679552,51.4614248683905,47.87250820467445,69.16195745449592
91.15591578238187,51.22868769335384,47.22921843610919,68.69445257845688
91.05714000390907,50.52785327130674,46.00453271602386,67.60001885106365
89.80712627434858,50.360131819805034,45.44156188031451,67.74377789543402
88.84292510828766,47.979402216230454,44.94649633790936,67.65011215217424
87.98935648384733,48.489226991926586,44.60968422117418,67.31154717405087
86.90827193434843,48.04876220513515,44.64617382722153,66.992147324683
86.48825579150821,48.115459176163974,44.76455157856207,67.10962909406639
86.1447843577676,49.569060167934566,45.18379833364895,66.6038868044339
86.00540994257528,49.670741684957314,44.866922121118236,67.05019466930274
85.70153571815115,50.23714260163642,45.111312251160825,66.51210402044617
84.74207664776375,52.23608956564261,44.977493871168406,65.73095189274203
83.66905126048678,53.589277618832725,44.716420364792775,65.17523820854197
81.49133588309705,54.74256758934247,44.206438407475076,65.95498248245778
80.00224399467001,56.14476562125054,42.98669613986506,65.3708553834091
79.668197330331,56.65431909266793,42.445492526785856,64.9699570873486
79.07360562913622,57.093818140795975,42.04075951300721,64.61866859440215
77.90085154177407,58.72849072155181,41.03912308400224,63.91010610386521
76.69424102785709,59.20219220362719,40.11808841649322,62.56451821439669
74.91504622223358,62.47987756032292,40.776276707092016,60.84664807320982
74.98269880214718,64.28143508339912,41.66126931299664,60.249991071109534
74.536704643349,66.10414992241502,42.31532450152082,59.95351583224095
73.54014392302219,67.54327065756017,42.209072839986334,60.11329139648129
73.4609360202765,68.9391227843672,42.71892645256084,59.86998063079752
73.8794871756874,71.00416573767774,43.54530346989455,59.966569280908615
75.15184562205008,72.71215051755226,43.75578505586793,60.30844345399344
75.83036130484804,75.99997487656944,43.74690191700998,59.9769911509066
76.08455849361508,77.90540121159091,44.22172471925113,59.325042794904775
76.16793491534709,78.91298039889887,44.253475250840516,58.66610871876605
76.1843738838156,79.73687563785006,44.3787030598151,57.73301578067002
77.610956149108,79.24606626178439,44.62640603907222,57.15124880777999
78.79616036510424,77.90805602092195,43.84248335060238,57.96725711585226
80.51985765641096,75.09372823256382,43.850416755659836,58.42900633575697
82.9842393667392,71.65861126410927,43.74615389576386,59.69602028670417
86.18099635026084,67.79637769720497,43.307276979349226,60.98224879975471
86.42493007184675,67.02643601464739,44.336102889830386,61.33339548770007
88.31614375822379,64.9459975936881,45.65007196330433,63.463436939527696
90.15910209150466,63.982226229855016,46.69887886470522,65.30330057907818
93.37224658247166,62.36330343267916,47.95190497295066,66.15975679392855
95.62674028347774,59.221648224741614,49.369818911423124,66.76360763796526
98.54566988673406,56.479166079980686,50.85977285340901,67.518720681607
100.11894406300982,54.65658659671968,51.568589061938454,68.1561620387235
102.21193218813457,52.36765382259935,52.35826550639108,68.83671709158756
103.18890928536104,51.34778575616109,52.98228110144318,69.39200133447233
102.37428666699272,51.86790994138528,54.03687855394671,69.37246247864186
102.86966626273436,49.96962342864454,54.52107825910039,69.06172902371563
102.65719545703232,49.55537154577152,54.81575999902162,67.39089463943725
103.15380713605524,49.074346066664596,54.468541675422486,67.76066383886585
103.22759927861932,47.78941550094138,54.50170932494187,66.80115752341287
102.37371320614007,47.164824942155704,54.688798658163336,64.8305496128165
101.93070502644305,47.00994079122978,54.38748000321411,63.394644258204714
100.42884064558012,46.636810584193924,54.103496906190564,63.362022466790144
100.01118533815055,44.742674411485254,54.36843005198691,62.73642257023359
100.68141866905133,43.941853847002925,53.2940901718874,63.14971135277797
99.66551546401655,43.23810889500612,53.18209465439042,62.77516221048404
99.67227430274323,40.860117975743094,52.71208598343729,62.86172952874643
99.03900398426921,40.7521441296733,52.49390519818991,62.63399028856066
99.1630228881053,40.70422884048998,52.0735121856971,62.29824932371058
98.29796388856529,39.3284010452272,50.76214058364187,63.57766756567962
96.95605623140528,39.156521409819966,50.128877307568814,63.85523527497399
95.3779754063912,38.65823745136566,50.16942454338189,63.161698588115215
94.82716657006287,39.64856922528083,50.24025665543063,62.303692339326616
93.57494866641682,39.648098349198705,49.64875234965514,63.1533549400512
91.1485079143024,38.99479840535183,49.62730333325409,62.47858294816731
89.1470284819951,39.252597799068155,49.940793337242475,61.5120776456132
87.68785436146959,38.757293753195455,50.259965648270295,60.22085757230428
87.20586510703818,37.03884467423989,48.809804647932054,61.57401048905025
85.63564687938131,34.96910568202169,48.783085837437675,61.84593428571199
84.05448429389043,34.38927263798497,48.84984473568387,61.839678089659145
83.25501518353411,31.600469555461444,48.949809229170214,61.868105177557766
82.41881247637069,28.893527618989857,49.03413340284308,61.91089339315231
81.67989898902452,27.141264566945686,49.21969126685579,61.83959809755193
80.82487435078784,25.691600435353443,48.37066494938078,62.46291942370944
78.15126318240378,24.662239535482477,48.37957275291526,62.588486282846205
77.75556766866946,24.039149166263876,48.19111390541061,62.26798647070815
76.55133880509067,22.810825213984863,48.03893296641526,62.79791494815741
74.94710499364959,22.135491912856473,48.31516391784964,63.49795435457908
73.25409362094797,23.51985570468726,48.73687124882417,62.231496038953395
72.65224353373506,22.758634778142998,48.3532408434923,62.850891641698595
72.80878214502174,22.51132276755429,48.241024419277856,63.45265183046186
74.13024097589212,23.35968164799527,47.713517800704196,63.00031192106611
75.27469422102618,24.194474999007255,47.083272437526546,63.46723296859963
75.01257987206998,23.963014866755202,46.85447584208872,64.25295214086054
76.02670521765651,23.8339280019201,46.67500506767895,65.50350476104512
77.3980514885641,24.567697886702923,46.49182061111464,66.28161218348082
79.11703271794353,26.876825218255874,45.88693439098799,65.55688121345963
79.77450761071277,28.09693135586302,45.663712935108016,64.76950180396037
81.07702278042306,31.051501511008283,45.62376490731768,64.22173539503703
82.67828793116027,34.21273342115228,45.417396781975484,62.843444910778096
83.83067118198798,37.91860975150874,45.141471537415384,60.76913178711351
83.45543887628708,41.65891533405485,45.47947784822668,59.250985431439005
83.58594988723965,43.267411490995244,45.71569029001326,58.926617495762564
85.56652634193307,46.03334043163354,45.57765773623247,59.20861001731801
86.44257533566143,47.26239571493279,45.80965556061963,59.592761241948764
88.19800016871648,48.046076552803264,46.519429864541294,59.05203914693443
89.05356963823972,49.19865067777153,47.171495643130896,58.61710774346396
90.39596437048047,49.04731621702233,48.0387388877711,58.38820164083441
92.20494018912164,48.82021744487332,48.2644089812932,58.3985877089018
93.56044381046149,47.58567826133374,48.51579335352744,59.351602624213996
96.45426575313212,46.072502644659366,48.00260549235612,61.38413730301639
99.5266954131893,43.72044863993458,47.586979914001994,62.79175249744826
101.36894007939738,42.68925089116629,48.105285133435224,61.93971475409434
103.95398401653546,41.07533761260136,48.22120943185804,61.464892433126664
105.48839247404908,39.620994832522825,47.39414347241244,61.76785461224125
108.8849483495361,37.22203995366499,46.58751911004924,62.0120400810165
110.09972678944378,36.05726328574743,46.64417877533888,61.23628178469524
112.90327359228361,35.175611496142466,46.71009742628152,61.267216656248316
114.70236100262836,34.32308827821355,46.686509473878154,60.71439361006574
117.72928482225898,32.54281393853749,46.90464545812156,60.72433127028333
118.90177310429794,33.179551062388725,47.52192341827459,59.2164987863872
121.7343368116131,32.47345265210735,47.46106026298263,58.81635284400288
124.61147125708573,31.263452176585552,46.736314267850375,59.03093091678109
126.43034812824031,31.36034510620319,47.267773820524134,58.07407578550449
127.85496345068891,31.74587424329761,47.19214280026071,57.8318933987096
130.4571240452235,30.724186153519412,46.674053224350715,57.75251524286256
131.2680037275104,30.51706061344305,46.67661090975707,57.068280853197166
134.0451747953629,29.955958002698942,47.345990755100665,57.02984666943483
134.85838730771098,30.63462005770635,47.217507939648264,56.312975540415195
137.49882079352545,30.32869151329911,46.50007223098929,56.39834277537073
139.91377195789784,30.227194472157947,45.72982413808435,56.20287298259774
141.63973457140105,29.873269425392134,44.67810738428349,55.758918509746
143.13081288151295,29.62793704659857,43.68335356080499,55.41030635750494
146.6757122534171,30.18925041508262,43.62978347376554,55.436704583915756
149.6544881768466,28.793766454378485,44.29641909638896,56.07054488653435
150.85529898149724,28.69736156119852,45.144809646435164,56.08185236047248
152.29931993229974,28.351938933447926,45.97600030403432,56.986844215147215
153.66669766796295,29.61472449395817,46.97928289575718,57.4601906737776
156.03169625035713,31.0677644945154,47.470593962322575,56.901015665720394
157.93278039665165,32.17465861332037,47.35644279963162,56.46305316701732
159.39785681087727,34.21486279006696,47.409519846744956,55.46035067366208
159.9678227745923,36.4599149594174,47.146961555083806,54.82778598873928
160.892482142191,37.556634604765726,47.114527218346794,54.52634069752382
161.76090075915522,39.625665514722925,47.24256506261966,54.64577428089922
162.49065194178354,41.29795652734285,47.4412541398526,54.798294039411815
162.93814771298457,41.95036551889815,47.68802974165371,54.6193181507226
163.45231252692835,44.47688765506464,48.49564846181154,54.46041602926853
164.69625828064875,45.99226535878492,49.26864624613406,53.76487833613766
165.23977668669022,47.60814413913165,49.909138244552196,52.945984745247046
165.7908401888222,49.09070874477814,50.28466283635759,52.83472425686972
166.83846254858918,50.66793722623867,50.32662037970204,52.635495384234915
167.20949032677632,53.30474091271462,50.40542157333918,52.313112815207575
166.3857204262273,55.156075046482414,49.75991823784055,51.96345567895862
167.08245729990517,56.51186245880122,49.86620321088277,52.142744272900096
167.92377029379597,57.171689574989415,49.220767064371614,51.999068701107205
167.48017687839854,59.13355830780462,48.552829850748125,52.17292168194896
168.46557186602004,58.61547519130592,48.224241179940876,51.75172037554055
167.00653802038926,60.882227898057884,47.7008904618549,52.36088988497973
166.36554284722885,60.031519201759764,47.963811851800564,51.69013468350553
165.38883660458552,61.54670889081565,47.66248266838609,52.11203368101937
163.79239578311285,60.48620934191731,47.798194397085794,51.726568059043714
163.73705948668183,59.88492524770444,47.66620242927223,52.54577300055173
161.08935572446512,59.05123612633129,47.39229165918047,53.20067563351867
161.1119575920976,59.11515592756949,46.96240017238391,53.835545231424504
161.03880143071092,57.11909361532807,46.84505063373763,55.22442102129736
160.2765506233907,56.34453531126515,46.82661473121194,54.682739966688224
158.21800954210372,56.63760174848329,46.86151400956958,54.478769067158844
154.95496999073248,56.395107754649594,47.209806762061824,53.9686455297675
153.3472955196744,57.14622574616276,46.83592802778639,53.149557990440044
150.00073558731867,57.64249375353302,46.58093254368193,52.68729499596702
148.93870255816495,58.37309909358924,45.46236192138631,52.918059671002894
145.61982592923763,59.06888439758414,44.16779792231347,53.38300304006387
144.3616461617251,59.671219932262225,42.830841627107844,54.78903782321625
140.68350555378643,58.97683575371312,43.08206941814995,55.04025916417067
137.15902596937406,60.43276360508355,43.741052562347015,56.19830302045079
132.34815522967773,59.99124179972115,46.38710844527359,57.52732455742987
130.55412511052947,60.01402493496501,47.033909060996265,59.90254013775698
127.20380447475029,59.856758224894044,47.0813549513901,61.32306504063358
123.86118904262088,59.766298963639905,46.78617333243357,63.18944067354683
122.31637647430989,60.91914154727915,45.687284236420055,64.5632928025635
119.40089136105426,61.99021562282637,45.70616549656169,64.63776509672053
116.28770221934798,63.12820593198125,46.12688114798572,65.30526258586316
112.49741322430597,62.69534685706667,47.51151244464934,64.16696552840168
110.36017083661275,64.52112132629586,46.650554486271105,65.28087946530952
108.73810604217128,64.26600832885505,45.676203488148445,66.88577825930153
107.04921434453061,64.7081980468974,44.17434058216024,68.45071699376435
104.93543311549608,66.54875256078192,44.24515903693341,68.51218003516337
103.1976693430241,67.82370100818223,44.49550261810175,68.17045188540365
101.29916790436695,68.78150729257753,44.30630707012308,67.43775464654621
99.53982163055834,69.42555583014564,44.19446687619367,66.50028773555641
96.8006768250448,70.62016238457346,44.25287085184475,64.83337968613374
94.9529535694447,71.16754101649738,44.43947227217889,63.83249431378447
92.72084142760374,71.96282040892514,44.24712564445333,62.33841819327565
91.80256574616214,72.21357738870618,43.87025256313792,61.81308546329004
92.87918934437833,72.7055923601013,44.44284903468954,61.58730224033698
94.12518508965579,73.80404695915792,44.506374263952765,62.299973749773805
94.6778738940599,77.33376900253334,44.45493790499194,62.92225564187427
94.80615369824413,80.25382402769425,46.57101938320185,62.36190499859592
94.24988345206995,84.83078750794115,47.9391915906095,61.844780711441956
95.05200558795696,89.85675258683037,49.219958276553385,60.461171209486295
95.851974736665,93.75818904936938,50.11861831631076,59.37617376506011
96.74467738382852,97.57861927253796,50.25053160451849,58.08481969689676
97.08561614561285,100.24177267811505,49.74726386936765,56.526654155426435
98.05599119028011,102.26872356689802,49.474144929325114,55.428778931968154
97.97069737790088,103.25157203053679,49.56677048338007,54.49431865325019
98.61308006919324,103.84933975055489,49.330094366618695,53.85913845928105
99.82131607311902,103.27463497326588,49.069441774813285,54.41518127172496
99.79902850361023,109.09989725437177,49.10030747486617,56.24897735007714
99.7013138327344,118.12179608667334,49.48471711287197,57.30401086223183
98.41692247845049,122.11002361606475,49.89870679737669,57.30697122016652
99.02218345435702,126.53988073585072,49.68727015268491,56.67977040832898
98.70408607926736,128.45298547235083,49.369529398904575,56.37855721599889
99.85209486078901,128.54868745909428,48.83820092372902,56.56879033891704
99.50807563173468,126.34681347567059,48.95678244690877,57.73811752939723
100.31053390196672,121.0791446958461,48.699102420536164,60.06722969384358
100.14066727752424,116.57650356443226,48.95661623265643,62.27332906482557
97.6398296129715,111.15557441994085,50.07168653742414,63.88559407683085
96.68320894328514,104.79433846497803,50.34804354509366,64.45772399914662
96.17822371504224,98.83757226864518,51.193081690998255,63.11571649770831
94.6876807484919,95.4227464729722,50.97300409374922,61.58799103674717
93.93127146860166,88.41166750563285,50.98973069166903,61.86667210375006
90.99709270887305,84.23889787451168,52.13502235800735,61.283118005091524
90.90719584883567,79.65465252137271,51.95434181942083,62.27456098187727
91.49072658321695,74.60033443509906,51.503091245624404,62.616558398626225
91.89199160856322,69.98857269538695,51.003268896853356,63.35007257018911
91.69214596824894,68.19624111527341,50.887813147128355,63.75811858487786
92.1034314272194,65.45983611936366,50.82639324494593,63.38612285922912
93.47515742631302,64.14686714224838,50.48711676670193,63.79070728257588
94.78232959967139,62.4846670368061,51.8986298685631,63.37914343363074
96.32067888472535,63.24585716862423,52.759627516945756,62.93162493490231
98.67168145587988,61.464424804329795,53.16120857153611,63.7938411172723
102.5942933527019,61.00458308390917,52.067755751097664,65.09743536310052
104.7367890549145,60.11001832995627,51.73772350080148,65.55687465303451
107.28452457742708,60.78325164268325,52.21753598315058,65.04074430029708
111.35620993583072,61.86395367640648,52.176091116257865,64.88029652977139
114.78395691379443,62.33232650496584,50.35448883818689,65.19392340168251
117.92761013079198,62.37649381060007,48.964947086961566,64.29781382941934
119.82414434027015,62.08936637106573,48.404845091039874,63.55917472178605
121.24999169108266,63.59482470532251,47.73077628396138,63.10385917326761
124.13254805392347,63.23031292973501,47.1233402550571,61.98271521154894
126.31029897355975,63.91085833265014,45.793130097074204,60.636422966829755
129.30832269269175,63.84493524763191,44.868402715725495,59.6138299259745
129.81550381857545,63.42082971089464,43.84098709983767,59.46950540832355
129.2435845346069,63.86464317290833,43.378118690884236,59.67283612589774
129.53777556482754,63.602742755674825,43.21974370074585,59.77533881411688
128.06062683406412,62.95502928409029,43.36323083474279,59.98215606185139
126.30838806082397,63.403899011401265,44.239691670941724,59.852007308809476
124.12703787274624,63.45964642032957,44.594295828988066,61.617190361703294
121.91171133894895,63.83883832244112,44.815167726691314,63.31562966806063
118.20822067069275,63.17974560068101,45.9121872673968,64.04538577980138
116.07855061397235,62.9788485374009,46.14360284317892,64.905464344018
113.27284911760009,62.96470259716156,46.39080715123107,65.54153560815604
110.53795893165795,63.90620936947673,46.82301847709482,66.03645938042024
107.8641112472043,64.66345309705467,47.31257766893914,67.01091407156562
104.46398268220273,64.68494294722761,47.266709673057285,68.46051228164302
102.30297607970165,64.8667604557794,46.95471017893223,69.22787897543118
100.74022443507388,65.68239608728983,46.904465835207404,68.67641034474215
98.5302527555356,67.36167808524887,46.573595710092086,67.62133055025535
96.35576597619523,68.15485729075898,45.97901439053797,67.15092856490193
94.6143915179598,69.6835937427465,45.774962588701335,66.13030182181558
93.27513771634761,70.62367318758672,45.13868018147345,65.48630523701338
91.68575444617572,72.27344943397051,45.29421974542257,64.36673302226092
91.37958610616165,73.37035165263498,44.56397717988338,64.46248937976229
90.5408012628238,75.06263270067382,43.86458706583885,64.66084449712457
90.48098917551611,77.68459919532825,43.73716168527179,64.2913731586641
90.18800813231563,79.7166056227373,44.27374440801672,64.000571783033
91.00302742188293,81.9704950054021,44.849349959588885,63.80707114346634
92.01436634201269,86.08842584496807,45.09747175617021,63.50193885352508
91.99462773814939,88.74434637239219,45.33550422479348,62.899596204133374
91.08870539495643,94.38277259573069,48.52470472515951,58.835618169993005
91.74431948642315,97.8070766613152,50.549994114629015,55.35724929663648
92.69654266301896,101.37559740950356,51.07224310826968,53.437773336758795
93.6671265871519,102.55610704649358,50.013102647622816,52.725098937160766
95.06372921586856,104.63615578010337,49.45452010709316,52.02180765280252
95.56900376428338,106.93424737270075,49.043763967569454,50.87672004866242
92.3295323011383,113.23923344635956,47.121014503417726,50.77481598606161
102.33452400748303,117.01141340020908,41.51368669222974,56.73414202959549
104.97080153962868,116.65681909267227,38.44287999906269,60.6069596996923
109.77184078041171,117.22271360410087,37.075390140543504,63.79171091807656
111.3875658863878,116.53401850126214,36.32663813072449,66.22528684610509
111.39196808756547,115.1134385505106,36.54122918027249,67.98206540567398
110.9027192769295,113.48117578215758,37.10999377432465,69.78193601989467
110.83053339454476,111.54165824642777,38.7843909020626,69.4893798094634
111.53625460986801,109.26110393784617,40.513777796138385,68.97283263439026
113.28848505752647,107.28611755647763,41.6518626008947,69.27518376550503
115.23186424623309,105.05303092862475,42.02182190536623,69.55210273730577
116.87944638851758,102.14313933030078,41.9134473718501,70.19319168575424
117.02080142337738,98.66910253285526,42.238764700716786,70.30265129367629
117.54621486802837,94.67947318253948,42.57501454691132,69.8325949232019
118.67918395498195,90.43369363480295,42.939480606936655,69.88905727795229
118.55541693985977,87.1210914484104,43.229791232982144,70.39263241260875
117.02870724171302,83.77026929356562,43.03246509437879,71.60443192325656
116.9637254245612,81.19604542504365,43.080069146496676,72.62749246852802
116.0744364293369,79.2840222219653,43.90158942248299,73.0529897947897
115.1335506175367,76.73445303647992,43.82307073331637,73.30057281831785
112.22938428521029,75.80956606934821,45.00507159178633,71.95184087413278
109.90997714083238,74.19373543344867,46.36792996509109,71.36191291444077
107.92433998486726,72.32863291082087,47.53561993978684,70.15867965860994
104.81660859231093,71.17824037299017,48.01757795271321,69.3080238754304
103.35472793817182,69.39303184966647,47.88226056760154,69.09049231367935
101.27773001883752,68.17134383506892,48.30888900514711,68.6928227248172
99.74500448005577,66.41320894242193,48.31943729073366,67.99836958683238
98.54311114746055,64.6581743856224,47.523457558447916,67.35829030870781
98.0264842169633,62.565674834735844,46.74422679744077,67.1661608094067
96.8306612363912,61.8950693202669,46.79070202227211,66.23724668766405
95.11508785011797,59.966912284335066,47.78544099032942,65.20594937036756
94.61511590844925,59.137375764848855,48.905744294443224,65.11143921651467
96.44284740511816,57.28513273488273,48.22462650831976,66.39667240397988
97.34726470591681,56.9584011046512,47.976636447318484,66.38550894687549
100.07076347978749,56.24160677146263,47.41693223835276,66.48877296344185
101.37549969346699,56.1471540812623,47.6006915366865,66.98806088883686
102.52945774138414,55.94215020997687,47.815624046961815,67.78404584002206
104.02040443514989,57.15906263349994,48.1651815986088,68.6592644004161
103.89978357568219,56.839361896964654,49.663788067452614,67.79486738868444
105.02995879966103,56.324732190144736,50.646003489779986,68.01055010402105
105.98529351997081,56.32947325955088,51.55115569680447,68.45139613646197
107.85592030422279,56.30292410478005,50.98857825668795,68.76519330092688
107.3902200937373,56.799321913872035,51.95574244427554,68.2237797535227
109.19109918079594,56.297280414751825,51.49359789854568,68.17259744433667
110.99164519605907,55.65879390617657,50.77732227617679,68.42608074781836
112.50283852086629,54.922193181553354,50.17740571933577,68.7542351284689
114.31562806744884,54.51945286934059,49.0778819621692,69.33446434646324
115.60630973315432,54.666042664687616,49.45130588509177,67.60842831522505
117.56149451228762,54.621414549745246,48.223158216321,67.18682553250603
119.29444789154967,55.59172745661036,47.97409983120999,65.45211679405219
120.12905371183058,55.77303623069068,46.84456342639645,64.06185163141248
122.28234416880039,56.50294355240018,45.23725395296281,62.366570150110476
123.84114602283732,56.55880170716708,43.82371091860264,61.3144233782163
125.22213271282239,56.974394890648,43.934341908749694,59.40009568435017
126.80692013054454,57.67716756523235,43.83648099771335,58.37432529307673
128.14383616185629,58.00911014124547,43.65453793502884,57.77375685134379
129.5117909767731,57.73484567043018,43.726665347812954,57.05880679860486
130.86345480900485,57.49224595293073,43.464291653304954,56.494465594680115
132.18278929843558,57.88739757168609,43.31092631480906,56.169934300500174
131.9892359146252,56.974444521927104,43.28782655591196,55.68903002098982
132.78148077423313,57.71829834325636,43.27766323268456,55.847524942570814
133.40540996454703,56.76133834751572,43.15664270167379,55.47583878819332
134.19045081481576,57.104367681822225,42.851336158111096,55.21527407519249
133.85468437938653,57.85993251362157,42.32188872329789,54.87117415002
134.69825716471834,58.176607393474356,42.00406032659208,54.71933848657452
135.66116599558546,58.059207550456485,41.9379651599369,54.795776633365605
136.0046711864669,58.12384777402026,41.801155717352486,54.756088345032445
136.2209747221403,58.141612181167616,41.6703215682831,54.722967089931416
137.07362494546115,58.371294640832446,41.52378808273916,54.33033693160144
137.50631759391865,59.56042686575441,41.20854912714798,55.15637908423554
137.2899239790787,60.89966691420781,41.25659943146434,55.382309111153795
137.73666199309804,63.60614871901149,41.477317558165076,54.79846661436993
136.72920708894773,67.37133417654098,41.353555253047105,54.83441373443668
135.82260917844067,71.02523934517643,40.634589838251884,55.589153941904556
134.5784467738982,74.74038799146524,40.83654413151346,55.92545058243242
134.82309731140973,78.6199715062451,40.56312163253067,56.471589987504046
134.38241793014814,81.19804383681657,40.625179505085,56.23541440823976
134.53065339599843,83.01896470903742,40.53393514375224,56.741622018351265
134.48346124586956,85.65933881288048,40.42966945643154,56.940385548488656
134.91463793098438,87.41664235893012,40.63215342274215,56.42405159062092
134.30331928088555,89.73243909405528,40.58423212728249,56.36309439280104
133.61740311497826,92.51747785200129,40.627130266439565,56.52423473808456
132.96415179625947,95.4642836260092,41.16610311824407,55.742239801549445
131.92586702700305,97.2368341031867,41.984994982463384,55.13673907645776
131.08883484322917,99.39102419099018,43.09650123548248,54.27989531785823
130.24189729790658,100.32323526739754,43.586133381410235,54.254969062336606
129.91447824803964,101.00572175242579,44.040590023338495,54.37467173810836
129.78837941965259,99.99152845238939,44.18049991288112,54.56200413705507
129.57366392655905,98.2101423254088,44.33092024557241,54.59755494974732
129.39647129163956,96.17563025661826,44.35792089450651,54.93732841784902
128.19112284144444,93.79453986871049,44.10485069551624,55.08119635797121
128.38239481864576,91.12673125303004,43.74895402201525,55.52883360504863
127.77695863890258,88.03659061955199,43.794208677110134,55.827915035273804
127.48333551134371,84.72872154008942,43.63814024879054,56.43434628654512
126.95420296279042,81.21689761749481,43.586003357867654,56.41289391963718
126.59405367112564,77.50859165791476,43.709344794075776,56.15356007997768
125.85805160987698,74.43555539656714,43.77178823618368,55.27826314542807
126.03259309930912,71.42413494902277,43.9728070739736,54.44900652922529
126.05058632200391,68.24049046032457,43.535798432767976,54.42276895251406
126.2094590667052,65.56057912085178,44.243044694082585,54.249388983296775
124.6686722333303,63.5019441034139,44.929599068000954,54.18542799629144
123.38983391942058,60.35515864798259,45.03615531923348,54.55620504195019
121.15795857395923,59.366531356061,45.09012503099968,54.123349867416295
118.10279236217187,58.43184010637292,45.24366462315351,53.5305441229265
116.67077763685802,57.28450685897049,45.21102420912668,53.012215183923985
114.45477582397754,56.57691550524121,44.47376304149163,53.22793249736246
112.06976534121685,55.689009431850856,44.0860920514466,52.95129136464793
109.34335754121247,55.913003947146834,44.46124089196441,52.649623705253674
106.02287589256375,54.91805059070025,45.022623882255004,52.558634040583364
102.4369019984783,53.694175074819114,45.96803158177234,52.559587939853564
99.18534783715137,54.45949071630053,46.27083682672844,52.00139731689059
96.57869427363931,53.51094858792855,45.74978898091319,52.83821662860432
92.23389719577796,52.88499453647666,46.236456500893716,52.55939186140618
88.5379443393938,52.13938278390465,46.67502931266105,52.05813675746512
86.28688109712414,52.105336527645335,47.03847343178292,51.86253385114906
83.03119976792038,52.836458982019415,47.14618628321408,51.15545624787042
80.86548540773362,53.63244114129469,46.363649015428436,51.28452466800547
77.63081472302554,53.139976557874846,46.46233913972743,51.92107633884106
75.40742986197824,54.39835661658294,46.1776478136958,51.99740460986787
74.05753959928948,54.590480309683926,45.03516654784406,52.893218230211914
72.37604407135652,53.01794785951257,43.79163361307888,54.579097172646
70.5165810900736,54.85965588760752,44.05315496214985,54.16261431919962
69.2049892530845,53.6214968931275,43.48362609073314,54.91992481609424
69.61722764481564,53.42610343790309,42.346005308886376,55.76207979023134
68.65724453359945,53.7582121882448,42.121986736702056,55.978807256817824
68.24486585108596,53.68289946983343,41.78030325719323,56.69001735798534
67.60577154790002,53.70568984250292,41.9040397780701,57.28588588527896
65.98113713502072,55.51305135742791,43.147155497139266,56.22092772702627
65.71009029083586,54.014245573478476,43.45507566410947,57.67756873103659
69.3865490243058,54.77462472626519,42.359390863185226,58.032969497385466
72.47781815326535,54.68170658379527,42.698552510661635,56.97504388523821
77.34966831910785,55.53926295655412,42.27437980501425,56.60807269073827
80.93549848209672,57.571106675905085,42.819274597597285,54.89175969127583
83.70542379361238,58.58224198380667,43.49960114818046,53.52730530672344
87.13255857579577,61.07642719227614,43.7720472439089,53.17842883204522
90.31796288818964,62.39684681017881,44.68592518452034,52.5193862185162
94.37312560859323,63.26035235852924,44.963535382140876,52.02119294236435
98.03879372488517,65.09445737255857,44.457616668172726,52.413245594359395
101.46365428082781,65.50508311301527,44.91357058604208,52.68068212938381
105.85954838662008,66.94132837453532,44.226404261664584,52.68925149136872
109.26483792344143,67.78083895773982,44.484305679660054,53.061404488778095
112.20006604312852,68.27956021954307,44.47953871793483,52.837220293609406
116.9953994854586,68.0047016956611,43.900748893211166,52.9473901900462
121.28687933989778,68.18129561196181,45.27602492499442,52.88056491604806
124.38357405185465,67.76619206484123,45.35530386274451,53.014591368638065
129.16091145060324,68.90025486757082,46.078797743531055,52.69435127648454
132.05536578209285,69.24505754419368,45.783301098374054,52.90794196005447
137.5819884801076,69.49939522489197,45.858481300489075,52.23841200573857
140.81312561707648,69.25803020951011,46.07373350055035,51.835083646361724
143.82686476077004,70.23271348255389,46.74159489288127,51.02992338575085
146.3019633892361,69.98296184584242,46.87762123824402,50.60135641200047
149.1196329382147,70.46429352830928,47.24479364159913,50.38378937294109
151.1637116670476,70.8231236864998,47.954306548313205,50.39668316041139
154.93981156506004,70.97304064075564,47.4492759608149,50.63089751115798
159.4405882089411,73.21206856496858,46.28019261323832,50.6851912492189
162.57417960102168,75.9619960796403,45.697352213415556,50.8295489426538
165.10740124738942,78.82001993640546,45.65898747674086,50.55970303042352
166.7841678108639,82.09449667964523,45.86605463055369,49.723472322264286
167.984540435369,86.24196973979697,45.73983883863569,49.662766733882194
168.35104588115055,88.83923765424612,45.7486498917862,49.88274496977273
167.89453619849627,91.89532618836225,46.21819743793243,50.53214026253289
167.91843268123213,95.14519726708821,46.41931092094414,51.48908317130413
168.92026251076865,99.57047607520215,46.104464352195535,52.96637208217582
167.45133714754326,102.48407947070538,45.712380481630916,54.39792002139397
168.848709948919,104.22987663972857,45.765355501895776,56.208378181211366
168.23067275251123,105.76233101680558,42.187784531857375,60.40709600252734
170.32318046917499,107.22088828256177,41.242397175083156,62.99499875159356
168.74130852411133,109.08899628640249,39.50383403167168,65.80275523613014
170.12575217825832,112.1852336019036,39.577970261967124,66.03704509334813
167.02170263713631,113.70126687143875,39.456702183414066,66.40082182171864
168.62506786072174,116.11520464993131,39.36922584848685,66.73509760140342
163.4121078502268,122.72008013837933,39.11839759371991,67.24096571172664
162.06803102651378,118.03662786757641,39.10151889251311,67.2569657886108
161.1230415415206,115.22519715297452,39.09859501139476,67.26177950358118
159.61151514471086,113.27208526075434,39.09674617651995,67.26548525404021
159.0008358857906,114.03777633297364,39.096117804521306,67.26636471963275
158.71479445816217,114.74914686692799,39.09492628576998,67.26853753493327
159.11088126439864,114.86704585654854,39.08989161220088,67.27800772175738
110.51930225991535,106.21022200999779,39.189004211011195,68.61764685467821
106.84099033284677,106.08772170656488,36.98100995449161,73.59721319640732
108.91787135260483,103.03298478192939,36.79004078835806,74.70215423165243
110.29470375514326,105.12186251378654,36.56100962929255,77.28295131920765
109.93754753218212,102.99194766180163,37.49265545162246,78.18696775833067
109.7959328303707,101.66413072770376,37.8347379450547,78.9893495732656
110.48508182432931,101.0210174145669,38.27443443250217,79.65643038893525
110.79904487554725,101.0238600685478,39.269771569926846,79.50041249599627
111.04588054018288,100.78063807231666,40.09771164507451,79.09240028070634
110.38217094524987,100.25971483507311,40.73667936599598,77.90376083905574
110.61231724401304,104.13576750059349,40.796184570441085,77.99340851399643
107.49786413687853,100.73051839041958,39.757915587108776,78.37496500765968
110.16168133054072,101.3170671527777,39.75239185270799,77.33812651721945
107.59283727786118,101.56208251118663,38.741139394865186,76.78589688208879
110.54870734185656,101.22578156746756,39.269859948789694,75.85622482848689
146.00290374547524,88.19469643340591,47.533059853954676,68.78468232805551
146.57091862230976,87.38603206195398,50.30336402362549,64.55670229028918
147.20381952426382,86.47416822258545,50.96460100851283,62.295570121003806
146.7807450183953,84.54286880388317,50.1190309650741,61.136011289340985
146.9119337069547,82.91125098423825,49.16362096561792,60.81237792724225
146.48977944143053,82.73312347823541,49.1563471483196,60.91961026170716
144.89553367363308,82.11405277962629,49.86094052107269,60.75748346186579
142.94727473045728,81.40405820029389,50.440055806182194,60.61436870626973
141.46460188672526,80.67824325759304,51.1947975412384,60.60554377008482
138.65967690333179,81.04986384942373,52.09187370812915,60.1459806710353
136.4061273191899,80.71358198459126,51.81343992505792,61.27098117566935
135.7869965196531,81.24102158800517,51.72777817475105,61.36970623786924
129.38826639415396,81.30355618871098,51.1193956446824,62.57966496957833
127.45502344136708,82.31174363350944,50.84233973735946,63.2423619832102
124.01739637714944,82.60514740842783,51.49116869489628,63.10555516651057
120.98810069452344,83.33144306225134,52.10276718600277,61.999560010453884
118.93726300900386,85.84525716163478,52.10589986676485,60.21231567513611
117.2239875056324,87.34330027825442,52.075842816485675,59.181186083094005
109.54901737556091,90.41991801024196,51.98129073654076,57.97525296058012
107.79588134058747,93.29498225194004,53.6735070060497,56.430818675792366
104.53971597618339,95.16887232053188,55.53462742678292,54.29366917005554
103.39984573143988,97.22298007131896,55.259628917856844,54.24867178524161
101.66634027748204,96.62433030331644,53.67947395510603,54.63200564303163
100.0948067321269,95.38696281521337,52.696252631814836,54.52008571773326
98.33016417600155,93.43597517536753,51.39344784309509,54.60372188800413
96.73995066379302,93.44296181943534,51.05698195750847,54.83259228740287
96.34344497281052,94.1878145733403,50.49650549023795,54.894625280188016
92.28150331674232,94.40097702045267,49.94747429736947,54.73905201126276
91.02784698618612,94.26647643621125,49.055033149506656,54.86142851031295
90.25405090760867,94.14403942598031,47.96550458293716,54.43517556906674
90.41646683580001,93.50531737239348,46.71649716608012,53.720552219994985
93.04260538662166,93.52986875292835,46.997936266219014,52.57661000522805
91.66186547877558,94.47717846947305,47.15430138350116,52.00581891171537
93.21203930803793,94.44868704127214,47.37320979225244,51.81019445233847
92.9495766171937,93.189303714193,48.51869236292865,51.68302271004287
93.12137380434717,92.6597694425003,49.346098350064274,51.141832426218805
91.0980625506628,91.83077182184041,49.351476827434226,50.56748089439101
88.73641410494214,92.28029602305317,48.99108307556501,50.21050121182938
90.30852766008994,92.13421300276791,48.931217756880116,49.71579909739731
93.47359628156823,91.72076869141905,49.03969631287373,49.200868314539285
88.57361232323704,91.36375843569493,48.9159572211743,48.5721478134143
90.9796705863097,90.31937483099513,49.394812927847596,47.719164973222824
89.16019304208834,89.32226247662626,49.553730327081325,47.18646578707836
86.22980772697211,93.40923426097957,49.024354224983455,47.923771379138344
87.4487460523797,87.98426212692728,48.99420338517292,46.972707422755626
84.64913274562568,92.41518536279304,48.29070849828423,48.82685387857538
85.59580500472393,87.45483658047081,47.870302517685396,48.99215269291467
85.643807511705,87.87981832972442,47.6079555432931,50.54827730819223
86.46779117621205,86.27659660735232,47.25648746659836,52.00118977377994
86.58937725171313,85.23667707493053,46.928125563315476,52.106117983330265
85.51346953288427,84.63228491108467,47.649538841282336,52.06300831382957
85.10137339019946,83.54376634897366,47.8092585466959,51.823188433885946
83.97043472881397,82.84757803496746,48.47280096098146,51.012877559991
83.32885451699451,82.19315065869534,48.584451880302154,50.62687066206832
82.85854735954543,81.35547214017211,49.993608413408616,49.62979885275554
83.14896745911334,80.80701647458423,50.66723892025883,48.87603305132478
84.12479529305863,80.93462043497847,51.127128290591514,48.244544614150264
85.49054567872005,79.31722918276265,50.382521649975445,48.30364624280371
86.34806889177312,75.77923399514368,50.405230403274516,49.12030491485561
87.10275255043862,73.45364278413244,50.1584283411086,50.07325754714421
88.284041594169,71.56744319664956,49.39352498108776,51.214139788668795
90.51118312466647,68.54651876966179,47.68716934738466,52.02865795798248
92.70358876466216,66.09910055140904,46.39642993247509,52.950731571383116
96.19265605610664,63.747505178899615,46.85478922318232,54.038810965388784
98.52146604830924,62.209830399245206,47.97170775577541,55.185445534081765
100.97634758315802,61.410834550838935,50.09512635340573,57.932921150037984
103.61567052774546,58.63373179430042,51.06336290289052,60.40650160589456
103.96629150983227,55.82893828949436,51.51999003928756,61.64766801461556
103.71937177221636,52.87848122483644,52.37702752663294,63.329443044810304
104.9488450569722,50.66014086844872,52.65532627839508,63.96787618182586
104.88819082975019,49.18786982970158,52.56606880819466,65.0885136257981
105.23596944587908,47.613288824328315,52.787838026284746,64.96416804148238
106.48431096656117,45.593108222596285,53.307441119640444,64.23732209925552
106.55687923192235,44.95705563568835,52.92968066907342,64.1380619643098
107.79622722042993,44.05149643657826,53.312840437373836,63.505677221126774
108.48367788998104,42.84482083075258,52.64598624983716,63.175808103493466
109.92911699761729,42.98062528578296,52.45571700329942,62.8727084726242
111.08291793639327,42.576775570233295,52.83724185571265,63.369446985058595
111.81305790649532,41.70117431310393,52.952361791149414,64.20530043305986
112.43519505223234,41.31006626432739,52.659027512607196,63.81719113216781
113.33882323613788,41.999495204580136,52.204175620008215,63.698560574240744
114.03977164394095,41.851560771780626,51.628315198044504,64.33977228456442
116.18036007999589,41.33588967179788,52.46483222699664,64.75396113799137
116.55578124186175,41.29225171491785,51.353365649515055,64.99643571522455
117.02987362804112,41.37068549805857,51.5016567167712,64.610597233864
116.88689322071622,41.7682004445541,51.199106720092104,63.941110354088
118.87769608655466,41.7583460805167,50.34739095347261,63.55140887369913
118.9412979771688,41.6533110887341,49.8781431763871,63.58885236190301
120.62914190990556,42.395472039517806,49.95660646447802,63.162789709069116
121.68582714468266,42.5438214545748,50.014921213734866,62.63982573162676
123.1556303726984,44.0564817922492,49.76341175782544,61.84986234082385
124.6197972477886,45.40138514787291,49.34342003530925,60.36412131008028
126.88944404040245,46.506502236445144,48.94933576252048,59.79051778727082
129.55264388281307,47.063572391900266,48.9267934042068,59.731221617367055
132.03227516909925,47.815932572929505,48.03190194064327,58.2647299124052
132.60470928217882,47.54327725802204,47.29374499483006,57.84703076753523
132.52489525739048,48.1678755495513,46.541053801452435,56.97887687356171
131.36790536324986,48.28461132160787,45.9348642362486,56.2310024034804
129.7672723212202,48.82245367953758,44.78282927202911,55.31535912417398
128.08428495565923,50.03043880323817,43.754620844276516,54.73007031998721
127.061347065587,50.523006342964585,42.82309799046409,54.491940226343715
126.19512827621439,50.171824674108656,42.29411603452608,54.871441445572984
124.15048619579838,50.42640158887883,42.443585150955,54.745432262915635
122.7199767514844,50.93123797507955,43.16795776883102,55.41642975189727
119.70240493428432,51.620598033230806,44.796225792879625,56.13819376836148
117.12126420913312,51.63749301481196,46.353240195299946,56.76776243394902
115.10618644368171,51.701186633584726,48.02576118183019,57.38842165417097
111.87298061157627,53.02876358675768,49.84788525982893,57.55099292940466
108.59023087834282,55.005485841306914,50.80018549228704,58.95845835911844
103.97668359037787,55.59149792777652,52.15680096131385,59.99059630699831
100.03041659112546,57.54196853379747,53.32809396250423,62.28896444401648
98.1349905445941,59.59697802375089,53.7351996699926,63.949773234342786
94.10974745382603,60.52103469440455,54.34716351266154,65.06104004287678
92.83055793599956,61.00470426489449,54.583347256795335,64.43891675892586
91.52221382502626,63.25430438413591,54.66280760970811,63.67686170591361
90.61402134495037,63.63453728663849,54.05974896252957,63.11649326807592
89.56920398137466,65.2943741338342,53.73569121531576,63.384351140304375
89.53773004021878,66.23332952247722,53.246834972318524,63.22323711880903
86.29818516799678,68.39319812005739,54.3558409078636,62.08142622560487
86.23044998474302,69.57899723628229,53.77361740907192,62.509669158697676
84.82957585457358,70.8273237711563,54.3045119115525,61.97156296585701
84.94959620688255,72.38016770065377,53.58617889073621,61.92511807065297
85.14813013714715,73.97898232144982,54.093573188886964,60.90764768259176
84.88311732865102,75.6061907977751,52.822925321076966,61.38927775943644
85.3354248155304,76.76467025266561,52.57495916199642,60.406270322891494
84.94436851967274,78.8756796354659,53.32469957706458,58.30085922330653
85.78764181624362,80.72135422453061,52.63718118979436,57.54437170518075
87.1131770638158,82.59873735798887,52.647238023522696,57.3890991802534
88.45140809722973,83.28663678399212,53.34426509815907,57.28995206832103
88.88107089257807,84.57873686872114,53.35668574950874,57.61482429800242
89.42001621631601,84.01740565518179,53.52941439429209,57.98104256891122
90.42321054895575,84.07535477068889,53.71101567919264,57.533331062082965
92.04613625786537,84.95791857649535,53.507464247259044,56.73879678371438
93.21438725757517,85.52194254719245,53.45331994055796,56.33996732529134
94.49283627589998,85.8470249066747,53.199328417122445,57.43751068852593
95.15869059432833,84.96211211484203,52.364160386287615,57.79823192496231
95.90097821103957,84.45740692060473,52.326135998964986,57.09538015981142
96.56734399263361,83.31076481330622,51.647487926148614,56.83387292390793
98.36273124285509,84.26916769245979,51.22659667689585,56.740354891049414
100.3359445695909,82.1877560194506,50.2908967137166,58.535635493384916
100.57081079213393,81.42295946535162,50.16987635530806,59.13794024813974
101.3353745248436,80.66696613281043,50.46611705585857,59.93728978677634
102.44941602859146,78.81475818833522,50.614885130211015,60.14645044386948
103.27425056479925,77.43793162085703,50.75933732320679,60.613605985899824
103.84328129192872,75.43857215123418,50.25628664785182,62.33250472136439
105.06529580305832,73.2072402063776,49.264425255788225,63.89225217965054
103.51333130494774,70.6867018374789,50.024810484080334,64.29525261205853
103.46628483911911,68.09504361348503,50.587606715498396,64.69700816221913
104.01369310866977,66.78892352851723,51.30302484226776,64.32696926988362
106.04799034152273,65.86110292866772,51.20433503774041,64.10076995444592
107.9597229939041,64.53510651372429,50.21135841477089,64.02774523672535
110.69972829416662,65.13030138613516,50.00824953620019,63.98411249854882
112.96434577318928,66.17108149236739,50.46287030248959,63.5858499202091
114.5721803771016,67.86254935564065,50.504340300597576,63.91937179902452
117.07023759664078,67.99649148775356,50.81433624359929,63.867863809622875
118.09627993914077,70.33777135601083,51.66347068816169,62.371457246554975
119.57269426558388,70.0786086191107,52.358256991177576,62.57370775297089
120.3218966699711,71.57927098337913,52.94127975656083,61.089262582997264
120.26217648169616,72.52424890820296,53.859386312290866,60.063865608910376
121.28120382790047,72.670371393932,54.11856353249516,60.45829457668034
121.8073379252775,73.66934809667535,53.71012450463029,60.262271002698455
123.41321747429504,71.9692866906959,52.04816401442146,61.78299499187294
122.7701104745858,72.407487769978,52.566961655845844,60.85649970775679
123.6788606918858,72.6738888609562,52.63916997864636,60.20364480072375
126.0831377441008,72.56115851180826,52.69963490574103,60.486819883068776
127.57407901482293,72.5467377809937,53.28565564455493,59.843679950406994
128.300360882176,76.14691580180178,54.50075786825333,59.017925272926554
130.01611759195066,79.41668118329467,54.84726864532874,59.771482469230335
133.97341178123477,81.6416921935299,53.92166103687161,61.50238915588267
138.4904120100489,84.46154063935282,53.35837037996355,62.610508350052285
145.54788091462694,87.13623296036018,53.34644560944274,63.32807307556075
150.09210240503847,89.68486583650952,53.890004505450726,63.54295064906772
154.12830600748288,92.32754472697772,55.65776529982951,62.84712858132714
159.13547282578836,93.98640562283374,57.56299972504716,61.1807053125643
163.02838370573164,96.18446213848273,59.3173553104365,60.835553775712135
169.14398586802818,97.70084671319648,60.24432168591664,61.073805038729674
170.45463064783763,98.02260407710146,60.83175567137218,61.23069074684426
173.11478583293237,98.61004481126108,61.16962076962755,61.357974667586
181.5185248589763,100.04987447414643,61.10194793909732,60.75291036401684
183.3895040543325,101.9140239403095,61.113116169631276,60.60841675433779
189.2585277103053,99.77808812956204,60.224652483479126,60.08604360959738
187.57905327735546,101.3785895463453,60.5667143998396,59.4334371249841
188.7995947379085,99.2978989118296,60.13844600052304,59.18239716751401
188.10168795084485,101.03840502745746,60.260264771221735,59.39675894825172
188.32590767047708,99.90637051754214,59.78195157154014,58.948361489734566
186.75696418889316,101.43162053152321,60.317752705926864,58.798448066844465
186.84474191431318,102.20904733185031,60.537411604118276,58.73165780160893
187.5486717208372,102.8024841898692,60.234188064182746,58.63831474047838
188.1804771326353,100.9296104688629,58.99768508099042,58.76138604838151
187.8199074206358,101.91798949002848,58.52487599768048,58.42503556830623
188.29397755724423,100.133356487155,57.66696679289595,58.3388612435478
183.58031891101032,102.49063643920697,57.573863057226546,58.54091968661182
186.15909172310003,100.94732219220074,56.91431471698268,58.764367066427496
186.68264457505154,102.08955484796095,56.414974804495856,58.219387733987276
187.97064135306198,100.53968367461711,55.359213568306785,58.20398034427055
183.580760750676,102.95356928702691,55.73654328504166,58.129613736760504
186.0509396932286,102.26539621265451,55.189595605777555,57.984085696128496
187.39456241076297,104.15439264301527,54.450263459778924,57.32456064317674
188.1749882226341,102.96234785798157,53.8601287893142,57.23885856247204
188.86992755032531,104.43275190937288,53.51137388175742,56.8679798210328
189.88436422039769,105.68858253042295,53.31388806144912,56.39632259390154
186.2267614128262,104.52241600144171,53.41803458311679,56.30849726563355
187.69202893320588,106.02820494614966,53.98067647946067,56.16868856605225
190.0020470339079,104.17733956593935,53.33603953380918,56.35886365478099
190.31997254320476,105.80068460142158,53.27152365210586,55.988318469833345
186.22079185480194,104.16982051068814,53.416104473186394,55.99011914008503
187.3240423343412,106.1101028311237,53.99099489632534,55.99830934387944
189.64819422742903,104.47794448832087,53.064283536449686,56.100743628972396
188.97693397364833,105.59068769295337,52.86018427110002,55.80315777245705
184.62890772039324,104.33227764222629,52.82364324123323,55.867246979822454
186.11132213362185,106.21681466518154,53.22336691263981,56.19486215815512
188.09464591579518,104.58515531374576,52.68420099959927,56.15305848553841
189.02881099189423,105.92375759344162,52.35765572994667,55.977458960021195
189.3068649199697,106.88345852600791,52.266265410960386,55.719006682710564
189.71615211499932,105.20207600154978,51.72240581863642,55.649592519056625
189.39664746322214,106.10475152306378,51.64632675472861,55.39464471337147
190.889229267836,104.61409441456588,51.01266437192607,55.48072625290755
185.60501228556194,106.93084355622057,51.77302147795362,55.58652154488503
188.15465023720728,105.90694282544187,51.75989765138418,55.43211353378617
189.74707149945795,107.30105692598626,51.88246798966053,55.3428463522134
190.49226835212153,107.726688371407,52.118412909287606,54.91362630805162
189.77280493696406,107.87064334478812,52.06089217643115,54.595534049978
190.25074094238414,107.94971877341861,52.10559451594801,54.32930329733986
189.49302636346405,107.80144261514201,52.18674292065254,54.0425210487304
190.82880558150956,105.32302168624764,51.711794220050436,54.20048375994321
190.68973743230055,107.26869478152115,51.30791378815993,54.450472103087606
186.78412555054535,106.14954064471503,51.3921687864115,54.561310121801775
188.1777094077316,108.14976755839554,52.04149327670512,54.930554342078686
190.49308689505034,105.5156190688396,51.248414350346465,55.20466825768349
189.94205631253746,106.6706040846788,51.04729899311729,54.80494114115859
190.33660969251093,107.63711512678817,50.91368817480929,54.894106528329615
191.75415293006245,105.45384800709134,50.21641526782149,55.21073928228017
191.9686804544314,104.23193448219145,49.601553706250954,55.24575667021472
193.30018150216176,106.70924801177574,49.50901431449505,55.20407297423582
189.3613495251866,105.98397669044087,49.53317933274591,55.319842195618044
190.79758709952472,107.62042672543826,49.93055133868698,55.3054624903846
190.6044678117423,108.44499440353256,50.2531966756597,55.09821963888808
191.37410536584738,106.14112530913259,50.140430590162225,55.171402869344526
