1
144.8981,135.5053,81.2914,190.1175
142.9301,133.0787,80.1643,190.8878
139.7464,130.3938,78.6696,191.6174
138.5314,128.8531,77.5842,191.2805
135.2976,130.0610,76.2426,190.4011
134.8042,131.6021,77.4249,189.6066
133.0011,131.5615,76.9769,190.3315
128.2605,134.0127,75.2743,191.0389
125.2861,139.1408,72.2985,191.2122
121.8515,139.3620,71.9162,187.4862
119.1261,137.7315,72.3503,184.8174
115.4286,135.0707,73.7146,183.4582
113.8360,139.2665,72.8725,189.1132
110.5146,134.5827,73.2905,190.8019
107.5272,137.1803,73.0952,196.1050
104.9419,134.9982,73.1943,200.1528
103.4562,136.2949,73.6661,200.7437
102.6901,141.4293,73.0112,198.6251
103.6489,140.4464,72.7958,196.2641
100.2771,143.1019,73.7099,197.0372
101.5634,141.1844,73.5676,198.6341
100.3117,143.9173,72.9290,201.0494
100.2060,148.9742,72.1284,195.4898
103.3499,149.4603,70.5628,195.4050
100.2134,152.0009,69.5775,196.3076
102.4041,149.2241,68.5026,197.7112
102.6906,150.2797,68.0782,198.7322
103.3764,149.6231,67.1495,200.3929
104.3479,151.2913,66.5675,200.5088
101.9861,155.9673,67.2675,198.6413
102.1356,159.2296,67.4767,198.1338
102.1429,159.2195,67.5011,197.4944
104.0919,161.5784,67.4957,194.1423
105.3201,162.7521,66.7514,195.5599
105.9579,163.1775,66.2742,196.0240
106.8751,163.8651,65.9305,196.7073
107.1426,164.9594,65.7282,197.9957
107.3439,165.0832,65.2952,198.0834
109.0646,165.5668,65.0964,198.8798
107.5036,164.7487,64.5048,199.5533
108.2579,165.8046,64.2646,200.0263
109.2974,167.0873,64.1263,200.4425
108.0153,167.5876,64.1311,200.3960
108.6908,167.1257,64.1704,202.1921
108.3118,166.8909,64.3472,203.0632
109.9652,164.5128,64.0831,203.4173
108.1321,155.7809,65.4251,198.4864
108.5273,146.6020,68.8133,191.0309
109.4861,147.0852,73.8614,184.2207
112.2905,149.7704,79.5596,181.0330
117.2766,152.4982,85.8959,180.1209
117.4430,156.2089,99.0833,175.2118
118.1393,156.3393,109.9815,174.3042
113.5151,166.5937,116.6587,173.3664
113.7555,170.3797,120.3823,171.0798
112.9092,171.2108,122.9122,169.5573
111.3977,171.5206,123.1597,167.6417
114.6500,170.6812,124.5779,166.4079
117.2859,166.9297,125.3843,166.8747
115.1129,165.0135,124.2705,166.3456
115.5560,162.0301,123.5059,164.0235
115.5283,159.0143,122.1694,160.1353
113.2198,157.5288,120.1370,158.1073
115.3554,159.6049,119.5905,158.3833
113.8608,160.4845,123.3467,156.6349
109.6825,163.4864,123.6971,154.9737
108.9308,163.3475,120.3679,154.7801
109.9612,157.0681,119.3282,158.5669
110.9733,154.0947,118.2565,161.5559
110.9797,154.0211,117.2806,164.3414
109.5373,159.4324,118.5880,159.5735
109.4757,161.0577,118.1351,157.5503
109.2547,163.7853,117.5738,155.4609
108.1951,164.7689,118.3699,154.2318
103.8400,167.2887,121.0601,152.9062
96.0672,169.6305,125.3185,150.8831
95.1825,171.9182,129.1563,148.9963
94.7309,172.1825,130.6541,149.4966
93.7357,171.3258,128.9594,152.0603
91.0349,172.6479,129.6669,151.8981
91.2116,173.3416,131.1242,151.5924
89.9083,175.6191,131.2801,149.7581
88.9065,180.3569,131.7418,145.8198
88.8153,181.1436,131.6671,144.7251
89.8457,180.6386,131.1523,145.3042
92.2447,179.4102,131.2357,148.2458
88.5414,182.3142,131.6374,146.1363
89.3498,182.8690,132.9106,145.5244
89.2842,184.5226,134.5279,144.6959
88.7567,183.0202,133.6406,147.1994
88.2782,184.9112,134.4327,147.2707
87.0427,188.5707,136.1891,143.8946
86.1816,190.7141,134.6781,143.3116
88.4992,188.4846,134.1497,145.6076
87.7383,191.8749,134.1861,142.7804
90.0384,192.1290,133.2935,143.0641
92.2316,192.7191,131.6585,143.4778
94.6724,191.6626,129.7506,146.1110
100.3394,192.2795,126.4087,146.6918
108.6500,188.1923,121.7342,150.8041
115.1046,187.2542,115.7170,153.3799
121.2121,184.9833,110.6867,155.4296
120.7131,182.6224,109.4983,157.9416
122.7955,183.5697,108.0761,157.9360
125.5811,182.8904,106.8118,158.3065
125.8842,181.6255,107.2196,157.6089
122.1749,192.5064,110.6725,149.2662
120.2913,192.9171,109.2608,147.9931
121.4832,193.1927,108.5407,147.0756
123.1239,192.4575,107.5353,147.6283
122.5423,195.0016,107.6836,144.7148
124.3088,193.9407,106.0564,146.3518
125.8673,192.7019,105.4758,147.1547
125.1128,192.0785,105.5731,147.1319
126.6323,193.0110,104.0859,147.6405
128.4846,191.4405,104.0175,148.6552
129.7976,191.2448,103.4318,147.4491
129.3008,190.9668,102.8800,147.4626
129.3045,193.7731,101.1682,145.0258
126.8825,195.2603,103.8576,142.4115
127.2244,193.5220,103.1713,144.6492
129.2707,191.8000,102.6798,145.6860
129.4443,190.2291,102.1006,146.7740
130.2914,190.5735,101.2863,148.3758
130.1665,190.0906,101.1607,148.5256
131.4058,189.8224,100.0613,149.2272
131.5213,189.5465,98.9398,148.2431
132.7152,188.5470,97.9306,149.6698
132.6731,186.8928,97.4396,149.7536
133.9426,187.1104,96.7491,149.7147
133.5250,187.4668,95.6306,149.3098
133.5473,186.5081,94.2418,148.5175
133.3670,186.2877,93.5019,148.3568
131.6494,184.4554,92.6623,148.4219
131.1305,180.8672,92.8271,149.7985
131.1122,175.9743,92.7883,151.4904
129.7863,172.1609,92.0291,154.5568
129.3864,168.6822,91.8184,156.7884
130.1659,165.0931,91.0847,157.5576
129.6332,162.9554,91.5799,156.7481
129.2572,161.9052,92.8198,152.7601
123.9114,162.8500,94.3581,150.6903
120.6519,166.3029,96.1391,148.7263
116.6392,168.9467,100.5910,142.9587
114.3909,172.4594,104.1976,140.3728
112.7996,174.1590,106.1345,137.9692
111.7903,175.5659,106.0562,138.2793
111.5255,176.0894,105.8098,140.0277
110.0110,173.9498,105.0217,142.3361
107.7925,171.2409,104.3372,145.3573
106.2300,170.7467,104.0074,146.6022
104.4521,169.7879,104.4637,147.1985
103.8542,168.4467,104.1229,148.3531
103.8906,166.1204,103.3166,149.1938
103.8740,165.1355,101.8583,149.6605
103.1726,165.2147,101.1717,150.7987
104.3273,163.1487,99.4491,151.8118
104.0723,161.6530,98.5231,151.6458
105.3949,161.8711,96.8794,151.2953
105.2096,162.0534,96.3789,151.2943
105.8262,161.6424,94.5548,151.3077
105.4769,160.0548,92.1615,150.4760
109.0605,160.3375,89.6708,149.3772
109.7307,160.0429,88.6289,148.9715
110.4289,159.2094,87.2930,149.8266
111.5823,161.2749,85.8304,149.7606
109.9031,165.8054,84.1657,144.8951
115.0126,158.9210,83.6141,146.6295
109.9105,152.6042,84.8076,153.0279
105.0736,145.5756,87.1497,157.5397
101.4670,141.7266,87.5268,157.9061
97.7662,143.1540,85.2479,158.6649
92.7658,146.2797,85.4795,160.1238
88.4686,151.0042,87.3876,158.4487
87.2859,152.6091,88.9938,159.0947
83.7351,154.2518,89.9895,161.0239
78.8328,158.2613,91.1094,157.8513
72.6036,162.8816,92.7335,155.2100
64.6463,161.5412,93.3405,152.4636
59.4854,150.1783,89.4360,162.4248
48.3361,146.5912,91.6432,162.0576
45.1231,142.9982,90.4963,158.0007
41.6637,142.6606,88.6624,156.3189
36.6101,145.3312,90.1763,151.6869
33.0162,145.5495,92.9316,147.2349
29.1433,146.8532,92.3282,142.8097
43.8528,130.4617,87.5254,142.0525
48.2403,130.6556,84.5977,138.9189
32.8014,135.8358,76.9722,140.5064
29.2872,142.6921,70.6483,141.3688
24.5353,145.7317,68.0931,136.5833
24.1368,145.5920,64.4029,135.1117
30.9894,143.9136,57.7121,135.0528
42.3364,142.6781,53.6617,138.0756
40.7656,142.1964,50.7677,138.3219
50.0951,138.0421,47.7094,141.8259
64.1839,136.5225,51.9772,140.5565
74.0014,140.1279,57.5214,141.5809
72.2432,145.8356,64.0495,137.4454
73.1817,146.6444,65.9588,136.9050
74.0283,146.4442,68.7032,136.5950
73.8327,148.4536,70.3081,135.9943
76.6945,145.9049,73.5220,134.4866
76.8937,143.0842,74.8970,135.3621
80.1400,142.2263,78.4482,134.4834
84.0143,140.5064,80.6524,135.5112
84.4201,142.5392,84.6460,134.1528
90.0874,144.2626,87.9875,130.9938
80.6425,148.1914,99.2380,122.3415
70.3660,160.2976,109.3186,113.1650
64.8240,170.8130,119.5624,104.7915
66.2748,168.3327,123.3803,100.2373
62.7998,165.1645,122.4073,99.9786
61.8186,163.9292,118.8733,99.3793
62.0896,170.7501,115.6299,95.7662
63.2736,172.6816,113.9570,92.6971
67.6942,171.7233,112.4179,93.5628
69.4287,172.4773,114.7718,91.1287
69.8142,172.5088,113.3425,91.0783
72.2461,172.1956,113.3199,90.4550
80.1240,170.5854,108.7833,92.9933
87.4085,165.6654,103.6264,96.1698
91.4623,164.8872,100.1426,97.8200
94.7056,160.5885,97.9170,99.0031
99.4047,158.8515,96.2957,99.8450
103.9464,156.4695,96.8297,101.5551
109.1931,156.0251,97.3698,101.5979
93.9027,158.9882,95.3892,100.7241
79.2689,161.9065,89.4203,100.7568
82.6491,159.2556,84.4790,100.8712
86.5728,157.6393,81.3343,101.1900
88.5950,154.6281,79.2580,100.8182
2
0
0
0
0
1
194.5407,160.1171,51.3559,77.7067
201.5968,160.2184,43.9752,85.7821
206.5526,156.6678,40.7881,92.1986
218.7003,157.8339,40.5109,91.0035
225.2272,165.0440,41.6308,93.2358
231.1127,171.2395,42.2162,96.9917
226.6260,178.4668,44.1049,98.0851
224.4770,187.3175,47.6082,96.1296
223.2285,187.9667,48.8831,95.0327
224.7605,193.7637,48.1401,95.1813
227.8227,200.7255,49.7927,93.5883
226.5279,202.4317,49.2374,96.0101
224.6797,205.0260,48.9784,97.7255
226.2966,209.7116,48.3937,97.5479
229.6124,213.3859,47.2678,94.5260
231.2577,217.7890,46.5192,89.7038
233.9261,222.6989,44.0108,86.2391
235.2209,224.4455,42.8779,83.9377
231.6713,222.3468,40.7236,82.7565
228.7370,222.8947,41.0406,78.6337
226.7328,222.3478,42.8736,72.3156
226.4492,216.6734,44.3352,69.1087
230.3387,217.7914,43.2106,67.4786
234.5977,218.6609,41.6546,65.2597
236.0314,210.3094,41.5177,63.9165
236.8476,203.5523,40.1164,63.6799
238.1228,200.9977,39.2062,64.7922
242.4248,194.1407,38.6696,66.0249
245.7789,191.5679,39.0638,66.5173
244.4054,190.5835,38.6846,65.4964
241.2083,186.5561,37.5083,67.0144
240.1106,181.5804,35.0486,69.8881
231.2658,180.8433,32.9295,73.1800
229.1890,185.4669,32.4407,73.9318
226.7852,189.7818,34.1005,73.8190
228.2309,195.3609,35.3271,73.2186
230.6198,198.0020,35.4717,74.4206
234.5070,199.9313,35.0531,73.2651
243.5887,206.8522,34.6284,72.3256
255.1701,218.6400,36.1025,70.9241
270.8221,229.3436,36.2742,69.1506
286.4135,240.3262,36.4275,67.3641
303.8139,247.6794,37.1217,65.0118
327.1546,249.3477,38.0137,62.4086
354.8439,246.5729,40.6209,59.8624
380.0819,248.9939,43.6189,56.9169
411.2340,248.4280,44.2359,58.4318
444.1311,254.1107,41.3788,63.3184
482.3976,269.8806,37.7412,67.0947
512.4254,280.1048,35.8505,65.7900
547.0321,288.1957,34.7717,65.2041
576.3084,289.5466,33.0723,65.4792
604.1646,299.8606,32.7991,64.1140
