1
277.1552,68.4070,20.2511,63.3565
277.4755,67.4039,19.6853,62.6998
277.1559,69.1615,19.5132,61.9117
277.6069,69.0471,19.5232,61.4712
276.7053,69.9593,19.8320,60.9165
275.9458,69.8170,20.1963,61.6000
276.8537,68.0679,19.8842,62.0923
275.5020,67.0204,20.6243,63.3201
275.7791,66.5559,21.1834,63.8045
276.9908,68.2188,21.0986,63.6666
276.2186,68.2020,21.4484,63.8111
277.3685,67.6762,21.1113,64.1644
277.9896,67.9305,20.6074,63.9339
279.2247,67.9825,19.8651,62.9039
277.7608,67.4113,19.7460,62.0191
277.3675,68.9710,20.1052,61.9958
276.2813,68.3697,20.1404,61.5134
276.7556,69.3927,20.3852,62.4296
275.7307,67.1926,20.3799,62.9931
277.5031,67.5757,20.2883,63.0654
276.7206,67.0606,20.9048,62.7775
278.3672,68.7112,20.5223,62.9233
279.2438,67.2792,20.1802,62.8449
278.6841,66.8292,20.5136,64.2698
278.5423,66.0063,19.9143,63.6912
279.4721,65.9195,19.3614,62.6512
279.0710,66.5768,19.7379,62.1143
279.4198,66.3167,19.6840,61.6012
277.9094,66.2849,20.3999,62.0848
276.2473,66.5445,21.2477,63.8344
276.2643,65.0979,21.0345,64.1486
275.7957,63.8550,21.4335,64.4725
275.4531,65.2309,20.9571,63.8540
278.0337,65.4676,20.2111,62.8762
278.8760,65.9227,20.1628,63.7313
278.6411,65.4970,19.9210,64.5604
279.3946,64.4904,19.5027,64.1565
279.9559,64.1127,19.0279,62.7874
279.3632,64.7145,19.2754,61.9619
279.1251,65.0132,19.5795,61.5626
278.0646,65.6153,20.2370,62.6190
276.8907,66.2304,21.0111,63.8739
276.6277,64.9758,21.3748,64.8165
276.2250,63.9227,21.2550,64.4802
275.3911,65.0701,21.3626,63.8567
276.4679,66.2015,21.0586,63.6228
277.7039,66.9901,20.6460,64.5523
278.0727,66.5871,20.5190,65.3327
277.7301,64.4432,20.1139,65.2839
277.9142,64.4932,19.9583,63.5313
277.4364,63.7979,19.5091,63.7027
277.9237,63.3868,18.8771,63.6842
276.9320,64.8598,19.7485,63.9934
276.2165,66.3469,20.8383,65.3063
275.0150,63.3484,21.1866,64.7764
275.2413,61.6128,21.1470,66.2533
275.2986,63.6248,21.3619,64.5490
276.2386,63.8459,21.2855,63.3207
276.0222,64.2211,21.4741,64.0310
276.3393,65.3214,21.1925,66.0461
276.4706,65.5048,20.5672,66.3576
277.0392,64.0709,19.9866,64.1355
276.2364,65.3612,20.1987,63.4385
276.2673,65.1190,20.5193,62.7952
274.9654,67.4477,21.7441,64.0168
273.6030,67.2274,22.5333,65.6438
273.2589,63.2843,22.2020,67.1473
272.4828,63.5188,21.9343,65.8951
274.3277,65.4151,21.8746,63.8759
274.6929,66.1539,21.9497,63.4540
275.0088,67.4240,21.6789,66.0948
274.1710,66.4513,21.9957,67.4353
273.7751,64.4593,22.0051,68.1938
273.6874,62.3870,21.7037,66.0611
273.2544,64.7643,21.6620,65.0971
273.0345,66.9427,22.2776,67.0777
271.3587,66.9406,23.5194,68.4227
270.7771,66.4769,24.3190,69.7340
270.4032,63.7633,24.2109,69.0526
269.7350,60.6205,23.1045,67.9463
271.3151,61.1008,22.0990,67.1082
271.3034,62.8090,22.8192,66.0616
270.6045,64.0326,23.0775,66.7668
270.7970,62.9935,22.6755,66.6272
270.1800,61.9284,22.6214,66.3321
270.7176,62.8549,22.6740,65.9527
269.9781,63.1988,22.7540,65.2599
269.4313,65.0951,24.1140,66.5164
269.0911,66.8567,24.4718,68.9668
268.1678,65.9024,24.9439,70.1138
267.6154,64.7708,25.4459,70.2977
267.9570,64.7771,25.3179,68.3589
267.9510,65.6668,25.5755,67.1028
269.2835,70.1215,25.4024,66.8709
268.2214,73.8643,25.7121,69.1631
269.4412,76.0908,25.1608,72.1546
269.0097,75.6005,24.8637,74.0439
270.0180,77.2871,25.0401,76.0788
270.2187,77.2904,25.0789,77.4551
269.0427,76.8737,26.0348,77.8411
267.6307,77.5769,26.9268,77.8195
265.9166,76.4529,27.0376,76.3208
265.4339,72.4642,26.3492,73.7358
266.3251,74.1389,26.1288,74.2203
265.8568,74.0656,25.5403,74.9886
264.8042,75.3602,26.4254,75.6796
264.4127,73.6323,26.4901,76.4081
264.0631,72.5820,26.5560,76.5616
263.6997,70.9013,26.0446,76.6559
263.9218,70.7866,27.0655,77.6167
262.1479,71.2250,28.0565,78.7130
260.7823,71.0559,28.3866,79.8443
262.5172,69.7403,27.6049,79.9879
263.7885,69.7942,27.1458,79.5227
263.9070,70.0878,27.2785,79.2583
264.0047,69.3666,26.3947,79.1269
265.5175,69.6044,26.0644,79.5668
266.0404,69.0762,25.7555,81.3271
267.6801,69.3875,26.3942,81.0369
268.2068,66.1238,25.2802,80.6963
270.8191,66.5056,24.6201,81.1352
272.6464,67.6200,24.4514,82.4314
273.2155,68.8977,25.3626,84.5695
274.9636,67.7411,25.0973,85.5840
276.5559,66.3156,24.6609,86.1266
278.1883,66.0130,23.9277,86.4033
277.3692,65.5363,23.9936,84.6253
278.0255,68.1613,24.0752,83.4629
277.1675,68.7467,25.1619,82.5557
278.1477,68.2699,25.0697,83.2240
278.0458,67.0698,25.1539,84.0000
278.4253,67.1761,25.2558,84.0677
279.8448,68.4083,25.1707,85.3409
279.8717,69.1494,25.6020,86.3863
279.5047,69.0168,25.7718,87.1014
278.6637,67.4087,25.9783,87.5877
278.5020,65.2135,25.9589,88.0026
278.4442,64.3501,25.3771,87.9158
279.7977,66.1466,25.6259,88.4450
281.0806,66.1516,25.6429,88.7178
279.4720,65.3338,26.5969,88.6351
279.6533,65.4001,26.6875,88.9835
280.7726,64.8328,27.2115,88.6341
280.7525,64.6407,27.2016,88.1688
281.9457,65.4259,26.6048,88.3421
282.7245,67.4233,27.3361,88.5181
282.3898,66.9937,27.0015,89.2028
282.9615,66.6842,26.1381,89.0656
283.4672,66.9255,26.4975,88.9100
285.2122,67.2482,26.4952,88.4415
286.1038,68.3538,27.2517,86.9872
285.8500,68.4756,27.9899,86.6812
285.6923,68.6921,28.1642,85.2403
285.9180,68.5858,28.5107,84.6196
286.2751,66.5136,28.0646,85.0395
287.2739,65.0893,27.2934,84.6909
287.5920,66.2114,27.1610,84.7606
288.7500,65.1780,27.5140,85.3460
288.7711,63.9246,28.3242,84.2553
288.9696,62.5545,28.7712,84.4779
288.6510,61.7038,29.6068,85.4386
288.0287,61.2351,30.9423,86.9525
287.7232,61.5213,31.0740,87.4159
290.3822,60.0373,29.7689,88.7395
289.1518,58.2540,29.3457,88.5786
288.7541,55.7214,28.9515,87.9233
291.2071,55.9411,28.2474,85.7244
289.9256,55.4580,28.5375,82.3642
290.5128,58.4423,28.4328,81.5166
289.7472,60.6164,29.5421,84.2097
290.6488,61.4072,29.8157,86.7375
290.7512,57.4672,29.4475,86.8073
290.5395,58.0474,29.8911,86.2832
290.0415,60.0629,30.4985,87.6087
290.7538,62.7297,30.7328,89.0284
290.4285,60.9310,30.8717,90.7794
289.7515,59.9733,30.4673,90.9429
288.8440,57.4217,30.8117,89.3982
291.7146,57.1216,30.0544,86.5566
292.3416,58.4469,29.3417,84.0796
292.6988,61.9099,29.6999,85.9598
292.4126,62.0209,29.9495,88.1709
293.6006,60.1814,29.6007,89.5031
295.1734,57.9449,28.7597,88.5413
294.4979,56.4811,28.3579,86.0239
295.4460,58.2085,28.0420,85.8982
295.9106,61.7654,28.1058,88.2000
295.0236,62.8964,28.8802,90.1026
294.9844,60.7526,28.7605,90.7491
293.9235,57.5049,28.4670,90.0935
293.1250,56.1796,28.1837,86.3748
294.7097,57.9980,27.7458,83.8578
294.9094,60.5957,27.7903,83.7612
295.2365,63.8847,28.6054,86.3792
296.3826,60.7361,26.3323,91.1175
296.4722,57.6173,25.3866,92.7686
297.2919,57.2502,25.2976,94.5155
298.1822,57.5562,24.9157,95.3127
298.1734,59.3116,24.6990,97.0829
297.6063,58.2879,24.9319,98.2520
297.3652,57.9790,24.9425,100.4978
296.5945,54.3989,25.1318,98.7260
295.5922,53.9586,25.4225,96.2590
297.4410,53.6582,24.0897,92.3364
296.6349,58.2422,24.7595,90.8793
297.7216,60.1255,24.5487,94.6859
298.4065,60.5237,24.4708,97.6190
297.8823,56.3217,24.2912,96.1668
298.3204,57.5277,24.4440,97.0435
297.2768,56.9662,24.9316,98.8656
297.6972,59.1978,25.0656,101.2145
298.0348,60.0724,25.3916,102.5255
298.5892,58.5723,25.2533,104.5715
297.4753,56.7163,25.4793,103.5548
298.3272,55.3461,25.7779,101.0273
297.7620,54.7182,25.8942,97.5415
298.0935,58.5018,25.6224,96.7665
298.2460,60.5009,25.8239,99.1503
298.7477,57.3776,25.0751,100.3013
298.7466,56.6096,24.5153,100.3133
298.6694,54.9595,24.8185,99.1165
299.4698,55.9662,25.0276,97.7488
299.1209,57.6594,24.8515,98.2761
299.7460,59.3220,25.2688,101.4948
300.7556,57.1965,25.2760,104.7491
300.8161,53.1167,24.4149,103.1839
299.1549,52.2978,24.2329,97.7820
301.1779,53.3083,23.5603,92.6946
301.5917,56.6569,23.0742,90.2559
301.1107,60.2147,23.7983,93.4547
301.1304,61.8639,23.8659,97.7075
302.3736,57.3812,23.2863,99.6181
302.0490,56.7040,23.0443,100.1287
302.0043,58.5689,23.3154,103.8283
303.0015,59.1504,22.5221,104.7270
302.2944,59.1571,23.0987,106.4768
303.3339,59.0083,23.2536,107.7554
302.5193,55.5242,23.2305,104.8877
301.3095,54.4089,23.3264,97.4508
302.9985,54.7172,22.6241,92.9915
303.1217,57.3364,22.4732,89.6621
302.2906,60.3321,23.1306,90.1416
302.1668,62.5607,23.0855,92.4182
302.9096,58.8677,23.0983,95.5467
303.9428,58.3449,23.3154,97.0924
304.0348,58.8959,23.1256,100.2505
304.1984,59.1786,23.0561,99.8165
303.7859,60.4469,23.4855,101.4676
302.8964,58.8475,24.1784,100.5543
302.5670,57.6326,24.4243,100.4823
302.6844,55.6157,24.3171,97.3637
302.8468,59.6253,24.1584,93.6045
302.9014,59.0950,24.2959,91.9386
302.9815,62.9101,24.4356,93.5529
303.4174,58.6453,24.1194,95.6236
302.9099,59.5344,24.0612,96.2920
302.2117,55.2961,23.9081,95.6076
302.2121,56.9677,23.4072,93.8518
300.4819,60.1000,23.7776,96.3557
298.9533,58.1203,24.9582,97.3885
299.7355,61.3507,24.8049,101.0226
300.3756,59.7743,24.9899,101.8044
301.6203,57.9810,24.1406,98.0921
301.6437,60.5481,24.1000,94.4175
300.8815,59.7218,25.1934,92.8117
307.1916,62.3653,26.3484,92.8591
306.5379,62.3869,26.3977,96.0971
307.6827,54.4850,25.8684,95.2240
307.5218,54.5562,25.8370,94.7375
307.4276,55.5568,25.5821,95.7711
306.5732,59.0426,25.2047,98.1817
306.8700,59.1643,25.1299,100.6204
308.1975,54.1142,24.3820,98.9057
307.1230,60.1115,24.8274,97.5759
307.0042,56.7208,25.0117,97.5948
306.0579,55.4119,26.5120,95.8780
305.0644,59.0068,27.2561,93.6881
304.7324,60.2050,29.5153,87.7289
305.3939,60.4547,27.2570,91.3287
305.3578,60.3555,26.2007,92.8552
304.1193,58.8320,25.8971,94.1603
304.2436,56.1863,24.9155,91.3951
302.9969,60.9186,24.4357,91.4156
301.0800,58.8044,24.5269,92.1876
307.8471,53.8398,24.6596,91.9808
306.9254,56.1816,24.3832,94.4449
305.3610,60.2353,24.7393,97.6868
303.3438,62.1205,25.5106,97.4669
302.8125,58.7593,25.0195,97.1949
299.1689,57.0940,28.2778,91.5058
297.0473,58.5350,27.7528,91.9000
296.0994,56.3568,28.0072,87.7586
296.2857,59.4988,27.5062,87.5488
295.9364,61.7091,27.6665,87.4736
302.8791,59.1479,26.1099,87.3715
295.1703,62.4282,26.7781,88.5058
294.3462,59.1820,27.5394,88.6212
294.1863,63.2011,27.4295,92.5164
296.0096,65.1647,26.1832,96.9238
297.9373,65.1888,26.2312,99.1213
298.2988,63.2758,27.0407,98.6943
296.2032,62.3148,28.2331,101.4638
295.6226,64.3640,29.0957,106.5286
294.6173,65.3508,30.1220,112.1757
292.2283,59.7061,31.0617,113.3852
291.8155,61.7975,31.5034,118.8860
291.1544,64.6800,31.3564,124.8825
290.0010,61.6022,31.2748,129.6908
280.2703,60.3302,33.3453,130.3536
280.7335,57.8964,35.0987,129.6501
282.9262,54.3268,34.6720,124.9592
284.6724,56.0490,33.9180,122.6989
284.3157,62.8849,34.5781,125.4312
281.9093,65.3805,36.1139,128.0862
281.8114,62.6569,36.6080,129.0494
279.6339,61.5839,37.4074,128.7576
277.8557,60.2093,37.9101,126.3399
275.9252,63.3718,38.3913,126.0814
274.1625,69.5182,39.6183,131.7507
273.0644,68.7098,40.4967,134.0217
273.2911,65.4328,40.0595,137.7509
274.4169,60.1768,39.0355,137.5526
272.9722,60.7711,39.3992,137.5569
271.4445,60.2923,40.2352,138.8077
272.5539,63.5466,39.8128,141.1045
273.7607,64.2968,39.7022,140.9542
272.8670,61.7238,40.6090,140.8877
270.1387,57.4339,42.1321,139.9454
271.8117,53.2830,39.5012,139.4025
272.1909,53.3837,38.8557,137.6250
275.1161,53.6139,38.1619,131.6517
278.4386,54.5139,36.7517,126.2983
281.2305,61.7978,35.2681,127.1477
271.8230,65.3551,35.3826,130.3131
270.7476,61.1985,36.8129,133.8342
269.5348,62.7045,37.0041,137.6964
267.2192,64.8255,37.4755,140.4882
265.3121,65.8405,39.4632,139.3924
264.2590,63.8778,41.1052,138.3245
264.8351,61.3236,40.9588,139.8281
265.3253,58.4411,40.4983,140.8145
265.5182,58.1559,40.5996,140.1338
268.5845,54.1379,38.9373,138.6909
272.7834,55.8509,37.7869,137.2533
272.5012,56.7044,39.1517,135.2676
260.1384,60.1443,40.4169,137.6972
259.5085,58.5277,41.4403,139.7938
262.0622,56.4676,39.8516,144.1419
261.8647,57.6719,39.2948,147.6067
260.4954,59.4063,40.8563,148.5443
260.3890,65.3851,41.4644,147.1492
260.0400,64.2280,42.0298,147.4593
260.0918,56.8695,41.5898,149.0378
258.5721,56.2752,42.1581,149.2024
258.2511,55.9062,42.0291,150.6679
259.9070,59.1853,42.1186,155.7780
261.0580,59.9003,42.6651,156.7758
262.4996,56.4720,42.6240,158.3280
262.1185,53.8086,42.7247,157.7553
263.5120,52.2839,42.9781,157.2757
266.9294,53.8139,40.9274,159.1519
266.0827,56.3014,41.6456,160.2016
266.0229,58.2112,42.8243,157.5023
267.1858,60.3800,42.9016,157.2883
265.7326,58.5220,43.4915,157.0192
266.1823,55.0753,42.8921,157.7580
265.0652,55.5055,43.2586,157.7188
265.3162,56.6417,43.7586,158.5586
265.7266,58.6874,43.7392,158.8123
268.1648,58.4024,42.9125,159.5888
270.3685,59.0437,43.0325,160.2065
272.1824,55.0164,42.1116,160.8742
273.4372,54.5360,41.8054,159.5249
273.6444,56.3488,41.9765,160.7303
275.3590,56.1838,42.8981,159.7481
277.8137,57.7211,42.7538,159.8599
277.3649,58.5740,43.6244,163.0012
277.2572,55.0344,43.9420,164.1906
277.2799,55.9934,44.1638,163.4500
277.8404,52.3651,44.1057,163.3619
281.9214,51.8981,42.1609,162.5661
279.3951,54.4931,43.8856,161.8038
281.5925,55.9864,42.4203,166.3175
283.3126,55.2025,42.0799,167.9552
285.8035,50.7961,42.1240,168.4637
287.6924,51.1584,41.2901,167.9226
286.4406,52.0163,43.1103,166.3835
285.8741,53.8551,45.4704,163.7266
287.2237,56.5551,45.2387,167.0988
287.0294,58.2736,46.0007,167.3232
286.0890,52.8267,46.4145,165.4548
286.8512,49.6566,45.0828,165.7033
288.8035,48.0519,43.6889,166.6202
289.5020,47.9774,42.4985,167.3266
288.8681,50.5237,42.2670,169.6587
289.8568,51.4921,42.8974,172.7117
290.9432,50.3821,43.9773,172.4945
293.0477,47.4183,43.9107,172.6812
295.8518,44.0118,42.5066,171.8290
296.3401,48.1234,43.4727,170.5849
297.9950,48.4757,45.1891,170.1994
298.3040,52.2611,46.2439,172.9326
298.2284,52.3196,47.0796,174.5082
297.4554,48.0109,48.1931,172.1701
296.0663,46.4719,48.5663,172.1518
297.5773,47.8416,48.1379,171.9113
300.1332,50.7518,46.5344,175.7343
299.2097,48.9984,47.6739,180.7306
287.2808,49.8680,47.0943,182.8261
289.2665,46.4531,46.2993,183.8530
293.3250,41.2246,45.6302,182.0859
295.6391,41.8540,45.3620,180.6682
295.4402,46.3001,46.6300,177.5061
293.4854,47.9245,49.3899,176.4139
291.6100,48.7011,50.4336,178.0138
290.5222,45.3340,51.0094,182.4963
289.0464,43.0277,50.4681,184.2617
288.6353,41.7862,50.7020,185.1965
289.9604,43.9043,50.6040,186.3159
291.6522,42.5176,50.1185,188.6333
290.6070,43.5395,51.2028,194.9531
290.8948,44.6913,51.1113,195.7086
291.4641,42.3613,51.0439,198.1009
295.6888,35.1385,49.1605,194.8886
297.4379,36.3888,48.3058,192.3135
297.0858,41.7917,50.2684,189.9189
296.2329,42.5042,51.3970,190.7350
293.8891,42.6064,53.0433,191.4057
292.8480,38.1844,53.7623,194.5748
290.9749,35.4291,53.0288,195.5703
290.8054,35.0104,51.7458,197.3213
291.9104,37.4021,52.1214,198.1640
291.4921,41.0624,52.0940,197.6188
289.9233,37.7060,52.5194,200.5470
290.7788,40.7985,52.4388,200.4346
293.2850,39.3065,51.1812,200.4340
294.4344,32.6437,51.0928,198.2017
296.7806,38.7085,51.5204,196.6116
298.3995,40.3963,52.1622,195.0546
297.9456,42.7435,53.4168,195.1030
296.1041,36.7243,56.3541,196.9618
296.8893,34.2773,56.9794,198.8094
295.0436,31.9520,55.1433,201.2239
296.4943,32.7141,55.4304,202.1665
295.1241,35.6011,57.2408,201.8526
295.5811,38.2105,56.7827,202.0108
296.5864,38.3721,55.4313,203.8733
297.8696,36.8504,53.9677,203.5502
299.7999,39.1409,53.5408,202.7513
302.9875,30.3525,51.9512,202.2283
305.6039,35.3891,50.7586,200.6027
306.6545,40.2478,51.4366,196.8531
307.3369,31.1716,52.0632,193.7400
321.4199,26.1826,52.4755,192.6128
319.0074,16.1850,55.3065,180.3953
317.0297,20.7948,55.2798,179.4100
314.1043,21.3734,55.4840,176.8728
312.4265,26.6717,54.6377,176.5568
309.1714,31.8596,53.9994,175.6744
308.3717,35.4570,52.2880,179.6188
318.9435,37.4400,52.2482,182.6870
316.6267,40.0124,52.3547,184.8558
334.4515,21.0596,50.8212,181.2631
338.7975,18.5383,48.5935,177.1624
340.2156,23.3449,48.6981,166.3286
339.7420,24.1305,49.5023,156.1241
337.8237,18.4758,54.1688,142.7894
336.1465,20.1827,55.7728,131.5823
337.1227,21.2803,56.1737,124.8192
338.4941,31.2040,54.7573,121.8221
317.2237,18.2182,54.0305,115.0197
318.0906,26.7407,52.9745,107.7795
318.0899,23.4322,51.6318,102.6317
316.7845,21.1264,50.5686,97.1171
316.4123,20.5009,48.8211,91.3734
323.6014,22.6151,46.7836,89.9806
322.2054,26.8717,44.7282,88.3800
320.2145,32.9060,42.9380,86.1975
318.8459,31.0239,41.1732,83.0944
316.5206,28.7287,39.6562,82.0141
314.0324,25.7177,38.2853,81.0725
311.5413,27.2057,37.5020,79.7525
310.2259,30.1957,36.0813,81.3849
308.8119,37.2832,36.0628,81.8107
309.4352,38.9052,36.6515,80.8373
313.3384,33.4303,37.1789,79.4495
314.8749,27.2738,36.9266,80.4893
320.1322,23.1542,36.0941,82.5583
319.9164,22.1477,35.5052,83.7755
320.2084,26.0134,36.3060,84.2573
320.9483,31.2150,36.4146,84.3002
320.1864,32.1478,36.2203,86.5778
318.7231,27.6760,37.0247,87.1679
316.0614,23.0778,37.8102,88.0979
314.0033,19.7632,38.1657,88.1357
312.1355,19.7143,38.2509,89.1575
310.5409,25.9499,37.9839,89.2327
308.2918,34.1006,38.1480,90.3479
303.4770,35.7230,39.2485,89.5006
301.1509,28.2360,40.1297,87.4230
300.6291,23.0518,40.3527,87.5046
301.5575,19.3442,40.6338,88.3655
300.4847,20.0473,40.7178,88.6845
299.6140,25.6606,41.3282,89.2020
298.4957,32.6064,41.3049,89.5101
295.8789,30.2556,41.8582,90.2422
288.5331,25.8971,42.5627,91.4623
287.2495,21.5436,42.5518,92.9646
286.5571,20.3249,42.1872,94.9452
286.5677,25.4049,43.0464,95.6322
286.8596,30.5563,43.6283,96.6393
286.6429,29.1366,43.9996,97.2075
285.3989,26.4336,44.0472,97.1539
284.2638,19.6732,43.9028,97.0774
284.9040,17.2116,43.7518,97.2639
287.8814,20.5892,43.3082,98.4973
285.8787,25.6789,43.5583,99.5784
276.1998,34.6435,44.1133,99.4719
260.7947,45.7543,44.6030,98.4876
245.9929,47.4203,45.2970,97.6170
229.2146,47.5495,46.2082,97.5959
213.8511,49.3292,45.2926,98.9680
207.5574,48.2995,45.0229,98.8386
208.4231,60.0256,44.7861,99.8056
209.7678,60.8077,44.9296,99.5173
218.0204,57.6961,44.4993,97.7581
227.8876,54.0138,44.2659,95.6404
239.7760,58.1938,42.9503,93.4412
252.4084,60.6435,42.1239,92.2844
270.7378,65.5962,41.9819,90.7365
280.0556,72.7592,40.8919,88.7012
280.9483,76.6348,38.4609,88.3360
280.9958,74.9599,36.4728,88.3362
273.1967,76.0255,35.5871,87.2928
266.9474,75.7731,33.3870,87.4694
264.9542,77.1442,32.0148,86.4630
263.0410,81.1162,32.0019,83.6252
257.1983,87.7852,32.5215,80.4052
257.5996,89.8788,32.2196,77.1987
258.0163,88.5303,31.3708,75.8451
261.1131,87.5641,30.1267,73.8766
263.9778,88.2111,30.3453,70.9263
272.3273,91.8077,29.5779,68.4385
279.6939,95.6942,28.6269,66.6627
286.5638,96.9845,29.0914,64.6518
289.2533,97.8654,28.4382,62.9094
295.5099,95.7758,28.1268,62.0156
297.3264,97.1180,27.5732,60.5476
304.1620,96.9921,27.1332,59.7966
310.1812,97.5950,26.1201,57.9437
310.5057,104.0316,25.0428,55.4151
313.2218,104.6767,23.7051,53.8642
314.2562,105.0769,23.0741,52.2720
314.4805,106.4869,22.4369,54.4484
321.2773,100.5067,21.5496,52.6389
321.3528,102.9046,21.3066,50.7287
322.2657,111.4626,20.7730,50.4708
323.2688,110.7409,18.4407,52.6775
322.6234,113.1159,18.6313,50.0147
319.3033,114.2369,18.7507,47.5221
318.2482,119.9833,18.8128,46.3430
317.1348,118.2212,19.3509,46.3343
313.8285,123.6390,25.7036,39.2124
306.9573,125.6606,28.3437,34.8775
301.7574,129.0529,28.9768,34.5515
298.3438,128.8984,29.4412,35.2944
300.6391,131.6382,28.9867,35.7053
299.1909,132.0036,28.3931,36.2214
295.5077,133.9666,28.5257,36.5115
292.0212,133.4804,28.6540,36.3584
287.9880,133.7625,29.3869,36.6275
283.8839,134.4249,30.5361,35.5520
283.0668,135.6704,31.3950,34.1819
281.8207,134.7610,26.6444,37.7711
283.8185,135.1378,24.5090,39.4556
285.1636,136.1146,22.6756,40.8668
287.3499,135.6791,20.8014,43.2317
291.4045,137.7318,19.7433,44.1932
291.9530,142.2206,19.0895,43.6861
293.1693,141.9418,18.7987,43.0598
294.2332,143.3264,18.3824,42.9379
295.7149,146.0781,17.9104,43.9806
297.1987,149.3853,17.9460,45.1107
298.4209,152.8924,18.1796,45.8515
299.3757,155.8824,18.1381,46.7149
300.4344,157.5260,17.9194,47.7605
301.5349,158.2898,18.2929,48.5322
305.9771,159.0615,18.8582,49.6710
307.0205,160.7128,19.2548,50.7431
308.4095,162.1099,19.1017,52.2146
309.3279,164.8822,19.1822,54.4872
311.0916,165.7821,18.9616,56.6699
311.4921,167.9009,19.1493,59.8399
311.0988,168.1303,19.8719,63.3904
310.3260,166.6125,20.6735,65.1426
309.3446,166.7624,20.7445,64.2655
308.1513,169.3347,20.6645,64.9073
306.2093,172.5042,20.3503,65.5863
304.7633,172.0706,20.2001,65.9055
303.1777,170.7915,19.4778,66.2463
302.6816,170.8125,18.7952,66.6445
301.1029,169.9525,18.0257,65.6600
299.6205,170.6055,17.2330,64.4968
298.7488,172.1733,16.3261,62.7115
297.7252,174.6875,15.9538,59.7797
297.9349,174.4064,15.6705,58.6223
297.5342,174.6386,15.7863,56.9229
297.7307,172.5394,15.1844,56.3045
297.7231,170.8540,14.9775,56.4939
299.3818,170.9483,14.6332,55.6915
299.8034,169.4306,14.6458,54.9093
300.5548,171.0030,14.3835,54.0881
300.9585,170.1064,13.8043,53.2486
300.9174,170.4097,13.2105,52.1889
300.9810,171.4177,12.9963,51.3107
302.1158,173.3135,13.1581,49.5848
300.5744,171.4729,13.5781,48.4652
300.0004,171.5793,13.5495,46.8725
299.5205,170.1024,12.9020,46.0357
299.8906,170.6559,12.9329,45.2035
298.8972,169.1428,13.7743,44.8523
299.0532,168.5379,14.4147,44.0828
298.4755,166.3787,14.9546,42.8646
298.4162,166.4666,15.1467,42.0286
297.8453,166.1816,15.6524,40.6772
297.1956,166.2786,16.5152,39.1938
296.7338,166.5356,16.7071,37.6300
296.5245,165.9212,16.2300,36.5151
295.9088,165.6431,15.6700,35.7483
294.2892,166.4289,15.5047,34.6541
293.4594,166.4998,15.1193,34.6077
291.5410,166.5207,14.4943,35.1021
290.7998,165.7096,13.5809,35.9445
288.2439,161.5011,12.4476,38.6863
288.4217,161.2505,11.8846,40.5980
287.0050,163.1473,11.8110,39.9198
285.3443,163.7017,11.7799,39.7452
281.9280,163.5467,12.4580,39.0169
280.4400,162.6880,12.9343,38.6802
278.1515,161.9604,13.3212,38.5800
274.9629,163.1713,13.4959,38.5915
274.4352,163.1992,13.1824,37.6601
272.5020,164.0521,12.5592,36.2586
271.6709,164.7091,11.2348,36.2017
270.4108,164.6214,10.4943,35.5248
268.3677,165.0309,10.0093,35.9895
267.3258,165.0604,10.6597,36.7836
265.1207,164.3562,10.6768,37.8773
262.2616,164.3976,10.8419,38.1494
260.5683,165.0798,11.4757,38.2790
259.1989,165.7906,11.7929,37.8506
255.6546,167.0481,13.3312,36.6801
254.3200,165.1810,14.0294,36.5334
252.5152,165.7818,14.5276,36.6096
250.0898,164.5753,14.7819,37.0043
247.5365,164.6209,14.8215,36.5981
246.5966,163.3052,13.4886,36.6255
244.5434,164.8692,12.6612,34.9653
242.3505,166.1307,11.9701,33.8575
241.7902,166.6494,11.6902,34.3163
239.6673,166.3706,10.5882,35.6261
237.4170,165.6479,10.2906,36.1771
235.9769,165.3620,10.5825,35.7968
232.8014,165.4194,10.2308,35.5479
230.9370,165.6928,10.1908,35.0254
227.9781,166.6771,10.5414,34.8503
226.1553,165.4915,11.2158,35.2673
225.1102,164.7610,11.5265,35.9902
222.0357,165.4781,11.6303,36.8406
218.9710,165.1891,11.5488,37.7384
216.2343,164.7856,11.2233,37.4608
215.0266,165.9348,10.8859,36.6537
212.4441,167.1565,10.2748,35.9405
209.4725,167.9552,10.1785,34.3434
208.4092,167.8969,10.2829,32.9027
206.2460,168.3701,10.4069,32.0566
203.8239,168.3927,10.3739,31.5292
202.6894,169.2918,10.7596,30.9040
200.0547,169.2436,10.5800,30.1340
197.7485,170.1184,10.4253,29.7746
196.7805,169.0279,10.1924,30.7541
194.1432,168.6761,10.4781,31.5029
192.0325,168.4675,11.0249,31.8128
189.9761,168.6136,11.2955,32.5827
188.5750,168.0704,12.2684,32.3901
187.0546,167.8999,12.7087,32.3812
185.0607,167.7546,12.6168,32.9111
183.8129,168.4916,12.6408,32.7240
181.5444,167.8798,12.1796,33.0239
179.4703,168.3047,12.3209,32.3970
177.8392,168.8197,11.9310,31.2067
178.0538,169.1807,11.5377,31.3117
176.3348,169.7783,12.0903,30.6190
174.4956,169.6607,13.2322,29.8699
173.5139,169.7917,13.9633,29.5293
170.7392,170.1728,14.3506,29.4614
169.8742,170.2573,13.6709,29.5799
169.5088,169.3757,12.4157,30.3691
170.2777,167.9371,11.5828,31.3037
170.4635,168.0927,11.0441,31.7867
170.6171,168.3979,10.6111,31.3599
170.3286,168.8888,10.5080,30.9868
168.4433,169.8798,10.3929,30.9314
168.1864,169.4426,10.3256,30.7913
167.5060,169.3631,10.2921,31.4765
166.9751,168.9096,10.4250,31.8167
166.4403,169.5851,10.5729,31.4106
165.9205,168.8143,10.8917,31.5390
165.5986,168.7101,11.5881,31.1876
164.8622,168.8327,12.4364,31.2118
164.1209,168.6826,13.2559,31.3819
164.0774,168.4435,13.5926,31.6143
163.9861,168.5613,13.9140,31.8975
164.3319,168.0696,14.0533,32.3200
165.4297,167.9155,13.4639,32.7264
166.2243,168.2856,12.8929,32.7383
166.8223,167.4931,12.2695,33.0048
167.8246,168.0902,11.7674,33.1835
167.8076,168.1581,11.5114,33.3463
167.4559,167.4214,11.5491,33.5928
168.3814,167.7043,11.2371,33.3193
168.6020,168.0396,11.2962,33.5810
168.9517,167.6242,11.3626,33.5541
168.7289,167.8342,11.3646,33.7639
169.0484,167.5827,11.2947,33.8710
169.2506,167.3928,11.2363,33.8437
169.3160,167.0476,11.3148,33.8618
169.3960,167.3451,11.4739,34.1565
169.2487,167.1944,11.4694,34.3496
169.1543,167.1249,11.6081,34.0113
169.1235,166.9273,11.5894,33.8570
169.0971,166.8751,11.6378,34.2004
168.9216,166.4243,11.6176,34.5299
168.8264,167.0509,11.4427,34.4516
168.4850,167.2187,11.4830,34.3454
168.7920,167.4989,11.6514,34.1767
168.4826,167.3891,11.5415,33.4500
168.3831,167.1669,11.3372,33.2888
168.7975,167.3848,11.2904,32.9921
168.7853,168.1510,11.1876,32.8233
168.4667,167.9642,11.2049,32.8068
167.7564,168.0699,11.3889,32.8221
167.2714,168.3640,12.1587,32.5021
167.5733,168.9413,12.5785,31.8568
166.9157,170.4184,13.2555,30.9662
165.7943,171.1525,13.5076,30.1951
166.4386,170.5469,13.4104,30.2750
167.0398,171.1864,13.2820,29.9393
168.4843,171.5710,13.0161,29.6744
170.2428,171.8807,12.7200,29.1650
171.7654,171.9256,11.9486,29.1305
172.8124,172.3482,11.3594,28.9437
174.2957,171.8418,11.2215,28.6606
176.6824,171.3859,11.4896,28.5001
176.9712,171.8631,11.6194,28.2508
177.7536,172.6608,11.9063,27.8274
179.0697,172.9377,11.9772,27.5012
180.2259,172.9234,11.3858,27.3128
183.0513,171.8476,11.1911,27.6570
184.3532,172.4434,11.0231,28.4983
185.6184,171.4225,10.8788,29.2830
186.7430,170.6466,11.2765,29.2525
190.1381,170.5466,11.2460,29.5178
192.8897,170.1246,10.7959,29.9888
194.3175,170.3490,10.4844,29.4171
195.9631,170.2888,10.3658,29.0011
198.2696,170.4831,10.6239,29.3393
200.2531,169.7457,10.9272,29.5701
202.3666,169.0827,11.3305,29.7414
203.5712,170.4021,11.5247,29.7680
207.2505,169.9800,11.4446,30.2162
207.8358,169.5237,11.3355,30.3918
209.2273,169.6033,11.1366,31.3199
210.7510,168.5292,11.1225,31.4022
212.7545,168.2601,10.7057,31.0478
214.4268,168.3928,10.5729,31.0003
218.1577,168.4889,10.5618,31.7000
222.1292,166.8016,10.0000,33.7976
225.0366,167.2755,10.3100,33.4658
228.1288,167.1043,10.4136,32.9934
231.1797,165.8759,10.0000,32.4594
233.5965,165.9597,10.0000,32.5993
236.5132,165.7417,10.0000,32.2294
238.8780,167.6570,10.0704,32.8548
240.9891,167.4450,10.0000,33.2496
243.1722,166.6173,10.2257,32.8933
244.3395,167.0820,10.2163,32.5126
247.3960,168.4419,10.1105,32.4243
250.0589,168.1895,10.0000,31.9855
253.5510,168.9495,10.0000,32.0357
255.9441,168.0317,10.0000,32.8156
258.6567,167.2647,10.0811,33.9540
261.3923,166.3908,10.7454,34.4458
264.7749,165.6633,10.6629,34.4529
267.8808,165.3592,10.2989,34.5984
270.8292,164.4775,10.0000,33.4627
274.0704,164.4695,10.0000,33.0680
274.9754,164.8101,10.1324,33.1315
277.7703,165.0936,11.2871,32.0275
281.3775,164.3387,11.5036,31.0420
285.1156,165.5260,10.9005,30.4019
288.3137,166.8450,10.9671,30.4584
291.2480,168.0080,10.8796,30.5447
294.7806,166.9358,10.0000,33.3977
300.4103,163.5963,10.0000,35.9089
303.1569,163.0274,10.0000,37.9838
304.2727,162.7357,10.0622,38.3282
310.4751,161.2544,10.2247,38.9980
313.1428,164.5170,10.3470,38.0977
316.7690,166.0803,10.0000,37.1934
319.8961,164.8310,10.0939,35.6169
323.0481,164.7461,10.0915,34.4604
325.6417,165.6882,10.2740,33.0401
330.6710,166.6035,10.3179,32.5743
333.4337,164.9574,10.0855,31.8421
337.9842,166.6842,10.1274,32.3531
339.7084,168.6163,10.1884,32.9182
342.3459,168.0821,10.0000,33.2616
342.3743,166.9406,10.0000,32.9508
345.3756,165.6208,10.1597,32.5536
350.5334,166.5421,10.8277,31.7720
350.6949,166.8959,11.3208,30.7437
353.6810,166.9447,11.5629,29.0252
356.3586,167.4588,11.8151,27.3215
358.6973,168.3227,11.7180,26.8273
359.4962,167.7114,11.5109,26.6736
362.3408,166.7694,11.2160,26.4629
364.7160,167.6501,11.5378,26.8473
364.9780,167.6500,11.2977,27.0106
365.1268,168.5176,10.9261,26.5198
367.5099,170.1296,10.7232,26.5281
367.5853,169.5589,10.5399,25.9893
370.2148,169.2847,10.2671,26.3048
372.5840,169.5030,10.2824,27.4466
372.9047,169.4069,10.0000,29.9275
373.3023,168.3105,10.0000,31.5121
373.7863,168.6789,10.0000,32.5884
373.6894,168.8930,10.4427,32.7274
374.1716,168.2053,10.3824,32.7534
373.9268,167.0771,10.6461,32.6614
373.5196,166.2624,10.5474,32.9328
373.4889,165.9926,10.3867,33.7227
371.0442,165.4736,10.4477,34.3297
