262.5,94.5,16,26
261.81444517368743,92.2916032698455,16.17839849303823,26.6272929853792
261.0853334542042,92.20018432394164,16.178519228910254,26.62720641284193
260.34435020497017,92.5098855105533,16.210765702315662,26.597270671031108
260.11808357179643,93.48075269032574,16.208737168898544,26.601354974129677
259.7224140550848,94.31527471591228,16.208197800088698,26.60248802504552
259.1670599743867,94.4125134797039,16.20799041983608,26.60295432783319
258.58843325034434,94.1583389090744,16.207836703347134,26.6032996977871
258.013184258203,93.78012717752054,16.207318333068937,26.60442269864887
257.64419598026024,93.09271824181707,16.207202943306292,26.604659113871445
257.2567914985282,92.39447282455308,16.207120113042453,26.604819711010816
256.9381781251665,91.52635666827089,16.207009651971678,26.60504957835422
256.6283194436109,90.77990614984724,16.206809026305656,26.605437197003916
256.3378371352578,89.98981003274204,16.206596229548285,26.605826202836003
256.0490164484048,89.0046974327662,16.206194202013023,26.606550622682068
255.65454099205613,88.12520574717782,16.205772312929668,26.607360170502226
255.37073587473213,87.38122914355245,16.20484197445753,26.60903818167753
255.17143849039334,86.62210183167659,16.204236035461047,26.610077195878766
255.02695634207657,85.96647734904234,16.20247539894719,26.61292338442913
254.96141701826065,85.54564135725137,16.199570151396426,26.617350380523284
255.17079126312694,85.31686379085608,16.192726473522974,26.62771180131778
255.4065403927182,85.10837117691709,16.18520298822426,26.639738304220177
255.73167630623618,85.22561969828284,16.17973867871682,26.650056640869856
256.0381720693845,85.38136949713625,16.17371853551499,26.661985495177962
256.3607973506952,85.23363505541042,16.169497748036278,26.670368905092182
256.6101417141807,85.35813851968355,16.16576271302462,26.67723672954426
256.8426085652799,85.60451594131001,16.161970805746257,26.68426960434898
256.99812563410933,85.73760596432992,16.15809874432215,26.691661854213315
257.0324384362731,86.09855718634046,16.154832218342282,26.698719864656187
256.91959462947415,86.19106128149251,16.151137734219084,26.707371739883833
256.6262424793176,86.14233021704416,16.148262988759576,26.714808309712797
256.480824074786,86.1068369808554,16.144584664918785,26.723849462914593
256.43772790232873,85.50883827644824,16.140251382697144,26.734868505830764
256.51833809674594,84.91551802081156,16.13801555065684,26.740728248709665
256.7929818805633,84.46790562364814,16.136225136304347,26.745147202544278
257.07146838917674,83.70482289402457,16.134126122010926,26.750511475229814
257.22153122982337,83.31442180176381,16.132061304927795,26.75537681778661
257.49193751692593,82.95826147868671,16.130138556066804,26.75949855894968
257.31454207653826,83.09504016233461,16.128581846157253,26.76294883106197
257.38915005998564,82.63362356890917,16.126502999628563,26.76785350104809
257.3981143837658,82.11442782725956,16.12470034400876,26.772168532092067
257.4922343126915,81.84889473137845,16.123317068918197,26.775308696079467
257.3789644441618,82.21194550493985,16.121596720990816,26.778935907291768
257.61426179656604,81.9724165328131,16.12056031477011,26.781057958248095
257.48637448102465,82.29305090433982,16.11955599039339,26.783226660358363
257.38152514331097,82.24382673111666,16.119131722896196,26.784150408563843
257.6368057691173,81.93550784170984,16.118731692310902,26.784967421882193
257.71512074737774,81.96303322401481,16.118118249495275,26.78627167171563
257.79703781926804,82.08282899376488,16.11753841143504,26.78754378325272
257.9386701459952,82.0552837914285,16.11702728514514,26.788637572813663
258.0309844445869,82.0395230683783,16.116253968241875,26.79019167920464
258.16377095777665,82.20124291822356,16.115486169380475,26.79178364746189
257.6479446273295,82.1189383541194,16.117865201086314,26.789499144450375
257.1806447987808,81.98921611028493,16.12026239980196,26.787188702099925
257.42461794893023,81.46626263003944,16.119167672493568,26.789552562233833
257.72349074660843,81.17803720760084,16.117867220359944,26.792332841029037
257.72859853679967,80.95041355606828,16.116977747777483,26.79400116531722
257.9798911671278,80.7063285332745,16.11636861951405,26.795349589248367
258.2979065291795,80.7650907967171,16.115650571840447,26.796949959187522
258.6574683749477,81.2199101532316,16.11465383295212,26.7987942359466
259.10431511353664,80.71857242426027,16.11378512479434,26.800542126407233
259.6205017764106,80.04054373138553,16.11196847781842,26.804079046305915
259.8598466628876,78.68696750725833,16.108932085019976,26.810753894462625
259.41388353534757,78.58367988337496,16.119802567795503,26.800913036601365
258.1003733178491,78.64181999053343,16.12093775460819,26.79990325064392
258.21032243402374,78.493124010744,16.120413910715378,26.80091260419329
258.92927534730165,78.63872265525912,16.12370011506618,26.79834815508119
258.9454951633502,79.25575760482266,16.119655014427735,26.804661523356728
258.6516578791413,80.19586984211847,16.11894453731717,26.805729511114055
259.2223651929044,77.71261238275324,16.118853595436928,26.805893397587468
258.7035230336518,77.59381588583126,16.10313119854912,26.831580733186307
258.6636164950477,78.42778948009897,16.1022268611398,26.833268482890958
258.75637677461003,78.4740722054977,16.10125223621534,26.835773528294997
259.1887787092637,78.00235238747868,16.10411872413534,26.8329696993863
259.0945517573401,77.81255545732088,16.1075216338247,26.829441979816423
258.92823830039384,77.59821687293707,16.109509274789044,26.82726715263905
258.6122074011438,77.76316832008615,16.113369707818315,26.823129033617064
258.3671011165836,77.8744496883976,16.11744050586054,26.81875879985043
258.07629381454717,77.94258254116158,16.121731553987015,26.81419971954564
257.80601318309186,78.00678377842303,16.126272120734523,26.809378572520696
257.77192041957284,78.00186225809637,16.13180586454462,26.803627480929432
257.77833302882306,77.97502770227007,16.13793217195588,26.797385822076365
257.78926719222954,78.01741540881837,16.144306727484064,26.79085711421383
257.7938918828528,78.0992058410655,16.151308964280126,26.78373261590092
257.78531372365916,78.17514951704428,16.15754277435314,26.77738942037552
257.8770684955041,78.27788695151321,16.16473903668015,26.77019123512581
258.03013693065685,78.44269955338058,16.171563923557784,26.763336865360202
257.8952012672598,78.55759483457884,16.17706370622919,26.757955629874658
257.7769148902547,78.63238387386156,16.1836259805507,26.751225953570955
257.5611909411759,78.78378485639352,16.190126169863255,26.74453342644951
257.4846502038239,78.91501453430877,16.196686180577043,26.737943071769173
257.4077905003673,79.13139565460739,16.204818441207934,26.729698224284114
257.29230416141365,79.31318679264673,16.211020841376676,26.723425557856995
257.0531618878967,79.38959933479208,16.21883042999081,26.715613373799563
256.84052776419253,79.4462717440425,16.227818705799514,26.70650794459905
257.0281802973754,79.4126204537426,16.236176548703174,26.698024605174943
256.8814964304028,79.3842991108236,16.243589509222236,26.690470853415675
256.7650681954752,79.39223616320874,16.25625709315032,26.677404194469545
256.90433250228193,79.25255857934165,16.265451603564063,26.667769132835513
256.9079273589613,79.17694124345343,16.275653555112786,26.657334252285757
256.8094379898546,79.11469174222921,16.282767702562023,26.650076919237268
257.0186047863328,78.99038748580222,16.291333870567236,26.641487157955677
256.9048479484476,79.04638602185788,16.298429435847716,26.634322168831172
256.74882060077175,79.05865127196336,16.305442132574623,26.627456121634975
256.75347549518796,78.91490785505907,16.322862277659738,26.611297374436525
256.56596998287796,78.84936138674783,16.338998593865632,26.596653646525404
256.29973992213843,78.778481369449,16.352282828236905,26.584676732156094
256.0260609333459,78.6512171377735,16.362959988217835,26.575174947580372
255.75211959667453,78.46274477913063,16.36866343468531,26.570030109602573
255.67382135055274,78.04660270132328,16.375233247889856,26.564044375862576
255.5402970423782,77.64132196551273,16.38208109552977,26.557838989382773
255.41046344374297,77.12065667472427,16.38607309615259,26.55409689620841
255.49936137793753,76.62742744071608,16.392266096953694,26.5482974115347
255.6311411512495,76.14272425419804,16.39566699239592,26.544933928117814
255.6761342019136,75.58694545657441,16.399347645730707,26.541297679523524
255.54041494837517,74.95255954309495,16.40290410372389,26.537705843762726
255.27697731250208,74.24930720221174,16.40709992734228,26.533550377862216
254.7695665792359,73.37535125911019,16.40942778349259,26.531181526188416
254.3303960019011,72.30375877500403,16.411857165911034,26.528752108795896
253.74213550178314,71.30889700985249,16.414838408418408,26.525887834304655
253.172218250147,70.19140335976904,16.419068291710776,26.521901040080685
252.4859329167024,69.27021763025246,16.422546136525117,26.51860322955207
251.96072579184238,68.48063660747587,16.425399932830274,26.51597041712641
251.28832824784064,67.71572515094377,16.427245392003766,26.51426509570883
250.3036359778659,67.14711281549114,16.430457832839796,26.511528047101127
250.17368181283723,66.1925352499644,16.429524614454284,26.51263526364964
249.94956395517283,65.42993041726945,16.42886407071362,26.513430151283778
249.70575555677786,64.75344176434703,16.428168593285992,26.514292898908696
249.7037190618092,64.16802024423666,16.42753644285614,26.51516411543714
249.69990427720077,63.94074243037342,16.426203161986614,26.517049466998607
249.86145579369457,63.75732869041541,16.425650664201047,26.517768857229168
249.91040614662518,63.66690902265717,16.425140542987474,26.51837398404261
250.10735790474374,63.75078246463229,16.42393123179605,26.5200621839585
250.15485248851147,63.713254379912335,16.422802519117962,26.521797294052206
250.09126067336254,63.768084816814415,16.420540626392196,26.525283515093818
250.16565842496675,63.49197305888606,16.419916041410016,26.526277196393945
250.1944918891837,63.40512724862323,16.419132869047477,26.52745694129018
250.37051402660657,63.41537895887854,16.417928179267548,26.529189921994757
250.56763485584275,63.43131996835638,16.416726343373625,26.53095374526344
250.6412574864392,63.115958323287366,16.419772286633243,26.52824619681657
250.73109708301234,62.86954055262109,16.42285029229756,26.52549504486222
250.73942479308846,62.63492415587487,16.42618422481857,26.5225266400152
