450.5,91.5,31,37
439.57775868788934,100.13441540227319,38.802192890334595,30.61699053792188
437.1854223124088,100.43633452216503,38.81627390545593,30.606589969799575
433.16699858817816,101.8725753173433,38.8323293464708,30.597035816271642
432.6198509042247,105.60515607550565,38.813580214026835,30.617538190785588
431.38204252315705,110.02855463614394,38.79625583503352,30.639496410085165
427.00016617466383,112.04258884316108,38.8050808968271,30.633484098803564
425.3308409083668,116.92612326643477,38.790326430641905,30.655536880063813
423.64717286054656,120.91992244512241,38.77646721950438,30.67736273228325
422.471986323175,123.0674653377672,38.76593965375989,30.693439895602065
418.5384740944331,123.32538497418017,38.77258918372283,30.689918280246847
417.79355607199295,122.16844151662646,38.74924807215485,30.716136251949116
416.34997420291256,120.58631133219086,38.770995045102566,30.699786679337752
414.293559613781,119.6238905150149,38.792036408271784,30.68777979245706
411.1551425483923,119.14507979390692,38.800858015398035,30.68014943127492
408.20906173516045,119.17556317123261,38.80758072279433,30.67431950623816
405.9987732422226,119.44713697531756,38.81179971459038,30.67042078179247
404.7067548206972,119.56692633461472,38.81717392374538,30.666143334279123
402.40037837481077,119.46297745222982,38.82520765353092,30.66094755003579
403.24666254797603,116.39001429783941,38.817356008707925,30.670950473196495
403.37713923269246,114.08669916195349,38.7908391661697,30.704957968936828
403.1124622690724,112.1170183166992,38.780931156268366,30.715481168005603
403.05832804265765,111.0909714688172,38.77271893822849,30.726097183563297
402.39440479268075,109.46083085892099,38.757028226764206,30.743408651997687
401.1073808159259,108.6844286361357,38.734208618933536,30.76994151591847
400.4430993617535,107.54930260284839,38.708589045512554,30.79623248668318
400.25808597506636,107.51176966730564,38.68153644052041,30.825297243817463
399.9200257747697,108.02743817385479,38.66074109537847,30.851521270643794
399.5458620881827,109.1162471995192,38.64603448246101,30.870415918442166
399.06567245106504,110.80899382496241,38.6199028838554,30.900332470946225
398.9108120352526,111.72861794261703,38.61214583357186,30.910074199168477
398.8908582807626,112.22320024323237,38.597440951854885,30.933259799544576
395.0019470882834,112.1131900277588,38.605182770407,30.928194748490398
393.22769297964516,112.601030226683,38.610299998379915,30.924838900793844
391.28761242393716,113.12765115806083,38.61577510706454,30.9210729463176
390.66396882481484,112.6698823632016,38.604129595615305,30.93730251019911
391.94868190814617,112.8224757096983,38.60068743964905,30.942000305788333
389.49370410282495,114.27346365981197,38.599329516508526,30.94387806042242
385.27659279293835,114.77465990899236,38.59974094853756,30.943562307094908
380.9685591112228,115.38731083620553,38.60064164784518,30.942942783753765
379.3354384239604,117.24410977236657,38.59886000830137,30.945605583047307
377.60686230881686,119.14193363859759,38.59560617360126,30.95036716760186
376.0137371414981,120.4846637332554,38.5913591098623,30.956142282165015
374.7650083832847,121.37469754757534,38.58235119126112,30.968207269568232
373.5029900153065,121.59965534237811,38.5771199008655,30.975203422649923
372.4563889868449,121.71784573587365,38.559688346109674,30.99949589038714
371.75472514461853,122.25187348556956,38.548361775649084,31.01844839041549
371.19401724432305,122.63251922266589,38.541559044631455,31.030616231522824
371.2327676224836,122.49603030956919,38.535388537619845,31.042447005666588
371.5997224908657,121.9991918564411,38.529186961732854,31.052868823593457
371.9426226114479,121.17296802027785,38.52549583807636,31.05866439344957
372.4357699326655,120.10146810575705,38.519801671906194,31.06729008079803
370.7884660440385,120.8071300813501,38.50698037391905,31.085487213443738
368.9915721340941,122.16607455381232,38.499928817358295,31.095227930079353
367.21906933380603,123.36618177875705,38.49180021497725,31.10644956112251
366.0301230646074,124.10744964550547,38.48271770340206,31.11939877578394
365.17068232196874,124.16940070340661,38.470185585850295,31.138047769176417
363.91701730792994,124.72697450356601,38.46197239150063,31.150072758159673
362.95604702941085,124.30546789425348,38.446165827681526,31.173007067387594
361.9056970113207,123.1198443425067,38.42902676588513,31.196279393659495
360.92679843001156,122.70191357949875,38.41066280618131,31.221374878396546
359.95219440822865,122.48001842478054,38.403195081848615,31.23289966773714
358.9175133832315,121.40288621448288,38.39596945484101,31.24339887722713
358.1885789196466,120.63914425361773,38.391227422004036,31.250656916427214
357.110943041576,120.97932837378694,38.38541357252399,31.260091680353618
356.07216833326163,124.95411107352328,38.371017579377906,31.28171244192218
357.2185940963739,128.14730312579871,38.36130647406697,31.29530745190378
356.80187622137737,129.932012657557,38.367046079479266,31.28968085550453
355.56385660546687,132.29997600046164,38.34779741609763,31.317609150164017
355.9521179695584,130.2578156449644,38.33494411912409,31.33651304826173
356.16804808685134,128.150776522202,38.31654080134732,31.364649597619568
356.237992451297,126.67021136443445,38.29848214098469,31.392448423591667
356.07964069342967,125.70061901749173,38.28352538602833,31.41686716345946
356.1200029655314,124.32493336959763,38.259904125528266,31.453504143375476
355.88770342150406,122.60202704744086,38.230713540731344,31.49423980709822
355.9163421215259,121.04125210015657,38.206154989124826,31.53062968465324
355.67764604482085,119.86258070826166,38.18750191071568,31.55814563662543
355.7728714407766,119.1720339924631,38.16593061287523,31.587410612297553
355.77383276874406,117.97714599971411,38.139867397803435,31.623180545778315
355.7181051004953,116.95685962656083,38.110522109215125,31.666724225999086
355.8169565636187,116.81893616938576,38.09523106226935,31.690507418930824
355.97609746565,119.90975664395019,38.072746099589736,31.722517650069314
356.78057941215786,124.93741910729621,38.061080828705364,31.73784473143392
357.69261238592566,130.1705394362926,38.04661666492225,31.75638819972288
356.2301205758822,131.75885901584024,38.05239032788626,31.749141149544837
354.8984764309542,133.07719776464583,38.04438535907537,31.7624244082355
354.3985580277932,130.50418130637448,38.03682606344576,31.773542449747698
353.92041840362833,127.94040942927322,38.02878077783614,31.785149447816185
353.22971800223564,126.04485186297093,38.019431887704634,31.798948725394514
352.5597495637658,124.42925090430964,38.01143118072095,31.810271015489334
351.75258521197463,123.51648168783947,38.00423292774513,31.820464161106667
351.1232725106611,122.02083972539326,37.99744981444196,31.830122290634705
350.1935022813793,120.68998098773434,37.99082070112903,31.83944356386514
349.1348933839159,119.13477263335065,37.981793235817285,31.851324258075643
348.0438677108248,117.7708906525849,37.97503828660449,31.860146292650956
347.03595783775233,116.53479706340747,37.967209770725475,31.87000932854976
345.8543295615028,115.45166803733426,37.961868815747735,31.876859526615995
344.727975485383,114.41042569642451,37.9538509929507,31.886399567322204
343.7154672661817,113.1260867459402,37.94803037233232,31.892782269850265
343.1045306654504,111.41594203762605,37.94118171672401,31.89990826294037
342.9307821619059,110.08433816613058,37.93638955378629,31.905122689280926
342.2640233901621,108.21558846440293,37.92874727671725,31.913410762322407
341.92442381298133,106.74967805339091,37.922752892412916,31.919783166682866
341.4076970208031,104.75109587441642,37.91399196394441,31.928067843998306
340.91885160529984,102.72931639577803,37.908898166082864,31.933047814153504
339.95716199001856,100.65791937472622,37.904807785477516,31.93696398760478
338.8970543380685,99.41432909445564,37.900373087851776,31.94104508754414
337.64676747114146,97.66872849620727,37.89716693355274,31.94391377404636
336.56455629362983,96.07102533379451,37.89422993646413,31.94652076911419
335.4100065539155,94.45113010013483,37.891009660338725,31.949269763044857
334.16225409791497,92.3080972350044,37.88787570400785,31.951862478474208
333.3744162391737,90.83687115264017,37.88372458967277,31.95560943728529
331.67052645764954,89.04250539064364,37.88019157261233,31.95853769093837
329.8648060999107,86.40916870719725,37.87642437755234,31.96170273797642
328.4861043011095,85.73566033103458,37.872714093089954,31.96447346044795
326.77045371177275,83.61144479519422,37.86806880722481,31.968144495660173
325.1007656815767,81.84604289177405,37.864788255220624,31.970676150553484
323.7449917138604,80.07299170878329,37.86175637002038,31.9731195447485
322.3715542087268,77.86005480096915,37.858571298805586,31.975364553308918
320.882410257115,76.41711574739068,37.85531303847031,31.977838643971086
321.12348639750496,75.74218924840424,37.85657355990978,31.975555745261236
319.64408068053507,74.32994574442397,37.85340298205445,31.977910404207503
318.66335140943494,74.44034730493735,37.85240732446383,31.97757714540342
317.5037585535695,75.0432931779418,37.85148176147543,31.97707597194242
316.07922678875093,75.26682048844826,37.85069940488211,31.976520788023247
313.92683297417165,74.3531555567295,37.84742495747202,31.978871346193408
313.0968581632488,73.91583197178562,37.846556836970045,31.978454321878743
311.43956591273104,71.90700499058872,37.84369057621053,31.980820884980574
309.68368244034826,70.58510968708936,37.8407189612532,31.98300754529349
307.85406155355105,70.38717753822912,37.839913203719675,31.982697412166797
306.27252981100236,69.66455435136736,37.83712295003222,31.985012372239822
304.3277011069531,67.74494362927356,37.83283895569544,31.98811821774883
303.2510701770494,68.28240223877033,37.832091473309234,31.98777976080974
302.49858007207933,68.23464845950608,37.831076171240746,31.987492865121283
303.07620699911035,69.48560571195952,37.83351963716308,31.9838920256044
303.12857198125187,70.67878772112209,37.835562818376914,31.98087861801229
302.053829000075,68.21955383066026,37.83281875639292,31.98292069397992
301.33808142307487,68.722151703285,37.831903074173354,31.98248926719663
301.83379958395665,69.90580881077268,37.834025576472136,31.979379935796697
301.99559224210196,71.16884158975064,37.8364851176835,31.975838496264227
302.27522714925107,72.41083571694159,37.8390659107805,31.972143038970955
302.6027877722693,73.51819895750096,37.84130903318268,31.968923163000536
302.170762230772,73.69901971753599,37.84029537599631,31.968424784915403
301.66711941648776,73.81176143247191,37.83929297870888,31.96792766981714
301.1684410146017,74.04433159663272,37.838385350527545,31.967449058910386
299.81002920691543,73.38177421398146,37.837317511203466,31.96721210912501
299.00431811759904,73.3064918134266,37.83648042107555,31.967015291024463
298.1542210637685,73.73780160025663,37.83527460636576,31.966530233603574
297.22247877273827,73.84270436895436,37.83418868995968,31.96614211385358
295.69399067725544,72.21181817024042,37.831177574330425,31.96868294389864
294.29864806322826,71.12449182757297,37.82750812518454,31.971231508979038
293.1086588026801,71.91485132414911,37.82678081284581,31.970939447207982
293.3528273943701,73.18042561399855,37.82939451190067,31.967133902253355
293.8497232092405,74.35822047539723,37.83204341198317,31.963264512555355
294.68035578437247,75.51584228625481,37.83517621665998,31.958865550645495
295.180566599496,76.64778345347784,37.838464856340885,31.954155178937455
294.58042399623076,77.12581916860913,37.83703352062739,31.953492202616232
293.46329100975623,77.3736460543129,37.83608192231794,31.953245327084634
292.3232344047381,77.8296539394059,37.83523385725343,31.95285178313688
292.1584967819957,78.66904966356003,37.834357750046586,31.952401246693864
291.3084003452043,79.0989384209815,37.8334278628567,31.95206012463503
289.6661086380726,78.04862886604639,37.83060578624485,31.954251461983297
287.8107224323555,76.82025858706916,37.82790392399754,31.956111543939826
286.6251272495547,77.00336424897205,37.82689141636905,31.955841953255923
285.867426603333,77.77426789861069,37.82606796687673,31.955788780527396
284.8087919865028,77.60047029563424,37.82526612128299,31.955921183354906
283.8895031407885,78.11605309779401,37.82421690440922,31.955593234102807
282.719574844641,78.7231814071032,37.82341721618668,31.95532432357618
281.6803113049075,78.77129648731879,37.82252992797799,31.954999698068075
280.39698670463326,78.64458341846502,37.82174386393901,31.954723582672365
279.3424341020001,78.90527387043117,37.820930951682115,31.954363985254783
277.73210340041794,78.51391489101013,37.81994771487752,31.954087494958227
276.34061084365686,78.35135193341856,37.81909741732796,31.953798484327695
275.3406604936921,79.21834303661093,37.8182480524076,31.953414391002948
274.39393382367007,80.12073490357193,37.817333816806205,31.95304123390134
273.68795130886974,80.82478978233402,37.81625105587949,31.952575032971996
273.18442154339124,80.58571482564804,37.81715247335696,31.95047122009997
271.99659371975594,80.54045961841778,37.81610628880997,31.950129075947668
271.1980837040187,81.08436667055919,37.81515654985293,31.949785026291316
270.89436908957697,81.89826447667771,37.814066761039996,31.949267026740447
269.7567266285464,82.74189460414215,37.81335833593306,31.948982250937558
268.2181607738437,80.20331455688084,37.807708492070134,31.953611599000187
267.882465744494,78.09809547780512,37.80204354951061,31.958234441905063
267.4923495403105,76.34908700384496,37.79140326481576,31.966056115472362
266.8075184925608,75.79977686425629,37.78625442624842,31.970292320438574
266.19895025695985,74.00249589152608,37.779677022633486,31.975323797911912
265.31025653107093,72.27411418787203,37.773582161255135,31.979594014454644
264.79408904664547,70.24674638018956,37.766071067445885,31.985698438565926
264.41398920895466,70.84839555226714,37.746412570887586,32.00306113853157
262.95162709568604,68.50531999343795,37.73770755624451,32.011155062433836
262.508755565393,66.40759679589262,37.729123333924896,32.01958115570565
261.7558273576269,65.51065519270489,37.72225606514624,32.02697058385234
260.79088713482656,64.84646825564688,37.71567994965837,32.033862991675015
259.85399745651046,63.75593221851209,37.70746696620267,32.041785480220724
258.6852551835345,63.01885046615713,37.69852597885999,32.050916645834576
257.20624114082244,62.1925834615018,37.69099935008117,32.058568929833974
256.1063509821764,61.478349068453696,37.68411558198499,32.065755066889956
254.861347140264,60.84599273958066,37.67856977231009,32.07159807665629
253.42293902565785,59.9680344588532,37.67303317254291,32.07734249989709
251.5973746415967,58.63801612582867,37.66833680257313,32.082244964896354
249.62626571627894,57.01816132414858,37.664740282099665,32.08584960304656
247.7070283098414,54.97473571251231,37.66109611647436,32.08962101140821
245.7145809693851,52.7256916347165,37.65747947345815,32.09304974317171
243.82190238719187,50.28837842962264,37.65422927891209,32.09612988489629
242.04485499703415,47.97470111363431,37.65091644165858,32.09948539806803
240.29838362437692,45.46744473930991,37.647403279151376,32.10273429936576
238.47131698842037,43.788222619552016,37.6439244657221,32.105913398348086
236.64628870850987,41.87416005615273,37.639924953307975,32.109650736374086
234.8933781554991,39.64168046637745,37.63686067572352,32.112775962067225
233.24322068577965,37.231042386265074,37.633445127338945,32.11616433924143
231.60902047731776,34.560941332874776,37.62946876852117,32.12028541803742
230.21343813434024,31.222270524704168,37.625045914803366,32.12455660362301
228.56991653463808,27.343256360484116,37.61996841909351,32.12937104961683
227.46227031331412,22.785157747461216,37.61317920051711,32.135851860257354
226.61524297042567,17.85880980008754,37.6041280789896,32.14449067187483
225.6881732578739,12.934011016685407,37.59176784169386,32.156214779816786
225.65436053352263,8.451577581630914,37.56943195533339,32.176208793785634
225.414814932459,4.467240923272858,37.54876604638815,32.195420173551064
225.14616298770807,1.436387097722701,37.52365576657847,32.21709639154591
224.57879033513558,-0.8664824358029684,37.492657363112926,32.24300385840804
224.42014556687923,-2.794979158663377,37.461684798213795,32.26543929402754
223.747608103542,-3.923612824529563,37.43319810417599,32.287804959118674
222.81104916406483,-5.269983184819267,37.41818889458359,32.29914085067281
222.19759516253342,-5.858760273311475,37.39816164927146,32.31349655658789
221.46782541896326,-6.747857118183095,37.38174815350926,32.32517701791469
220.5082078334718,-7.762433422470984,37.36858548208495,32.335093538691396
219.83747370274597,-8.724684811252512,37.36029976766838,32.340950338280514
219.08735183810367,-9.293817889175891,37.351635821209854,32.347055830522535
218.6683771854003,-10.172393373248543,37.34384176848144,32.35254835903161
218.25303351682842,-11.864235543015695,37.33597722669601,32.35793775380273
217.56655517513806,-13.269195070377968,37.33093007439863,32.36153041921453
216.96508391155427,-14.966424690783,37.325132724819056,32.36537181258197
216.28472336818544,-16.184105043620423,37.320235344225786,32.36821008724085
215.40090787369434,-16.18533402513081,37.316327837190535,32.37066805026162
214.44303929842312,-16.18651132270882,37.312689210488415,32.37302264541764
213.40871244743678,-16.187767990733946,37.30884435250931,32.37553598146789
212.5274205521113,-16.188850608857226,37.305403315203115,32.37770121771445
211.53681018115344,-16.190007764987087,37.30179117423767,32.38001552997417
210.5843731218079,-16.19116985235522,37.29808284396946,32.38233970471044
209.58291997422603,-16.192252872682502,37.294505822711656,32.384505745365004
208.5420513322722,-16.193362409110975,37.29089283157962,32.38672481822195
207.45132118598002,-16.194569961552343,37.28700985863051,32.389139923104686
206.32122180946385,-16.19569353391098,37.28344899862578,32.39138706782196
205.1024429931966,-16.196956093993702,37.279493331218255,32.393912187987404
203.86303646113186,-16.198200321486294,37.275653969581775,32.39640064297259
202.72620457695018,-16.199206230990004,37.27245154035903,32.39841246198001
201.6177392046723,-16.200180399209888,37.26935793760953,32.400360798419776
200.4026076432439,-16.2012474141852,37.26598177251769,32.4024948283704
199.13554714455967,-16.202296221592025,37.26254564479461,32.40459244318405
197.74861133106765,-16.203301127111033,37.25924637524849,32.406602254222065
196.4345300247101,-16.20426861315259,37.25609780975615,32.40853722630518
195.08362007559913,-16.205185172886797,37.253143328247916,32.41037034577359
193.84091176072545,-16.20619936846274,37.24987649585234,32.41239873692548
192.51263432548734,-16.207211383179605,37.24658839834149,32.41442276635921
191.34342375437313,-16.208354041040305,37.24297782326947,32.41670808208061
190.14986453875295,-16.20943038635394,37.23963600174803,32.41886077270788
188.947954618993,-16.21052440010476,37.23620829793292,32.42104880020952
187.66978451460156,-16.211806532113723,37.23216447160536,32.423613064227446
186.38383094241303,-16.212957872037826,37.22852082138098,32.42591574407565
185.08492480055392,-16.21404278404672,37.22508245660067,32.42808556809344
183.80289659027318,-16.215178417235343,37.221460664042624,32.430356834470686
182.62777051935356,-16.21637600160245,37.217792584553116,32.4327520032049
181.39203587030482,-16.21756750481076,37.2139792135832,32.43513500962152
180.25896280754853,-16.218733175798793,37.21052804714943,32.437466351597585
179.26412030769757,-16.22020965709127,37.206069441619064,32.44041931418254
178.1468498804264,-16.22157746703872,37.20211780730035,32.44315493407744
176.93816306182606,-16.223002472638125,37.19809304324065,32.44600494527625
175.90535667223364,-16.224640929753367,37.19327673574033,32.44928185950673
174.97011382591066,-16.226146445376266,37.18887615404848,32.45229289075253
173.86269256640864,-16.22747150048064,37.18494435435749,32.45494300096128
172.7536063899689,-16.22881285142474,37.181126598746985,32.45762570284948
171.67858729431896,-16.230161264316628,37.17727370346848,32.460322528633256
170.61089297550214,-16.231619310078713,37.17313025186873,32.463238620157426
169.5893354728728,-16.23306505587173,37.16896685289154,32.46613011174346
168.5014976467054,-16.23431714849972,37.16524969059017,32.46863429699944
167.47669788203132,-16.235618592091896,37.1613421303234,32.47123718418379
166.3751915190537,-16.236883138034298,37.15751171853758,32.473766276068595
165.20872007843374,-16.23819936982965,37.15354220620755,32.4763987396593
164.0478982716214,-16.239533015813237,37.149515815941236,32.47906603162647
162.88177810285663,-16.240872020380916,37.145469608670936,32.48174404076183
161.61383947179135,-16.242225486530025,37.141275383374776,32.48445097306005
160.34793016608808,-16.243526332228,37.1372639738768,32.487052664456
159.0410099331675,-16.244764660775544,37.13325199030082,32.48952932155109
157.9135249660921,-16.246033966375034,37.129272644666464,32.49206793275007
156.7567365571025,-16.24727311380269,37.12537009062109,32.49454622760538
155.57539875692166,-16.248654509188153,37.12095403525159,32.497309018376306
154.33109781416522,-16.25003748164679,37.116555651828314,32.50007496329358
153.05285283294995,-16.251326739611084,37.11231086541852,32.50265347922217
151.95305016837213,-16.25258380954252,37.10810860218219,32.50516761908504
150.85986786801388,-16.25385083890614,37.10381677932997,32.50770167781228
149.7829908528633,-16.255199132241575,37.09908873489361,32.51039826448315
148.75495059214163,-16.256664958241508,37.094164140827914,32.513329916483016
147.62625702123185,-16.258022052887735,37.08922814154945,32.51604410577547
146.64081850308108,-16.259505976624762,37.0839132995322,32.519011953249525
145.66358174998408,-16.26116203148483,37.078446729851876,32.52232406296966
144.76779785764086,-16.262736029181745,37.07299622497228,32.52547205836349
143.87272079156335,-16.263999359432052,37.06864523780355,32.527998718864104
143.0012986616036,-16.26534666461127,37.06406036526148,32.53069332922254
141.9575164455879,-16.266709627565437,37.05957972855201,32.53341925513087
141.0456412937241,-16.268096160076336,37.05503837769285,32.53619232015267
140.23269826517512,-16.269916265608245,37.04880811704179,32.53983253121649
139.4390345637168,-16.27185082637376,37.04265314481344,32.54370165274752
138.63535118035284,-16.273576642355103,37.037029293789324,32.547153284710205
137.87520096112533,-16.275643711895086,37.03030045635019,32.55128742379017
137.13454047896306,-16.277715621422587,37.02366167812863,32.555431242845174
136.74887073572626,-16.27989006271383,37.016487375425285,32.55978012542766
136.23640007668297,-16.282073373174207,37.00875104306021,32.56414674634841
135.528981293417,-16.284078506938833,37.002294039623,32.568157013877666
134.51547971569516,-16.2856186166793,36.99739130555556,32.5712372333586
133.318737539172,-16.287200669365415,36.992404541582204,32.57440133873083
132.1725303496572,-16.28876649302638,36.9873884053225,32.57753298605276
131.1126628256231,-16.290824823827037,36.98096163965476,32.581649647654075
130.06648332353262,-16.2926957137177,36.974843995505,32.5853914274354
129.07300751579706,-16.294346238745113,36.96940569360249,32.58869247749023
128.04098077163798,-16.296096955330057,36.96344136728444,32.592193910660114
126.94205198606069,-16.297947472536087,36.95720166747342,32.595894945072175
125.7185322885831,-16.299841422651056,36.95078728320801,32.59968284530211
124.41456393222721,-16.301508881024347,36.94509227060851,32.603017762048694
122.91650762527442,-16.303224413552464,36.939790108665704,32.60644882710493
121.46699743589281,-16.304786582555632,36.93466953817967,32.609573165111264
120.02175241750291,-16.30627204508749,36.9299340500571,32.61254409017498
118.4987806047649,-16.307744617159404,36.92544547033293,32.61548923431881
117.0662846590959,-16.309318018380726,36.920485875083415,32.61863603676145
115.49250745571153,-16.310708899051477,36.91625347765294,32.621417798102954
114.08226728920603,-16.311978711538153,36.91226662850451,32.623957423076305
112.7551868323591,-16.313086912433857,36.908725573051655,32.62617382486771
111.6132646327788,-16.31399805535905,36.90584063642733,32.6279961107181
110.37504486932326,-16.314893116577032,36.902959637215346,32.629786233154064
108.96160061981854,-16.31581071334239,36.90009330681808,32.63162142668478
107.5395726001745,-16.316743725606646,36.89721073602924,32.63348745121329
106.0295785400685,-16.31774298005721,36.89412947452738,32.63548596011442
104.59181785382151,-16.31856547699032,36.891482740942244,32.63713095398064
103.10908466205828,-16.319413827993095,36.888759646548166,32.63882765598619
101.85992581554828,-16.320299011346815,36.885995157637645,32.64059802269363
100.68376477363803,-16.321161140448222,36.8832595250885,32.642322280896444
99.48007274566324,-16.322106152213276,36.88027346957264,32.64421230442655
98.41396369096384,-16.323181437374867,36.87700449935109,32.646362874749734
97.57684847090155,-16.324191494597425,36.874080398460016,32.64838298919485
96.80927476527654,-16.325292820808045,36.87081190089656,32.65058564161609
96.08786209353674,-16.326380558176687,36.86749087539577,32.652761116353375
95.20866309632888,-16.32741518060039,36.864374444533766,32.65483036120078
94.24578030718816,-16.32826217929604,36.861763109744544,32.65652435859208
93.03966137990743,-16.32911708647927,36.859143338344694,32.65823417295854
91.84627198383943,-16.32992485115925,36.85664371861546,32.6598497023185
90.72967508784512,-16.33071388092973,36.854225833434256,32.66142776185946
89.70095226622516,-16.331587961614083,36.851620750737325,32.66317592322817
88.51749035443343,-16.332519207061797,36.848849864542935,32.66503841412359
87.24138603173846,-16.333494237381768,36.84593732653749,32.666988474763535
86.05227485872665,-16.334455397110034,36.8429708030848,32.66891079422007
84.5846780224253,-16.335333764069205,36.840150922068126,32.67066752813841
83.11071005758961,-16.336256188592337,36.83720894684751,32.672512377184674
81.89920591174547,-16.337211723811514,36.834014702906536,32.67442344762303
80.77279519617986,-16.33812116043009,36.83095196350551,32.67624232086018
79.9519406312964,-16.338847529957533,36.82848437169956,32.67769505991507
78.90398213252968,-16.339650931172855,36.82591279997337,32.67930186234571
77.76437746362464,-16.34041246887996,36.82352643084374,32.68082493775992
76.50218813397069,-16.341317027315167,36.82071464329799,32.682634054630334
75.14499685076728,-16.34212300278396,36.81827482391686,32.68424600556792
73.8988674380688,-16.342841338905657,36.8160313433293,32.685682677811315
72.83644282798792,-16.34361492518696,36.81373336576769,32.68722985037392
71.52307574008033,-16.344573959676598,36.81076950348168,32.689147919353196
70.16399441849416,-16.345687624754774,36.80743580304135,32.69137524950955
68.76598896896147,-16.346942489340016,36.80348418150736,32.69388497868003
67.56844883619469,-16.34800278459385,36.80017606126822,32.6960055691877
66.48442115082293,-16.349081973441308,36.79664777951541,32.698163946882616
65.80866789056608,-16.350122295946004,36.79339389162759,32.70024459189201
64.92075244330668,-16.351209911932013,36.79010326801134,32.70241982386403
63.771456432997496,-16.35234997796326,36.78673458191889,32.70469995592652
62.472275104594274,-16.35353167348635,36.78317997187963,32.7070633469727
61.25027331726106,-16.354864012273012,36.77912923288638,32.709728024546024
60.247947118196706,-16.356110681514192,36.77535925628977,32.712221363028384
59.29303901228906,-16.357258520268275,36.771800090450036,32.71451704053655
58.39769623898502,-16.3581464979798,36.76895648418792,32.7162929959596
57.265530932605905,-16.359001286234726,36.76608924957982,32.71800257246945
56.12446501008107,-16.359871817737787,36.7632860970709,32.719743635475574
54.95006315717596,-16.360774062356796,36.76049130167568,32.72154812471359
53.773587834333256,-16.36164051795595,36.75774121608361,32.7232810359119
52.50019935845859,-16.362573731044616,36.75471419558868,32.72514746208923
51.14221594374884,-16.36343810265499,36.75173456809901,32.72687620530998
50.02026879133027,-16.364245527656237,36.74890688998022,32.728491055312475
49.01205097634231,-16.365032488673545,36.74625997372201,32.73006497734709
47.91240245602307,-16.365704570539236,36.74406279744154,32.73140914107847
46.65561358529057,-16.36642442018018,36.74174517223784,32.73284884036036
45.48072811658821,-16.36722305950663,36.739315601524886,32.73444611901326
44.333572870079635,-16.368140177752974,36.736438766203406,32.73628035550595
43.37824757534703,-16.36910614202314,36.73341762371975,32.73821228404628
42.49620528990751,-16.370110250702187,36.73029659862865,32.74022050140437
41.19961333799535,-16.371007002236276,36.72729028829586,32.74201400447255
40.16761010094194,-16.371977211416233,36.72423557656588,32.743954422832466
38.80724267619679,-16.372981758182878,36.7210660547946,32.745963516365755
37.83870208375538,-16.3740087697193,36.717773461334225,32.7480175394386
37.24501201266195,-16.374802917121997,36.715344042745315,32.749605834243994
36.18791920526222,-16.375543922012326,36.71288742083519,32.75108784402465
35.129539856775125,-16.37624924545774,36.710544355037776,32.75249849091548
34.00769009561422,-16.376953632505185,36.708246925302696,32.75390726501037
32.67183316176221,-16.37770989116114,36.70566989754469,32.75541978232228
31.583576178470324,-16.378505707939237,36.703001573097566,32.75701141587847
30.445064713877763,-16.379384840960384,36.70005290270383,32.75876968192077
29.434184676402793,-16.38017984910776,36.69750286565426,32.76035969821552
28.55727830142585,-16.38097099802636,36.69499656958764,32.76194199605272
27.617877488604226,-16.381796695113067,36.69246055256121,32.763593390226134
26.634042723700354,-16.38260510919433,36.68989771485339,32.76521021838866
25.671295814706514,-16.38334203632957,36.68761984533344,32.76668407265914
24.480023182217554,-16.3841173371885,36.68513579436287,32.768234674377
23.03248322241096,-16.384944328533134,36.68231203317467,32.76988865706627
22.260588870412544,-16.38575779299875,36.67966323526415,32.7715155859975
21.22417738051743,-16.3865231817133,36.67720459502875,32.7730463634266
20.11327659473112,-16.387264123472743,36.674915113592334,32.774528246945486
