336.5,165.5,26,61
334.10985010797026,164.74489905424105,28.11557734143247,60.192318519211085
333.3175418505659,163.7395128477716,28.11589953708849,60.19202354170808
333.43181259774184,164.15101628797714,28.113989535112914,60.19329877103437
334.0333468883639,163.63966899792703,28.11182878029241,60.196844047698335
334.613804567386,162.70157663645773,28.1021872688744,60.214461532782906
334.84031599003987,162.25142113075077,28.097255721908525,60.22591732530955
334.9755504593179,162.52354111739112,28.091519293203827,60.238118539887424
335.10860933767094,163.22839888387688,28.086413256201432,60.24888361585601
335.15134186126477,163.89119953261905,28.07389037653437,60.27301185633554
334.7559578830151,164.1882601911524,28.06652108547125,60.28561730490146
334.2466209782008,164.22506536600378,28.051749179195706,60.31335567568967
333.89858454534124,164.35501690637682,28.034815071648175,60.346475495763364
333.2928487003165,164.49596722090936,28.031018149789706,60.35117730419443
331.27984048643873,164.542909738786,28.05408581655885,60.32796188221975
331.20892927780056,164.1717999864816,28.049309969260207,60.33390660798562
331.00298583169905,163.87838687239497,28.030870697694432,60.36175523224656
331.26211018787336,164.71507921383312,28.011165277629814,60.39508339135787
331.47057740316114,165.7543326491723,28.00252275317266,60.41168097662732
331.09269953074846,166.25356786599457,27.99484337264715,60.427776368445144
330.7503723460084,165.90808264702758,27.98544653601526,60.444937397237595
330.50003741482413,166.51151332579656,27.978186298419665,60.457591244129304
329.524587758314,166.76927323684413,27.97501337442519,60.46364478676879
328.66770336381103,166.63631457742088,27.970281668474176,60.47074505873458
328.3116202609086,165.9678857454649,27.96489342424394,60.481111485959815
328.07394706768645,165.82901762827566,27.960776650650196,60.488127774907504
328.17520436349554,164.0379517907499,27.954310452877568,60.49716198253658
328.1824345450217,162.40333138249449,27.94098581593544,60.513032037176046
327.9969494038729,161.7988293714873,27.936138888750698,60.51981275825659
328.3216550141973,160.66240022652727,27.92524105435157,60.53219231320657
328.82474440940405,159.72816927945186,27.915167994471638,60.54559732545276
328.93026073538,159.0946861514206,27.909894927423434,60.55325142865273
328.55580518024703,159.04038386179658,27.90467287280674,60.56177025767856
328.2571880738233,158.50146850279737,27.90111759829235,60.56836853758955
328.2367018328474,157.9816743854145,27.897879407865506,60.57522535851403
328.4262168614072,157.61933759434208,27.89287460618757,60.583987731075595
328.9250804231276,157.15550474730134,27.886041800373746,60.59254694169763
329.30739581585493,157.17564442384253,27.87680595052696,60.60273278126104
329.8047152044786,156.35859032777887,27.866261793030624,60.61845494319117
330.51864818427697,156.0414320991885,27.862709736288775,60.62487372056617
331.73500830860985,155.06340938152326,27.854473025297004,60.635330567182066
332.71912288572963,154.1151415415141,27.846681764924906,60.64449899866519
333.13939831884,154.12852072074844,27.838818872680378,60.656523598137824
333.03398359727,154.3354991139931,27.833977596077638,60.663629102316975
330.4349146223479,154.1979083469277,27.860614863090937,60.63932158534422
331.0932425288881,153.74364662655012,27.854774384330646,60.64620401486127
331.32422579857916,153.98613202257482,27.849397245716794,60.65448466572112
332.15192642009487,153.88809868092827,27.844364335548196,60.660658311933425
332.7076365690319,153.6962843687198,27.83902373528312,60.665903955526865
332.73148237840303,153.24502077324183,27.82959704678914,60.67423052344735
333.1771589217822,152.40390719668724,27.821470354683996,60.68447252717298
334.3366435946824,151.36216451423834,27.812267778292863,60.69567676986317
334.44408685631856,151.89053304816582,27.803379690637062,60.71617039391798
334.66635257191405,152.31264630967243,27.798186407086295,60.72636447322642
335.36267875088845,152.6837240159695,27.794192334278492,60.73422741886285
336.00656094822455,151.8846827852933,27.789319332314086,60.74103287692696
336.25238114808167,151.84464324720165,27.785021290235324,60.74587209358888
336.89541637993267,151.6434670937604,27.782321202166568,60.74841679830426
337.0914050217405,151.67170264367468,27.775332077492138,60.75520418993219
336.47055883316904,151.34873489942893,27.767032203238916,60.7640222329548
336.07593464856893,151.45272814456416,27.76233901503176,60.77048169128514
336.0433570732535,151.2958007984266,27.75743361449612,60.775898589113275
336.2091003956771,150.90377867182073,27.74826528515483,60.78354281266578
336.18188090039575,151.6683370534782,27.74029963942388,60.79666845714955
334.2931406859835,151.56423386962177,27.796075585216258,60.745011656861244
332.0472476804034,151.54693846481035,27.853937398225707,60.6917460694514
331.72543039557155,151.61955913059222,27.848320208837155,60.70002639487771
331.33897399883966,151.63426951793593,27.841367200966623,60.70825513993182
331.35000662618904,151.3988776572912,27.837353553802153,60.71076358241458
331.4749104488451,150.72379915845679,27.83264438013155,60.71338568514015
331.9323863098167,150.27483756933566,27.823001560452006,60.724304309110714
332.6042023648471,150.45932898073124,27.816322613538233,60.736249496068
333.728918874862,151.06386715024493,27.80637008896118,60.74993371516901
334.74958749910735,151.33680513291125,27.794598174790625,60.76090937527883
335.6962400879109,151.67299145797233,27.783505278410644,60.771253988855285
336.47182859879166,152.01221480544586,27.77442201046382,60.7820137152835
337.29796951442796,152.30974920442435,27.7635188203198,60.79485602725083
338.61208320383525,152.07788883641376,27.7225864968946,60.83495239675015
339.4913154111191,151.64632432179647,27.706609989736478,60.84648793156946
340.24788025386374,150.3504552341835,27.689499429231972,60.85440957847508
341.0568475853013,149.3751289961946,27.664985271880635,60.86729919796945
341.69052856093015,148.7823098218993,27.655117054982643,60.87511900980161
342.4785513887255,149.1685699508859,27.6227282254111,60.89832695846289
343.3593251530794,149.72161067235672,27.601810965753973,60.91042888992621
343.8511966096393,150.57065701200753,27.588576270445735,60.920215515510435
344.6598821519608,150.74623314007604,27.577289413364703,60.9301368129356
345.5446806809221,150.62746488516504,27.565687960910893,60.93755823691737
346.16719024955626,150.8458016709681,27.556500322742274,60.94511867886871
346.48914394540003,151.48412291652213,27.55154506709448,60.949502312714834
346.81107956798934,151.2363853288462,27.54285357998772,60.95391785695747
347.22905702899294,151.01413029996024,27.532231716814664,60.95724545036818
347.8467142282075,151.10440695359603,27.52432370094633,60.959321028008134
348.67332077911976,151.377537747278,27.511862914642943,60.968386558087296
349.5168533878469,152.6440661049638,27.503325648429257,60.97681968226955
350.2858004701924,153.06909351816014,27.497351559154787,60.98254331161108
351.0410302122562,153.6194393042058,27.491206974471716,60.98841232740279
350.4932845638117,153.86074637156065,27.513525940504508,60.96436512656337
349.4932955257573,153.7574087771572,27.535305369114255,60.94178633783312
348.2757446544233,153.65198019635568,27.558167321819354,60.91822838551025
347.7116466368883,153.62040708402515,27.59264470893252,60.88224905352352
349.1064735794912,152.55281005876478,27.584122329692914,60.88862602259287
350.09798105561197,151.58607505783425,27.572711724680413,60.898126040399326
350.48851368423504,151.13154837701234,27.566172586666415,60.90518582933124
349.6975019182932,151.7259190324092,27.600168483929497,60.87114825484272
350.3580579887832,151.53520027500977,27.596368225922234,60.87623927091382
351.0143114243483,151.48469491957624,27.59237296959143,60.880360150655115
351.3960984358967,151.1624784867954,27.584487375373445,60.888898300430796
351.1994849789079,151.04021815602505,27.70013107769064,60.78024841806246
349.8251499821633,150.9177699028295,27.769300491345906,60.71659489446054
349.2600632819628,150.58725443814114,27.828830228340543,60.65766769729228
349.65760467762493,150.5353577707813,27.85156506539983,60.63331548629087
350.00836804926627,150.31050614827498,27.839946945812603,60.6442594043687
349.52609875938134,149.79301558076088,27.81310852954208,60.68510259660594
349.6529484138562,149.6223832451381,27.8060040072363,60.69173910308322
350.40930613756694,149.43867845465792,27.783018321892186,60.720131382245754
351.4938289424534,149.51385440696743,27.764392185767363,60.74801396539871
352.8971316786537,149.05215606308067,27.760674153094527,60.75514605957102
352.9680253222516,149.26548813641037,27.755196638628643,60.768094659150336
352.9289030011338,148.6460533999174,27.749334351263997,60.77605287725347
352.6595746116368,148.17479734321026,27.741267883683562,60.78565544238513
353.6758365226371,147.23286356793056,27.73586107561424,60.792341582155025
354.5099232812478,145.72367877194665,27.73410098479215,60.794806985966744
354.8017883206874,144.71522559294561,27.73207182697145,60.79815185677089
354.88693114050494,143.85192981625335,27.72686217491392,60.80505094151225
354.76830048170837,143.43406518101045,27.720150371460043,60.814292074752885
355.2234390767938,144.58435077518237,27.718072968429077,60.81777729243014
355.91538633523413,143.7739992142353,27.714636448870415,60.82216195004516
356.62774476600885,143.48432179821683,27.709875913805746,60.82646124247405
357.3376625905299,143.1495621339686,27.704990397133635,60.83091218298531
357.8904597572816,143.02711586823511,27.696111871544982,60.84156680513525
357.8477539179348,143.2395586688928,27.689382391359693,60.848361108280784
357.50435790474523,144.29436530571274,27.684354809527335,60.85469150491371
357.766638089039,144.24469236608326,27.68122219152728,60.85739635773538
357.89007228166554,145.01875181664715,27.674809195297026,60.86260406335811
358.73594557571664,146.06013045427568,27.664449197198792,60.8744093186186
359.50680904790187,147.47817008875566,27.658482655507747,60.882286281729606
360.6220907447315,147.5516984482841,27.651276700889657,60.88992857530985
361.695567055615,147.29698125185192,27.642081380453195,60.897656904426796
361.8087023416955,147.7692026952729,27.638802632442278,60.90229418678575
362.67743519158097,147.90764850227018,27.63195672084125,60.91021934453688
363.1415585099538,147.81659100881248,27.624937122002155,60.91721601921263
363.32058495642383,148.24958107367783,27.61611264097504,60.9254203787321
363.0161874100781,148.50168173649158,27.604041971432782,60.93517267926048
362.5197099013848,149.03278424228787,27.585703935192488,60.95050043591738
361.676195627454,149.33968256634984,27.576598750258334,60.959654043664294
362.14941922799017,148.82117980992544,27.566073873843393,60.967275062685246
362.95434757432633,148.90552732325324,27.546451341594278,60.98253189073549
363.374731425482,149.49399337049022,27.534584989781187,60.99259256073444
363.6353246950705,149.42111161783203,27.515283209076667,61.01181206733256
363.96141499576953,149.26288370296058,27.498026661824333,61.02522870392211
363.3259844835925,148.41566331938108,27.49260263387891,61.03103233366809
362.7880370053933,147.54139064797388,27.484513215277392,61.03791290921716
362.41317155596244,147.61806554510977,27.4779515325808,61.0457670208854
362.30356498615424,148.11350980901776,27.461781727851715,61.06464638304594
362.4307278274134,148.1676270185614,27.45512009460112,61.06982792045588
362.5248026836991,147.6822350860997,27.449722782666488,61.0739442524584
362.1773869006776,147.50929863952447,27.444167049648676,61.08068883016013
361.81374568777824,146.92405703119005,27.436174981753076,61.093405943084434
362.66904324273986,145.483081189626,27.429695381816686,61.1028507692942
362.91987810117746,144.53340547155648,27.42337626423045,61.11069851376
362.44924011123766,143.68913381678425,27.420135406513175,61.113585037339476
362.74403304737797,142.17494405502984,27.412018950850907,61.12109172950368
362.1283238772755,140.003745841764,27.403986717134686,61.13171010656642
361.55396596242235,137.7365853262477,27.401209712749676,61.134842172755214
361.66446056675017,137.7705151405678,27.3973452791462,61.13854239051627
361.4329246217158,138.15109601569955,27.387661737086,61.146919638856545
361.94158206071654,138.6399735074087,27.378052785979644,61.158779857388296
362.654142610679,139.15420303065588,27.37206308425578,61.16918923817058
362.9248018237329,139.5972379127853,27.364239309465617,61.179802988029984
363.0624534700748,139.73186437377262,27.361287937386415,61.184884705366144
363.192702639172,138.96562176566533,27.35958071805224,61.18736828126087
362.9185364089778,138.34771694857935,27.35671022557896,61.19084699712077
363.0781977378381,138.24714647119708,27.349397498469,61.20162579644784
363.9396775001734,138.6418198497643,27.344946574987063,61.208373933722626
364.82999897399054,138.37116425751546,27.341773977618217,61.21307368042271
365.4015938621645,137.5607840849632,27.338509681159227,61.218017313147826
365.7805787261175,136.54265185889403,27.335151683828826,61.22131443626084
366.11668440940866,135.9362085498657,27.332975202653017,61.22441547368241
366.36150552092573,135.71651859631905,27.33049899691278,61.22801193494064
366.2203540883285,135.34080756427522,27.327935082064553,61.2308397149707
365.9832447612721,134.6464912952045,27.32616040093035,61.23386620262081
365.82584691791754,133.23077938583918,27.324171318342803,61.236138152531204
365.59119001281107,131.77890625640208,27.322637372885215,61.238344608854135
365.36169954177666,131.32354198281703,27.319417375298713,61.241800697947795
365.3088364744254,130.70064677196174,27.31664472808181,61.24434599484148
365.09530294922195,130.11189924218158,27.315750041571178,61.245242863140525
364.4435498540398,129.76328031826654,27.313033316285992,61.248658148276064
363.6429205076633,129.50282447992282,27.307991774244407,61.256132434636015
362.25517850803345,129.58655325943744,27.304867212941993,61.25955064844062
361.66802386693433,129.60287282272935,27.286159846847628,61.28123037830472
361.0036912480708,129.69155111517628,27.27971143997484,61.287023250388714
359.3435812054834,129.4458024431073,27.276672171511905,61.28953913896211
357.25761374064075,129.54210305331338,27.26485694860935,61.305072122699265
354.8250107843501,129.76504195010182,27.258594317184286,61.311606755594084
352.5524866359144,128.59403002542828,27.25558648841482,61.31483184357334
349.9088006852691,127.21731460858715,27.252216469234174,61.31808100229835
347.47764470014175,127.1759322930113,27.24915005966717,61.32027734220316
344.97085802982394,127.50550901617804,27.24715562076172,61.32194438003105
342.53962515233417,127.59896961833631,27.243621677102382,61.32593010270407
340.1694867644204,127.8695673147742,27.24112015169091,61.32784812030116
338.5131310908247,129.08559738805218,27.23349873330313,61.332575579030824
336.8568671105757,130.3347148999353,27.226470695952607,61.337171775891406
335.36653760376436,130.95133580396757,27.223661892268726,61.339339346832354
333.0160779708939,131.70386782716267,27.22191344484446,61.341098124920265
331.037568411374,132.27820556251496,27.221269027812326,61.34168389040649
329.271582855353,133.87901657195928,27.219006569755457,61.34442140292044
328.1833360805768,133.97425823493452,27.215173180678757,61.35039079892336
327.556475963292,133.49643354227038,27.2121111219287,61.35535909389671
326.67674679172023,134.23305713474474,27.2106169923854,61.35721123412806
325.5303047133155,135.72770797760813,27.20838877775017,61.360196230530185
324.5554023323475,137.2718515843406,27.2055541983318,61.3623929209501
323.5230726859897,138.6962294060653,27.201349145496962,61.364983293430896
322.95352246922477,140.4771499209394,27.19254411008602,61.3699934027513
322.53453546562076,141.97502523596444,27.188781323775967,61.37289451563639
322.2544963359201,143.4557788767241,27.185166119374887,61.37614872970728
321.3922575405071,145.09295688364546,27.18161219412586,61.378052376585394
320.7174112754027,147.6092180206738,27.17681432497394,61.381118843831196
320.8796392352393,148.50774643675646,27.19559395761165,61.3648642615743
319.8652274950115,149.17922603049837,27.227048625506356,61.338301429719486
319.34688447463094,149.86247611476128,27.27076336518857,61.30430970597972
318.55868498550217,151.1142167963806,27.266854025308,61.30752695113954
318.55519090694156,151.49168287226996,27.307108030141993,61.272905248960996
318.6407790338537,152.0465677524935,27.35557864740772,61.23147555160903
317.7043761590999,154.04113964169474,27.34619297731379,61.23782423155006
315.93657661209306,154.3836792571763,27.43660283373293,61.15636785434286
314.40528571182165,155.22603931711652,27.602240826673757,60.999320025264446
312.3943845071114,155.93546739189946,27.67319847138481,60.93700050251439
312.3125307635364,157.7449531328557,27.664249228717342,60.938291405016564
312.4130598015194,160.18890102824847,27.65927904957525,60.940185672367036
312.68972835164647,163.05760741061187,27.650122580958747,60.940978340532084
313.3213885783153,165.50765549942304,27.644560268185018,60.93902831540607
313.7469993742755,167.7145122674085,27.633044501116593,60.93372914329623
314.5319523042815,169.15024191941902,27.62534538625233,60.931682023036764
315.98410672809047,170.57189989176686,27.619215592894662,60.9300330152155
317.49402595217975,171.71331534631727,27.6143274201372,60.92835149347426
318.3236868931836,172.2170514347592,27.605788600110763,60.92624635722456
317.6964598183961,171.68999136920516,27.6441272749848,60.893667002553876
317.3414472949129,170.06635700852678,27.640056133406045,60.89391690982367
316.37103482292207,166.0737728601083,27.636399227717213,60.89255633321706
315.05031969884453,162.65312017882607,27.634051867000856,60.89386726523952
314.5526291880285,159.46519392893768,27.631529601222148,60.89351575119185
314.6102640827289,155.5299522925346,27.62726084143191,60.89254669245501
314.2164522919198,150.57344120974574,27.625772451195118,60.89137951934865
313.6721831283196,149.39809241591695,27.719806028620447,60.79682087379095
312.7273050159423,148.46902879598838,27.76012155951978,60.76047146150267
312.30329263230635,145.635123735045,27.7537697723026,60.76146201094068
312.0508602919776,143.44985454708163,27.75098163380347,60.76319879308691
310.5810022454932,142.09240914512816,27.74542671160502,60.770103242166016
309.5519031647666,140.31747259138194,27.740873103038613,60.77784993249836
308.3207073608886,138.26309322966932,27.738271949182774,60.78291278647784
307.74282650328297,135.233792205699,27.73200976245458,60.785148390784485
307.1685351830577,132.72332303003503,27.729137000530883,60.78735133332942
305.98243291034515,131.3953068231282,27.72573834695086,60.79300408939771
305.0215458572918,131.03481797009343,27.723017232873172,60.797389781631345
304.12188568129295,131.20356336184344,27.717225461381584,60.80926235496005
303.3117571657983,131.85515230555166,27.709387342376907,60.826701308859796
301.4128234286021,132.2265385856902,27.757736660717697,60.781945988153325
299.8003535674726,132.73644898560448,27.808840390163603,60.73644619605334
299.0215110299221,132.97484308219737,27.87825267912413,60.67530023457037
298.8535331017153,133.0437006338941,27.982086397395147,60.58435874740145
299.27824106189314,133.0670854573954,28.038830056793408,60.531945949629666
299.90871524494935,133.05676003620036,28.122063466727646,60.4578638816251
301.5411315842987,131.64469145306438,28.112912779606205,60.46346428947419
303.31947610224563,130.06053948103693,28.10217344120678,60.46736288761238
304.72439100561576,129.5672147913991,28.09075166593015,60.47508787323414
305.55175475192755,130.28556635138335,28.06041525225556,60.5043537197497
305.7450009182765,132.20447522522304,28.04082544975094,60.52570569367374
306.4935469092649,135.03469593496877,28.006725897507433,60.55484471470349
307.24234251578605,137.8522180291842,27.991934810540894,60.56806445754707
307.7101366631787,140.19010236958172,27.98600558434011,60.57175868645051
306.74621150216774,141.42929510796884,27.98119568430843,60.57472291632606
305.8316646852151,142.3760900668255,27.978515917907014,60.57728168025332
305.19229134666375,142.6896104546654,27.976572401833458,60.57912074971591
304.6408801284409,142.51402514709093,27.97301509088829,60.58231685586406
303.7321367111726,142.22124682116987,27.969755145983214,60.5847236573377
302.7914386690451,142.10535430692934,27.96652615299058,60.587051113716186
301.8020822176547,142.27783761023812,27.963019240517117,60.58993697558925
300.4839699633656,142.32758867241085,27.95894204468861,60.59320006866724
299.31796493079077,142.2557485755053,27.954627418065794,60.59724647281981
298.583078356192,142.37205733475895,27.94571244642135,60.605541987797864
297.6211686241912,142.30212355751192,27.939159791473006,60.61264293786843
297.05601186264823,142.805702986908,27.92821209458063,60.62264842863227
296.9034049449363,143.42164067478078,27.916667803984105,60.634524936393476
296.6879155605566,143.86050307632078,27.90933046594728,60.642253119076976
296.3497010922857,144.07984047023578,27.902531982635708,60.6489985070378
296.51435649069145,144.38793685759254,27.89487714471518,60.65603696449055
296.8268256240752,144.13474891511117,27.885302177794372,60.66573062279545
297.0773586864525,144.5343384019322,27.870246872713356,60.67776883798852
297.4239428418815,144.30498743494866,27.85751785523989,60.68340805880936
297.72680723856115,144.73997627611368,27.845190911150432,60.69495392603606
297.333986771751,145.4402354404829,27.838772602045466,60.70276770674894
297.5166948934928,145.81883829885734,27.827007017884522,60.714000806070615
297.2343036007491,145.8246403863941,27.815600562234188,60.72723873307767
296.624818213933,146.3700736270955,27.8037435274863,60.74300925271243
295.9254388366814,147.53397087493107,27.797048242415876,60.751582840995184
295.5143188110231,148.0733253306478,27.79083689869764,60.7580916438714
294.625684098585,150.03238848771215,27.77942755827684,60.77282522735622
293.1399891334158,151.6432573362501,27.773396443311974,60.781721027518536
292.0162819503322,152.86335831631004,27.768074717865336,60.78949780236871
291.0479138945572,153.70490100261915,27.762376041665146,60.799238104761194
290.0490175665796,154.8306917186752,27.75271096446605,60.816122430019064
289.0271510792653,155.90021228091126,27.74284028995521,60.83355446533701
288.1514969779038,156.6053536040873,27.733504414423592,60.84779243074794
286.7911344961136,157.17420729850247,27.722736381788057,60.862664707101615
285.6577699603093,157.6494684956842,27.71170470930193,60.88192389032527
285.1534738636037,157.26403648666366,27.69900552755279,60.90069149380031
284.80431741493726,156.34890760297395,27.689343275731012,60.91675577401237
284.7763364593461,154.50938779354706,27.68084916363745,60.92843508707998
284.6182479446787,151.60332807404046,27.67674519402704,60.94073601031563
284.4859939666926,147.79128208056085,27.67199459124911,60.957067091055386
284.47142061079234,143.2012449300412,27.667939336614918,60.97020070300771
284.0630385185793,138.90103147724278,27.6642655532638,60.98108617336291
282.76110278462124,133.51986951691856,27.659741683121453,60.99121950410656
281.49985379431354,128.1006391417281,27.656153810160152,60.99932365658711
280.3396190758051,122.99772168556447,27.652971456558177,61.006146766240995
278.76611191012586,119.05558580912657,27.65024366145181,61.012952794171724
276.9450303606499,116.62947405282851,27.646896086880652,61.02076016525783
274.7069882336237,115.35472762259472,27.643135770773295,61.02964271230987
272.73188344174264,114.68624057216468,27.639979313351905,61.0375411190858
270.7408322082065,114.84100596527323,27.63622429369936,61.0464763405782
268.89693100409573,115.91389166790387,27.631984827988926,61.05694063020218
267.27780422116405,116.3326163824784,27.628573745796256,61.06634135783715
265.54718395848334,117.0681093550753,27.62544974250172,61.07466485230251
263.7832215177913,118.11965505190656,27.621904563537356,61.08365236374555
261.8548795958951,119.2009033185954,27.618535106472095,61.091318031295636
259.9905405286445,120.59904910212174,27.615401717535825,61.098698301095965
258.4273266682796,121.86817008761147,27.61247090822109,61.10532003098319
257.1323112605978,123.13858334988336,27.609598347959064,61.11237344075032
255.31438715795483,124.41172827725202,27.607254614844756,61.118099128997
254.59793363217892,124.30814083978115,27.604649004462658,61.12400379617604
254.06991147777413,123.9916998936331,27.602096702249305,61.129849653411284
254.39733735725895,123.8587519404675,27.600185514587814,61.1340559862161
255.04069489145064,124.05896333375,27.59853168640064,61.13823232980473
256.1981775012035,124.08933371854347,27.597071878042996,61.14181408399052
256.91307857626515,124.7945361895897,27.596035263274317,61.145681211829064
257.3082890841772,125.37507087227587,27.59493811381759,61.15061233187696
257.70304579846413,126.02401026073892,27.593761200670304,61.15554887305848
258.0383863158311,126.10050301536637,27.592678208901397,61.16001368214005
257.7669319379325,126.26406013376669,27.592204200835933,61.1633270919764
257.3438974770217,126.21188756618382,27.591622104991675,61.16700317096498
256.7902626501709,126.07777230109781,27.591340183986173,61.17033882823319
256.16823938435067,125.95104153587381,27.591056667065573,61.17375026097724
255.44292348997007,125.66257543584581,27.590661181695012,61.17738627172509
254.3301437640757,125.19138079755474,27.59040033052046,61.18086142810993
253.0206170561661,124.8870271396543,27.59032122757138,61.18347581407074
251.85231017126446,124.0467955955576,27.59013489895543,61.18587038362553
250.52119205952704,123.20649654440079,27.59001474578234,61.18876617823802
248.88860081571633,122.02965376241636,27.58974008008347,61.191099050556474
247.09417036695697,120.76317409428378,27.589347790422607,61.19347095205296
245.4378380484931,119.04330469877601,27.589083035489402,61.195549048946184
