70.5,51.5,107,87
67.95063305286749,51.38789753523088,110.15720539513859,88.08076563663053
70.07240100213559,47.368078340770914,110.1582812367147,88.07857873105583
68.30923631454266,45.92772306902082,110.16346383760855,88.0682742217606
65.39850673151795,43.01904991972699,110.1670004114949,88.06180231356116
61.12661051410197,41.700200710271595,110.18221599543574,88.03758113866091
57.61980776535489,40.47792274783606,110.19198962952657,88.01992307045947
53.99521009113023,39.98466218988817,110.2048716349278,87.99382540621914
49.647513510695596,39.865024482821,110.21552377559443,87.97402634101198
45.19949524247313,39.5965987328711,110.22810217452717,87.95110397854987
40.79792415812353,39.41732081717022,110.24076277584355,87.92757213223442
36.42096553185911,39.44377391167987,110.25920544188557,87.89724205365263
31.86691564067442,39.19964682562153,110.2836841991695,87.85894098561505
28.946646438818938,38.79711897443036,110.30520185474204,87.82504015313486
26.18196492660563,38.83434736402312,110.32865829728999,87.78710753937108
23.688159705622787,38.2660433072923,110.35329848245026,87.74834019125434
20.977268146402558,37.916896636512654,110.3801660201412,87.70773364620551
19.229791650036056,37.63431940224567,110.39552573589667,87.68464170961481
18.03613271284599,36.75270356115651,110.41026427411042,87.66206447093285
17.81708958853423,35.886384533175196,110.42504313371302,87.63814911541171
16.74340816061021,35.70942042479395,110.44935506144522,87.59969366732778
15.754927922646843,35.54973136057437,110.46711742011578,87.56867698056041
14.897686432082907,36.02736930109342,110.49403793557593,87.52436993964453
14.623058112861699,36.196489529867044,110.51637801050745,87.4837405100533
14.315571945405352,36.00415982612079,110.54203749399116,87.44074523395587
13.86401540810482,35.951841266835984,110.5723264957544,87.38825299029995
13.359933172770681,35.83210126141912,110.60348178921473,87.33900658192324
12.752098393778184,35.91819125610594,110.64033824733858,87.27596443311862
12.317133351655734,35.56892850117093,110.66980898481224,87.22682155748296
11.873814460273678,35.52588546610507,110.69872460437597,87.17976810673112
12.343439119319022,36.32415879226324,110.65094929484546,87.20705916384166
12.992512820036403,35.86070193595857,110.67155299013616,87.1732343963599
13.61366542162687,35.70848435144397,110.68680351014554,87.147265015552
13.902498085323039,35.50290523853451,110.70304887687551,87.11944635748267
14.643626816387247,35.071037909907126,110.72159548140512,87.09029801197941
14.935756217649775,35.1375193556294,110.73743338145574,87.06337410817143
14.78969344159158,35.844128057661436,110.67606035550054,87.09896585098846
15.169178443359684,36.20667413944403,110.62039559641013,87.13057605091433
16.68940065865545,35.848141810649366,110.64474642147961,87.09425355535501
17.375703029193346,35.629930532639534,110.65838681189643,87.07237102070886
18.29312458316724,35.220754474955186,110.67814747134366,87.04244228900495
18.780080678361863,35.28190700950292,110.65286626955229,87.0570381664074
18.855038762564256,35.22316903619874,110.62386927659354,87.07364419663631
19.11136044547638,35.23431811787,110.59942058502276,87.08737567387898
18.893563613799017,34.098958065077156,110.5643656020228,87.1070879841308
19.09021534739525,34.502761033638166,110.53028085145174,87.12833779995373
19.45531085254762,34.245166982055565,110.49904287364059,87.14661428798564
19.2306800791594,33.999277020583264,110.51816329926797,87.11973038732566
19.036271050363773,34.510534131446654,110.49410871458055,87.13467506223584
18.823992661515057,34.423300616195405,110.45544820402229,87.158903966222
18.687181105946877,34.793295495820956,110.41470110021953,87.18401039456245
18.463530530724256,34.493234055611836,110.3729742438727,87.21068473620048
18.436221728495234,34.88131275475908,110.32808704968001,87.23925614392482
18.38206159070989,35.796022658389454,110.28085268793781,87.27103321223628
18.35848572483266,35.39517178496284,110.2244807555158,87.30547995086883
17.440219787703683,35.74036653678386,110.18085265567555,87.33360524729851
17.54184269933465,36.041082915129394,110.13411690237993,87.36141622210616
17.847593077480205,35.57064480882593,110.08954381752132,87.38807442619486
17.522044352514236,36.303342248854726,110.0556152178393,87.40824103619617
18.093528269507026,35.09632811196333,110.00881697480374,87.43425713918734
17.69234408591049,35.56022967521195,109.96990529887165,87.45620521098188
18.133775808030244,35.55320908360219,109.93020683504368,87.47869939174431
18.117471670386344,36.01721783721724,109.87665946478218,87.51012032769812
18.08247440915659,36.37055380589095,109.83729951359123,87.53329898057973
17.883563668368353,36.261229798560635,109.79135738146684,87.56092528460613
17.808432050586227,36.13970061771558,109.74429611754321,87.58770486976978
17.651275453419707,35.855663639705895,109.69962218910213,87.61323642781323
17.37548560807518,35.79702069523161,109.67616022806541,87.62673473811944
16.68903616011866,36.3133210477737,109.64798137663348,87.64268261225126
16.560252560334348,36.06627459099394,109.6153930164239,87.66065949440247
15.988571535344633,35.74530769102006,109.58649096728223,87.67761791106852
15.695463020835852,34.55787647824451,109.55617739908986,87.69431388039709
15.449156615382478,33.54476478993147,109.52031474660626,87.71444447023423
15.048223261346493,32.76168409219398,109.49343424179142,87.7293501627368
14.40621821454313,31.594950763334502,109.46420869487233,87.74481864960309
13.560862769976438,31.102222131387357,109.43950339099729,87.75791530253547
12.873997625013061,30.58893765997641,109.40720707913266,87.77506361204132
11.185168101116432,31.135223926765093,109.37367061033962,87.79351152428762
10.572317524069085,31.217603227502934,109.349189255012,87.80641204694791
9.243013713525556,32.098193841250904,109.32094775882001,87.82129795717017
9.34673463586897,31.681172332847673,109.28895023397743,87.83842313731053
9.524372715435632,31.31370145724531,109.2578106896436,87.85558960327127
9.328044314800707,31.581401247452725,109.21124563193518,87.88083554354354
9.344940998629113,32.00371712185611,109.16185296785011,87.90741186644544
9.702173604232605,32.091692941207775,109.10848158770544,87.93754097737305
10.086867447424126,32.22151794961598,109.0489230529528,87.9712631445948
11.22234313863548,32.76715187237132,108.99697153320099,88.00133235524409
12.142101458360862,33.412129899271626,108.96031074301628,88.02173899809112
13.078350937207006,34.763148976459604,108.92165620861806,88.04349315824459
13.95836438694024,35.943041262732606,108.88334702441496,88.06450358768222
14.781983303924534,36.948981157778476,108.84407561348104,88.08544163816666
15.232827163113313,37.78779049171387,108.79610605668643,88.1109807528505
15.335725533228164,38.00247318728393,108.7556336914901,88.13283092691499
15.268204067950876,39.0606748066658,108.72306472505295,88.14943497613038
16.2248565626821,39.93431087054537,108.67022371245055,88.17569047059415
16.38756885561221,40.24031275531517,108.61842852374419,88.20226916908737
16.436635756242474,40.33271738013274,108.57970941098144,88.221748193502
17.08554008640443,40.99313832991432,108.52403746750018,88.24961385066338
17.218378908970003,40.70608835122568,108.47294833037894,88.27561834333424
17.346266182596104,40.2392524541081,108.4075664710435,88.30906801490019
17.779576503751358,39.184798918307116,108.33905589657738,88.34417190008553
18.517126439782437,38.925425063025415,108.26090579258162,88.38408495178777
18.912093445295355,38.65537009100683,108.1888432090918,88.42197754343465
19.733298423050883,38.210709560053864,108.13825492411297,88.44896602286683
20.299438443351775,37.76063910136581,108.07687556214583,88.48211977145402
21.143340293300064,37.69121072704129,108.01998476222026,88.51120279483185
22.051828605873844,37.41372574148467,107.96656831296839,88.53899459764827
22.240074284620974,37.321467210343066,107.91708109012913,88.56511118395262
21.924671047957062,36.260910651922934,107.95128548120445,88.51959164851017
22.859803430943522,36.638950957879516,107.88278198480093,88.55537400122714
23.22566295059724,36.869824815025545,107.83017043269518,88.58395355577396
22.62091480117732,36.125309493168274,107.86276622551543,88.53825567241941
21.765517126008113,35.541182257425476,107.91995873733761,88.4597056681207
22.602794281383424,35.777605881109395,107.83858174515998,88.5025200776094
21.733131980130587,35.506654732405536,107.89695367947566,88.42462723141284
20.74907429857899,35.13383999752982,107.98250378264538,88.30635836427692
21.11179479805915,35.58831191426948,107.85544960781607,88.37470522074281
19.275741235595852,35.559981665548364,107.93419440135229,88.26916395598565
20.027904003953424,36.23821889704509,107.80923502407623,88.33635954647426
19.13830585940235,36.29864916516663,107.8779235626672,88.24257570720819
18.310192236220047,36.46087018077958,107.9746833741487,88.11025588207417
17.69010181474188,36.80510948307009,108.06175049430382,87.99053457310167
17.900649122009526,37.415412347012236,108.12497649053017,87.89903202896372
19.08880765973513,38.15778799782766,107.99842409594139,87.9657301454008
19.40873910759329,38.61892421699174,108.0609442416069,87.8718733989252
20.447586346516076,38.78290567466045,108.1567154925211,87.74390837060314
21.701793751608136,39.60775759286432,108.02000049236506,87.81507002224777
22.954339201884828,39.39580180212069,108.07054170622207,87.73790430938536
23.89535693477749,39.836348622668304,107.99916445691319,87.77665249425219
23.457101458869182,40.004739444559746,108.05648180712153,87.69086690368815
23.759539891048476,39.93513258770524,108.15036324688205,87.55710436794075
24.096154202135196,40.1499571611847,108.27384982465597,87.37440338866352
23.716979777475572,39.980217151430395,108.3688699071524,87.23620746360541
23.32250697715,39.46234221431225,108.46910308972417,87.08654922245474
23.541105908728248,38.68078931566876,108.55526404843657,86.96130791853017
23.041266486133267,38.1938279399726,108.66453425848707,86.7974656199881
23.00594695015492,37.67944510378878,108.7897876657423,86.59728734837839
22.728494205597265,37.635958627179804,108.91461837367818,86.40714930773419
22.924139961772816,36.75799725408278,109.03162132448473,86.22079247667298
23.019547219071228,36.117492605544584,109.19029646895888,85.96646742507079
21.443462284760678,35.70465191246389,109.32741401900698,85.73697922886524
20.7119070698242,34.678440816772756,109.40875228834985,85.59601939548249
19.682120920130032,33.843937143713745,109.50114970008102,85.44187443790483
19.70235746939965,33.198834027503196,109.57932331265285,85.30224344345825
18.36845326739838,32.25817164026109,109.63962711040844,85.19489619989132
16.870829412666865,31.16130575814781,109.74283695137171,85.02319737062727
16.0645157241825,30.40769281346204,109.84425519805328,84.83906350162174
16.376027928120322,29.649334310512657,109.93350635484819,84.67164363999731
14.52025627390725,29.17645215341271,109.9844797570396,84.57504872129468
13.978797673674741,28.096479813463027,110.04732914649234,84.46085757317586
14.468260948417267,27.26756163665184,109.94282091527893,84.50944540785444
14.808682440730351,26.49884012711575,109.85884000836577,84.54908533492376
13.60555133902416,25.841263746769535,109.88562924081563,84.49873335394749
12.431510439106674,25.816888497891824,109.82360295120358,84.52803898745964
11.674143135377442,26.62036194235791,109.77818395510828,84.55133230047754
10.5067694060007,27.084094924912144,109.7408925726142,84.56970085284802
9.867282734480952,27.217048796702983,109.69900040375947,84.58903134545523
9.013522651708442,27.3684677022839,109.6558028101721,84.6099823261883
8.508297356162593,27.01568495263563,109.61286051414832,84.63075822749671
7.890067221948684,26.160595333639606,109.58145822421127,84.64554938679919
7.064600994325076,25.457696221881022,109.54603341970812,84.66234969790943
6.463660037366239,25.35926622119068,109.52658671748353,84.67169001485618
5.630542485231246,25.11322563006842,109.49868997055722,84.68468202640635
5.039001569568548,25.61718606373993,109.4732417334851,84.69704140102958
4.829008542495281,26.104433019795735,109.45271572651255,84.70638449739423
4.984421400224001,25.70283939570637,109.42679356716359,84.71862454670516
4.641638641920629,24.867848718952636,109.41301325666767,84.72482270757804
4.0373718888742545,24.701019418928297,109.38675417261912,84.73686924755668
4.54685968684803,24.641213410322116,109.34987548714825,84.7537446203222
4.821966492614976,24.27709045578039,109.35768336141987,84.73585857282835
5.1707417022494795,24.58176225598929,109.32603889460448,84.75060093518292
5.046154627790763,24.53158038564981,109.28942677242664,84.7669816345158
5.243235656671423,24.986766703977963,109.26035591930857,84.78057182935669
6.29140250011875,25.39162079152225,109.22586562764707,84.79641200507912
5.524526730573179,25.350009143640378,109.24259968302697,84.76120593806897
5.73254875590424,25.747396889991002,109.2081271338583,84.77739616220656
5.70582555825181,26.16126112644345,109.16057912848309,84.79986256072729
5.855828889851367,26.03058942612372,109.10849300823938,84.82321605887041
5.499205417359626,25.645559462021325,109.02437053269445,84.86284502641999
5.181784919107933,25.043543559867032,108.96420521825804,84.89074307885937
4.449967277372039,24.36537276029309,108.91032424635111,84.91687434990514
4.473751805746723,23.743225503429763,108.8365793628138,84.95212202296408
4.034168851436824,23.1326427975862,108.79219073175311,84.9725809527176
3.967476702409712,22.690426544979395,108.75181649323011,84.99269294134491
3.9082367219533722,21.838037599932548,108.69607565374301,85.0204426522699
4.020771911043624,20.028843553584096,108.65902790398906,85.03975161288673
4.206603430275706,19.232439198404684,108.59525128720534,85.07320160723451
4.50997910059516,18.664074680820192,108.51733864066205,85.11420677498711
4.376645277717387,17.099569016395414,108.46988405660306,85.13910285611023
4.200198721256939,16.273018059698437,108.36828847485614,85.1931839307667
3.9294903981000004,15.577182667156727,108.30999459708784,85.22491478302693
3.6183193231940365,15.064554043438186,108.19491404220311,85.28810710860809
3.044903849805557,14.686415326605577,108.12409171444394,85.32549876289251
2.7216289956572766,14.000062385504329,108.0167008404651,85.38330329316629
2.5426599044569684,14.236195532416353,107.86865298799557,85.4622585488532
2.267681735093987,14.05469549260988,107.73629540765415,85.53055106196643
1.9083284687842337,13.988775669229277,107.6341870923275,85.58224400113325
1.3538630417196558,13.694414372758843,107.53167833692906,85.63482180104052
1.3528564338098903,13.004865571538943,107.42958625154725,85.68768291704538
1.26287250340404,12.603717741804203,107.33042705099191,85.7406037696339
1.1633053511379075,13.225669878238485,107.23601905982983,85.7941374030306
1.4420573622388773,12.481526290154008,107.08440955552645,85.87830568366886
1.7485588975703905,13.677432903834855,106.94385194303717,85.95955759417032
2.548114147854953,13.319978380757647,106.83246693876016,86.02808943447604
3.3557417784539894,13.35163705404257,106.64449567986617,86.13847464082082
4.093149937038234,13.022351925000741,106.45848687402733,86.24460067931524
5.3627782141292855,12.681518548261948,106.30442605196193,86.33024059496705
5.3443823176937855,13.061036839992099,106.11474473689893,86.43288881070109
5.733454693342338,12.814533552996714,105.93222288274995,86.5331143058764
5.930487827412364,13.365480935391055,105.75352026612396,86.63191398288306
6.1273097619068295,13.91636778261595,105.5751582114718,86.73037839706822
5.950597727635277,13.272635201824798,105.40761700186626,86.81878752933076
5.769779167953139,13.802873389063912,105.22228446905463,86.9162853980166
5.949761503078172,13.683098157188383,104.99856974337224,87.03796066572798
5.62220909976962,14.176400580677601,104.70364940875018,87.19305608654129
5.722846384966481,14.185272444624914,104.43700743771025,87.33186380913762
5.525571945904083,14.388446484805826,104.2325697497683,87.43374647456818
4.9228208798497874,14.431200551793005,103.98680797730536,87.5629297709241
4.350410444674225,15.39872806305506,103.74487898403191,87.6857210561545
3.816782309278551,15.057695225151349,103.54616323658138,87.78620060944911
3.337070273272957,15.37810796691118,103.34306546945072,87.88818740181598
2.90694327712081,15.859494919775486,103.11636093419001,87.99936307151157
2.4718579784905543,16.329096583123608,102.96733883583285,88.0727458616061
2.3663007959443476,17.12979465548021,102.7877285419592,88.16398596834247
2.159176930281461,17.919308228186672,102.61278954528433,88.24902609130113
2.0307799276764626,18.637246101006788,102.42669260839762,88.3371730440633
1.9592238058345188,19.34940772188957,102.29585871584531,88.39618911199013
2.518120893552421,20.49855708721492,102.1618008170361,88.45597625208222
2.6733784190007768,21.688252269080735,102.047967951074,88.50408708998023
3.1118713943334555,22.224051080503635,101.9572555990796,88.54117984818454
3.664706627137008,23.74375813187497,101.83489666740041,88.59528590993162
3.9904586016985633,25.24446049867781,101.74617357536349,88.633118675563
3.611887086549629,25.94211388323083,101.65969922599598,88.67133401167393
3.0857919887769114,26.91122945592378,101.53838828762265,88.7234299861153
2.552194739939843,27.986149672966576,101.42801923720872,88.76879714785491
2.0231950580411677,29.150341107767176,101.33337837750295,88.80945762847344
1.5802511339334941,29.870618434586582,101.24524353923682,88.84672337125797
1.1663342895335447,30.873646527806592,101.13887187477668,88.89207952879683
0.7055347222746278,31.77429056457754,101.03891570476723,88.92987763021983
0.3461352228902186,32.58043980113351,100.96022529885771,88.9605771372257
0.006126581851653157,33.138273145521936,100.86892366842874,88.99855954016942
-0.7014124659143377,33.32198419181592,100.76641159882247,89.03839425943868
-0.7765868539513292,33.372305508904915,100.65341552078002,89.08285357483325
-1.3709646132841868,34.03656788541288,100.70400961862359,88.98863551489441
-2.470567389853116,34.43157794377496,100.74021029657834,88.91600027299096
-2.6542145132286663,35.040391301818346,100.7750898566496,88.85261750297963
-2.9608602163821587,35.47366001984868,100.83069046372029,88.75573910927736
-2.523031748025801,35.19096294755385,100.87491499005841,88.68167805462538
-0.9826161754276583,35.338498720865424,100.92307020350471,88.59801782022471
-0.6814704234002562,35.01389539981471,100.96504059606016,88.52882338791666
1.7431615385373078,34.792849005818354,101.0184756658679,88.44192680127176
2.607002006427841,33.45361575106892,101.06039857854417,88.37417057631934
3.024092501212877,32.69524675264273,101.1073188396226,88.2986601333829
3.98895223675936,30.042508453965034,101.03820186658413,88.32694842965186
4.728669044072426,27.651465670266,100.94138524872314,88.36580699204505
5.3708375201292,25.999345247639667,100.8168199774415,88.41640170196752
5.834788247754837,24.685755720567442,100.70281470138944,88.46288083545767
6.937295833875787,24.048390513529355,100.56892551333944,88.51537044390793
7.771560754071693,22.965847451288155,100.4203173333709,88.57441489854475
8.126897706864014,22.42288658169489,100.30106378024522,88.61847164654323
8.482030675934446,21.88020893275519,100.18199062402955,88.66236285407534
9.037348194824922,21.017674764082038,100.10357118149396,88.69224111936201
9.452772756491797,20.845516244232222,99.99133753047695,88.73400846905348
10.032028002011508,20.39553216790815,99.89632494040036,88.76980022914638
10.329713436814401,19.736823452516433,99.83068719218969,88.79453191278321
10.810122853316685,19.75906497210874,99.69484903535928,88.8486817606044
11.603120141361757,18.854556457597972,99.58716683243046,88.88994506934243
12.008834698498262,18.433474282193572,99.50228972773996,88.92167114481401
12.417981509350462,17.390405633275144,99.40709605301127,88.9590792613612
12.616049682474099,16.908562296698342,99.25857926116444,89.01394065623263
12.716073860483498,16.72808529800767,99.11514423494363,89.07237837200921
12.965591856787753,16.955343464161146,98.98169964915732,89.12559955705913
13.265483172688121,17.392157867053243,98.8460757609765,89.18215279101264
13.593765579391814,17.03091323277102,98.71612746129821,89.23829282738028
14.61922486046143,16.203361265368784,98.54881104149297,89.30700960474456
14.925803350641992,15.566784688424974,98.42727409511126,89.35672437648344
15.49053280613095,14.699311455154358,98.29659501745014,89.40672931279701
15.88190371493046,14.191359484028439,98.14859879769048,89.46523108534441
16.80817118212763,13.031449634606673,98.00777407791101,89.51957861049715
17.372530483692486,11.695017715822388,97.92410108902385,89.55210307352348
17.761966644122033,11.065483438294812,97.82544633227074,89.59108708058211
17.706092259145294,10.349133882056854,97.72218627716052,89.63254988782121
17.6110590329165,9.954008152673254,97.6050300950642,89.680015058327
17.333267029231877,9.642745242651685,97.49010160500836,89.72569243104729
17.570226253908345,9.585007666167996,97.38175855863051,89.7708706259258
17.341406898392393,8.871541808383043,97.31371505874017,89.80109635642643
16.56862811436592,8.769680701417933,97.2147220648882,89.84704053078202
15.804305380886902,8.066584274716647,97.07981381709405,89.90681238084292
15.221760266241972,7.25559383668859,96.94686008009057,89.96641055883995
14.263620048450697,7.031138666175039,96.83403342186209,90.0142011014452
13.392706692553837,6.907309435974334,96.72802804995372,90.05936696712767
12.65994278118287,6.820607742945263,96.63398174549839,90.09995765947072
11.868941780807361,6.647777974000277,96.53398811598512,90.14463621219605
11.050716115542222,6.619199854308789,96.4611436968511,90.17563156506782
11.405955750026116,6.402138897806452,96.36842174828736,90.21177129795393
10.271411025624133,6.892677111464536,96.28953141307949,90.24652061908137
9.301751175276976,7.944768113375424,96.16379025981567,90.29876337607807
8.41686458562178,8.749717327318777,96.06675264048104,90.33992636386367
7.715959237947246,9.57605325151593,95.94391884177341,90.394212332547
7.299886556796729,10.429775212380491,95.86436914096028,90.42617833437134
7.171184664086418,10.887185081962727,95.77058826022413,90.46447984011425
6.539648788937896,11.003524447513044,95.70012410086846,90.49261446445948
5.954867025065305,10.848933113420301,95.63780124174231,90.5181570161918
5.010755359626856,10.23713219357964,95.55856250978351,90.55028263002015
4.339267418973627,10.865933808263577,95.46103479383045,90.59241041681133
3.532882257739523,11.19645285809608,95.3903796898155,90.62070063002017
2.99549222515914,11.439445601813269,95.2960885574665,90.65941918168262
1.9822814126467918,12.344808848760586,95.21744292937841,90.69197049979208
1.7454354158204168,12.59994052283205,95.13182496361954,90.72658778023496
1.3639530300619,13.752464495587503,95.05056522255951,90.76066975949823
0.9795674943358605,14.673849440166435,94.98607838042211,90.78683855480386
1.030534978079693,15.55597635095284,94.91382106475702,90.81501608775376
1.3589567025541172,15.468433917920564,94.83586841628424,90.84694138550853
1.0295442371999286,16.528893489219364,94.76464874364484,90.87533044756181
1.1931838457150192,17.336096114287436,94.69308620809507,90.90448131543714
1.0052603998107088,18.10064412083893,94.62173637787305,90.93282534482988
0.5410683006502026,17.90774463930012,94.57596699791266,90.95115097383348
0.08369344622781227,18.01455960665745,94.5323956122445,90.9684369133616
0.3956089315488711,18.662951015377764,94.47799189341818,90.99070440796321
0.1562813843514661,18.066097668315287,94.41189856232928,91.01765983656234
-0.22217379452951747,18.105396948251055,94.3220494219719,91.0540303588675
-0.5892749072989787,19.138442499596877,94.22009063009291,91.09506692264924
-1.0632997426828155,19.227407825596984,94.13697315131682,91.12979293251712
-1.6281042656461082,19.030722147795956,94.06470794110938,91.15959183962713
-2.5298589767868336,19.69740338206463,93.99474562648287,91.18762878324493
-3.1143250429405285,19.39586851086242,93.91843563995481,91.21949416134957
-3.6251431990265743,19.62231581656767,93.83112062194196,91.25575573651973
-3.6794409211922243,19.567109529998717,93.7441307260118,91.29246426811702
-3.8098164906170737,20.13419579822576,93.67479056723501,91.32144061166781
-4.378767227492581,21.222877252044412,93.59595417458435,91.35349647768163
-4.124976752890589,21.884562011553264,93.5197613651051,91.38469865876006
-3.603562468853667,22.908950158691283,93.44823703487381,91.41360557485694
-3.063959657472772,23.50960791387935,93.40007756422689,91.43366374173453
-2.3068488844154658,24.16841319138696,93.32400737767038,91.46415277606715
-1.4593211354180582,23.534489851187125,93.24783560865659,91.49527782160202
-1.0513322710807032,24.491897587943214,93.17161243759143,91.525096428023
-0.8598738701356581,25.300772935962847,93.1016528331291,91.55437978101786
-0.23930586020266986,25.99043901928618,93.03092696951312,91.58159575680436
0.06364484969840589,25.425898484630864,92.97640123683331,91.60333267557178
0.38388903969402577,25.58953182202619,92.92379126288989,91.62512325795657
0.8384869477283701,25.308250785057297,92.86227160477256,91.64835151155134
1.0029764166411823,25.808720307846215,92.89423783210425,91.59968982832015
0.7602801706491249,26.281426353188174,92.92988490744713,91.54711722900358
0.37557857794703864,26.659063816881186,93.00569101452794,91.42752130819409
1.3254569399309446,26.6392081581144,93.08144536462629,91.32042879963399
0.7428226774417084,26.84059322808239,93.14245392180081,91.2338678865447
0.10420067370112207,26.994186718386246,93.20200960721472,91.14696307313326
-0.1405033493465453,27.45717020243695,93.27259107326245,91.0382096403407
-0.2896204547854069,27.5611374136424,93.33477645160443,90.94850892100663
-1.7625691152847196,27.137656465612892,93.23072865655996,91.00149373528998
-2.9356190872896946,27.18803878398065,93.11936462084884,91.05648029708466
-4.346911661552504,26.412590165040264,93.02998010766181,91.09953857050316
-5.015653704936625,26.475707345438707,92.9168702460658,91.15948664903351
-6.1072263288903414,26.00130815441303,92.82821855221603,91.2050926897572
-7.4009552128142175,25.288797787601155,92.70962163256378,91.26550573161612
-8.313701825732927,24.70019649891428,92.59864983345308,91.31942742615448
-8.333905401581191,22.87792439305636,92.50665295578025,91.36774780669356
-8.250215794574132,21.28451881505231,92.44541981659762,91.3964557350863
-6.1088809112810125,21.495659285221862,92.48856429714273,91.33465012629208
-6.3755148873272205,20.210491006824896,92.41575529343986,91.3631942903553
-6.302154332284459,18.36033189949729,92.33889694395776,91.39541620107069
-6.46560482295061,17.059813960476546,92.27706251173873,91.42379067927087
-7.094334829587879,16.80784454095469,92.21008156889755,91.45585063209174
-7.926626410672661,17.821946517055522,92.14152676586478,91.48498253346673
-8.620637799349446,18.34846122705533,92.07560867484067,91.51789180556001
-9.611414179227737,19.456309733291725,92.00639592022347,91.5518333505213
-10.49715428895982,21.061736210031903,91.9590368280879,91.57401810723077
-11.283971837231192,22.20731630469706,91.91140949348593,91.59625127231635
-12.456974623961322,23.010302570373767,91.86097837566201,91.62158181293864
-13.185254729578851,23.762318244371038,91.80581781033915,91.64937445767329
-13.744020532671009,24.711831825869147,91.74323526647616,91.67772690283137
-14.209962927531883,24.98693099778957,91.68160766415384,91.70607627513127
-14.753145463618004,25.191398776948937,91.60755422588907,91.73898276617281
-14.81883574551211,24.68635973174355,91.5527250663239,91.7629082076578
-14.49467439875476,25.20131992434375,91.49595194813803,91.79031962291822
-14.597886596152442,25.987589569095746,91.44190979711315,91.81349537934318
-14.409298990206587,26.79956851207185,91.38777101748768,91.83749934832566
-14.29054984638222,27.191287932490994,91.33462095543251,91.85879247255238
-14.434900314533039,27.68758091514183,91.28952893705085,91.87729773955051
-14.441687787180136,28.457256697710484,91.2541840779508,91.89118349340582
-14.733256278176633,28.14189974294706,91.21585436368143,91.90747299545052
-14.550357446491745,28.343124225644708,91.17806380232429,91.92412142380637
-14.419120137421913,29.571167871315026,91.13565503122385,91.9434231362194
-13.991499767904415,30.335690118475604,91.0589119881117,91.97664594536504
-13.833256805334614,30.841185550810216,90.99891578689292,92.00574826421327
-13.34951731475185,31.91561266403656,90.94193923950425,92.03084089521298
-13.247969156624634,33.255255816398844,90.87464368721447,92.06150360705945
-13.207495290050936,34.30461947744393,90.80948525985833,92.09182177141948
-12.771678226831817,35.343018876491364,90.73784023769103,92.125493268277
-13.073955327200736,36.48975722590202,90.66381695572852,92.15956435807568
-12.691280883963813,36.29902249804631,90.56206702393226,92.20221609814226
-12.766459952065304,36.71467574611093,90.48741805824181,92.23629322704355
-12.587775159747139,35.996768389296264,90.42423727107939,92.26501691913509
-12.59496059170484,34.769926498299924,90.3516556722024,92.2945402206285
-12.63822564193098,33.74997017070803,90.27451961374011,92.32675267096305
-12.773827723249184,32.27824154176679,90.19773359135417,92.35922946581758
-12.89528790877263,30.68240028899215,90.11080930879464,92.39729983452604
-12.708980012755752,30.260382809698548,90.01086658719164,92.44050681307174
-12.43487845326625,29.357552314127318,89.9197302127786,92.47870316645785
-12.420266125922332,29.580507510096076,89.7920831201845,92.53105008371871
-12.183731358687517,28.438892075556424,89.67610992994743,92.57843276439775
-11.994780722935865,27.240967406831672,89.5698238656394,92.62225110933932
-11.974002680285295,25.83262119754619,89.45473809728477,92.66821112510877
-12.176724841466296,25.023899728547242,89.3629649134765,92.70472836005796
-11.917731943789029,24.08539581835155,89.25338731290232,92.748695704604
-12.038913947099118,22.75714371543988,89.15891143500292,92.78570547225596
-12.301846022278873,21.64677211745844,89.07193499250126,92.8247400939238
-12.733678303161525,21.523812209010444,88.98826764890157,92.86315928914334
-13.247210439187072,20.999190929188096,88.91543703970419,92.89463644599415
-13.567914952548506,21.042739747566493,88.83461724133474,92.92887999301898
-13.90456873258995,20.681587022018554,88.75884122283105,92.96282111716097
-14.26142254744046,20.309451595061084,88.68322021779315,92.99591313186922
-14.328878513234947,19.764942300000776,88.62050718287993,93.02417456180306
-14.916787324222831,19.483322221844787,88.5460155759586,93.0553819303152
-15.959781372321558,19.275741976839655,88.48048294309112,93.08389614957352
-16.673783280539986,18.722653032400387,88.4230333922947,93.10796947473898
-17.218724212249768,19.185715829397964,88.3560167571791,93.13684398326382
-17.948202418817935,20.23418737437474,88.28150051311177,93.1696897688901
-18.594454253592872,20.994135666415303,88.22569037422048,93.19431225161958
-18.769075842139273,20.888399879730905,88.13123866176784,93.23902834243394
-18.97150152513059,20.379149518790506,88.07236791795586,93.26488195289888
-18.84931891958255,19.85738607158609,88.00684383580513,93.29241286799862
-18.925730723304262,19.424482212220987,87.91642477712325,93.33106845374085
-19.53744071206136,19.32998621086766,87.84419248432037,93.36264683967104
-19.620297013612436,19.202363446389,87.79263592011849,93.38729019363103
-19.74722573006065,20.073252955824962,87.72272870100113,93.4207034355013
-19.151745901618057,21.0076667778212,87.65391624660771,93.4536243295261
-18.699905173047426,21.854143696913084,87.58740580759007,93.48518485653855
-18.78833493874206,22.182541681761563,87.5015490754467,93.5267936162079
-18.54083020926751,23.06976222374861,87.41628468385562,93.56846624263724
-18.583710067671085,23.58099085346312,87.33059572288452,93.60978488023429
-18.474324051947363,24.11302207034214,87.23982570917352,93.65030344489696
-18.84413189066997,24.26002542770798,87.15254287139427,93.68773133767108
-19.293842862367363,23.91660531991704,87.063195462353,93.72687881328943
-19.605946089366128,24.522556929817696,86.97570064243237,93.76719717780819
-19.833535666970846,24.7904768164045,86.88973065823751,93.80888439123355
-20.171818675544024,25.194173935784534,86.82577405232173,93.84087983428958
-19.852120176563105,25.478037226556374,86.76598281255005,93.86939001813057
-20.107136507264407,26.200939173848,86.70864488040483,93.89698278244472
-20.464339111803625,26.76509283376153,86.64873640120507,93.92326797665575
-21.251061776194398,28.187944167037635,86.58872931452031,93.94898879299843
-21.972909110855575,28.881751438282755,86.51454235199147,93.98167294607246
-21.86172312871242,29.520878608920867,86.43108023424942,94.01612137979777
-22.012444373932375,29.375410623108877,86.36958363515267,94.04430928881112
-21.738773693278844,29.330771380567462,86.31110851363175,94.06925047561991
-21.378583044076407,29.10946675582847,86.23963916819929,94.09736944256234
-20.797827236947036,28.588646796350616,86.16785269069744,94.12635517622294
-20.065506747264777,27.888173264032382,86.09937553255332,94.15529427481785
-19.21177735654142,27.756731862897865,86.04117989464604,94.18045150628896
-18.544370627498843,27.10634464415596,85.97438432463004,94.20699951669452
-17.991643622375584,25.983797681290966,85.90816006501676,94.23488624904988
-17.293313029694232,25.018725878469738,85.83598430083478,94.26429531089198
-16.857819690921673,24.881190657149688,85.76480111869677,94.28998759388986
-16.546739798213622,24.3779534722156,85.70101079100237,94.3149001241775
-16.064612638507228,23.989745690377248,85.64861270566323,94.33655154820195
-15.941291014078033,24.584893831651513,85.56990768922671,94.36412013667851
-15.91363567554216,24.805563520711146,85.50931693283489,94.38771492880537
-15.954961730649671,24.652913853708036,85.43298853937159,94.41639312972252
-15.84759708330305,24.206050203023814,85.35771995734963,94.44630017628826
-15.701915308187154,24.398399972236504,85.28692981750964,94.47194699687739
-15.686782644216123,24.118152378439966,85.20874805113704,94.50061056234675
-15.436988040845876,24.423295861816555,85.1438205606193,94.52621151645005
-15.133384704287636,24.374431620738086,85.06992817516533,94.55512788162643
-14.75024133969925,24.442125793024154,84.99460441624537,94.58301513653397
-14.505816931043732,24.674669862275536,84.91588493743721,94.6124315689922
-13.843227910218701,24.901236461072948,84.84447390933695,94.64386398705138
-13.326728125513249,25.23784395154251,84.76870031830053,94.67786181186024
-12.719362474089777,25.093928184501365,84.68612526831461,94.71300884214881
-12.539552968524106,25.458656618064282,84.6212829352686,94.74129157854242
-12.501139692226296,25.644815089238584,84.56139939783115,94.76661778509289
-12.469874378653039,25.610273016110604,84.50514851675514,94.79145970948677
-12.283239639539673,25.824827327875127,84.45494184584996,94.8131986520855
-12.089803412336472,26.123946538619947,84.41175531645042,94.83083857417802
-11.879408588150532,26.550390125533468,84.36748734485734,94.8463781405205
-11.188655066802127,26.687864238281833,84.31583610183552,94.86520413239094
-10.971804560687808,26.307210408654186,84.27928465244257,94.87914810508465
-10.472913566359523,25.925582286189062,84.23308533399779,94.89682170984385
-10.117825285299553,25.59943814625482,84.19124760711726,94.91183310181866
-9.33953749510642,26.06395698644183,84.221430878736,94.85935676511453
-9.116624797062258,25.19340773137116,84.19612924535062,94.8688304335658
-8.725686052798657,24.710069617654547,84.16589851394927,94.87974701649067
-8.22291206260013,24.47210965206765,84.12243333680158,94.89547846943303
-7.799609557513939,24.5670147888244,84.07790889828065,94.90997606499626
-7.321511372560273,24.499592648844292,84.03541811576041,94.92431400618132
-7.021360196234241,23.985034219074876,83.9967646683856,94.93723616452539
-6.929068069817035,23.675108858117383,83.9587813623352,94.95075523999796
-6.765498150768593,23.864230123034275,83.91585631887409,94.9660092533332
-6.474443635761872,24.707545965848453,83.86876466003832,94.98251460784309
-6.005451610196914,25.363137068467623,83.8372423842113,94.99312595881813
-5.14749465463931,24.933072868428063,83.80584883690376,95.00270698560242
-4.402060979717021,25.13083676285894,83.77662518289048,95.01274010744241
-3.607247063304598,25.34600332156264,83.74007659754031,95.02451055477424
-3.04225776864169,25.718484730608225,83.70643687635567,95.03301934961337
-3.254030869379136,25.989324895821397,83.73117224413801,94.98756795252137
-3.402862542533377,26.73620883965087,83.69976403888514,94.99668302232092
-3.687393331061884,27.38559963232229,83.73013624101844,94.93891949384759
-3.140184853150359,27.92789560769919,83.76130531806282,94.88066707403861
-2.720799598403566,28.042474353964295,83.72094343607931,94.89363267868973
-3.0036013042147687,28.055190352890108,83.67547925460403,94.90845275916266
-3.2410718998107697,28.07378737408372,83.63289727627851,94.92165594149972
-3.5272718828949436,27.89067366471196,83.58279819373699,94.93601666793863
-3.645228133954916,28.207242239926302,83.5213991514386,94.95413226409198
-3.614084723519163,28.710718196939773,83.46798388589546,94.97019298815708
-3.8746090944327563,28.989042522544608,83.500681431672,94.91072536507508
-3.958380659404753,28.777568235270664,83.45754197578054,94.92239533416185
-3.902208070063473,28.74395026251988,83.41302030398971,94.9337063797873
-3.8424343681466695,28.705231520127377,83.36614230192097,94.94689493018414
-4.703356766650302,29.055807621495674,83.31334165119722,94.9600121270905
-5.276762862385766,28.226103477667834,83.2764009482666,94.97051382619179
-5.530759915333945,28.316174735718185,83.23356784898183,94.98159663019187
-5.784721981909101,28.406242693707163,83.19076568761463,94.99265098678357
-6.128639735249024,28.251423221510443,83.15105933037617,95.00446492254626
-6.292704973826893,27.515363621766717,83.10999261772402,95.01684562906802
-6.420090051652167,27.12333199000839,83.06210320220376,95.03198757691466
-6.83827358162943,26.448130753471133,82.99858770715035,95.051201490457
-7.188941876816116,26.17613001425601,82.93966574211143,95.06918786602394
-7.258971055565716,25.581462814026267,82.8818458282693,95.08750259313595
-7.125084464989037,24.603227993426607,82.83520631136632,95.10377691229853
-7.293543226556501,24.03050718254211,82.77393455804442,95.12394947870101
-7.458377575477414,22.898754485273685,82.7351004899923,95.13668621173883
-7.869544791839047,22.974187424739142,82.68828267480984,95.15066450302066
-7.8538411653853615,22.251522586245457,82.651871402426,95.16063267545329
-8.014317262347348,22.385452906454532,82.62163371478678,95.16932876530552
-8.088651083816643,22.535336136543016,82.57931590161633,95.18102131000755
-8.098358630956227,22.333718573851293,82.5388872806152,95.19235291576057
-8.125373604728928,22.395339292158027,82.5091238860471,95.20105959258856
-8.318577542268677,22.38337004410174,82.4764747495223,95.21006064504243
-8.22368145722266,22.93703550803749,82.44198392680518,95.21952835646842
-8.402189318437848,22.96492042425934,82.40922869438822,95.23018618699335
-8.857279461898692,23.328696823159532,82.37276455591775,95.24126010771408
-8.886786995427642,23.023922429358564,82.33449789131052,95.25315496989717
-8.695202024569397,22.863745115119528,82.30184188468314,95.26289164483634
-8.740525469041913,23.20842107545014,82.26220994786829,95.27539890033403
-8.816811615920017,23.95925516841887,82.21801218454232,95.28892572648915
-8.312356162413536,23.829620970260223,82.18470855349219,95.29981960107412
-7.753225071114699,23.744060899636295,82.14673585396488,95.31087719082356
-6.772091547601065,24.11174897211577,82.17212039347021,95.26368953911641
-5.178450726054393,24.550056400311462,82.197200801387,95.21618524552639
-3.367081872191804,24.760454321711407,82.22569962778047,95.1665722020658
-2.816225168397054,24.7864596532117,82.25418958647057,95.11677639946912
-2.8869434858817726,25.16610344468836,82.28369299008625,95.06618249966323
-1.8517212625725605,25.256248521045926,82.31469660254986,95.01219107255311
-0.7855204382072216,25.35394694156726,82.3457354197463,94.95933419463663
0.7399290888305217,25.0790704179123,82.38294252106633,94.89488909369597
1.14311132468589,25.194486618252753,82.42192676513775,94.82497480958457
1.694146465813958,24.952370412554735,82.47176881446273,94.74443229050347
2.2326705138295964,24.764338792243173,82.51405529694556,94.67145020084057
2.536865818460882,24.581167960188992,82.56139016680896,94.59069787152356
3.141333104486783,24.31006496719474,82.60052464268502,94.52347330598313
3.9318155816125255,23.901337333597397,82.64668185220611,94.4454010315404
3.8918646610275474,24.087029155514216,82.69005817939926,94.37166894682122
4.063911445489474,24.400696671449317,82.72352784861933,94.31463354034774
3.772834191093196,24.31538514648185,82.76977526770165,94.23521534386849
3.419712310594093,24.459823788520225,82.7117191591625,94.25029701221865
3.26322351773603,24.62832158308815,82.76304925223145,94.16210474062964
3.063583731153038,24.498427390253518,82.80886416236872,94.0850128596325
2.753204335713896,24.394337612558715,82.85404998571771,94.00716870882437
2.172777451124901,24.102905326483352,82.78581258744575,94.02594511521505
1.6409268431429496,23.381874672933762,82.70802286713035,94.04441206673104
1.1383361339363205,23.361744532116873,82.62861027423685,94.06505399735235
0.5870118740108552,23.36745109575741,82.54442648531855,94.08839911750637
-0.029551693022277448,23.362879834096518,82.480222524643,94.10494211673623
-0.24913318016867692,22.754877219620234,82.40973437445841,94.12232213874147
-0.49341937838995875,22.820728512033327,82.31824622927118,94.14710292100074
-0.8107859471581094,23.421048733043122,82.23394511225655,94.16834363018049
-0.8744350938458325,22.83114906143716,82.14774710803411,94.19116555830757
-1.4759366120123545,22.929544045983597,82.04341548288339,94.21434676917686
-2.043962506856701,22.47158360145894,81.95023639183478,94.23605797528474
-2.680174326964547,22.41076066482347,81.8623925120996,94.25590135790407
-3.1095886125487837,22.628513577833544,81.76971130953685,94.28091946505614
-3.606704427467875,23.241571431685365,81.68590186271487,94.30314555613485
-4.1390804711856575,24.080998553681134,81.59779986518187,94.32562030498694
-4.528228670411146,24.4630542174729,81.53436173509128,94.34046658276534
-4.642530128734208,24.59618764825497,81.47020293847103,94.35735751686886
-4.920603939795839,25.056392602702694,81.40552532951901,94.3724540114196
-5.288324130332029,25.144464377923747,81.32056046576412,94.3962606344747
-5.346573800426903,25.70103327121398,81.25638996180332,94.41274924121241
-5.859964670375078,26.17937756378368,81.1928781750502,94.4301784119629
-5.920962489887138,25.94698640612871,81.11763541349582,94.44907843667112
-5.82533643570482,25.855478722144888,81.04935793930171,94.46718536571778
-5.809814221888921,25.572527108142204,80.99088675475149,94.48274633193192
-5.809068996576713,25.895974883466515,80.93595144548664,94.49697393783084
-5.727159156840607,25.624999339679533,80.86443972849163,94.51704010719192
-5.723685968022707,26.32868612248022,80.8000582629962,94.5363027606152
-5.550453207123276,26.68451427417547,80.76173844308256,94.54544238665662
-5.332122801932741,27.425614192039887,80.70362831119309,94.56263935192266
-5.341913584685507,28.24270071143482,80.6588016861502,94.57360922599747
-5.0875715397826795,27.770383106701132,80.61391632791002,94.58510678020667
-4.88014870194602,28.080176798236018,80.56977688263869,94.59739282595847
-4.812692914946723,28.841117413297646,80.53061344259748,94.60728015624476
-4.515070952959952,28.86382608213099,80.48749515138685,94.61754792524296
-4.18729854158606,27.844426593385677,80.44144573002151,94.62893019664838
-4.248766119154169,27.202070016048417,80.39996595779434,94.63916646552731
-4.045073555782153,26.486473807383796,80.35586535930577,94.65169979186076
-3.749287482488853,25.939128924311184,80.31423916322728,94.66294090955323
-3.810749150748393,26.27012660449011,80.26737725349335,94.67574713725385
-3.1003519385785694,25.864237221282217,80.21982055822627,94.6898852820075
-3.2965940699015874,26.14153334741765,80.17743317709065,94.7012387742511
-3.1381655247249753,25.9245407116842,80.13766329834631,94.7118099345806
-2.980788655186984,26.32078488427169,80.09986933614869,94.72113644355068
-2.4934301491453965,26.07923980847025,80.06138012252742,94.73060019015287
-1.9665200037070392,25.35864755802225,80.0280427294092,94.73865573806883
-1.3151776706383842,24.33689280008243,79.97500675349558,94.75346537907053
-0.37382103004642886,24.359549765321923,79.93024250986355,94.76560769237479
0.31211003861298536,24.17844229887193,79.87257159473558,94.78165762388241
1.0057245562590467,23.973039021993984,79.81231528245065,94.79633468869329
1.8072317791273917,23.859295266761336,79.75891598144358,94.8111641514825
2.723425250809086,23.93762115735906,79.6951440454807,94.8276968694316
3.693785071979235,23.727857679750095,79.64361519617782,94.83909818568775
4.5943778143741625,23.47236083573967,79.56525154309115,94.8595425477656
5.579586435972075,22.86172658694114,79.4936884363623,94.87531854887219
6.514518141929678,23.08371484637457,79.42672974952187,94.88946371717917
7.265647122166165,23.172132274286113,79.3719233805406,94.90102817623645
8.196458969356534,23.27712354918573,79.32457137462116,94.91105797830775
8.793841159619838,23.674809857384346,79.2754774080655,94.91885681777066
9.0956254047356,24.36066751267856,79.20663893501919,94.93241794398796
9.477224859977774,24.766355397254195,79.14528185574211,94.94223271085887
9.521722599075176,25.437084766263077,79.08411812194996,94.9541768258532
9.868110803638075,26.202100950046535,79.0394649771369,94.96093137215804
9.941944482853785,25.479230346911727,78.99029449536249,94.96914277610527
9.905066309942768,25.530840231971354,78.94137665912714,94.97665664916019
10.599454334901587,26.449675291539933,78.97438250675437,94.9255383631758
10.873909434691157,25.95249123134488,78.92628871199472,94.93290363398705
10.898420389995508,25.99103087462305,78.88386749937652,94.94069631009722
10.975575906074788,26.123116696873574,78.84882764874176,94.94718929791658
10.919484143418856,26.374844130872923,78.81526993486352,94.9536584840637
11.065576426900094,26.690338224783915,78.78259305380078,94.95988155942149
10.373526710480775,27.161958368844438,78.7522435101227,94.96463913936151
9.860174185044379,27.48499388792689,78.71493591432038,94.97215782669099
9.874337889429235,28.132451335376977,78.67803388845537,94.97995298809575
9.728680106988854,27.879465910111804,78.6551887487234,94.98368961812133
9.732371177033386,27.48991644678538,78.62323670979058,94.98899127113832
10.024468897918617,27.409485724741153,78.59754608789011,94.99299033710635
10.270649838763156,27.36268778682222,78.5672698108687,94.99836940897626
10.986586342940285,27.610430590439037,78.52869328269327,95.00674725560768
11.484002441982234,27.63869361125291,78.48843036475692,95.01407671300909
11.921644764198412,27.209038222602096,78.45852578814988,95.01872000555043
13.383474791817527,28.39771565651605,78.50131880832059,94.95667800011877
14.390902836058444,27.57948139620096,78.46993685523762,94.96209855665288
15.069054564868445,28.28587305977426,78.51025498250989,94.90223552331426
15.002630317897626,28.577001639131403,78.57257968543638,94.8100804470909
15.694388142828508,28.79560336875445,78.6193336345355,94.74056528607021
15.582087341721014,29.182456915850835,78.6677452628001,94.66840348997695
15.469802655670698,29.325690212806776,78.70971754906718,94.60467087052186
15.690848243869027,26.61742035973095,78.66681140432297,94.61165323414421
15.388106153291346,26.971103940540154,78.7014255436311,94.56133739737017
16.097186783442176,24.759640695582746,78.66990244784971,94.56746577250837
17.002568847820918,23.12591847686705,78.63803930004163,94.57247954206257
17.884799926239374,22.268981659685295,78.60408237124732,94.57894665558257
17.96050571379451,22.494050950635703,78.62883975945014,94.54379697887317
19.11742652779609,21.12848029777161,78.59397790973678,94.55012124701896
19.617431981041833,19.987347553358276,78.5546746081304,94.55736565964324
19.753408412117004,19.52587526177802,78.47863979936865,94.57084421459025
19.85815108103874,18.959417084562944,78.41968167056868,94.58330697290529
19.996782834636285,18.450527506494154,78.37132187421572,94.59446286091543
20.250219504610534,17.871460778462158,78.33663307310847,94.60230260913183
20.586445906361348,18.553879215068584,78.25308947838141,94.62412404680917
21.19477121378671,19.131187607594292,78.19498960281902,94.64107613230219
21.884000225916523,19.859662491689484,78.12284604694318,94.65957938325396
