306.5,5.5,95,65
312.7621721947726,11.934965760137516,92.62885385264235,71.8051363813363
311.65373722544706,10.306258326797547,92.63786832826543,71.79735540145862
309.549210238748,14.593969810099424,92.29415121020239,72.10182573777234
308.3681975004458,14.501186010616962,92.14581835321918,72.21785240396272
306.4106664846228,15.027514118739681,92.11311932605773,72.24659121773895
304.70283148704766,16.57770028490752,92.10074500205513,72.25806247137129
297.4087652426971,16.279705162691727,92.1017488515352,72.25712304642269
291.86879926957045,15.616765371617731,92.10225403234655,72.25667613912213
290.02999045141235,14.877599747808773,92.0940298698804,72.26463375621637
286.88716244595093,13.188518899306338,92.14247513022339,72.22982014194194
286.4722405152318,13.473993509028197,91.87712572479306,72.4245412816329
286.9573533400339,13.770588738661445,91.72477200340388,72.54548736325614
285.09283808139253,12.288225345312505,91.80773895447868,72.47141724825114
285.4551401526303,11.24661900559434,91.98938135493381,72.31621468644602
285.66218793656566,10.27428433744808,92.18138473697228,72.15410301687916
284.4178835772758,9.643408569851118,92.29204111828693,72.04453716544589
282.94811771823106,9.998343731008589,92.0455922779811,72.25720983238494
279.8613640919558,12.959778335187295,91.77215720112487,72.49208980005292
280.8465092336195,15.967829223521264,91.51813128490107,72.70702230225461
280.26356966799676,16.40305645740728,91.42222395527006,72.79762949095765
277.15656880481123,18.502675571584803,91.2270588687444,72.96745368630866
274.67453664332766,21.589679309993798,91.03464955508433,73.13816466575898
273.7389406055055,23.269144040129916,90.87954191568652,73.2946792457852
274.3132605234221,25.45952859948067,90.81702471187997,73.3504130605859
275.7042735179073,26.912724986910654,90.78020126426084,73.38100196373496
278.07602990570507,25.96599691714289,90.65238730305744,73.49198143968101
278.93085194296975,22.608756324631244,90.53016893729891,73.60337758365816
277.5908238856258,19.54735875469231,90.3664299908753,73.76968792891932
275.9930467666613,16.007309611083073,90.12687556715275,74.01597445618907
274.5347873124565,12.776311407158637,89.80958405075756,74.32756784127183
272.8668099503539,10.836514345644325,89.4740855374292,74.63615471256095
272.59694455793124,10.502166149998956,89.32420184750123,74.75989984376181
274.5164195983789,13.702255944657125,89.308161360188,74.77508499672453
276.08525330773966,14.048974642921529,89.26693330303878,74.81424614336284
272.32559821805216,11.550687605395247,89.10147718984166,74.94122564444079
268.0942004097848,12.19340513331538,88.85058967801962,75.12002911303748
264.8830213076069,12.643801475355069,88.57023868437732,75.32372432492367
261.7458296536459,9.025222262724043,88.41203436870305,75.44944352212786
260.12635358596305,6.032891776655575,88.14893872689287,75.64562325876065
255.2006512040358,6.182816455175001,87.91613977065457,75.84026175357994
253.2741987980333,3.7763648533234004,87.53520745497408,76.08994493317425
251.95365572274235,1.6029639152801778,87.36897348760549,76.21443769671187
250.30074200092088,1.4499698021397904,87.03486138466334,76.4485489873318
248.03039515401164,2.561657961828729,86.8352343959562,76.56786051318403
245.58245565069726,3.2002083860968327,86.43723961565873,76.84049544917846
241.9986904014224,2.7875322105922606,86.20100538947695,77.01098456185295
240.65652458745356,0.6649386987229065,85.88785710179577,77.22510039952599
238.46142182644036,3.1861175754234523,85.63412980445571,77.39451651850038
238.77231883314846,-0.3592839967731578,85.04648374651674,77.79046778758843
236.06366289515088,-2.8013270865614928,84.45555253855802,78.21144113604937
231.80722894464154,-1.285997014099678,84.28978388867343,78.32826362471644
229.32052269077232,-3.137731222170423,84.0336679692878,78.54465909621682
224.38480087979056,-2.1601650239424686,83.9074919623451,78.64537649033403
221.28007431687323,-3.2526559820017766,83.67703467634503,78.81513299599122
219.1905743582907,-3.5101537336278383,83.4094479846234,79.02026841876277
215.80772268028102,-5.193852842669607,83.23367881027774,79.1589137853601
212.8374222211608,-3.9411307577486383,83.06840948163095,79.25367503696592
210.926021107312,-4.282417213071483,82.9587368577203,79.32108390609244
208.9739298650665,-3.1607209614278844,82.86933113305909,79.37911829031745
207.5682175695262,-1.7673905358881399,82.85224353236717,79.39152183704985
204.84476145155517,0.33287012114758596,82.8413816060168,79.39950663030872
201.73103921224373,2.475027265415548,82.82533252766336,79.41149179932285
197.94067868159547,2.3025086188306787,82.83988194284173,79.39403304428053
196.72933251155683,1.5382709207639564,82.8580654538022,79.37655576268723
196.09001696771367,0.23665340250710187,82.89831539410385,79.34370600420277
195.4737836572809,-1.753527992010973,83.01260424340107,79.25451208013467
193.9356008002389,-2.769910058242104,82.81608225072853,79.42252046289448
193.72790126675835,-3.595416594485002,82.51721865337149,79.6770329479169
191.04903091443504,-3.2813163300802657,82.35471666697813,79.80813801545905
187.94959255165705,-0.5475260556286372,82.12821268574697,79.98096741299744
