118.5,69.5,114,162
116.43934841344765,64.77928848067495,116.71166524509567,164.00566444795186
111.08275141550634,65.51562979723656,116.80188103052907,163.88345438429428
111.99917340884164,68.45103609433173,116.64053283910839,164.02606523294452
109.61605648123273,68.83105604877952,116.82924393965703,163.77461167115206
108.96056209487148,70.10243164088027,116.9808962646638,163.57424840160814
109.52103297027071,73.99278053644625,116.82418105776866,163.70866072171276
109.54271730355256,77.46132077272316,116.6315455372764,163.86405375608643
109.64162334809163,80.1843877071951,116.44980738479478,164.00849462850607
109.65691089488851,82.41555325039802,116.23875747344819,164.1700138877118
109.56531365818581,83.55416307118462,116.07898956262963,164.2949088758841
109.557180610352,85.29404678073237,115.89811433878393,164.42559363192896
109.14141539695893,86.3539001914959,115.73147081346742,164.5471585446396
108.59900761652656,87.8779019043443,115.56539373517198,164.6633554248815
108.25265071554861,88.72366612472544,115.38669496188298,164.7952188984869
107.59113019635663,89.03167591446635,115.24564207669825,164.90035824072368
107.1847475403541,90.3889523390383,115.10098960258195,165.00373704364887
106.60937423735311,91.42113247613692,114.9861923901101,165.08563035526706
105.47502413530941,92.58427194080069,114.88503575978586,165.1569515998897
104.28704037738525,92.95667622273136,114.80181409907473,165.2159755670037
103.24594324631812,93.31027693300447,114.73538704048451,165.2634764760931
101.68345075593925,92.33720912930248,114.6864270711385,165.29875226027016
101.36470127082694,92.67239392631751,114.61584503435932,165.34042243493593
101.36450491919071,93.73431274354819,114.53728403935432,165.38171207784885
101.16913470016738,95.54509289621689,114.49271050755046,165.4059363889818
97.31418460092367,97.16024777402568,114.53396770829616,165.34902059813166
93.71173238921108,99.04429029661799,114.60470922888929,165.24459035717678
90.50362124425757,100.26853664849367,114.67162207436881,165.14375271133252
87.48001648053634,101.15966259489561,114.77097374506081,164.99531169632863
85.44475224330498,102.13748355332312,114.84647658475791,164.87850811832553
83.62438559612107,102.47925952759547,114.89661606427585,164.79884307211313
80.99032790356897,102.80320677844355,114.96860546518818,164.68178318564753
78.6122635876315,103.15468859508952,115.0294134908314,164.58251804440576
76.6287844857874,103.30052714491158,115.10969538302669,164.45133394610346
74.88963145628412,103.43010092203988,115.21345014579911,164.28278391708585
72.90811634337214,103.65044774557032,115.32590349402908,164.0916591943328
71.91913213384565,103.88892497618204,115.42410032284923,163.9333852579354
70.96920949199118,104.30575088721857,115.50790163358911,163.79513075327188
70.48855323214319,104.90169056174452,115.57479150294787,163.6866319841684
69.77735657377836,105.312415917851,115.65629763076609,163.54834974281496
69.49426211501603,105.99247357346351,115.74655517207195,163.39729641183743
69.8033829549375,106.53308712756116,115.84730834810975,163.22382831443392
70.74375257188794,107.01018512720638,115.92012124109334,163.09660384605777
72.76572823476748,107.45855759925149,116.00437569154886,162.95132946776346
74.89423574471029,108.05943637097504,116.10444733014103,162.77786696444699
75.98287878438263,108.2382997484466,116.16776946612836,162.66552937299798
77.78233797417016,108.37732725335871,116.25054797833799,162.52322498473097
79.88246970632471,108.96157646392996,116.36242116411432,162.32589239944588
81.32128629735193,109.06770031317068,116.45158795650141,162.17043238179897
82.63757938575154,109.58654917051012,116.52932773604682,162.02848387843142
84.16478046397737,109.67121306196411,116.59502154784163,161.91239634631953
86.27329272938309,109.76672255027523,116.67182693493788,161.77784375914473
88.5245891484368,110.23509574508792,116.75869876128968,161.62995924028505
90.9376309480781,110.4616022429637,116.84320867168117,161.4932728031234
92.6626619218513,111.04488351594713,116.92660257282861,161.35123947583025
94.59046660847324,111.42870231209267,117.03553821110513,161.17055075515174
95.28422376114932,111.54073840580472,117.11240893840677,161.04001526505573
97.1346679273841,111.80970581527235,117.18828833665007,160.91380265915032
99.945414233097,112.39067615374377,117.25181474149016,160.81154470906753
101.46258016200267,112.38711822658166,117.33129461501733,160.68280953781039
101.85024833457362,112.83462685472075,117.42366343621529,160.53486718358985
103.09692895733608,112.94125351936691,117.52462606421027,160.3710031570281
104.60634345381338,112.78474469775702,117.59412376383685,160.26314984048912
106.20150931015677,112.34031861896678,117.70016208059954,160.10947062695297
107.96566334378595,111.8609561426927,117.82337426556896,159.93305194184396
109.74775784724784,111.42359316441515,117.93221158196366,159.77492501029175
112.56147016540355,109.02284815670863,117.85123660690712,159.81022592734664
115.63194880256609,107.23250297866096,117.7171681990066,159.87499850542684
118.94803805852384,104.30566586963307,117.59297814000249,159.93693659753657
121.24563726056438,102.05001322412306,117.50587547719337,159.98486012128365
123.20978909057504,100.07943060986477,117.38451714111615,160.0599379131242
123.88784292185548,98.6753498827115,117.28673684347682,160.12938467245394
124.62860201542814,97.2952487655444,117.19712122228762,160.19145892178753
125.19115388847385,96.50302689369562,117.07550351345054,160.27682844482774
125.39152044956032,96.15471468699049,116.96779901414328,160.3517812412069
125.92237652393922,95.5571679790172,116.83648556800695,160.4395792632097
126.44840773105702,94.12061667760571,116.71403698243039,160.52193684611996
126.7099313731302,92.57884473364258,116.61015551816737,160.59305459612202
126.92086863996607,92.02876142548959,116.50858630213594,160.6641603718213
126.5797222007772,92.31113673929303,116.39697183617241,160.74793343253077
125.72907102140651,93.58552783833272,116.2737164136943,160.8347930477296
123.7895465824221,96.02991007461037,116.1550562557897,160.92214761661717
121.99559906045467,99.41113190236399,116.06968703466416,160.9835841567276
119.49555631968254,103.3738303216044,115.96872881503654,161.06095964948457
117.21074815499634,107.31888775084633,115.90520982565282,161.11066269642674
115.48473268843827,110.72490947388708,115.8444093092603,161.15591285614968
114.27851030022492,113.05776666152109,115.80525639510472,161.18319164494417
112.33571315558515,115.22344081245237,115.77164311144723,161.2068557599212
111.07660684641563,116.30102924912414,115.74389744922294,161.22573899285513
110.28057182299658,115.90549993805197,115.70313258471461,161.25213826984947
109.56005248072474,114.64146444399367,115.66709998401049,161.27543587959389
108.58497685762106,114.07296619202637,115.60488851163569,161.31596417330815
108.13997253829962,113.71022478072277,115.55560907053996,161.34713919180768
107.68407970869244,112.78906902259222,115.49872233500182,161.3842509657516
107.29303699904352,111.66549652522066,115.45339747359516,161.41424145762605
106.99670584350335,110.66339861169101,115.37820046880329,161.4678763572943
106.89018837206592,109.43590283719222,115.3061335509165,161.51798476000587
106.7087886903108,109.12073759389712,115.23954424231333,161.5643785553119
106.28561300620763,109.31046914027533,115.1765948063815,161.61046333056885
105.70839066054688,108.6381257379636,115.11832601770728,161.6540278274149
105.60866240778194,109.09298996161365,115.05333939393608,161.69872858934713
105.28942940059767,109.4259283523648,114.98411230832905,161.74505221105832
105.36500725523784,110.37213389655928,114.94008474980981,161.77423598083894
105.13126878853073,110.69769612710265,114.8940322037204,161.80367765182083
104.87828974401359,110.84536650492846,114.84460351106219,161.83609669851066
104.49430046793215,110.64463292453921,114.79494461968258,161.8691522288971
104.58239691267468,110.46115899280582,114.75011343824252,161.8970822541242
104.59240731856899,110.46631348341725,114.69942657502142,161.9317969153817
104.4035024108116,110.58767785296635,114.64915794772425,161.96557954741922
104.24247559613892,110.89046232786967,114.59762584627852,161.99849835386487
103.8796006615937,110.74776190997937,114.54653902208204,162.0326285974328
103.5790344170782,109.82390060020064,114.4961963199967,162.06587854166676
103.19179605854188,109.50971396613836,114.44889551450541,162.09719607658744
103.0576364121833,109.06736075385437,114.41209293837377,162.1219783635631
102.94166279128031,109.54379704459126,114.37619443032472,162.1460170288659
102.91986902968273,109.25026666006546,114.3313238252464,162.1760908103267
102.67406050886495,109.88847402482104,114.29030422442588,162.20266079532362
102.45242312672318,109.67394242585101,114.25265351811883,162.2279097072701
102.25684073883966,108.88624870269516,114.21616742499322,162.25257491218014
102.00469796168093,109.24499423735585,114.17577435086598,162.2795802479834
101.85333980914444,109.63519448855583,114.12770042351899,162.31161125984661
101.74499644796953,109.47494454232984,114.08288109504372,162.3413410090281
101.56282870076947,109.42698528313542,114.03718056201232,162.37103273210118
101.21729951764743,109.4105318153375,113.99167649739779,162.40065401264368
101.11836969165326,109.68717077924961,113.95032231021284,162.42625037480894
100.99147909235839,109.78375732578694,113.90732235631576,162.45417269470389
100.932179618025,109.6698442216329,113.86933042601909,162.47908459053008
100.84718606163395,109.54623466529294,113.82506210154627,162.5083131557914
100.72695608381633,108.93357141540643,113.77646906412234,162.54056888625442
100.481347018207,108.95345885666153,113.73482077697933,162.56974530502092
100.3320153526561,109.06194751687501,113.69259212099583,162.59800658675536
100.08992342957498,109.4323142457355,113.64912906793474,162.6270934019569
99.73684713378717,109.16681161347506,113.60149747982285,162.65881338577327
99.34187079228612,109.35729601695255,113.54696124404367,162.69560745437525
99.0801920879802,109.31842972402815,113.50134469416324,162.7266393875353
99.42232260469203,108.65766766129097,113.45934290089004,162.75663791066896
99.61057649430762,108.62980688815296,113.41692621877529,162.7846801570093
99.59517177619007,108.62272767684766,113.38075790822572,162.81050925847387
99.62620352771518,109.16540640489379,113.34721120997494,162.83455529340182
99.16407067508807,109.58417503221855,113.30025785242398,162.86733454418442
98.07741123184101,110.98271814721039,113.25095982798366,162.90078420287261
96.4337180359679,112.52912426643539,113.18866698808618,162.94380594307557
94.7665424099008,114.450435915183,113.11895549226509,162.9893543184014
92.74160732950759,115.77416134808495,113.05795100018895,163.03107119055832
89.37123207815074,117.39168624079768,113.01490376196638,163.0567891034208
86.36679254799432,118.5058004847638,112.9604145018141,163.08728268236786
83.79639915488823,118.60107305015251,112.90414404086442,163.11646099974774
82.88873168832119,116.89934830313092,112.81455684627483,163.1601137313245
83.23879314243194,113.17769912308704,112.74666088202304,163.19069904056997
83.97174345088948,107.9964681099769,112.63884613585077,163.2421468913752
84.64495541582544,103.56345601394209,112.51599183755539,163.30095443915772
85.12527672765378,101.37358127756109,112.36314336758905,163.39249351992143
85.73745826973266,99.54552339049815,112.23283772418904,163.47292331611152
86.05906416428687,98.52938667120512,112.08922625613509,163.56422931409242
86.60499231449313,98.24599753490625,111.88986660117315,163.6998840617859
87.24821466395925,98.63197552645475,111.73037526565949,163.81071548513344
87.95109825058094,98.51400440083371,111.53764999400454,163.94392874367495
88.80990317120128,97.92586950198171,111.37951462099505,164.05473440239427
89.74033640221617,97.70571435661495,111.21974958127515,164.17184926547162
90.84373918384942,98.04935418504016,111.06864765799278,164.2764426464363
91.39005338539715,97.41674022167891,110.89716183302234,164.39639748374992
91.53015795774412,97.30277964807834,110.75556224667227,164.49439741815866
91.86578091344268,96.95876784569072,110.64426746185062,164.56424861578364
91.79390999114162,96.04653987714629,110.51247583892153,164.64113642237933
91.78670014664985,96.04155549444606,110.39350057131634,164.714557781762
92.23273370228918,96.08355312172003,110.28088816813704,164.78472113433935
92.61774846827731,96.29040718812097,110.17063061501591,164.86079289112106
92.81986349004063,96.44790631756666,110.05593052091592,164.94184645632254
95.99319809918686,98.17862742269867,110.1897834583852,164.76152597686297
99.62538022363755,100.02557167283246,110.33864247608537,164.55066469636773
101.87194064812272,101.27181476829617,110.43799704139117,164.402904114266
101.87797378959159,103.39906848827275,110.38092756409148,164.44082898250986
101.60873509368659,104.99015460577802,110.35475012878355,164.45885062948784
101.46008737438456,106.73723142562291,110.31758119618326,164.48428999021004
101.62377706748887,107.10534506616297,110.2773970156631,164.51022914961683
101.79080085608395,107.53482594138758,110.24394868569013,164.5332524078842
101.86556313265564,107.17009618639666,110.21966009243424,164.54936394642667
101.99635589199048,107.728901767301,110.19909760762192,164.56255338943825
102.0944857811709,107.5451849566411,110.18222355094456,164.57340267042412
102.28531811959894,107.28698824251055,110.16031376429198,164.58721927068228
102.33886898491241,107.15394760748966,110.14263603285536,164.59869190959003
102.03326366091335,107.46907789500818,110.12423340055716,164.6105598021128
101.91414941650311,107.42156909645057,110.10805493055922,164.620753552411
101.80077051642033,107.69346821458453,110.09175105410331,164.6310066557694
101.64762022361418,107.50292961212534,110.0750209592976,164.64159101491407
101.47061620963024,107.304434018531,110.05554020342912,164.65409746399126
101.85387928657191,107.07867084091077,110.03910172797825,164.66433558642836
102.10953164534435,107.09406137928522,110.0251624851343,164.67310518289605
102.15329878054804,107.4899431064775,110.01327137417601,164.68052694493835
102.00601757205308,107.62074463498628,110.00324696341096,164.68680018515627
101.78292014306531,108.00186383581045,109.99418556790559,164.6924369780575
101.6791666932937,107.87505574575266,109.98570027005445,164.6978196163268
101.55283448738963,107.88466823222176,109.97645716395257,164.7036822979792
101.71982968516676,108.14686431417232,109.96745078243258,164.7091294709502
101.85569464160562,107.93215796525875,109.95817329312742,164.71502449456963
102.0230122708103,108.30189525276579,109.94818611697437,164.7211246919135
102.16925321583534,108.50957450308059,109.93648734374175,164.72830581287548
102.30955127015494,108.39223785441654,109.92529519938365,164.73530742736895
102.44230816306202,108.44917873543352,109.91549508501534,164.74135172309093
102.53367651782861,108.51438632488022,109.90605359025437,164.7472057261643
102.78227809118638,108.77178660435098,109.89419634359759,164.75435475647527
102.87335723187081,109.21857941156371,109.88247033180191,164.7610946787777
102.95236022596934,109.32854471771006,109.87216243308526,164.76720836370333
103.01317238117792,109.30758046134187,109.86162519903407,164.77356157225933
103.17802312141566,109.350595533057,109.85018569956901,164.7803907119187
103.12306249557889,109.21875926584175,109.83886778826103,164.78712750087152
103.15220582408327,109.22912616665546,109.8295459557798,164.79289922539934
103.05988738115599,109.37212677370005,109.82006760523281,164.79883199487455
102.77486206316078,109.528807972091,109.8103237747277,164.80496888212164
102.71963301535911,109.87565105677936,109.79963256880211,164.81158078365252
102.52588202537636,110.66083082268366,109.78730623398641,164.8187461522803
102.38818660870072,111.51956175470771,109.77665512211865,164.82502593881358
102.20302455279764,112.0302500011061,109.76576115817257,164.8315100874963
102.16288943780557,112.07248424798576,109.75583629857807,164.83724831367192
102.16236226704999,112.425106760803,109.74751259894852,164.84196595407212
102.32238873179888,113.02997830906055,109.73545272384067,164.8487894202096
102.31022802973132,113.11560998032515,109.72267797030575,164.85600177054866
102.84188845053276,113.82675057920402,109.71322041567491,164.8610457022999
103.29941080450254,114.81331090953279,109.7025353464263,164.86705089899556
103.58360637725875,115.29620531378464,109.68959762059929,164.8742366888996
103.68687043291365,115.59655066624646,109.68086354436657,164.87917262667997
103.80717719557434,115.59337686743778,109.67011974236519,164.88539176188144
103.93278350072814,115.07683366266889,109.65803663065857,164.89206151206406
104.13388845905962,114.27816561062441,109.64933392639603,164.89682814574743
103.97070401415102,113.17271074783133,109.6367343008171,164.90420350663328
103.88388767390823,112.46287291347204,109.6220941176762,164.9132570554483
103.7671731848707,111.70465951741558,109.60710825147673,164.9228812886623
103.52208876283416,110.73818501304325,109.58918153309178,164.93444131368045
103.33172139804637,109.874519623586,109.57398060802718,164.9450170600556
103.44221985498677,109.05642141372898,109.56054773516485,164.9536432082776
103.61626461055981,108.49251942666314,109.5413427064025,164.9656984193249
103.7844928589162,108.64068177379616,109.5191127178303,164.97973886549693
106.72668692720961,108.04640155681585,109.56201359033771,164.9204799949913
108.67157083021954,108.74976129644149,109.62058739236535,164.83721072345028
110.44245947880495,110.25469805782352,109.70592343747965,164.71413295988728
109.755130049813,111.60098410868262,109.75438204865264,164.64291376916455
108.99646821637481,113.10848792782431,109.81525751816423,164.55625324162946
109.25272626102989,113.5375729579795,109.86766668224533,164.48219724410518
109.08743384065122,113.99740988151913,109.97415845833689,164.33720907789217
109.17591341184341,114.14250026509065,110.10014552586003,164.15949157640657
108.01482299290481,114.33793057557509,110.23553637426579,163.9799640365639
107.30294995537247,111.0086317419015,110.12417948588292,164.02825305675532
106.31807202388244,105.60323298039069,109.97671828495916,164.09869318079012
105.29787647785739,100.81019621419034,109.86259124956787,164.1559457216747
104.29053896675961,96.34639265446044,109.74833188837108,164.21809053797287
103.45977494461823,92.10951419720828,109.60877732156985,164.29836619789955
102.90956958750543,89.40424555770205,109.48306887514329,164.37795369358682
102.39147641472586,86.96471330173357,109.34294909220054,164.47338306605846
101.7853941965177,85.05653746981757,109.20831379736228,164.5660818902298
101.91486585679928,83.17095196774876,109.03395732064735,164.7019021901743
102.19137607845497,82.04786920227978,108.88127955039924,164.82007580636312
101.91204225012137,81.3554968304164,108.7373439861268,164.93953601182085
102.12533141043092,82.01830280550978,108.58075968596975,165.05772772965625
102.0752644236461,82.5481085219217,108.42637664074437,165.18143979937298
101.96529032504947,82.88564030038171,108.27298050595789,165.30492720585477
101.73453084882095,83.46692146991367,108.13474053536117,165.41112733608253
101.76749367565063,83.85675089482659,107.99799785818612,165.52411062664518
101.6749859157519,84.57316975056689,107.86152759035349,165.6345232375065
101.61136156404405,85.34807467281598,107.69954111911328,165.76211672381123
101.5134912118985,85.44908013965085,107.56217476917084,165.87279005790083
101.37367130488303,86.29279523945887,107.42153505053078,165.98181917549212
101.1398300418245,87.28440429873476,107.28134151425468,166.09244880855778
100.77573820433604,88.18978258875077,107.10302610142108,166.22983881017552
100.25764655896587,89.23624921608632,106.93082905063156,166.3679906175314
99.91946135663169,90.49860688077888,106.75621780256327,166.50675723890618
99.81401927791545,91.59350403202609,106.64767855267954,166.58944485474672
99.73446699518279,92.1413231568784,106.53022036780536,166.67121518105375
99.75509415499842,92.25610920010692,106.43325451802511,166.73381588417038
100.2250812795877,90.935936532472,106.3162978064404,166.80005309566093
100.94711211089805,88.02072354591822,106.22044588255108,166.84819719315814
101.88898405767074,85.45672552592262,106.07653248293268,166.9219282108715
103.3650126940584,84.22103468400462,105.97349044605826,166.96869832625657
104.77227629716953,83.98118509195683,105.91045740907123,166.99732162863256
106.19784141977499,83.55242183085743,105.86477474229048,167.0161699100553
105.4997868840108,84.59517979003964,105.92705965610402,166.93142074584128
104.83837463288344,86.13469032634139,105.98962107299343,166.84389313675402
103.98106900687277,87.4412860691628,106.0658635992381,166.73563381625706
103.15582073974258,89.12676111054576,106.14215819200831,166.6297935109417
102.23976341436139,90.61391918236373,106.2530254081546,166.47079118337632
101.477429495964,91.90300563142388,106.38250205232244,166.2835126982504
100.29449442863168,92.76938150898185,106.4546214240476,166.17693730040375
99.73901824805786,93.9420053778679,106.53343615282526,166.0623404644261
98.5762837287949,94.940620340183,106.60165678970932,165.96059021890355
97.48996850244367,95.9183670656597,106.65972282361906,165.87477860312472
96.6832642021917,96.97877110067358,106.72761624448893,165.77453222819582
95.1718373960145,97.72755369493835,106.80055921612676,165.66631924208176
94.2792134132264,98.47221031789684,106.90533516536843,165.5126317638726
93.85921747479881,99.3089906626471,106.99416844713846,165.380612412339
92.75899911365327,99.74652246583602,107.05372839941,165.29093864656403
91.66739651897277,100.25857738548117,107.116668581752,165.19731381742082
90.91271035772999,101.11589367681142,107.18052872867753,165.09953339902881
89.54758674030278,101.62878430246865,107.24464756654405,164.9996319241922
88.96994079432172,102.38498636873926,107.31580726398712,164.89180552373713
87.71695381549543,102.68386268445974,107.38338047624784,164.78801631268726
87.0991648251183,103.01421472431159,107.44688390065143,164.68975393964098
86.98159731966655,103.56153415758148,107.5241081622387,164.57264310874191
86.59944702355179,104.04287071741719,107.60912644684338,164.4456542885395
86.54493662368259,104.26243675929668,107.68743169162917,164.32741340627663
86.75928863652209,104.48573173659597,107.76246934752595,164.21504517237355
86.05469255489339,104.77442180951255,107.8449194577514,164.08814173256837
85.76696599482796,105.13263643298819,107.93686270949887,163.94838801986543
85.25403182140836,105.4439610078611,108.02452867520404,163.81420951387838
84.89367223732324,105.64707356381305,108.09677583228495,163.70247330883484
84.50387634229347,105.87409060481984,108.17141579958677,163.5876716119798
84.20228607231977,106.11646882000882,108.24432266361559,163.47360198088964
83.82443810304751,106.80054137046939,108.33102924182762,163.34092669808373
83.73490206700308,107.13716525141798,108.42028592827683,163.20403157061648
82.95645282101097,107.39225220937975,108.51190317216839,163.05969683802348
83.17177522710281,107.77610226710355,108.60006815536434,162.91989017045185
83.55068307156586,108.65882196238003,108.69865206217571,162.76658511732413
83.26277221009629,109.80217219011396,108.78265604252871,162.6305804626375
82.40552125815805,110.65845992038805,108.83973468857745,162.5379971390446
82.3058382298222,111.53101468157259,108.93215927623545,162.3916438107902
81.93868805689118,112.40706216362665,109.02800643653917,162.2384939875207
81.56142605124148,113.26068361472161,109.10862084328913,162.11136235051328
80.59423356731922,113.97384426967803,109.19061730996637,161.98209545058123
80.90261758544142,114.91920074039535,109.30141021112662,161.8124241885289
81.16481773104407,115.67287052721781,109.4122326529421,161.64439847959193
81.02324286322738,115.93753370952736,109.52884955917159,161.46597851684547
80.55234920437525,116.17391917400397,109.65787664299675,161.2714758059327
79.81293422257357,116.33447111514934,109.75260652706366,161.12567208965282
80.47280062003506,115.63247134700876,109.86360431342429,160.9626344011644
82.1702097180784,114.7355305162642,109.9473975866064,160.84370549861237
84.30780578589602,112.30349442962782,109.86312818809274,160.8832866478678
85.87564017332843,110.7493587403033,109.76011799019324,160.93931407853407
86.76359410514809,108.92507791293363,109.63240610853329,161.01632894028938
87.16670784933217,106.70745833233015,109.4319483140166,161.15010688170875
87.56459592438067,105.53807862982464,109.25075416608254,161.28249569460246
87.65565858936864,104.71111503561136,109.08530257610612,161.40813404178147
88.0120493097736,103.50498053595334,108.9604215950626,161.49458283350168
87.97555641651262,101.97046713632004,108.85498290400736,161.56907657078708
87.36343692172758,100.85589048531159,108.76355974796279,161.6403481360486
86.80180384392844,99.78601153611723,108.66842244496581,161.71641894833198
86.00205631838031,99.4481121841565,108.55767760882452,161.7978975934308
85.2394114505394,99.14360056571084,108.44320077060041,161.88690243156037
84.49251548515647,98.3415320377964,108.31230193026335,161.9895809617316
83.86306251338809,97.87905518378051,108.17112910030158,162.0946640189951
83.38373893206523,97.94672786996924,108.04310777158376,162.19499863071036
82.61938924787805,97.42071588438489,107.92783450468899,162.2813900440101
82.06420469985413,97.40018443932146,107.82147324452038,162.3619928636163
81.39680443587338,97.26373783334869,107.71414582944293,162.44489954859577
80.54593693850289,96.64082362050448,107.59009423360774,162.5420416844969
79.7158333555769,97.24630999348767,107.49552754425038,162.61594492749077
78.66356046718562,98.40343129276049,107.39996169345422,162.69414598586653
77.33564527523603,100.07756481578254,107.31495569544114,162.7580078651459
75.72451319516779,100.78523323023202,107.25439533928123,162.806726812843
74.31127695461444,101.61358716857072,107.17881279528723,162.86424422837143
72.22596996551118,102.32222879473514,107.0994682583265,162.9254719518803
70.39856112762597,103.42221900677619,106.99215328944362,163.00538254189732
68.8976170489801,105.17299287007224,106.91238093762588,163.0681980565009
67.62948780855604,106.97123844513273,106.84327914892746,163.12253049951957
66.66099248994473,108.57450785419122,106.79643349292957,163.15742625552977
65.58963894292351,109.33148535647528,106.76468327534175,163.18090690178715
64.7413560680643,109.31469777088326,106.72652378816748,163.20724076102246
64.04925160142596,109.06338111241975,106.68862240230658,163.23285652628894
63.772639384371615,108.81283382290943,106.65315184673403,163.25802804393874
63.148248916614875,108.47408406155063,106.61790234477803,163.27958613990234
62.40543462952163,108.83653667653307,106.57896104992308,163.3046946786104
62.05115259705582,108.55680004440282,106.54380964978589,163.32762958036784
62.01520596605371,108.08549021724329,106.50514467018434,163.3528908362494
62.07709469565805,107.4515185794555,106.46938633613922,163.37540960277653
62.54050114813677,106.1485838002889,106.42988196914183,163.39989068759897
63.093995080398244,105.03770464943095,106.38609982361302,163.4285142046164
63.32394427490026,104.1682622636483,106.34679582881598,163.45495741257542
63.337754079109075,103.89114438135597,106.30152693304044,163.48541694396383
63.58163475113983,103.47680477452276,106.26147440431515,163.51068771370248
63.97759896940653,103.0139760246304,106.20748496791145,163.54713850600965
64.03715419445982,101.90573703094002,106.14837196463992,163.58674304787954
64.2252014768859,101.81306413853974,106.10249136377321,163.6158828358091
64.34077437740635,101.688081395642,106.05452048579463,163.64768441407665
64.3672428128487,100.84603708435176,106.00846830295575,163.68018185490206
63.855098703264034,100.83564969466576,105.9680180100859,163.707733107759
63.38212678127689,101.27533944355277,105.93476685531904,163.72968533272135
62.78979033290586,100.728868897113,105.90840605016443,163.74761362252318
61.852825411726656,100.53488594513627,105.88884045203974,163.76029077177503
61.55712986009748,101.34358205155819,105.86624935467553,163.77352797921165
61.00457821407386,101.2998008550236,105.83960099019049,163.79088480301354
60.29064880580583,101.37626426479791,105.80721693925676,163.8111248843381
59.304567751690705,101.43379144887606,105.7755779400804,163.8306391925343
57.89473978857853,101.61716829414542,105.74848193797527,163.8475731173902
56.96014753761794,100.87694936444383,105.71747167575919,163.86632520008285
56.183398631016715,100.66735853994848,105.66924557958359,163.89446863987365
55.36895748379696,100.18070244874356,105.63819990981258,163.91232754564928
54.63938585606282,99.60583269593909,105.60276444614176,163.93165256532683
53.5917430563773,98.36005390995402,105.57276060535779,163.94765424053793
52.547210360487696,97.28428044704246,105.5499797885646,163.95932575437374
51.314497733704975,96.45081654874608,105.52707706208854,163.97171873422457
50.56891293333035,95.77371700709695,105.49037004731349,163.9902953876751
49.17316827056471,95.84007801064976,105.45998213171013,164.00502089212324
48.35131796519485,96.07630799105222,105.4228527406188,164.02061574327283
47.86123970549103,95.39208724689152,105.39943691524647,164.03056128089537
46.85450046487198,95.1855684491666,105.37303726652546,164.0422255495668
46.454485119403806,94.94513249215582,105.3497346940646,164.05130771611178
45.97897096131623,95.14771127793816,105.32466053888812,164.06118297836173
45.4532005538184,94.39000125152192,105.29543384156231,164.0734086990714
44.67508120251879,93.88893159728221,105.26608933417008,164.0853197122246
44.0971971392986,93.41924472518863,105.22596155034739,164.10184547019043
44.220021458268874,93.66913897726141,105.18055461222164,164.11942230246302
44.28012987490571,94.54951701806567,105.14098409267487,164.13612476940034
43.983099212775,94.83965505729664,105.10522650061549,164.15465101904815
43.07317985021057,96.00062573074402,105.08099026122103,164.16575801581183
41.74020702544901,97.27727465673009,105.06455451921889,164.17479613185728
41.40942660547997,99.32130932249773,105.03986616262758,164.18616069924778
40.45071308574434,101.79906571326897,105.0167316691246,164.19756066413473
39.67297553286013,104.5633058140294,104.99334935301802,164.20850726620273
39.46008152463991,107.57161973279949,104.95756141430594,164.22572962168624
39.81879265568623,109.90717630339209,104.92994269291994,164.23738101068292
41.34612103425102,113.57447879057429,104.894752812774,164.25227812295793
42.51795513496835,116.95762142515916,104.86266264669395,164.2658633638895
44.50544183718627,118.43547791623448,104.84122336853986,164.27454042118285
46.95717303888528,118.78927439211276,104.8123141687246,164.28536594839204
50.33044626805785,117.51451679197628,104.77167791622053,164.2990656712938
53.66753058906159,114.6333091377249,104.70477236243936,164.32105396258464
57.31268568058079,110.12592006459076,104.61715897963289,164.3520779508329
59.84671400804632,104.85671853062283,104.47982980654388,164.40377523873946
62.16000242902404,101.27356080988753,104.32534511623028,164.47844019421763
64.27144703017089,98.59756965915491,104.14140683404156,164.5799141872722
66.04755098281093,96.40038148620303,103.96124492256641,164.68965689670136
67.79873342122076,94.29090711880967,103.81210289273163,164.78698497642827
69.49956447132189,92.58915899052151,103.59901701399544,164.93304781854536
70.95208857802521,91.75353319357718,103.41658070473305,165.0680812460827
72.19090700106273,91.43324287303257,103.22475599816914,165.20600965929336
72.93298300983918,91.07379189846755,103.0512629123484,165.3330821296827
73.55828729602825,91.25744514371667,102.89777081030716,165.44899165666914
74.25496655648945,92.04721091412152,102.75373231959718,165.55817676586858
74.80801480640821,92.57573799828819,102.62662548049957,165.6535981930095
75.49635250198571,92.91155888906623,102.47302404869517,165.76744352683656
76.25346191269094,94.40834136905843,102.32942798138168,165.8618371411472
77.34432392787934,95.79861705689628,102.15177232563866,165.9875381496573
77.9758949744125,96.45643618482165,101.97628839945773,166.11917088322457
78.4352872217227,96.82089210892481,101.74813845350141,166.28223783531504
78.59197248223836,96.9280875628027,101.52066198068404,166.43245825520742
78.71459181200919,96.76283276393288,101.30843619184158,166.5663013589352
78.75222837179157,96.39288458183589,101.12512694906063,166.67202415106573
78.86352692805579,95.96168060602645,101.0068359830347,166.74448191070996
79.71346489557392,96.22242893111769,100.84407597950937,166.8528129983357
80.76376766158535,97.3400023838029,100.71010627073635,166.94639405355184
81.99593932559438,99.33080201651134,100.59238374082923,167.0192581746706
83.6358338462825,100.88157035483435,100.469497251104,167.09578942061674
85.298525642423,101.99271707661855,100.3554457415714,167.1663717438025
86.91429666677102,102.74353656164978,100.28536552301452,167.2072923974583
88.10820221775138,103.96096762786479,100.24207022152987,167.23528250463704
89.57203925314356,105.03032150961671,100.20129586044706,167.2608904416642
90.28937382073218,106.52322285371406,100.16753030784277,167.2813007032223
90.95543721260569,107.1653589619161,100.1334824187109,167.30213536509888
91.67654595913665,108.24777677093185,100.10368901317341,167.32007023771374
92.1458510454695,108.64074234264456,100.08724256540698,167.32999700062987
92.21589711781382,108.86810320307174,100.07203960078256,167.33988004495228
92.70635225874376,109.11961413577696,100.05653335258356,167.34893729922416
93.08992983190953,109.33405244961585,100.04283640813726,167.35695118425122
93.38443635837046,109.48415213229218,100.02518304921945,167.36691504860246
93.75436060693121,108.80665793603394,100.00799533205095,167.3768053032634
93.61577295254556,107.37243548442318,99.99337455260357,167.38553736735835
93.4579992053362,106.56795867358883,99.9784100896153,167.39475859004023
93.54507523279855,105.93716285531345,99.96090361581678,167.40546557445325
93.45882542532658,105.5297206364053,99.94525720581834,167.4149247259765
93.56331726541045,105.63001928316237,99.92429604976903,167.42763411278406
93.51294923525309,105.62962774479031,99.90658426986997,167.43869432948244
93.47168054663553,105.55872609998175,99.88901729278314,167.4498161341619
93.38365378729966,105.16462195854879,99.87545080835065,167.4586927925199
93.31245762309527,104.86359614454148,99.85367215630593,167.47276844168323
93.0913224770644,104.72641160395347,99.8314007449051,167.48723096267668
92.9366656117293,104.70571750079262,99.81274480527958,167.49867352351703
92.68272044566072,104.86702321221763,99.79621410117329,167.50894164397144
92.51981475928498,105.09049451183556,99.77805699309934,167.519943110068
92.69796079934346,105.61227767626755,99.76061526217025,167.52959824536111
92.96803450725335,106.37178350388191,99.7428135680721,167.53930971082178
92.89333125515259,106.67338667249464,99.72488904726926,167.5494013725015
92.92952483477302,106.75124932864372,99.70872652103661,167.55853618955973
92.86082389400755,106.94436697693634,99.69179478130407,167.5678981720463
92.67670588984055,107.17272266872075,99.67960643913794,167.57461263338524
92.43489748421958,107.4278340544121,99.66702298687969,167.58166811603468
92.27755345146441,107.73048065472085,99.65243013951388,167.58973025399064
92.16235807337497,108.3227718691559,99.63753715791411,167.59803036296233
91.92575640183877,107.36587580282827,99.62678619056933,167.6040104962966
91.87971763673181,107.51224199367842,99.61278167624141,167.61144209889503
91.76822942745119,107.68661319407126,99.60069711984711,167.6182408081481
91.65396301690579,107.96238674078806,99.58814043300046,167.6252707158093
91.5112957855242,108.38769469507919,99.57524669151333,167.632418991702
91.60299605389966,107.50820212676388,99.56554238958468,167.6378746988969
91.48995409260962,107.27542634972562,99.55119071188396,167.64588454879555
91.44384004819995,107.10685507425222,99.53784505712154,167.6530610016722
91.30179157511384,106.86067258831172,99.52371192149714,167.6612419766374
91.01730311490073,106.89673613715429,99.50681887398586,167.67102582442735
91.03756661385928,106.88798067444284,99.48438364223247,167.68437621339712
91.24158805195773,106.83590072074851,99.46382495888379,167.69625574780852
91.46632605834498,106.83578352021729,99.44257535745191,167.70815217573823
91.46499684853191,106.76602781679232,99.42106525963749,167.71954207244013
91.30435348931425,106.63523167481183,99.4005423178765,167.73044073714985
91.06084740193671,106.62047501537177,99.38143893686834,167.7404010857249
91.41054874514441,106.74641737964086,99.36217758021824,167.750787940267
91.3396391209682,106.54642839228804,99.34144672192606,167.7618064475616
91.13000763802455,106.50255861638657,99.32543449078422,167.7702911709711
91.31666929912323,106.26433276863192,99.30760894604887,167.78012897773985
91.63920497993044,105.97005363140815,99.28997082484813,167.78995607295002
91.68911503041211,106.48344416482603,99.27722267163821,167.79680501958015
91.7573386606971,106.60309041444403,99.26101277643326,167.80543956020583
91.75597919898522,106.88732590685937,99.24476086576571,167.81397259082084
91.84571719431402,107.17116335089537,99.22872543044221,167.82239173408277
91.97784369685485,107.39884735118842,99.21675939597596,167.828508523345
91.96095121913928,108.02508731739772,99.20245561084964,167.8356962258904
91.84869760868705,108.4537518008911,99.18482140614451,167.84498040854658
91.856572446928,108.201812147096,99.16484133330619,167.85554351278097
91.61996628568076,108.31592410289196,99.14660394209369,167.86506086290973
91.38453980759525,108.58852385052852,99.12676437216267,167.87562896340458
91.6429259095789,108.95450507419757,99.10709660435445,167.88583506178944
91.77139474525757,109.35307609421109,99.08565713782446,167.8970889439464
91.72675816717884,109.13025701966829,99.06582195771203,167.9072899203807
91.59569007445701,108.93290398073417,99.04902998248829,167.91625938378323
91.62958479556683,109.06025449870161,99.03505096909666,167.92387627353995
91.92429150276277,108.57262908487172,99.02175507026872,167.93090948988686
92.36196765585404,108.64123559668322,99.00990502810903,167.9372284443942
92.67481171981959,109.35396883427656,98.99725788385484,167.9438352047193
92.54656292448124,109.63882568523023,98.9854538087486,167.95038308280235
92.59830095780701,109.77287685260535,98.9751548148009,167.95587822691868
92.56265611538528,109.31044507639027,98.96541293874654,167.96120554640055
92.42745468758275,109.04305865418732,98.95105153429797,167.96864060127092
92.3145247254443,108.90461576065887,98.9386101814142,167.9751892239258
92.24016257072282,108.7621723990922,98.92623078032501,167.98140647055007
92.13137487925579,108.46408790917778,98.91562258083393,167.9867134742322
92.03485858898027,108.98308568636419,98.90419880223695,167.9924485364289
92.05322713406696,108.69880489874018,98.89199154168487,167.9979342115991
91.9129706052162,108.30066970821838,98.87806012778871,168.00429022305957
91.44412480656683,108.44470305460347,98.86208080614597,168.01207768153833
91.15763393031807,108.6303591928325,98.84720763682571,168.0188021723246
91.12327101803095,107.96419538062173,98.83130961051792,168.0253541734246
90.97251609793594,108.10446119875776,98.81622574410011,168.03183624669768
91.04652055161175,108.09834025780803,98.80480810731447,168.0363183973342
91.01887488069805,108.17956474888553,98.7915591665944,168.04200633968446
90.97037980140118,108.76851045197049,98.77646812530371,168.04798703720564
91.1133211599984,109.02927305909964,98.762345514196,168.05312411304362
91.3079374845617,109.48142099903964,98.74922633943845,168.05757870761659
91.10344395505477,110.12913593620415,98.7371012783008,168.06168768407187
91.25979147852365,111.09610204509781,98.72255766483089,168.06655735093574
91.55415228958958,111.16687370656575,98.70878566485328,168.07130829398534
92.11450713275971,111.12684418332417,98.69535289501692,168.07587709673558
92.53103858801663,111.37748956813085,98.6818871095565,168.08037477259492
92.42613088107927,111.54490473856052,98.66959567924441,168.08441704325827
92.51863827771524,111.26341018906766,98.6584319736619,168.08812968064274
92.32301857470418,111.38023430307999,98.64694663679461,168.09226552537484
92.19340745303604,111.75602515282652,98.63429805841648,168.09691441860943
92.07716163200942,111.69513948747098,98.62081469782329,168.1016516940279
92.34987909202847,111.78637598483746,98.60637133204543,168.10705826167288
92.20423864527532,111.42103185092637,98.59321601873411,168.11190602055723
92.18907001736915,111.90092703626352,98.57878859562118,168.11698544711268
92.29980818284142,111.96729848699066,98.56514559948022,168.12198333650238
92.19921336722018,111.830975626789,98.54956079687145,168.1275685088386
92.3550157152689,111.9224947750671,98.53649252064247,168.13233216941285
92.29297173475729,111.79396169526066,98.51999970831211,168.1380920038285
92.50060849741547,112.22050429133158,98.49930908042045,168.14523386008372
92.65914677993936,112.43469008411695,98.4782518310923,168.1528894735429
92.95067395952455,112.0148771083071,98.46577723914908,168.157760302501
93.07848840407044,112.09007452304432,98.45055428212613,168.1633349139636
93.13257236925128,112.16326819981086,98.4345925393107,168.16922042560674
93.30133089785036,111.71539963584199,98.42027824114001,168.174901122251
93.71228859705036,112.18683274060196,98.40075312012571,168.1820008069533
94.16313095728266,112.78057272431525,98.381690641635,168.1887270773197
94.77933385408205,112.87338442640771,98.36756647473757,168.19372823802087
95.23276374526924,112.50494414346366,98.35485009493966,168.1986543485333
95.48440273431049,112.2810569886404,98.34158854747352,168.2038372294231
96.1054534847294,112.60352967788872,98.32375107232387,168.21050496719081
96.84602529768742,112.37718559419858,98.30935878345925,168.21533521821596
97.37585484795314,112.53075565314008,98.29516145680017,168.22100447824167
98.0065278944902,112.65778900624075,98.27591536410749,168.2277395641851
98.26953337182675,113.03447315973779,98.25492610075672,168.23512023962053
98.8719779038106,113.26992637336235,98.23599291886147,168.24143044354548
99.33378054033992,113.42612396045334,98.21656650360622,168.2480577162343
99.64050972462036,113.27673834370842,98.20183530169801,168.2535929622993
100.15665771178328,113.43243731635451,98.18825554345949,168.2589004823239
100.21182677646591,113.62199875502529,98.17136033096435,168.26472746793934
100.18071071301627,113.94302881740454,98.15698652693922,168.2696238465721
100.34893270881722,114.01047009101947,98.14293631032358,168.27442190844926
100.74501817216048,114.10456738883944,98.12702069321882,168.28005567205557
101.07524636424213,114.1775857864068,98.1094555372545,168.28629682339303
101.44478340413139,114.33707025196169,98.08692775454936,168.2938972110546
101.75294111792601,114.34625771759156,98.0646312035127,168.30084259739107
102.02633761645225,114.71917566477491,98.04452696101878,168.30776651728675
102.32144009044322,115.54753234570805,98.03217223562446,168.3119061837179
102.70336956938166,116.11806031043253,98.0180010686182,168.31625661966353
102.78778720907988,116.52328493416404,97.99658404979614,168.32363888846638
102.7687174192872,116.8635675826879,97.97926382454855,168.32998243255176
103.37378758354316,117.50778365304994,97.9632701291848,168.33593167190887
103.44135297529733,118.09904119275116,97.94083080771642,168.34470947447207
103.52393493037884,117.98120892912436,97.92230253424069,168.3524839572749
103.6850137261188,118.35499274672017,97.90141459322008,168.36098520740967
103.30110738514195,118.71018961552232,97.8821791737486,168.36882457832587
102.6398890704278,119.00693926414814,97.84535381358339,168.38331518833894
102.61232305309164,119.61455493180843,97.80674730724867,168.39503306795368
101.61256194403558,119.20816966597546,97.7790433157203,168.40270238378022
99.88286955617605,118.92906781586001,97.81543157044324,168.3494099335175
98.78698952565298,118.36815158493768,97.9188818666273,168.19913431735924
98.27280294277949,116.96009278039327,97.87242807657903,168.20878177073212
98.09126604718801,114.51870940573676,97.81932870768581,168.22279365630612
98.1154990576342,111.91945444591676,97.76520686538065,168.24409181447152
98.26606870625402,109.64287693041673,97.63162275131324,168.3086194116947
98.43669705057391,109.34404100282954,97.51172671631228,168.38062014241078
98.30580025812162,108.80322406005268,97.410222332114,168.44709346735658
98.4145596570653,109.07097872541425,97.3194330822041,168.50670850053268
98.5244198800836,109.22640793437951,97.2362118324585,168.5655424081942
98.47903388958483,108.99348131707866,97.1666994432721,168.60894748453174
98.41434955749646,108.28382045660726,97.09778787728428,168.65385416545837
98.2516926437009,107.67158394259553,97.02567572549955,168.69832211993446
97.8303610867686,107.86692993343244,96.94977946693908,168.74354706869772
97.8649230591206,107.5545017158395,96.86270029168612,168.79480648993325
97.68682817115197,107.51643354879496,96.7824097838862,168.8447812222554
97.83876295159831,108.19962803859201,96.72282893573343,168.88132202552873
98.16078055945127,108.36970251653486,96.63535775305898,168.9341620792618
98.72481726020216,108.81063126771409,96.53572995302054,168.99355007317638
99.33292402610661,108.42342164414364,96.43964016522256,169.04831929018115
99.92868092931059,108.16259928542996,96.34907969934498,169.0952246646806
100.81584161454218,106.953596122196,96.28385702559049,169.12563438394025
101.58366861809958,104.34682062623031,96.22796461897006,169.14753736943243
102.47616241619272,101.9354649658964,96.18402559723141,169.16644047781998
103.99213236071124,100.05230005879166,96.13756911616863,169.18017629788883
105.13190854888279,99.1471632195792,96.06927968118602,169.20071453987424
106.35485908344418,99.65105639556396,96.02999482300073,169.2120720077137
107.32367517108483,101.33282277747307,95.99443829602724,169.2220271932668
104.03221343137666,102.46585296846266,96.06584425072433,169.12017236243508
101.68645395949369,103.00852304557421,96.12491690542777,169.03525254016694
99.8575530460426,103.30076654843755,96.17505176303064,168.96286503891108
98.03927604429401,103.86827357758877,96.2273317129542,168.8852098415782
95.77991147672965,104.48916009908285,96.26334333404483,168.8283690304931
94.5539094295156,104.9496274104145,96.30586971774906,168.76172793304877
94.00124903351508,105.3810894313422,96.35897350306674,168.68035257006832
93.32997709563558,106.04857508458181,96.42153505041082,168.58350921044274
92.33074290899299,106.58694795639843,96.48836101055669,168.4794420685513
91.69831345356833,106.98424765661639,96.55455299120732,168.37687655502486
92.06585568909594,109.60502773052444,96.52347316549968,168.38423398685964
90.95228445128991,109.44713516219446,96.56472973489227,168.31805584069605
89.71925514756492,109.46395221872514,96.6318434876059,168.20799589959503
88.99693697890571,109.5226384848434,96.68134990587222,168.1282738333238
87.81643841090197,109.82542789866602,96.7462023179875,168.0219251222843
87.46775880504678,109.98800676579646,96.81821242529341,167.9065469783917
87.24619855509127,110.00912527628354,96.89002954566877,167.79237758198647
87.52207009436545,109.87793617799751,96.96489758066869,167.6750857844427
87.80691886528825,109.80101410932996,97.04885300484558,167.54438315907296
88.13142566769821,109.61675405442071,97.1215585458005,167.42947008188355
87.85906753373575,109.52636915174322,97.20532539279647,167.2927759826193
87.56480020579698,109.49270272469498,97.27609911622847,167.17630529326735
87.58284923949029,109.72521437356984,97.35477413604536,167.0477641925639
87.47808221322994,109.7788882179956,97.42808373988518,166.92696214096233
87.39150090602638,109.82621704255223,97.50035430223788,166.80865940563513
87.15948182082586,109.86535216199127,97.56751652492508,166.69842308028
87.08736859315871,110.13765554304209,97.63746568359703,166.5835831817629
87.09292965228015,110.42411734740436,97.70754810638172,166.469314542969
86.89267720325556,110.78482968800648,97.78614324896253,166.3418937775515
86.54031553868779,111.25058076298947,97.87426224994255,166.19681948307715
86.5890770725224,111.58493677468071,97.97614920357842,166.03365849986724
86.501114326656,111.71420536209322,98.0732630945069,165.87567483016488
86.64527530980061,111.93439513996684,98.16404681535909,165.72637983218934
86.80003843101714,111.9245014354876,98.25138099362991,165.5843819217003
86.99904535089304,111.65398043178544,98.34862980651369,165.42749114931564
86.83862801353952,111.53298535597514,98.43254969750453,165.29096537195255
86.7647997087492,111.33830380847375,98.51673270246567,165.15338818079582
86.75493720059218,111.23646730039827,98.60362241553273,165.01172118344275
86.53031040789082,111.43963232559278,98.68500337534608,164.87822203658385
86.25093334280157,111.57134332164856,98.77514844070713,164.7316673781229
85.9245140888892,111.55819653022077,98.85854521278743,164.59671184491535
86.03152790398507,111.63148244135401,98.94606597417626,164.4559694472462
86.19287711769147,111.89198371526187,99.00948461767678,164.3540557697174
86.72610829550447,112.12297058419895,99.0681712736627,164.26008292662817
86.72361099290194,112.28565079005583,99.12952242813077,164.16058798329726
87.27033910975209,114.47433266476035,99.09254886712182,164.17241443087917
87.09918926034729,114.24078894706352,99.17947994577416,164.03110575335398
87.299204038434,114.30990321428877,99.23033073828314,163.9498403944387
87.24725219067018,114.21801245389275,99.28891076390036,163.85451476181504
87.18366529320751,114.23283408862234,99.35953751684329,163.7386002957521
87.27958460104371,114.40228844717737,99.4334430508558,163.61769880046
87.2708177367254,114.61262536775594,99.49321996960215,163.52151365873905
87.60923947580872,114.44804843573749,99.5543747385821,163.42271141849739
87.59819523840784,114.28581071747053,99.6141553169188,163.32663573379642
87.77823510198958,114.24347547872983,99.67615974245385,163.22535003118213
87.55173787318358,114.17641743680548,99.72142528961967,163.1526943091484
86.40221411335716,114.48642343982627,99.78173045774054,163.05499887815716
85.74019554603419,114.63452553827744,99.85451637168336,162.94302204352994
84.66116201059924,114.72764960252626,99.93157572351333,162.82767066721098
83.43100802724588,114.7111789248663,99.9993804286539,162.72645087803588
81.82017875153932,114.87910163165346,100.07978574711109,162.60674880433393
81.35661972237273,114.71202670139967,100.16543326587441,162.48808894361005
82.43758482601727,114.31819505394111,100.10038277927319,162.51518665958963
83.71699970294988,113.03983176635546,100.03767061726589,162.5419368668105
84.44894687686457,112.06006657465704,99.97597017335956,162.57410790763225
84.22097605461776,110.93514966713033,99.91465704805105,162.60553003864942
83.06787370100307,111.54102817726722,99.83782895651338,162.65193897391916
81.33433698240367,112.79406091987967,99.7651866268054,162.6936766522227
79.4486648601166,113.85931400245902,99.69291009424944,162.73872976936687
76.63701862703542,114.74306509976753,99.62941352461468,162.78071634809578
74.78245123288133,116.39123669846813,99.5629052026476,162.82280832372925
73.37914901809935,117.06330909072966,99.51666777811609,162.8544517510287
72.32850852335454,117.67587445175909,99.47202682203378,162.8863230250102
71.82285255132396,118.25510324783232,99.42284875392608,162.91873178399135
71.04061287979118,118.62180866955873,99.36308245337592,162.95578619532216
70.22023063093846,118.21645088255445,99.32435698087414,162.98126564910672
69.7832271878319,117.81185230131925,99.28411045341005,163.008891840565
69.48051034610423,117.35819781813082,99.24795884643342,163.03461288436878
69.17064650120304,116.4665507953206,99.20973071090697,163.06187958910024
68.6297295616259,115.75954535435307,99.17418707045371,163.08736403136857
67.77878706336176,114.70075327386104,99.14090444441574,163.1087374741977
66.98361958240987,114.28085288416274,99.09797581836787,163.13540876894083
66.89114829606223,113.39251808868954,99.06020763261552,163.1580126078578
66.69774546909079,112.5138224694845,99.03162610313059,163.1752984557192
66.33101483713779,112.02823985511114,98.99580401275419,163.19759695949796
65.51252030063574,111.74940005107958,98.95505775708398,163.22335041247075
65.47543824756289,111.94079231410225,98.92741262980263,163.23851096265258
65.55883039202445,112.27429482893636,98.89758691016777,163.25619074600698
65.55409789525572,112.86696648761203,98.85702552417956,163.2833462127209
65.60828264955899,112.1544900464823,98.82415192919778,163.30425351316273
65.68042190646813,111.91142089846126,98.78244603529454,163.32824472234606
65.78492414209188,111.25651511314746,98.74797591468065,163.34845234438052
66.1493052561313,110.46569775143475,98.71676922859399,163.36735615941208
66.63477811542035,110.07362913472664,98.69101370128483,163.38329192245322
66.98819350721979,109.37822838239923,98.66481199225943,163.39978937094045
67.29541420233119,108.13427333932286,98.64442750635259,163.4113365134439
67.56371409506933,107.39921165747694,98.6208341100174,163.42543284619092
67.97118645919062,106.63175597941547,98.59673388183967,163.4390850136618
68.55224534827958,105.41672612379654,98.57475711394616,163.45287518411294
69.03524016073808,104.79938365289125,98.54697159869788,163.46940879497564
69.48926519610922,104.4433380272524,98.51539572963486,163.48744788646712
69.90481905781472,103.82144393378825,98.4854714683668,163.50421640577
70.27475453645022,103.5077097942292,98.45355926897315,163.52158066047784
70.44411027772858,103.12305950099712,98.41421420096337,163.54293665351244
70.65870945483582,103.34016302195307,98.38278276469286,163.55963412996638
70.8583163230734,103.0546093001009,98.34089181049578,163.5825313700231
70.82598444990957,102.33436245441358,98.31050536345404,163.59870543649694
71.31758903802098,101.85731181698519,98.28130226309028,163.61545161024517
71.78132292054809,101.81851333681739,98.25467126380222,163.62946827364712
71.94837382776387,101.37769624641636,98.22339683741882,163.6467388437047
72.17707521111633,100.30786162582201,98.1932671951703,163.6649948539974
72.17689181410587,100.27754549182269,98.16602165321129,163.68236800424373
72.1259318193498,99.5305022326905,98.14453447999749,163.6953893684325
72.03124938968296,99.52483206216321,98.1266600095163,163.70644550872
71.62648730149306,99.65571115096472,98.10517521515862,163.71968388000806
71.68681159895435,99.90985121007297,98.07686961534321,163.73514447061953
71.42940193131867,98.89822734937195,98.05044033105816,163.7514668475544
71.16009524500512,99.12748662238744,98.0132506622271,163.7731321413214
71.13921364780397,99.09756713466763,97.97684914503483,163.7928499339617
70.51999944936716,99.02351226278729,97.95824991587084,163.80324992599716
69.73148188025556,98.67546432192314,97.94122439468549,163.81249037235406
69.28585053497105,97.86978174729639,97.92051366844925,163.82452128164786
69.09184663573411,97.38441101046467,97.89991994447743,163.83552897111252
68.37071241396495,97.60742159597878,97.87800267329408,163.84678873394128
68.4208870986807,97.58743459676643,97.85770551574328,163.85583401443984
68.6532606179525,97.32823951759343,97.83535794919788,163.86580757971103
68.53399063371022,97.01496798311739,97.81625448625735,163.8752638805128
68.57447744963395,97.12664900498127,97.80462056935424,163.88050581076973
68.602118777806,97.3531603707551,97.78619263834123,163.88918533661686
68.7815603331623,97.12951151851772,97.77069197558662,163.89627663259097
68.88456753140782,96.58397330552513,97.75256365328093,163.90553853106454
68.92642482958155,95.93906519966711,97.73209435341174,163.91569165684308
68.97359372762776,94.87254241134805,97.71001385257023,163.926434224448
69.1460609190701,94.49458765325916,97.68775541306019,163.9370591236786
69.35291491678652,93.74275230792844,97.66756833909609,163.9465955074324
69.25787083286308,93.02648509134329,97.64818170492575,163.9558666292166
69.17562784100903,93.13825063512576,97.6224719046611,163.96771602730553
69.02757365644493,92.50896709977089,97.60321212808505,163.97650101259657
68.14460772270812,91.4088490080238,97.58449080876058,163.98631132328802
67.88340047724802,91.02727926917454,97.56552292730146,163.9942957144692
67.1360470667806,89.94331604510946,97.54706248615896,164.0026004470537
66.6690231381125,89.88989554036226,97.52870524839476,164.0102316263832
66.16478653452774,89.42171607146246,97.51383811113529,164.01789697163443
65.58604490668417,89.25796585744884,97.49735364774435,164.02609269499553
65.00643239326986,89.80361247511932,97.47660709883596,164.03710117645906
64.44767252802521,90.62889627695631,97.45792675894408,164.04634328138036
63.62793854407062,91.93286964043966,97.43768932638635,164.05738673729024
62.300460752457084,92.68184319814084,97.41194317697793,164.07234378906318
61.07538816722763,94.31929812552617,97.37196865177339,164.09149559505911
59.55249549429115,95.13791750668616,97.33968025764085,164.10698598637225
58.17133514267389,96.52166113014462,97.31561256365858,164.11880538961708
57.4569982548401,97.39910383158167,97.28360418562437,164.1358273163023
56.9717149583251,99.11910616033578,97.23599183883503,164.1610748198201
56.43585316116412,101.50765767475781,97.19870878986171,164.17930279225777
55.7895792598766,104.07743997874785,97.16506004111382,164.19543409949986
55.49582407820468,106.43066536606003,97.13351692144832,164.21155708204714
54.882765486529436,108.87215292927598,97.11641925914145,164.21901622075194
55.11740859228932,111.71075291218982,97.0804335725717,164.2353944981799
55.01573304235315,113.45928912003907,97.0490614919116,164.24694830509185
55.353886997646555,115.9711030244661,97.00832935265657,164.2644877554541
56.016034823989635,118.8076783756336,96.97449452493684,164.27940019780294
56.61652149583044,122.26921670502148,96.93619215121831,164.29383545995614
57.59551623566617,125.29048027535966,96.91292485668174,164.30187117786133
59.36802675318217,127.68344756904209,96.88501250046748,164.3102681410946
61.3152994535795,128.54110798289065,96.86780813170103,164.31503460320764
62.88635647346097,128.90570576312075,96.84737149061972,164.32062674530786
64.45880603450016,128.39355130446117,96.83036414748729,164.32494331109507
65.49424589372859,126.18881046838644,96.80550517526147,164.3306144821459
66.74836416798624,123.22217381911906,96.76801180606746,164.33968533851146
67.70277504864448,119.71752685932202,96.68917411362153,164.3594048257325
69.20252781711773,114.9021647206855,96.52991930718959,164.40235577994645
70.78671532970742,110.72040602994686,96.35157147126496,164.4684316788798
72.07418453709136,107.73292015891525,96.17340258011767,164.54131907035708
72.8461518479113,104.55265068340438,95.98804497149355,164.6269556776288
73.84620381730059,101.77289042959661,95.79121888286603,164.73586650125387
74.87043061965082,99.2909354155095,95.63118001872802,164.81761157428895
75.7142900335732,97.41874595718792,95.47052003068121,164.92275308706246
76.55568358647827,95.72992438444105,95.30450543349228,165.02612092966925
77.43464308898865,93.6166608316559,95.1664904697618,165.10812107677395
78.4645282821551,92.32397213389282,95.04709779567868,165.1842409172922
79.73688159181634,90.91609005408498,94.90588338865172,165.2822702632177
80.69663522220604,90.45718073446128,94.76844056573853,165.37651131962895
81.74480396293225,89.68151183718776,94.62183097716179,165.48263591551418
82.90448441304082,89.18437053566075,94.47849522915108,165.57560396196953
83.85758401451969,88.5718071963862,94.31744241996928,165.6803854056477
85.10570426549361,88.26504371200859,94.19017922629473,165.76607295217698
86.21711321259355,87.89680880147846,94.05257260910292,165.86398367022517
87.27009784708547,87.7555605344532,93.90077940842505,165.96953594844683
88.20320112724008,87.27908715541345,93.75488758925046,166.0684848799501
88.84183408701116,86.90582076714553,93.63983261102298,166.14543379942646
89.28565304801407,86.64156389965432,93.52235190699663,166.22300173982651
89.26617319031448,85.86027831382145,93.42210844649345,166.28339924930657
89.71106257041822,85.1192646155996,93.30435056269357,166.34973062085555
90.63566627187355,83.87087282677297,93.17546445742849,166.41198727819022
91.86789997716605,81.91173103911805,93.07819503726097,166.4515715508267
93.16593107322306,78.83446499996526,92.98294275306014,166.48721000578024
95.07399591208082,76.38004280323182,92.89026874284035,166.5150014283609
97.57126857432718,74.30731147273826,92.78334815894824,166.53890589995592
100.0791303010104,73.17144875157871,92.72587475135816,166.55488020930994
102.69091954351738,72.6395122312798,92.6850045297414,166.56230300214318
104.89487628287849,72.41517882100817,92.65173866835929,166.56991857795072
109.62210008826173,73.87418988576779,92.73004309464113,166.46250054389046
113.69972881281333,74.34764306338974,92.81273120217857,166.34672910399843
118.3627527809044,74.96054188851018,92.93551196320101,166.18256909375694
122.21828731502768,75.68021034274007,93.0459813432882,166.03642481034294
125.15758889831952,76.54780102275865,93.11562084104168,165.94311716761382
125.96674274633298,80.02259175109587,93.08808386645029,165.95095129168888
127.43578578118259,82.82381424095509,93.0479775330792,165.96268449266503
128.82931616692136,86.39986056056561,93.01856642171215,165.9727365143937
130.11839748763896,89.69250087100544,92.98096331053515,165.98364825343836
131.7884789318614,90.23746369572746,93.04690450991984,165.88958782978625
133.1802036082998,91.16501759116512,93.09828854060319,165.81397420528512
135.6230437192379,91.01455762679886,93.14700220147849,165.7446899535386
136.17702706804363,91.38719769274014,93.19724292040141,165.67093124690322
136.43013869633089,92.0530500618146,93.24665118219086,165.59759988846164
136.8251275045138,94.82857432519523,93.22000342937332,165.60783590378412
136.64323803119026,97.50464625668779,93.1812131118469,165.62175563561712
136.40119293283462,100.06840725240835,93.1419590302226,165.63684753196287
137.12586855550154,100.03835585192236,93.19736208977463,165.5523995177102
136.55085430490325,102.3187678063886,93.16528671867202,165.56505573801965
136.15364850177005,105.2151395364646,93.13222146584572,165.57531940372215
136.14866967683133,108.30520530440583,93.09141778112505,165.58757497187412
135.67807046231576,110.927543336789,93.05154938715056,165.5993400234408
134.8155527909949,113.03239301493305,92.98322556936898,165.61596999378233
134.27711008885547,115.2361500428402,92.93254785471325,165.62823523865774
133.6651364023191,116.71486499809828,92.85223056313598,165.64706575180185
133.09734401689718,118.18878880920121,92.79140801586458,165.6633165831177
132.05094773658425,119.11920649085677,92.72571444863705,165.67992310289375
131.174208102666,120.24938236578566,92.67382731956954,165.69217081173042
130.45162553816627,120.68036583726699,92.59841573309969,165.7078429836245
130.01912665948066,120.63625622855416,92.51752735536955,165.72785329797588
129.81160535779708,121.39632070551794,92.45313019352182,165.74057556322558
129.57101979635888,122.27656654526835,92.38955867256504,165.75575178953224
128.9963210784547,122.77260216801713,92.32254308728574,165.76794561399623
128.36247170550178,123.00705340195087,92.26337461040566,165.7789981338931
127.60396920207559,122.90511517299763,92.19930216078373,165.79316397473417
126.79462326896112,122.61205537059362,92.12802079188238,165.80598268146707
126.18669038952731,122.4596897080056,92.06171530136031,165.8191174151705
125.5356358750631,122.63003620074323,91.98501368613898,165.8348265884324
125.20480970988014,122.79706809463548,91.91093983881248,165.84898076482028
124.52317217491907,123.10923682955034,91.85169939722186,165.85946560400774
124.27570723902835,123.41449084968814,91.767995066523,165.87598734030533
123.94769261679214,123.83248627124988,91.67151215403206,165.89297979309936
123.7993253931796,124.30277906922309,91.58615481081944,165.9093875982035
123.21637592578146,125.23127341279353,91.51802254520678,165.9225116878189
122.51546109656451,125.32889623697699,91.44711107662653,165.93457868297997
122.42818054911217,125.72985207631305,91.36908983009864,165.9460270397273
120.83819742801,126.06220798026524,91.2741303635322,165.9630474095573
119.14736246591252,126.22814594891939,91.19094533205397,165.9747594668245
117.32826297128108,125.98499753422804,91.11557396494783,165.98881614623238
115.33985867586395,125.2604849338941,91.04296601372887,165.99713080231408
113.86512946363791,124.50592519933616,90.95911068696024,166.0109626146459
112.51187043444307,123.68078346504942,90.89165909508138,166.02227129741465
111.79085106691474,123.33256063916285,90.81651595681649,166.03844180699494
111.21227515975231,123.00983518828052,90.75130453757507,166.04956780050307
110.74566300081084,122.97568192178584,90.67699661649775,166.06148601495377
110.50823520303913,123.03556011345285,90.60890438327148,166.0716161098054
110.00498004680419,123.111321189362,90.5456103849427,166.08032651683357
109.38954153252689,123.40707704964446,90.47442823991331,166.08941474086018
108.76476520248457,123.52593025089281,90.40646898383739,166.10157156060487
107.68071721070677,123.76034290092973,90.33780745053201,166.10769150770435
106.77897959131768,123.6961029082715,90.25908817026723,166.1180415318282
106.00559217088262,123.91326037961969,90.21728013779293,166.12616414849805
104.0659905533013,123.0885512147454,90.16340079238915,166.13976220866198
102.99262297129901,123.27340497983761,90.12904989300873,166.14746544794014
103.7288435855732,122.4138866695415,90.16642769522205,166.09353389550532
104.48610130029158,122.28646496917594,90.20834975815593,166.0293452232155
104.85566039313805,122.04899878403191,90.22832902939504,165.9999660319191
105.58189053219553,122.38128780604515,90.2662077920363,165.9419878552365
107.36205117603343,122.42455611827182,90.31484164924271,165.8717171297261
110.85193466026335,123.16434836742323,90.36045672271402,165.80652116883022
112.030388172167,123.05994917876586,90.34008348377309,165.81370766965722
113.10870522300146,122.49166417083586,90.29878389290737,165.8283001178445
113.64079612404392,121.60878073447745,90.26408528994202,165.84216917867167
114.230748810355,120.97001218484144,90.23376444910392,165.85360694418057
