57.5,21.5,31,45
56.79290216589243,21.044447886022795,32.5218256826347,44.607233073169255
55.6897065309268,20.694270406050236,32.524593419317064,44.60439126912206
55.7693462209415,21.63770956673442,32.51488572627076,44.6155385796583
56.49635826788611,21.287346336540377,32.531986281429404,44.59841632188003
57.27717016173497,21.362037518192007,32.569243142344654,44.5620722078906
57.94095098497864,21.212949954742594,32.622478643608154,44.51449682409683
59.1689998529707,21.174631413671925,32.66893723162918,44.47230434297809
60.098505297823266,21.05377563526119,32.69226391211446,44.45250993838141
61.03931849519891,21.06120890373983,32.72647397080098,44.42370186011001
62.1594510576404,21.582829070070876,32.74840800935489,44.40371425304911
63.218656379498555,21.86473737501963,32.760944478675704,44.391802023473105
63.427880719616596,22.293501508263862,32.77352648910963,44.37987138176339
62.62902455941704,22.85752759722117,32.763731819076,44.39186568116658
62.20831848899068,23.02001544072065,32.77405815880415,44.38100194218093
61.832361124404116,23.248769691131397,32.78983668993346,44.36455854417506
61.3880196405959,24.995877842278034,32.776803365645435,44.38032745039314
59.62912036177018,25.831098029801648,32.79595113403602,44.361298012655176
58.90782149500664,27.807189160554763,32.7840661929644,44.376429994465596
55.769219110758144,28.58035149415991,32.809968719182336,44.353067539817864
53.84404037938611,29.641332004453503,32.79974335340468,44.36757326079257
51.479384115238524,29.910313464980092,32.79188852330141,44.37828134689576
49.63997109051728,28.966352831073184,32.78096223242712,44.394482896730146
48.21799304064062,28.35579554161823,32.77331816204495,44.40485881673502
47.2449529080263,27.879361526617338,32.76416413810428,44.417950008911035
46.40242591344288,28.533188898670968,32.75430760099547,44.43172857054413
46.000415745889164,29.456056786251086,32.741813622881935,44.44836722031828
45.68872229700002,30.264695327741297,32.72788649907285,44.465724036072906
44.023452295742665,31.205265600330492,32.743311526611976,44.45064792017766
43.19225627108443,30.848429225626404,32.726700575669035,44.46850224536098
42.45094769791764,30.634311309796935,32.71269039122259,44.48337915024685
42.3708998133406,30.30491681884461,32.692691113618025,44.50567033656968
42.501587964170554,30.375510407116536,32.675710082901766,44.52494576299881
42.147347476171184,31.097946889945604,32.69647451522603,44.504947103065774
40.278572504119424,31.830625104299223,32.71252048632235,44.49059875579469
38.02394836137984,32.634383069748,32.73764029661232,44.469139891814564
36.13552325807487,33.507566467859355,32.751027006060376,44.45747079513866
34.96349376459066,34.57617849402382,32.76472653410546,44.445095823849165
33.87903654395697,35.46549489267122,32.797419804947424,44.41551507428385
31.97204384764895,35.87393924922428,32.81893307346373,44.39714942960578
29.913520893647537,35.74666689127605,32.84485397002247,44.372515228094244
28.32916101933571,35.523973382165394,32.900350165942264,44.323483684856974
27.12206791089492,35.45304289471236,32.85788850989904,44.37909147121256
26.727396361366655,35.576076188157955,32.81222668322773,44.439048601247954
26.44088880939305,36.45432841675071,32.77610305998682,44.483540209202204
26.101318546041025,37.17654325037253,32.70253807225988,44.575001359600776
26.055042579487907,38.16670665891087,32.652091071574,44.63851185140777
26.3134316156804,38.45988123011759,32.7107867845894,44.584764780756416
26.51461553335477,38.74523024318513,32.78498946606538,44.51863169555075
26.519832125775768,40.20475175478518,32.72960457782397,44.592730085085634
26.596713532002386,40.96813614597268,32.704346771803266,44.62530022997962
26.86714890211426,41.933314907967286,32.677032631196525,44.658610098721105
27.140524490523685,42.674247669433555,32.64307010775139,44.69783210306366
27.34777585279472,43.50676480578872,32.60372688523874,44.7396068742376
27.672058118996123,44.28985876495361,32.54978711060266,44.79649777899744
28.039687347155763,45.43759722524216,32.495934079355095,44.851297805441824
28.696348404669305,46.42903998899554,32.457496188266,44.889745018718735
29.103612545578088,47.259368661699,32.40905508086402,44.93506892788945
29.555962053397845,47.704024493296444,32.35266063494573,44.98292169054449
29.739129148692474,48.29742766188159,32.294603961913616,45.03291125562639
29.84278932372091,48.83027678442898,32.251470968686384,45.066082811099236
30.068109748777683,48.99902937897413,32.19178598395599,45.10875514967503
30.231050764488295,48.75316000767293,32.1477220146018,45.13618360384816
30.08605384137828,48.60565941534029,32.08569821975432,45.179206152725484
29.5023418134659,48.53340364102127,32.017937010038004,45.23125981830354
28.996614645167938,48.24552568127954,31.964956818283103,45.27308865477157
28.54005914128383,48.427788354902646,31.908099030274947,45.322905919553484
28.330447298910542,48.8177823362487,31.845490836597836,45.38183753684414
28.18650395380117,48.92610753656297,31.802680228766647,45.424407974762346
27.66374341692172,48.99056974047751,31.76718154334739,45.461030222588164
27.369241650272606,49.13629534974788,31.734125254563097,45.49608868837169
27.027372661733352,49.19131713539905,31.699429970723937,45.53179642944441
26.300342553352298,49.15089639182162,31.68266761477792,45.55010579714633
25.819870131837448,49.19023721737878,31.65195949226197,45.582569724356794
25.18317165826401,49.17521139840319,31.633064321336338,45.604196995483655
24.549548795903505,49.40820483319768,31.605276710371612,45.630451806516774
24.083884310963427,49.418082103395435,31.569448137546235,45.66457624029076
23.497376603281175,48.966267089777745,31.532220327813075,45.7013266255164
22.5042969092251,48.76120907895381,31.57730164909936,45.65515866059582
21.04493815255618,48.5258341445383,31.62496808936286,45.607506727840686
19.860094475702194,48.419979094153604,31.65404255473465,45.577556993629116
18.725314744996613,48.23677930298707,31.7008170201131,45.529110423895006
18.779575086143524,48.363283221042344,31.677547721302687,45.548826322163265
17.495580999423762,48.448438177036834,31.717095657696923,45.51008080381386
16.297080229482862,48.3139545897659,31.746882517860705,45.48159996910318
15.353863848364373,48.060994876885786,31.7796648293912,45.448208343494684
14.767279482979129,47.90489132564137,31.80620065038691,45.42274038118134
14.288503423187743,47.786139135250835,31.828997921489457,45.40023553277923
13.727704687158065,47.78028976523058,31.866408243547287,45.36271840097902
13.51089596344778,47.63060131509219,31.88198019998771,45.34701662550887
13.64519913856931,47.14362115879504,31.864383850450366,45.36422916779372
13.6977347266429,46.998146864059144,31.88443003584875,45.34519283485646
13.845007122034534,46.89818906334756,31.91114346216181,45.319356589250894
14.541690966325783,46.388614196731325,31.900308727795316,45.329295497516945
14.61427084311623,46.41401876746873,31.91941554561697,45.3106321766002
14.700532247386601,46.40604815528027,31.955813513920255,45.27564627978491
15.32360906412549,46.03639125262497,31.94485349063382,45.28669652813825
15.56862081317778,45.347219530794845,31.937740178581564,45.294229820698355
15.765592757002965,44.655972900885445,31.93187012272784,45.30166156852374
15.77604577043394,43.811117033341425,31.92742962194006,45.30697739430239
15.63144789968229,43.947277324472566,31.939716965768802,45.295931269017956
15.500619142866148,44.02636435931159,31.94763980137107,45.28852698438648
15.33940997673819,44.138524268240516,31.95472059490781,45.281890094375534
15.495838906673868,44.16131509925968,31.966075286153398,45.27087067362326
15.15777522429928,44.056549478551574,31.974240040180984,45.26359022828524
14.972960166288532,43.936466829795336,31.983411305341885,45.25528943642984
15.315676753988999,43.91770836211198,31.99260785873505,45.24624932159825
16.47513017245672,43.87247346030942,32.001827213892504,45.236625671080816
17.18994568971668,43.86710653716372,32.013105445844445,45.22410234377441
17.301520125248732,43.705092256987584,32.02213520322501,45.21438166945032
17.08213776845656,43.39580618356733,32.02773269764737,45.20880199038598
16.674503345124503,43.03514912080538,32.03351306898876,45.20316105971939
16.179443344085925,43.02554924475443,32.037850388170256,45.19887294217116
15.24698640240996,43.3201890472554,32.04335875394406,45.19363415776783
14.886050702090582,44.046674885801224,32.05237755734618,45.18476381429435
14.812649691858422,44.82395612501967,32.06106341181491,45.17647218317801
14.749221568770125,45.622870563242316,32.06861791418609,45.16901861095482
14.43671318480742,46.39737185324996,32.07387148659682,45.163750223787744
14.231684526845491,46.874180340038876,32.07963118246262,45.158106322738746
14.058292719601848,46.99386895007775,32.0873118432775,45.150911828925004
13.691419274709812,46.751817636936906,32.098546964720505,45.14030323494226
13.291516705346634,46.54218939426079,32.104295747493644,45.13507725550415
12.331515981140583,46.53228628034239,32.1146388831082,45.1254010199662
11.83783693669869,46.53069426920449,32.12700118007991,45.11338616143544
11.78216580585191,46.46410260027511,32.14040243803363,45.100313991228965
11.471451869389796,46.4383495282098,32.15763233198447,45.083262850587204
11.637491424438224,46.46515031955118,32.18182883996394,45.059351198283835
12.048352483832133,46.69280235357601,32.21728338266752,45.02325905431025
12.679797388277635,46.97428102031995,32.246120282188684,44.99343576403907
13.800779029085223,47.32076850962109,32.26576607802712,44.97248920779244
14.922585297042456,47.56400687315997,32.277692005705184,44.95978765890873
16.25998778930167,45.52471952942591,32.26993356812279,44.96632751056142
17.377918315227724,44.03132565962519,32.263824580021904,44.97200300841787
18.84017555759059,42.44249780381796,32.25838343857315,44.977231065765984
20.155427880962517,41.19531196216079,32.25397098734016,44.982032846660275
21.410839733775752,39.70200427420244,32.24921265036603,44.98716547836005
22.785031359379396,38.18353097436497,32.24309557728985,44.99364528306734
24.098092092986853,36.76632291227879,32.23611878819078,45.000848119886186
25.488783952880215,34.83939998386017,32.22898605259595,45.00772890218424
26.93811064797774,33.82188993051456,32.22081723385781,45.01679929230747
28.349791202677018,33.07259220372029,32.211367562447535,45.02755254370942
29.52367205789845,33.11750859861496,32.20341169345059,45.03882165902758
30.532019747836323,33.97651482577106,32.193192239020405,45.0544172121464
31.481288286479984,34.28598964732692,32.18219657504027,45.07052197853862
32.318678099091926,33.52081366389514,32.160817251749684,45.09976327245144
33.58575728734184,32.0221236519299,32.140224415563566,45.128622178217846
34.65984589517966,29.786820601198546,32.12168348757714,45.15294541606362
35.73841842495212,28.15004570953638,32.10679540320616,45.17326510447829
36.64774573366785,27.188127037080548,32.08803988703203,45.196670577975766
37.42202170255138,26.886022232735343,32.074355235947095,45.21385066996925
38.40582009425854,25.843971785648506,32.04789588558485,45.241999491999366
38.89814501612794,23.923385905633705,32.02172592313267,45.27270663143876
39.50824695100958,23.169895001558313,32.006180084833,45.29059489749054
40.180673665474075,23.015535124827366,31.98676157907601,45.313394627034285
40.95823182409117,22.47992165544253,31.963458287316378,45.34005362318463
41.62339376750178,22.754795083800655,31.935083067067715,45.372457046944
42.1545129649821,23.016135298275746,31.913596248530716,45.39451812933873
42.665185476454326,23.08853560899445,31.884725245113707,45.424484227242594
43.22845048098732,23.265079094187946,31.864249542077996,45.44610242248022
43.67645429605413,23.63856297221921,31.845467907008164,45.46555699775086
44.13735693487975,24.140030262738144,31.816312399139946,45.494473231532325
44.464937512977336,24.829415366655624,31.78515083858686,45.52529970529221
44.875412689615956,25.35840218716043,31.760501969417582,45.54972984331245
45.166122382369416,26.088954466291113,31.744216334349364,45.565558287523004
45.321012607806,26.572042423426954,31.725969145013757,45.58327844993055
45.380339193560836,27.07655192915951,31.712753743989946,45.59676031107744
43.91348948974523,27.29259284354533,31.749193200983346,45.561986921322145
42.39386847124989,27.63249752661705,31.777067201703883,45.536169194792805
42.35674133160144,28.043726295280514,31.765633463692062,45.54817531341452
42.18791558953786,28.466750005354047,31.75372221345377,45.56154455691415
42.2311597606955,29.060932882458083,31.74259441516439,45.575209103800134
42.35631119069049,30.26469194900914,31.716998368867444,45.60956905106606
43.0140989659979,31.86598820905522,31.689671953270018,45.649831364576805
43.57650653423671,33.75649760898093,31.627739120984,45.739458803052415
43.96174848690367,35.34047908124296,31.563936884408466,45.82898434767936
44.15181763666633,36.8461291228665,31.520851406996186,45.892175526868186
44.37250331318356,37.34307780468221,31.485129060328457,45.93797247247139
44.92369195699621,37.128007646302365,31.456780145467743,45.96977724297597
45.26485890126087,37.09586909581624,31.523243733230075,45.90560141707406
45.66474682701412,37.22842848231517,31.56663816694849,45.86668391012655
46.47031406494081,35.90998977676329,31.54305039729477,45.891569200487496
47.34615087232338,34.59886639310551,31.53321070777682,45.90353783822542
47.960987869609326,33.331029896494535,31.523071944795188,45.91684788398338
48.14950291226164,32.760281714495804,31.50267626772611,45.947686436815985
48.16032458053991,32.18290591767943,31.496516612282115,45.95648890515882
47.69767722471949,31.981290820227034,31.485657971662352,45.97180912143545
47.28149656625972,31.91941961297865,31.477156120342293,45.98365665271679
46.78478099106505,31.56747184404361,31.469137447352132,45.99469307737047
46.155243165428935,30.94657082668615,31.459399846175312,46.008663271570256
45.76093620843606,30.219221086776614,31.45151838214365,46.01989596881944
45.64421977537924,29.28595529420672,31.438796328990584,46.03682866937671
45.33039247679095,28.208417426143072,31.430804404122036,46.04829559698655
44.949816985401,27.969679607730225,31.418970107341842,46.06500056721297
44.4011598090306,27.338785352235973,31.4061466398388,46.083274182762324
44.19008188134583,26.717839055694526,31.397386662688806,46.095948769711185
43.04242777316476,26.56301977161093,31.3864667181928,46.113353930380974
42.26530341280982,27.746497012825643,31.379240281164936,46.12328295472645
41.26608578359418,29.42378284233335,31.36674786244169,46.1395761638751
40.111812480409526,31.085653042852996,31.350445816925003,46.16074161610729
38.81548556735427,32.096502283484995,31.336025382323843,46.17867879310746
37.72518203550571,32.04453491437004,31.319726117819666,46.20075212477265
36.50871579212296,32.24690838713715,31.310528515779012,46.213690836978074
35.30265370936943,32.19552709450226,31.295658595974185,46.23396785074421
34.06518445270693,32.10479884196559,31.284047493439203,46.250416228128195
33.041524005955765,32.709177704737506,31.27028054018555,46.267958384519474
32.0316061869884,32.524242228682525,31.259856092060723,46.28086397360378
30.94865046328,33.017274373818914,31.25403106067197,46.28788655781601
29.73564608183503,32.61914167060258,31.23999422839285,46.30594269520189
28.914070428915736,30.985767130105124,31.226183735563524,46.3266995925115
28.571334923208614,29.24962940044454,31.216710901705703,46.34031921763467
28.42327898985111,27.750394218438856,31.206008038253323,46.35611760555656
27.924212982223054,26.510020127233297,31.187611923931794,46.38547146843338
27.50497637002544,25.6252946948336,31.170395384304197,46.411752787105456
27.12539633480251,25.066974771232438,31.15018264343262,46.44082268229667
26.59186046304456,25.384499373459043,31.134223209427756,46.46446828155821
26.327174034168053,25.848357086660883,31.113090965500017,46.49184516605999
26.14675087971888,26.511646608596696,31.099305213870565,46.510318722095285
26.132647291352914,26.59670096746696,31.084353267092375,46.53205814828996
26.241095174121103,27.085832892327883,31.071388162638264,46.54950020114456
26.650441037669708,27.15266192279285,31.06048868188276,46.56428637553949
27.363798050827242,27.054539826278017,31.05293537925391,46.57417290648743
28.2293989134584,26.844149329011884,31.04637354656972,46.58233183666766
29.063502948556213,26.536263270754596,31.040502541117135,46.58947699147417
30.121810730142343,26.460439838206153,31.03251548937371,46.598799692061284
31.00441886393551,26.158552541880937,31.023301647934836,46.60984823290431
32.13851170215997,26.211024666358536,31.015363202015703,46.61900548326819
33.219528108691996,26.213570691928766,31.007918373036734,46.627841194524365
34.484513732927454,26.259764722670162,31.000605711067895,46.63681869184465
35.74462736972852,26.025067225318065,30.99529581112298,46.643956569515844
37.37727023309176,26.446338813397915,30.988801769500878,46.65241107974225
38.40572585353118,25.566961381753586,30.981467764797575,46.66346835124929
39.15898781608896,24.755431647232786,30.973741733206186,46.67612964695868
39.986288165876246,24.593953403601887,30.9661787781537,46.68884658076894
41.15604704435733,23.94721633047189,30.958618361432013,46.70014065615186
41.77865742444818,23.58383068370489,30.94501779377809,46.719701766542244
41.294863079273995,23.361170100324813,30.931741244029407,46.74019306283998
40.509330167552505,24.170084430762056,30.923049973089142,46.75390064731156
40.123137580005604,25.030554208213967,30.91439412206754,46.767705998833215
40.07355522873847,25.72960670447156,30.90898471796814,46.775687451172764
40.402381912061415,24.542502890713685,30.902443013710105,46.78511417582597
40.88682159029111,22.561986768693345,30.898058422055545,46.79112027011689
41.65928585671761,20.57328466408467,30.89545598192258,46.79407436794508
42.42937978337113,19.340864186698735,30.891361602049976,46.799237388070345
43.44158378105143,18.55826840498143,30.885586733901913,46.80749864793135
44.61613051055765,18.07592188391402,30.882364246569157,46.81192653045923
44.97359670814458,18.246138879786354,30.876462658413573,46.8198756673576
45.29095793614559,18.17587233113223,30.867822145923533,46.831921207493075
45.23248332215759,18.138682556380367,30.85382926765258,46.85017253450148
45.527957900344674,18.39826247755463,30.836643899024843,46.871105339228606
45.64421771299536,18.818132513794826,30.823025758928154,46.886697820134906
45.801702267283126,19.066251441282397,30.80706081767097,46.906736384322514
46.39719243920915,19.098780087188423,30.787926029124403,46.927154440446614
46.67628172349221,19.633162720277717,30.777366266920442,46.93861714534499
46.90606880807938,20.238748501515705,30.759013305126388,46.95805440378424
47.13485242308263,20.649683438680164,30.741976643481184,46.97573335567297
47.54494698521,20.994005487948122,30.723992545376188,46.996422259704346
47.95876467469417,21.02092309035013,30.70839415752722,47.01266954802672
48.229499054123195,20.48527630289706,30.694581775031033,47.02714344557996
48.590206757790085,20.432262230864374,30.678533813642993,47.044620746346894
48.75123575260562,19.8600286876423,30.65800895680343,47.0683779367034
48.751089094158644,19.64244657981512,30.643306695020932,47.086148944807704
48.65438777674796,19.45277919685809,30.63306199943897,47.09827385897998
48.7260346195447,19.642607795401066,30.617927762349932,47.11439755307406
48.623891138014685,19.201091599115728,30.608930799161406,47.12501863497198
49.07553597114205,19.146260357597686,30.597522121981385,47.13786148625271
49.5319528307086,19.636354941754263,30.587052239613584,47.15136298747615
50.39708699332506,21.272499101307545,30.57397239189683,47.16986737199812
50.963638752379595,22.674930716423425,30.56322910327995,47.18490703864747
51.01530567954244,23.463226035708843,30.557232100014648,47.19321403744388
50.87537311581245,24.164825271287544,30.54991489638943,47.203141677317056
50.56154536731697,24.999751540905358,30.545668592747912,47.20934003949439
50.3789369176946,25.30229541143375,30.559766510154414,47.19557466086055
50.40461453435333,25.585873519905217,30.57561119248448,47.17967855763374
50.071221783692586,26.144330257295277,30.587924461941025,47.16758736087639
49.74224807932974,26.582438786973253,30.60417792096732,47.15133133438787
49.25241732944245,27.90404866971916,30.596403305000166,47.16214427611041
48.766338533060335,29.056327320971626,30.588898837026793,47.172104948458994
48.528592104987055,29.21624862314148,30.581637820301953,47.18226942038271
48.392109977683205,29.041490769296203,30.575241273928135,47.19136950130897
48.31661080818143,28.41216763776731,30.588400921458668,47.17993627084411
48.444861918385065,27.715435515712414,30.6041559694802,47.16622056328612
47.92339597142093,26.8162732394747,30.597894361936003,47.1756862252281
47.49819306087927,25.6932788129704,30.590665519437483,47.1867786568042
47.203021994248665,25.918259213308822,30.586320310054944,47.19262482672367
47.38892364953336,26.703732833106933,30.57971501565224,47.20124370822883
47.352789408847585,27.437789604254103,30.574356896162236,47.20855946242802
47.74709748690978,28.10150856969551,30.570704526639872,47.213372841893715
47.67998426884354,27.90206802573077,30.565264405460347,47.22108599111394
47.89905038660244,27.49728388337129,30.55958180878607,47.22808154862953
47.74730469266324,27.474472554709603,30.556849833980223,47.231410366796275
47.24261277828566,27.466678728995205,30.552424458633816,47.23664538433158
46.81210671378096,27.567129250616265,30.5422769149061,47.24726556427691
46.482978200398115,27.758158633144934,30.534586623594702,47.25609218211027
46.00556567041392,28.136284036929165,30.52790823746095,47.26364890971332
45.74773885993184,27.916124611368677,30.51984546829221,47.273619096312125
45.125203184748415,27.967432305970757,30.50464586548066,47.292507507261696
44.424499775883206,27.92030836878411,30.487360094404927,47.314669039955895
43.80540325629339,28.27510319584711,30.468734243012968,47.337268087459535
43.21752944154004,28.89180684461198,30.451583360633062,47.35484724680082
42.417337407712736,28.89155601627601,30.43741504963318,47.371216900433645
41.85307681151337,29.130546574184542,30.417253409314032,47.39217422589313
41.323628423477636,29.36282691841393,30.39518907717779,47.413678925160184
40.89389613168569,29.830752204100428,30.367237417208507,47.4388073982246
40.63930559091854,29.633527294252282,30.33375832198883,47.47334529928075
40.27770328506961,29.556318280837907,30.314955320504605,47.49078234547481
39.73479274370669,30.074983457516325,30.288837330621508,47.51129603489599
39.166834598449036,30.642841049772834,30.269575789487035,47.52543980195158
38.5156688616375,31.05146236336425,30.246824722598024,47.543422756891545
38.45822251473771,30.700157745087253,30.22635899340299,47.55798768382945
38.61525770326314,29.81170494109728,30.193440894537027,47.586129134514174
38.86184772692238,29.046238922346284,30.158286094077145,47.61098090220263
39.39998341947967,27.92614997419051,30.11435237452043,47.6425449259861
39.89348431050281,26.56073205156398,30.08461424098412,47.66567408140456
40.38676926013113,25.426831195048678,30.05581611983416,47.68743425810399
40.60282920978472,24.404902793049878,30.017979038367557,47.717246062025296
40.43523483481151,23.499308771685676,29.981226132439733,47.751176662279335
40.274692291999315,22.381113856019063,29.95034617809562,47.78246548042897
40.18211770959537,21.836452602573882,29.942372523837477,47.790322981444696
39.906957711323514,22.14034846585472,29.935658981562817,47.79737861692449
39.7295735104317,23.664940389133342,29.93220677630414,47.80126316979657
39.6270284966739,25.008688767486948,29.92988631926735,47.80385277783545
39.343271286043674,26.678744738539717,29.926904658221908,47.80725933128961
39.17655646326604,28.06303457214766,29.923348328273246,47.81145817512108
39.067307277379435,29.321625634050164,29.920626370642584,47.814563326630406
38.92933752016714,30.71044634798489,29.917992550850094,47.817732970156825
38.693573985416585,32.002274824430486,29.915841448716538,47.82060503376038
38.161403929225195,33.07519619651067,29.913516150103835,47.82397917993511
37.76925899333584,34.044420145880665,29.91069670648718,47.828185414038124
37.36734113407563,35.17158129798117,29.909165074429303,47.8305030672651
36.7978808996823,35.900643288524414,29.906730863154614,47.834629438084434
36.20553165608827,36.08228714370601,29.90432536360256,47.83865105961516
35.70253848787952,36.503474804773774,29.901908637199618,47.843098297313155
34.99233100401079,35.307610230960826,29.89560715806056,47.854573414711396
34.785744158536744,34.26733649761897,29.886645376710987,47.86845427830672
34.627950810172436,33.86896895269592,29.8834238158598,47.873193783188064
35.20215318810843,33.54003827800655,29.87807330689027,47.88022712868346
35.71841416842645,33.26673841841718,29.869935725641145,47.890454663108784
36.51157434583446,33.13954658285779,29.85707082374413,47.90423004438971
37.185809425182256,32.561503302562386,29.847915960267958,47.91353837908179
37.928076513882516,31.50405001484274,29.833682338096626,47.93002910292806
38.37289654660506,31.03603958384217,29.824060030067297,47.94017972519455
38.58722844199981,30.756193919862337,29.815258122202835,47.94918648188804
38.621270672474836,30.15604076535701,29.808385012558027,47.95636599322261
38.233353003132365,29.727833503155377,29.80078303959366,47.964724976110524
37.4254780048291,28.199597676833093,29.79036192413963,47.97732975596762
36.84866760078192,27.59536063366654,29.809547078547467,47.959320020431825
36.73725089666712,27.425321464593654,29.83882991497779,47.930496092552055
36.12194370253785,27.746720249786634,29.890680556021067,47.87965895231136
35.22404582987113,28.517368112031583,29.92720599095259,47.84349471089946
34.688069464492294,29.10571635772934,29.967258315826474,47.802298412146165
33.58916271972486,29.850215305586904,30.007606824282234,47.76077118140906
33.16961385720807,30.541809470234988,30.051401144984606,47.71615881131852
32.471204466705565,31.188478176619512,30.105724126924986,47.66216253834287
32.92097217760219,31.39805449923679,30.137484159633846,47.63057797949404
33.20870340404237,31.589772706280417,30.185137842350706,47.583619888151155
33.627909075949006,31.99291992145616,30.23254468195953,47.53516895221495
33.82976734223601,32.32713121706618,30.280385517425593,47.4868101427332
33.586632666102666,32.628414437323315,30.360944619553056,47.409621512220305
33.99840935815165,32.99040192055294,30.41748051844459,47.35568101393503
34.26841664971215,33.312594766506216,30.479934604738105,47.2940655504144
34.893833035335355,33.431049763037116,30.523387488513364,47.249533035236894
35.36824042185485,33.39557562090292,30.57321128578306,47.20002881862553
35.15418873393324,33.354974980326375,30.560202173118057,47.21824431447312
34.934389354150255,32.90446334639333,30.546479088344654,47.2366695398511
35.028934916122296,32.42577320746072,30.533880417022026,47.25360236803217
35.00679222675099,31.847234375667647,30.525307294091906,47.26584980472013
35.89183840926292,31.462539260736477,30.544542073690852,47.24787030649409
36.88441896184918,31.51093009684555,30.56641217083461,47.22737823589996
37.96129484942561,31.468839299223262,30.593190466940293,47.20218127721759
38.902487847660055,31.490690328363282,30.63420666067984,47.16488907961929
40.249416207434635,31.648620442291342,30.65828884112457,47.14207595206873
41.32610375224594,31.708486831545972,30.690840188879896,47.11256777488784
42.101695302847155,31.77561493183656,30.724386997574314,47.08056469842452
42.29941524671972,31.904721398142478,30.749931467424624,47.05768732446556
42.46814103040616,31.910799959690763,30.781220756699234,47.03017298082358
42.43382104369616,31.8687037888833,30.805928206540827,47.00736107483271
42.147577325437915,31.83726156904998,30.831624864420387,46.98466515062968
41.97593171213754,31.854301476441954,30.849739702995855,46.967958251366994
41.99140360987311,31.992369227262756,30.844350452748433,46.97708986436467
42.66715574671369,31.870065118955214,30.836669611989628,46.99057841845649
43.82709810388207,31.98043730537878,30.826735726205115,47.00937150820148
45.10091612840088,31.66066229217097,30.81579491909559,47.030223176081336
45.89820525108574,31.39087156950098,30.8024581621826,47.055189681731676
45.64454537845208,31.338201114958082,30.79583441408369,47.066858754858515
44.93365073368585,31.044097932041513,30.809675686495776,47.05395364903867
44.54687796648378,28.388458714276304,30.795269453455322,47.07299527960693
44.17817958519714,27.071498112556554,30.78549916519011,47.086627395750895
44.41279020755624,27.138052487448984,30.80450719522167,47.068489024543744
45.22434296372191,27.222564301593913,30.827993107832363,47.04587253853542
45.48625283855611,27.637067472714673,30.841139324388614,47.032462061543534
46.10809499007677,28.443995835011222,30.86043536325862,47.01152349452795
46.24659205998713,30.939298515972467,30.85192560725939,47.02179312879076
46.27312516074917,31.587904703177006,30.86438640526849,47.00991104994443
46.084957973249956,32.01881114671576,30.880415292157323,46.99478232071527
45.69381954075853,32.31908919768821,30.894271878114143,46.98205914647424
45.62666059191084,32.39795999270409,30.91432358140635,46.96359622162745
45.709057101096676,32.51665988931755,30.93859299448934,46.94145957158233
46.40288838000959,32.69132645429577,30.973568137698052,46.90888376298362
47.36626980763559,32.62477894045594,30.993535180898814,46.89021699061255
48.15861697037576,32.70844600104303,31.013344963847427,46.87231549878521
48.62026955170174,33.10127213071921,31.0520414825233,46.83761441035418
48.83657791296136,33.71534604749151,31.07599887218094,46.816898131603885
48.618040276907706,34.09052396891168,31.10653822080727,46.790778955919755
48.608165906022116,34.58910109535735,31.141114235433196,46.76000607404969
48.79357490809472,35.087630997588455,31.164827242869407,46.738744101599664
48.738401198975964,35.59722260177359,31.189738018936957,46.716075452021514
48.558423204634344,36.14239665445558,31.22369951604305,46.686057022331966
48.852190764529766,36.796658167097746,31.207026987518848,46.70974751805135
48.77615953494877,37.25836884206204,31.240001042800245,46.68109196239996
48.73632779696576,37.57900976345493,31.230596858494135,46.69432681654412
48.48114062964675,38.076149258983406,31.253742859182108,46.67398855558208
47.940428589529475,38.537038164538956,31.277385839143538,46.65345103368224
47.48685620236598,38.874380349414864,31.30766325955436,46.62749336566688
47.58637883181768,39.06777596386276,31.3256778513437,46.611771359459766
47.48789621142815,39.41409532252426,31.345815780606955,46.59412293850059
47.16203592431161,39.825059705071766,31.373952263176673,46.5695674682359
47.3310296350587,40.09121688900001,31.409311617452687,46.538387555583434
47.05266042122836,40.356957609471266,31.440156774143972,46.51212074619837
46.78818038413399,40.56252297199124,31.46946455202801,46.487567269731734
45.67171729363457,40.6835598488382,31.508293929361688,46.456351309726585
45.05575461175809,39.87987929467271,31.497939286705954,46.47067767379487
44.65871160111828,39.192766654483634,31.485886077257437,46.4892016268491
44.420215119847995,38.697188393133224,31.469811119590016,46.51098075105902
44.16364541332734,38.45004169634741,31.453057909206805,46.533620593767374
43.96199708209021,38.27133506526552,31.432530619006197,46.55846711780251
43.793881289116264,37.9639708466704,31.41611636073297,46.5788129112931
43.77225402140489,37.837140316719804,31.40090209611762,46.59647413367655
43.82978323127861,37.77461446304426,31.36931798462251,46.63258526530876
43.66232202448843,37.41893025549618,31.35825215438459,46.64427466333797
43.52322678555498,37.499477798678576,31.339334727102024,46.6644375848572
43.482799082776424,37.45816821119854,31.297334059577658,46.710396956575785
43.77346469977085,37.826696592348675,31.273486558289147,46.73559484963668
44.11282097259155,38.84018610745291,31.19345105179417,46.819283763382685
44.79067541660379,39.20781114084278,31.14669556819627,46.874835162114266
45.53718641790068,39.28697484377365,31.282238280987926,46.73495877637411
45.77168715508385,39.641898869748275,31.215060774316814,46.8141823439355
46.244306518031365,39.20227221530154,31.368238496061256,46.65837083635405
47.1327066562429,38.80395209718158,31.54006199607403,46.47665250583296
47.82870764252757,38.32787795041472,31.697946607786616,46.310878970143044
48.350933885790084,37.97769076198746,31.853543163963312,46.15036957462437
48.853112509985685,38.02715361586132,32.04291138230032,45.957997142759844
49.94253100392124,38.088166629746134,32.19091002675343,45.814683457669716
50.831103905730664,38.33448985065848,32.40461991695172,45.61792898624107
51.126150817431736,38.75259077179833,32.528797579355086,45.51104522629397
50.79307297271385,39.14817404032117,32.58411038520397,45.46565081258508
50.727048141488424,39.59637068511037,32.64417180031987,45.414903844780206
50.869277601215074,39.91497580135879,32.67609570624117,45.38856451005329
50.97314944774066,40.336847090061234,32.728325658400266,45.34541435513377
51.389149479644104,40.74079572019585,32.841081148792604,45.249697590126694
51.557754243435234,40.930021365350825,33.03981673868394,45.07589054770626
52.06574555586004,41.089809461998435,33.26343870615763,44.85119075553742
52.39377522907165,41.346723782286645,33.44823430253303,44.66418794232114
52.24183445529477,41.41788803702737,33.626946900721165,44.47182002597386
52.084567956501004,41.09191018118376,33.76967693052192,44.32502897300119
51.9283171060615,40.7832267355561,33.932607614970074,44.16291427446236
51.780920841952195,40.80696941551758,34.05555092219754,44.04086047153909
52.581120007922905,41.795510195599185,34.026632387619394,44.07772425248611
53.29135151041945,42.33322186979259,34.01482228427578,44.09090368539508
53.72394004617048,41.86816231775052,33.99645978558485,44.111857943535774
53.84918641109577,41.52846012389104,33.97218827443945,44.13955784106995
53.75434846390098,40.8757188048374,33.95373337704569,44.15850152062772
53.39001318260834,40.55799183798217,33.93879361715555,44.175198564041246
53.232493653944765,39.931900505827635,33.924379891613356,44.19272322549692
52.79560965663242,39.39923505019219,33.91284426971429,44.20785176707786
52.28603886700216,39.05431872033,33.90234159810507,44.22088340093478
50.458996107404104,39.42069221660656,33.929495688391874,44.1966885901024
49.6272208081469,38.83192407870869,33.91939077695756,44.21032770918275
48.29071355235734,39.25388238328314,33.953565328438415,44.183076570633965
47.57114187233363,39.480652299650544,33.98253789495251,44.15943014214454
47.0485152141799,39.740226056312636,33.99484975065052,44.14937376766007
47.03767642054004,39.69574403854898,34.01456585291317,44.1326641920233
47.43005892127834,39.81810634856578,34.04214862117381,44.10856679047458
47.76516967289494,39.891990342613106,34.07373354398889,44.08042866230424
47.90683404022893,39.907306587176734,34.10499338587616,44.05265221727572
48.30624573648659,39.807101245681444,34.13832826085885,44.02292942639316
48.71194448174353,39.92250644898033,34.16123152679944,44.002700426746344
49.01770853370819,39.89916576167839,34.204614821757765,43.96550025926363
49.246997527248766,39.91840253223724,34.22718343849931,43.94555825296671
49.752600742966095,39.959298340355176,34.25092630973799,43.92508070919079
50.02686307376738,40.112674306575926,34.2751814824059,43.904364999922414
50.264474396730655,40.39441806047182,34.29487625901238,43.88749643057668
50.4007273247014,40.558906129243084,34.317147498388735,43.868225550449914
50.40959638677184,40.75942071279118,34.337873417537274,43.85041866528655
50.32439845736638,40.99646406006134,34.35982542845353,43.83136884933206
50.39506138685887,41.24054395093097,34.38824793534761,43.806907663355055
50.31616511752188,41.55371560021136,34.41547126933352,43.78324951827861
50.61779763168752,41.87658109712371,34.4555227483417,43.74797928266314
50.73587217329616,42.00739398555274,34.49435605791238,43.71344805176551
50.649248687577625,42.04091551667878,34.535875050762286,43.677843440773756
50.83574059012139,42.16229876593823,34.562175936293265,43.65483348589118
50.883646964391005,42.23869461587792,34.58697223278272,43.63357964068328
51.17403786192745,42.26410453658289,34.62435587111666,43.60224660469742
51.243693460591786,42.30049331317505,34.66396625410263,43.568129257413766
50.93149329027816,42.280867473498965,34.695801058230856,43.54098180207042
51.079293716345155,42.2981420759185,34.723177242334586,43.51612113666185
51.454892978861444,42.32123760922857,34.76564072892539,43.47860668744802
51.65218500676559,42.38450396496168,34.80047094542545,43.44813787299547
51.88462254157989,42.42184339211079,34.830363809880794,43.42163975529861
52.26753824029868,42.449598668381554,34.85498018399244,43.399603841815185
52.22329710575915,42.57025238992514,34.88092683929624,43.376062251536965
