1
190.4690,347.8983,45.1661,108.3626
198.3857,348.4034,41.8311,108.7922
203.9889,349.9550,40.8251,111.3858
214.2297,352.2572,41.0731,115.0002
226.1568,351.4826,40.6908,117.1007
238.6125,353.8965,39.8352,116.7837
251.6003,357.7442,39.5384,115.2810
263.4051,358.8542,38.7187,114.6717
275.8865,359.7428,38.2098,116.4093
289.9417,361.7589,38.6792,114.9576
302.7142,362.4139,40.7684,113.5870
317.4445,365.8046,42.6074,110.5872
332.9822,367.6495,40.5312,112.0905
348.0452,368.5780,42.1713,110.0758
363.0193,374.0306,43.5212,107.3069
377.8304,376.5253,44.2055,105.1784
392.6441,388.6941,44.4709,102.1608
413.1662,392.1411,43.7099,103.5075
425.2776,397.2654,46.1403,101.8902
426.8372,407.1225,47.4569,99.8040
436.2463,403.2334,59.9127,87.5494
450.6489,403.8871,54.6296,93.2027
463.9623,396.4854,48.2238,100.4731
465.8628,391.5482,45.5378,103.0316
459.1926,395.4600,55.5681,93.1207
490.1081,393.9669,52.3765,96.1729
531.8071,392.2569,45.4443,108.8661
544.4681,396.5596,42.5135,115.5071
527.2177,410.4614,39.6904,119.2654
526.1097,409.4749,41.8236,115.0508
503.7068,418.1070,43.9072,110.8150
500.6375,410.5094,46.3354,109.4123
502.8118,388.3733,47.7802,105.6124
563.1741,352.0111,45.5324,105.6767
572.2932,325.4586,43.0759,104.9078
591.4119,325.9131,41.7271,103.8251
2
0
0
0
0
1
614.1581,256.2061,224.2475,122.3419
528.9434,212.9742,233.2152,117.1185
532.7657,164.7625,216.8070,135.0881
560.1158,132.3825,191.4489,157.1429
605.5687,96.2979,153.2588,196.1341
646.7753,61.5088,127.9885,212.1085
679.4512,56.1750,125.2470,218.4173
689.8604,81.8915,146.4871,198.7849
690.6198,122.1659,167.2738,177.5262
664.5867,187.5014,196.3528,146.8509
657.8252,231.3785,212.5749,133.9050
654.9229,253.3423,201.0524,144.2875
632.6902,263.3020,185.7755,159.1064
562.7191,160.9292,171.9245,172.4863
563.3701,132.2300,161.3715,182.3376
576.8574,161.3810,155.5718,176.6921
578.1013,174.8852,158.6717,165.7461
586.2189,180.3168,159.9009,156.8221
591.7125,195.7865,157.6880,148.1797
592.6406,210.1394,157.0387,141.0900
606.6441,236.2853,151.4670,135.8620
618.2623,246.0917,143.9155,136.5483
632.9386,259.3309,134.6560,140.4915
639.7017,265.0372,133.8866,135.9902
652.7592,292.4297,131.7517,132.5702
655.7728,324.6490,124.3427,133.0745
639.6678,327.9039,118.8638,132.9861
657.2789,348.0608,117.9864,132.6834
655.0926,376.4613,105.9553,148.6371
726.7712,397.3565,95.0983,155.5028
780.4337,400.2616,82.2462,165.9567
782.7097,408.7276,77.1368,169.6838
772.9539,407.1329,75.3265,168.1890
760.2873,423.8779,74.2309,163.5286
763.0115,426.4241,72.6661,159.8114
764.9683,426.3279,70.4616,158.3707
766.8335,428.2539,68.4968,156.9776
751.4610,422.4517,68.0600,155.9242
766.6449,417.4084,66.6522,156.4607
767.3516,413.9651,66.1673,155.1425
755.8913,394.1236,62.4506,159.5885
756.9650,381.2682,60.3032,160.3766
756.0767,364.3246,57.4113,164.2857
755.8893,359.2916,55.5021,167.9215
753.7632,346.6889,55.7803,168.5282
754.0132,343.3153,55.3109,172.7278
755.2123,339.9603,54.2454,175.5587
756.5773,342.6415,53.0888,174.4985
756.5798,347.4513,52.5233,174.7879
757.3560,350.6596,52.3318,177.2178
757.2675,345.6015,52.4046,178.0813
759.0675,353.3323,52.1739,178.4085
760.6660,349.1707,51.3404,178.1041
763.1392,342.7890,50.4251,179.0256
763.1717,334.5866,50.5329,178.1225
763.8797,343.3283,50.2656,176.4999
764.7084,351.0054,49.8262,176.8339
763.6732,341.8231,49.5609,178.6004
766.1364,348.9731,49.0426,180.6356
767.4729,342.5586,49.1231,180.1396
779.1296,368.4532,48.5722,178.8335
778.6279,366.0463,48.4640,178.5577
778.9003,356.4721,48.5361,179.0629
779.1934,349.3597,49.2255,180.2117
779.4897,342.9745,49.5609,180.0250
779.5176,344.8771,49.4382,181.9937
779.7109,348.3832,50.0347,182.9128
779.9062,338.8554,49.4026,185.1046
779.0184,341.2701,49.8072,186.7422
777.0442,334.1296,50.0411,185.0036
775.5671,339.3474,50.2969,184.6286
774.6806,344.3413,50.4745,185.0173
773.1027,336.7545,50.3213,186.2542
772.7659,340.1577,50.5988,185.8411
772.8315,342.9388,50.4800,186.9900
