1
623.9839,666.8705,60.3193,28.0700
616.7806,661.8413,60.4981,27.9308
605.2482,657.5215,60.6614,28.6908
588.3004,657.9148,58.7608,29.0430
570.5945,652.3336,55.0240,30.1775
554.2603,648.0638,54.5068,30.1083
541.1450,641.9636,52.9066,30.1776
517.4882,639.2207,55.4317,29.4529
497.7832,634.5089,54.9576,29.5125
474.4840,630.9256,57.2688,29.4033
457.8855,618.5947,53.8197,30.8257
423.1110,597.0106,53.3129,32.2864
414.5564,581.1425,52.9021,30.4483
390.3847,572.2460,52.4865,31.3533
378.7882,556.6312,50.7684,30.9401
349.1553,532.1511,45.6201,36.7452
338.8890,518.0192,47.7578,33.4133
328.0241,514.3754,48.5789,32.5783
312.7285,506.2013,49.5712,30.7795
297.6680,506.4394,48.1013,30.2145
278.1144,512.6317,48.2237,28.5267
256.1642,520.3303,47.0768,28.1519
224.9376,542.1284,47.5597,28.1889
214.3034,554.7150,45.8809,28.5491
203.1491,565.0688,45.7784,28.5917
195.6667,575.5923,40.2638,33.2101
187.4395,586.7565,38.3164,35.1530
190.0624,597.3615,35.5946,39.3431
195.7757,617.5489,35.2640,42.0204
212.9645,649.8999,30.6853,49.4574
220.1452,693.7195,28.0205,55.8873
229.3794,724.3553,31.8435,53.1588
236.2793,727.3209,29.2336,60.5780
243.0013,733.8245,30.0388,61.9529
261.3653,750.1713,30.1812,63.6814
279.3056,770.3856,31.2110,62.2757
295.2733,783.0078,37.5832,55.8646
302.1856,788.9660,40.3703,53.8431
308.4463,800.8231,41.7978,53.4339
322.0936,806.3516,44.3529,51.7070
337.4546,811.2196,46.3249,48.7742
359.2226,817.8821,45.2585,49.2169
374.8355,834.8309,44.4866,48.8610
383.0008,845.2826,43.9937,49.9052
385.6374,849.4413,42.2608,53.4580
385.8339,853.6214,43.1787,52.4521
385.9993,858.6396,44.0198,50.7295
386.1094,865.8927,45.0811,51.5674
384.6122,867.2985,48.6831,46.3184
385.8004,861.2780,45.1806,49.0126
386.7238,863.0439,44.3369,49.4819
387.6405,859.2493,43.1442,51.1972
389.8232,863.9755,43.9764,50.6748
398.1733,866.0026,40.1126,55.0008
398.2776,869.9689,41.1346,52.6600
398.3803,874.1954,43.2629,49.1070
398.5397,875.2522,41.4317,51.7660
392.6606,871.7175,41.6531,49.4780
395.0726,876.5984,42.0681,47.8546
393.4748,878.9742,43.3209,43.2551
389.3807,880.8703,42.3208,41.7198
387.1832,882.3138,41.3599,40.7940
386.1067,881.9821,39.8427,41.7430
388.1413,883.7831,39.9327,38.8866
388.9663,881.2241,39.1371,39.0725
389.8979,886.3864,39.1376,39.1293
391.5497,886.5651,37.9598,38.5262
392.9784,887.1020,36.2219,39.1075
394.1537,887.2847,35.0203,39.0574
396.0710,885.0761,35.1656,38.6546
397.8818,886.5648,35.3642,38.6997
403.3532,887.8323,35.0421,39.9865
394.8098,880.9261,36.3106,38.7065
395.8242,873.2479,37.4445,39.1583
398.1631,876.0660,38.5861,40.4637
399.0628,878.3694,38.7835,39.9339
396.2226,875.4692,38.6648,41.0613
397.6931,877.3726,38.5893,42.4714
398.4679,879.3843,39.4037,43.3120
401.0117,886.5356,41.3095,43.2111
410.0732,888.4899,43.2713,41.0718
415.9270,891.6563,44.1131,39.4484
418.7876,891.3686,45.2643,38.5044
419.6495,892.5292,45.6998,37.7958
420.5570,891.6176,45.6554,37.5497
422.6043,891.0125,44.5267,38.2794
420.8971,892.8987,43.2159,37.8153
419.0859,894.4486,42.3566,37.1827
420.0251,892.8895,40.6541,37.1129
418.8274,892.8076,40.3424,36.9500
416.1569,892.3351,40.5472,35.9317
411.4383,892.2578,41.0756,34.7418
408.0989,893.7024,40.1731,33.8257
409.5385,895.4943,39.0808,34.1202
409.9217,894.0095,39.4412,34.2245
411.2582,892.6554,40.3029,34.8952
410.4209,893.4615,40.8224,34.3327
411.9756,892.1965,41.3908,35.1738
412.9689,887.2435,40.5303,35.4013
409.7708,888.8563,40.1562,35.4825
405.9798,891.0472,40.6002,35.1274
399.5228,892.6968,44.2955,31.8832
398.8794,893.5171,45.9832,30.7352
398.8814,893.7264,47.0383,30.3223
400.2964,893.6743,47.9143,30.1224
399.0662,894.2686,47.4059,29.7228
398.4744,892.7071,45.9937,31.5568
398.6383,891.1042,44.5375,33.3117
400.4723,889.6835,43.7425,34.7865
405.2508,890.1033,43.9999,35.1128
411.7400,889.2758,44.8252,34.8435
414.4995,888.7301,44.9449,35.3794
416.9180,887.8445,44.4498,36.4394
417.6241,887.8599,45.1637,36.2631
422.9929,887.1646,46.7165,35.3203
422.2427,886.3785,46.0771,35.6623
426.4068,885.1785,46.0178,36.7382
424.9837,885.1984,46.8912,37.3543
418.7279,882.5786,53.3337,32.7469
415.6664,884.5516,56.8788,30.1579
413.8833,883.5201,59.5410,28.0865
412.4695,882.8792,59.0934,28.0371
417.7154,881.9442,57.8756,28.9522
438.8348,880.3887,57.2081,29.6605
454.0579,874.6664,57.0932,29.1655
463.6970,872.6600,59.3021,28.4487
475.9375,866.0010,60.1342,27.9173
491.9020,859.8770,61.0465,28.4870
517.3942,855.3935,59.3469,27.7669
540.9802,850.6383,58.0185,29.0435
558.6916,850.7543,58.7676,27.8198
565.8132,855.4048,57.5309,28.3443
565.4087,856.2600,57.2845,28.0112
566.3300,862.0291,56.8197,29.0845
572.5538,863.4894,54.8707,30.2105
573.3317,864.6970,54.0321,29.9168
572.7694,861.2741,54.9712,28.9514
570.6185,862.0923,55.8549,28.3353
570.6617,849.6534,56.9754,26.9436
570.8544,850.2582,58.2917,25.4798
573.5819,848.1591,60.7933,25.1062
575.5231,846.7663,60.8676,25.1581
583.8986,847.9626,61.0274,25.5891
587.6723,852.0326,62.0569,26.1604
593.5675,853.2850,61.4995,26.2613
602.5336,850.9937,57.7304,27.9726
613.8933,850.2104,55.5814,28.5366
613.7303,846.4717,56.0316,29.1349
613.9789,845.3411,57.2309,29.8798
619.1827,840.5296,49.6773,36.2868
625.5931,841.8533,52.1471,33.0506
630.2889,842.3666,51.9967,31.2849
638.8085,837.9505,51.4604,30.8008
645.8161,837.3157,51.3627,30.5849
650.1640,835.2855,48.8603,30.7390
659.6736,831.7387,47.8551,30.3132
668.8850,826.0476,42.7733,34.2285
669.5899,823.0445,40.0530,36.9924
674.4373,821.1037,37.3324,39.2179
678.8189,815.4444,35.4234,41.1232
685.6675,810.1861,35.6247,39.5602
693.3727,809.8665,37.4856,36.6290
696.9294,802.4698,36.2710,37.2958
704.2259,792.8282,36.5329,36.6627
713.1207,772.9893,36.1963,36.1491
725.3845,760.5486,37.4706,36.3164
733.7878,748.3559,38.2757,36.4141
752.3741,726.8046,37.9621,36.7823
761.5200,705.9978,35.8779,37.9951
778.0756,688.3725,35.7173,39.1691
782.9364,679.6779,36.5471,38.5807
783.4769,679.1084,38.3683,38.2854
784.9432,679.9435,40.1889,37.1945
785.8051,680.5856,42.0440,36.9863
785.1883,682.3124,43.9314,35.8197
785.5618,683.1546,44.4311,36.5350
785.1970,684.4145,44.8153,35.9954
784.2571,686.9874,44.8105,35.7643
784.3318,691.8635,45.9814,33.8800
782.6358,696.4518,49.5756,30.5650
784.5623,697.4996,46.0296,34.4311
785.9601,698.9799,44.3839,35.2958
787.0682,699.4188,41.7993,39.1856
788.4966,706.4653,40.4547,42.4230
790.1503,697.9033,35.7590,49.0504
788.8755,700.7781,37.4496,47.1155
779.9407,709.5752,34.1762,50.8217
786.4741,712.1796,34.5283,50.2306
772.0684,713.7559,34.5644,50.6343
775.2358,717.8370,30.2255,57.4535
771.5759,717.3416,27.8499,60.5184
766.7404,712.2852,25.6420,66.1725
755.8011,718.2946,26.6349,66.8075
745.5251,724.1583,32.3309,59.5145
725.6058,730.3846,38.1003,52.0503
709.8046,743.5378,40.4613,48.2034
694.4137,749.4269,41.6056,45.8267
684.3358,755.8993,44.2965,41.8894
680.9646,758.7814,44.6064,41.5016
678.4891,759.6187,45.9689,41.6426
677.7386,753.8289,44.8451,43.6999
678.1912,754.4181,45.1705,44.0632
677.3773,755.1476,46.1270,44.1059
677.7819,754.7785,46.8787,43.0845
669.9661,755.2062,49.4812,40.3817
675.7767,759.3601,47.3565,40.2983
676.3329,759.8900,46.8232,40.1429
677.0095,761.6877,44.4828,42.7133
676.7849,762.8227,41.4988,44.2935
675.6408,764.6169,40.3592,43.8098
672.6938,765.4946,41.2804,42.3504
673.4673,767.3917,41.6809,40.7507
673.0038,769.4525,42.4447,39.4765
670.5851,762.1529,43.8096,39.2245
668.0086,759.4935,46.0124,39.1143
667.9741,758.6108,47.2611,38.7484
669.5090,758.8255,48.2592,39.2743
666.0972,756.7478,48.6801,39.6605
667.3318,750.8737,49.8172,37.1581
667.7682,745.1476,46.9625,38.9858
669.3826,733.7556,44.9497,40.8527
664.9621,732.8666,43.5121,42.5081
664.0581,722.3606,43.7603,42.5461
653.8277,705.0292,42.9357,45.7401
646.4222,700.0670,44.0663,47.6896
644.9109,687.6474,46.2814,46.5450
631.4963,679.8672,53.9453,39.5164
619.6309,668.7463,54.8343,36.2393
606.4637,657.6644,55.7896,33.9482
580.6047,645.6556,54.6115,33.4325
537.2579,641.1085,57.4866,31.3420
500.2538,636.7983,60.0935,30.6780
483.7831,638.3030,57.4883,29.8490
467.3046,641.2109,56.8123,30.5947
441.1039,649.2833,55.7570,29.5016
407.9958,660.9727,55.2996,29.2516
381.6331,667.4592,54.8077,29.0484
361.4903,675.7782,54.0458,29.0504
342.7634,687.4989,46.5678,35.5966
328.8134,714.9287,41.5558,41.3739
321.0407,729.9482,35.3112,47.9996
310.8994,756.7938,35.6529,48.5842
304.9011,787.7623,36.6176,49.9049
312.7531,803.1957,32.6061,55.6029
315.5081,800.1583,29.9268,60.3174
326.1725,798.0350,30.0812,62.3382
333.5985,801.6602,31.3823,62.8394
341.4972,806.4023,32.4066,62.2422
355.3736,813.1620,39.1595,56.2262
368.2133,824.1096,41.2867,53.6895
391.0829,826.5999,43.9712,50.1266
400.6020,830.1407,44.6855,47.0170
415.0805,833.9225,43.4400,46.7891
433.8354,844.3878,44.5876,45.4124
435.4458,841.4465,44.0663,45.5228
431.7785,842.9217,42.9108,49.6481
433.1846,855.0853,42.4477,50.6199
432.3265,860.8890,41.8358,50.1456
429.1131,839.6224,35.7058,58.6619
418.6241,836.4739,38.7247,55.0052
398.0868,840.5978,43.5511,48.5889
375.8546,842.9808,48.4131,44.4668
348.8522,840.1338,58.3753,37.2128
330.7076,833.4976,63.1530,34.5603
307.4474,821.8643,65.6052,33.7470
290.0309,808.4107,65.1113,33.6721
267.7666,787.7416,62.5115,34.8110
237.6565,763.8759,56.1274,43.3820
214.8305,739.3580,60.3978,39.6095
199.2345,713.1292,60.0742,37.5670
176.9040,689.7208,52.2764,46.4751
169.9180,675.2387,51.3204,45.8465
160.8541,670.4921,51.6219,46.1539
157.8951,670.2538,51.5657,47.6997
153.8326,670.2968,52.2744,47.5416
150.8830,672.5742,53.5027,46.2690
149.1500,672.9170,54.1474,44.8190
146.0493,674.8740,54.6544,43.5337
147.2132,675.3920,55.1160,41.9033
146.5950,672.7115,55.2397,40.0456
145.9828,672.3446,54.9705,38.3821
145.6732,668.8485,54.3256,37.6001
146.0721,665.4852,51.9632,39.5643
145.8812,663.7957,49.7824,42.8855
140.9904,650.3036,47.6179,47.0094
141.1561,636.7619,47.1654,46.1833
142.0040,621.6484,45.5277,47.0979
134.8927,612.1298,43.9862,49.4297
123.0437,588.2321,43.8429,49.0155
123.0169,568.7411,42.8679,49.8909
124.1510,560.9138,41.9561,51.6217
126.9367,545.2599,42.7321,51.8301
130.3835,524.4385,43.0255,51.3476
131.9627,501.4894,44.7927,51.3478
134.7604,473.4423,44.9211,51.2918
144.4720,444.0240,45.2286,51.3740
148.9970,409.3215,43.8227,53.1158
158.9781,385.1082,43.6119,51.8501
168.8123,367.7171,44.5432,51.3683
180.9045,352.5837,43.9771,49.1793
193.7315,346.9279,44.3632,47.8816
200.8506,341.5318,43.9858,48.1941
200.5966,343.0094,43.4369,48.4883
200.9445,343.2188,42.8130,49.2432
200.7674,339.8593,43.0840,47.0494
201.7164,346.7585,42.5920,45.6476
209.0886,340.7950,40.0486,44.5866
210.5290,341.4887,38.2819,43.4479
211.6603,342.6581,37.1205,42.1381
212.4533,342.8810,35.9374,40.9143
212.5021,342.9244,35.0027,41.0246
213.6533,342.8772,34.9136,41.6873
212.8179,342.8337,34.9869,41.5273
211.5285,340.8532,37.9887,39.3369
210.3900,339.9977,39.5670,38.1116
209.6440,339.8883,40.0539,37.7505
210.0502,341.2218,40.1398,37.4030
210.7398,341.2725,39.2479,38.2215
214.3959,340.0537,39.1231,38.4984
219.9454,339.3161,39.2975,37.0049
228.6586,339.6968,41.4142,35.2500
233.2520,337.5254,41.3790,34.9525
242.2686,333.9728,38.8086,39.0736
247.4474,323.7155,36.9660,42.9284
256.8956,317.2684,36.7465,42.7533
260.0791,311.3363,35.4641,45.6355
262.6655,311.2039,35.0398,46.7330
268.9604,304.8031,35.9484,46.1904
280.3737,292.4496,37.5318,43.1654
287.5502,286.8952,36.8815,44.5232
294.1887,282.7923,37.4084,44.7891
295.5049,277.6703,38.3011,43.9206
296.8538,266.2134,36.8941,44.6470
293.1620,258.1756,39.1486,42.0578
293.6440,256.9064,39.5396,41.7238
300.1114,247.9428,38.8956,43.1664
306.7097,246.3225,35.6656,47.4592
308.2619,242.2829,33.6217,50.1017
289.2288,239.0804,37.3765,46.9774
276.4252,230.8549,39.2004,45.6246
261.8147,233.3505,42.7283,43.7084
257.5938,234.7298,45.2153,42.4218
255.0584,235.1179,46.1331,40.8591
249.2560,239.1303,45.0713,39.4651
244.8833,243.3811,44.6720,37.0246
240.5203,247.0151,46.2297,35.5235
2
0
0
0
0
1
285.3033,240.1075,39.4517,36.7280
284.0742,240.4159,39.3398,37.9489
280.3548,238.8835,38.3326,39.2499
279.4680,237.2181,38.7244,40.1967
280.7535,232.4019,38.3133,42.2114
279.8776,230.4765,37.7495,43.8487
277.7424,229.2265,37.5134,44.8333
276.9258,228.1387,37.9912,44.3954
272.2643,229.2039,39.0348,42.6762
267.4400,230.4590,40.2364,40.1929
265.3560,232.7265,41.1318,37.9415
267.5138,233.6936,40.3380,36.8372
264.8090,235.7519,39.5635,35.8400
263.4558,238.2831,38.6885,35.1619
261.2747,239.7469,38.0084,34.5287
259.4557,246.4586,38.4010,33.8544
252.9886,253.3539,38.7653,33.0924
240.1733,260.8216,38.2246,32.7736
229.1187,273.2364,40.2822,29.1919
215.1196,291.1638,37.3201,31.7609
198.4518,309.6990,35.0187,33.3667
194.1551,322.3326,33.1226,35.3855
188.4978,326.6931,32.8508,36.0639
183.7261,327.9312,34.1362,34.0151
182.2624,322.9794,35.6470,34.0421
187.7547,316.6224,35.1089,37.3553
188.2687,311.2855,35.2124,37.7958
201.3095,299.9066,30.6240,44.9121
196.1232,287.7258,32.8179,42.1538
216.2609,279.2954,33.2364,40.8618
238.1635,257.6610,33.7804,38.7977
256.6920,244.6799,34.2521,38.6972
279.0706,225.5340,39.7363,32.4509
313.5492,210.8043,39.1187,33.6420
353.3810,197.4642,37.4280,35.8671
393.1820,203.7906,38.9648,34.0595
414.4893,202.9321,42.6567,30.0978
453.7998,218.0457,39.7702,31.5297
487.4486,240.3744,37.6285,32.8570
496.7738,249.7717,36.1575,32.8605
505.5161,262.4530,36.1653,34.2164
516.4124,264.6608,37.8049,32.3219
532.2861,262.3694,41.3808,28.9299
564.2800,248.3156,38.3080,31.3961
597.4907,220.9162,35.3797,33.5418
613.0297,216.7932,34.6523,34.5619
623.5904,221.2081,34.2618,34.6935
624.8448,225.6254,33.9834,33.8211
625.1353,233.6346,34.1282,32.6486
622.5886,228.4712,33.4230,32.5206
620.0909,226.7511,32.9778,33.0947
600.3940,219.5688,32.4040,33.2228
605.8979,218.6694,29.3217,37.4675
596.3725,211.9527,30.1001,38.1186
586.7888,203.9864,30.6350,38.7241
577.3958,199.7733,30.0158,39.1150
556.9008,189.7693,32.0346,37.4068
522.2331,178.4331,32.5758,37.0561
503.0188,176.6819,33.3787,35.4135
494.0913,178.6207,34.3178,32.8363
493.3839,177.5982,33.3491,33.3650
498.5930,182.7671,33.0210,33.8064
508.6981,192.1718,32.1913,35.2974
506.1810,185.8361,32.6172,34.3939
529.9371,192.2205,32.5850,36.2856
544.0696,193.4213,33.9711,35.2250
563.1298,205.9694,38.5760,30.7613
599.9241,218.2741,41.9971,27.7613
630.2596,222.4814,38.7143,30.4249
660.3967,237.2311,37.5626,30.6576
678.8118,254.4357,35.6450,32.5146
697.8570,283.0524,32.7366,35.5359
720.0914,313.4720,33.8745,34.4071
735.2229,321.5946,34.8840,33.4256
753.3358,334.7831,34.6211,31.8992
769.0742,349.7570,33.6323,32.7487
787.4706,373.1064,31.5184,35.2585
789.2861,393.6797,27.6133,39.9698
785.4224,428.0428,25.0052,43.9178
776.4431,471.1806,24.1681,45.7662
771.9928,506.9886,24.1749,46.1082
763.2564,546.9182,23.7368,46.1403
759.1727,582.8023,23.0526,47.2664
749.5612,611.5167,23.1352,47.6874
728.7881,622.9285,27.1108,42.5146
702.8674,627.5824,31.5302,37.4571
674.5920,631.2499,39.7498,30.8591
646.0542,623.8931,43.0939,28.0639
628.5483,606.1120,39.7482,30.8460
618.6694,580.2247,33.2732,38.6684
597.3204,530.2483,32.3507,40.9711
583.8226,488.4311,31.7090,42.1532
573.3772,449.6628,34.4936,39.8860
554.8023,398.0685,34.3762,41.9400
559.8130,377.1399,35.0598,42.3516
553.9255,366.6583,35.2939,43.4736
539.3339,338.6048,34.3209,46.3358
524.2552,300.2619,35.9270,44.0147
506.8164,284.2628,36.4133,43.4840
502.0563,266.9062,36.1959,44.0679
487.2116,229.5061,35.6974,45.9244
499.5962,195.1227,36.3815,44.6056
511.6674,171.1638,33.0803,50.7700
513.4346,167.3850,30.4918,56.9962
510.8503,167.0687,28.0358,64.0708
503.0243,171.1629,28.0029,65.7366
491.8551,175.3424,30.9778,62.3825
476.1220,180.8481,38.1192,53.4688
454.5548,184.3093,42.8237,47.9436
423.4466,185.3076,46.0956,44.2012
395.6232,186.7929,47.7595,41.4783
371.5514,198.0607,51.3274,35.6076
342.0686,215.7557,46.3970,38.8584
318.8275,229.2150,45.3535,39.6009
291.5387,236.6569,47.0628,37.1458
271.2130,239.2530,45.1462,36.8108
261.9479,256.5977,41.6748,40.2217
242.2180,283.8995,38.8837,43.4885
219.6957,319.7222,38.9908,43.1063
207.1524,348.5815,32.2335,50.6840
2
0
0
0
0
1
233.0053,602.9050,27.5745,46.3190
212.0846,620.2434,27.0774,44.2208
177.7730,641.5004,32.0302,38.6672
170.2132,643.9861,32.6102,36.4095
168.9719,646.6986,31.8068,36.2645
170.0027,649.1904,32.5368,35.9126
165.1977,651.1184,32.5441,36.3321
163.3548,652.2709,32.5616,37.1188
160.5009,653.6023,33.6851,37.4924
161.4308,655.7852,34.4744,38.0868
161.4715,657.8906,34.9515,38.9535
163.2258,660.6245,35.3240,39.8780
164.9266,663.6696,34.8559,41.6188
169.8154,672.6524,34.0063,43.0067
181.2876,680.9492,28.8517,50.0510
192.3651,696.2449,27.0464,52.4698
202.6960,711.2263,30.2191,46.7087
224.6702,735.4251,27.3905,49.7187
230.4865,749.3741,29.5879,44.8654
240.1740,755.2861,28.3463,48.2447
249.6237,762.5742,28.2893,47.7868
260.1667,770.9097,32.0474,42.6873
272.2496,766.9080,35.3741,39.0472
297.2393,762.8323,35.6584,36.8482
337.6691,749.7767,35.6962,36.0581
372.3283,749.3766,36.1709,35.8857
401.7588,752.5345,40.3347,31.0645
428.1057,752.3026,38.1883,32.4725
441.3464,757.2888,36.4434,33.1397
477.5498,775.4249,35.6606,34.2510
490.7032,789.7520,30.1782,39.4150
505.8729,815.4626,26.8304,42.5492
515.7667,834.6662,25.3469,42.9198
515.1805,835.3246,25.4202,42.3143
520.4980,836.2456,29.2195,38.6728
523.5551,837.9239,32.5130,35.8197
522.7548,838.7293,34.0910,34.5243
523.5812,839.2596,34.8866,34.2631
527.9289,838.6482,35.8444,33.4934
533.0452,839.3275,36.2937,32.8180
534.2584,838.5313,37.2602,32.5057
533.9980,841.4637,37.8897,32.3959
534.3270,840.4295,38.4125,32.1912
538.6804,837.2301,39.1318,32.2838
539.6644,837.2920,39.0663,32.1555
540.1359,836.9632,38.7142,32.0707
541.4222,833.9197,36.6066,32.8715
542.5891,831.3212,35.5473,32.8404
544.4777,828.1675,34.2966,33.8050
550.5654,817.2850,33.9938,34.0587
551.5784,816.5943,34.1250,33.9120
554.9649,815.5491,34.3345,33.9204
555.7660,814.3063,33.6662,34.1045
555.4711,813.8851,33.8260,34.1090
555.7667,815.5751,34.2108,33.6808
561.4278,814.1365,34.4036,33.3966
571.9938,809.3264,34.5389,32.7501
572.7921,808.0095,34.4538,32.0489
576.5283,802.8729,34.4069,31.6240
581.8325,797.3660,34.4367,31.5734
583.1750,797.6619,34.5681,31.2881
587.0514,795.5684,35.4474,30.9036
591.9994,800.7380,39.9430,28.0136
598.3277,798.5081,39.1947,29.7771
604.5729,796.2712,38.0630,30.9749
609.0758,793.0117,36.3307,32.7538
610.3347,791.2664,35.6814,33.6325
615.4755,790.3623,36.1653,33.9987
616.8310,789.7680,37.0350,34.2494
617.5190,788.9645,36.8355,34.3390
616.6880,787.7145,37.2235,33.9899
616.9051,786.7913,37.4040,33.8014
616.9568,786.7321,37.9164,33.5493
617.1691,786.6450,38.0210,33.3031
618.6014,790.0171,38.1838,33.5726
620.4784,789.0932,38.2205,33.8087
621.6260,788.3515,38.3247,34.2570
622.8674,787.9078,37.9643,35.1713
624.6805,788.6249,37.4709,35.5575
628.4092,789.1104,37.5198,35.5432
628.8812,790.3878,37.0083,36.1661
629.1824,791.2822,36.5510,36.5688
630.2487,791.8697,35.7130,36.7659
629.7527,791.6418,35.2612,36.9942
633.0477,788.8145,36.9380,35.2254
633.2465,789.3515,37.0897,34.3156
634.1033,789.6713,35.8137,34.5733
644.3165,785.8762,35.2823,34.7566
662.4156,776.7791,37.2033,32.9984
678.8211,769.9615,36.9015,33.4361
695.9284,757.9038,34.0281,34.9074
706.5236,744.1265,34.6792,35.0652
711.2780,736.1400,33.2022,35.8211
710.5796,733.9407,32.9109,35.7388
711.0607,731.7914,32.4228,35.6787
711.6554,730.5164,32.3627,35.3169
711.3538,726.1689,33.2637,33.8790
710.8737,722.8952,33.4730,33.7261
710.7516,723.1843,33.7160,33.7485
711.5837,719.8381,33.5395,33.5850
