198.5,214.5,34,81
196.1415107726,214.93123376287258,33.94309916517295,80.66658187076973
195.11862223408355,216.291531955308,34.027410049006676,80.46402900396531
193.29076519571734,217.0876730258409,34.32288128211117,79.77521594859286
192.19457677793653,217.87381785151473,34.575569554325895,79.1653777552225
190.64482277875808,219.82159724769494,34.738500471002524,78.25459164505202
188.07529583547023,223.32072804696065,36.07831877522652,75.76449445234334
185.79332929648274,227.00436102756714,37.19778860018026,73.53642011863283
184.00624346310573,228.3304574713648,37.65585685621344,72.59705241013754
183.67779350942828,235.40356432530015,37.765821741691056,72.24304737383666
185.2978033468143,235.0492711951294,37.96071427166148,71.6758350749893
186.96292067457614,246.94886974997252,37.69452170750745,72.1187358199173
189.27344570695203,245.8488750694247,37.5220509541265,72.24280746021826
191.08993226695463,243.6845459169927,37.4087752618709,72.31639698609057
189.05356684545913,255.80358964356563,37.33807396451157,72.72244596177772
192.4360556784567,252.88391692089712,37.316308044732246,72.83715437555958
195.59012951769853,246.5166872118053,37.22223688526104,72.76084661997614
198.37370620888447,247.8571823745386,37.21542915260843,72.76685728442344
202.0927443863052,248.12620184946474,37.214240062018646,72.76785878085263
209.7887922232215,231.34881015848467,37.263276933657245,72.61058695651393
214.87863587632518,214.95379644927874,37.580652310555365,71.4090105236074
216.5141773757525,216.53189274503669,37.85221238192167,71.23925763698657
218.65497568807905,222.23193366063424,38.19473313168876,71.17924653027873
220.80556210902904,225.09866396808826,38.51426827852778,71.34303513717248
222.99093752008196,229.61058882118022,38.55423685110574,71.34695833443098
221.54591592491724,236.78720100290903,38.981229675987194,70.42016753420575
225.9171302343393,239.8071215682603,39.2481689999531,70.1545702351377
229.7088378583814,240.16578144882152,39.38590176593754,70.08243761352641
235.0013830794844,240.2344167140438,39.401445898621645,70.16683078163588
241.04695464033162,239.4506199827301,39.40828804456638,70.1784470189596
246.7945133974375,239.2813648309439,39.41128988460268,70.18285382764947
251.8813862068057,238.76946131567703,39.420915809750596,70.19739662745503
255.35301386209747,235.3817859152393,39.45325358922442,70.31891213169962
258.3659922657143,232.27813839239096,39.47212090537331,70.42207833981085
261.68738351699744,229.18556451620208,39.50981983667542,70.52990456280023
266.64988003237517,232.4083980072539,39.5470307854122,70.5751991323628
269.89052459795926,229.79397376368294,39.59874546131185,70.69021276156407
272.14731045169077,230.00670294875084,39.61391177569944,70.72374308776503
273.71981713165724,237.46707313136363,40.19589030762751,70.04816950110384
279.3686827533565,238.12924798347416,40.242064513142516,69.95961350663778
284.586501980517,240.3350551935079,40.35749055009338,69.84740704555463
288.02985225085445,242.07674243875599,40.45214615336996,69.84540252728749
291.2916839197402,243.09967278713623,40.49319724736125,69.88814604233423
292.8415591104238,238.97673018053408,40.498116436916796,69.93127914219627
290.57530158850636,242.1404967332263,40.55912965351175,69.86038217954251
289.6250197364398,239.7178285721439,40.61265866488059,69.62867592205649
289.0239709404629,238.44883900909713,40.63536248852385,69.56641386391537
292.03134115944215,242.6432680159466,40.55942429284432,69.81178455657631
292.28790200940995,239.60295934645637,40.279714039122524,70.40331002238781
288.79855433441213,236.54267084516616,40.28687990532295,70.45421873196896
290.5485721972067,232.66129015799373,40.290865824326154,70.47347701259437
287.40954769829824,235.68481797395842,40.30591957907055,70.54561779561247
283.9644588483954,233.6835052297209,40.32968273190967,70.55821728692564
281.42456885042355,228.04434535542103,40.3415348904815,70.49477544647512
283.41907554769506,230.912113478501,40.414694385647984,70.6086506878945
280.57724515198623,227.54585013584975,40.444242361208744,70.59421911742919
283.2464137310468,230.9767500821558,40.71644225524204,70.86477586849382
282.89817394510874,234.9582890082729,40.739181797783175,70.86743535909407
279.8247425641331,237.69683001247273,40.77121501948183,70.9096695471361
280.7389529682689,245.49989628202798,41.36655271798512,70.475069638946
279.4768476418483,243.10454172556496,41.39753898842581,70.44635126163767
281.8244776661008,245.1071609181982,41.57755264444965,70.28367579026589
276.178268761895,246.58271503965256,41.68146909482891,70.18664226392517
269.71140815836105,246.480719402885,41.79737261390854,70.08646802513688
257.1370480715125,245.2703584211387,42.49880045972492,69.17654061271395
252.95006227974207,247.26950735615588,42.489696329154356,68.17162686552808
247.36626777861773,248.12646760282843,42.1216608273137,67.42426703397572
242.84382766605898,250.12027859562266,41.74427313861281,66.51968337846537
238.6970394060517,251.14963751925865,41.49726509441844,66.01930584224387
234.3498800368859,251.1301730637216,40.832196434983885,66.05922616319523
228.17702543306942,248.08527864308036,40.41601904593717,66.0319500516274
222.9397570415927,249.79104883983862,40.261000126681125,65.78474085584952
217.75450755605712,250.99703208189374,40.02136974136802,65.45397258722394
207.79553427983308,245.58825136026948,40.06493046007587,64.8128853488318
199.7847246322726,244.54223468286077,41.02737807856106,63.51524976215142
192.25463691451978,244.47394374222824,40.531955255094566,63.37268914444646
184.26898233629254,243.55015829865368,40.02275179253046,63.39021814621956
178.89085328927155,244.83077240636015,39.370786734411794,63.24137277191687
172.901195223223,245.62893472725338,38.60957762084238,63.307225573634774
170.9491211821591,250.8726464042432,37.3053550173928,63.91379826762872
165.3362117656801,247.74971874383363,36.57323947077315,64.50614826313051
159.63798108602592,244.14864513841493,36.010228173831536,65.2610226964105
156.7996439365398,240.84419446195804,36.06582255108135,65.48992202753476
150.8468591522691,236.8180812962361,36.0857329017883,65.56936765448035
149.59963620649506,237.79306139900348,36.15769821014547,65.57727280634455
143.41246448267228,237.01781723938262,36.22978602729785,65.60403478147768
140.1014718824064,236.6476620996312,36.25971399974121,65.63513150612141
136.1012841330855,237.32547311365605,36.24413929544115,65.78079371974803
132.93937185727927,238.56703434442034,36.042216547859255,67.05499070859787
128.69716846248184,237.81625302305576,35.87147673863821,67.58568720762358
124.73633019933933,237.79207381337545,35.5418858317567,68.18640276418742
123.8035247440008,237.5544761512295,35.57370596332001,68.26641652200249
119.62605361309768,232.1695170197935,35.57958530550953,68.31699541414694
117.74555583786278,229.72811606818152,35.6248430363077,68.41375224290803
118.77866862115309,226.38497479685088,35.635480281769325,68.41890676051433
115.81842265498916,222.8926290378845,35.68512832676807,68.42795512048812
117.13662376400227,223.07463367337925,35.730957534980895,68.39225055750263
117.98794095585107,227.858775686296,35.771019198112505,68.38855412474773
115.47296747110084,227.44797575883496,35.84484663025944,68.41030810536031
117.44090552403996,226.95238240681934,35.81996362359386,68.57794160485508
120.88173214570317,222.93311924535337,35.76277374772959,68.65175244698258
120.51616520134364,217.4076487634763,35.76188749675444,68.68943066201851
118.62019449736471,209.76845498722503,35.87541622885475,68.63477511607128
120.94672497437276,209.18433533701565,35.96954002825662,68.72974278429551
123.13432526749148,207.76887220977946,36.05152518725844,68.92350516128072
124.46204846914921,198.36262598246958,36.12849660582713,68.51404708489463
127.05589612970499,202.16073570620628,36.1523133734912,68.41588452600153
130.5884170769907,207.17434403433842,36.186449793128766,68.61886005418552
134.34318630140095,211.35406374616315,36.15765093781414,68.95741772373673
137.1879363512795,210.45640908848262,35.86504672352459,69.48612249636558
140.77741346566933,209.73848129320908,35.65171968819581,69.85387298532724
144.02801385937738,209.11388502569667,35.53724480333713,70.09915021044606
147.20320815925638,208.81379176402027,35.52492135097901,70.13208773372642
150.68235810451606,204.84261775950037,35.518711723826364,70.14687875118905
154.14629668657815,200.29421448680034,35.51447481086183,70.15854125362031
157.41541714155892,198.4613695423913,35.5129966152863,70.16206645432806
161.18377561342948,195.5028505018569,35.508177216406,70.1717559025844
164.42963690130097,194.4047718785402,35.50147575501241,70.18295826754971
168.5057239610845,196.05224115742584,35.53245955628274,70.24693408508357
171.11979803435128,199.5069050527631,35.528335705556046,70.35566983963612
175.43137211457548,198.94636996341757,35.53309720544699,70.51119543691394
179.4001518226638,196.13301845519032,35.58423913280677,71.19728995193407
183.1265330368303,193.1399593599805,35.229263131017966,72.13824403407735
186.2737991590238,191.24718405059667,35.29637801568974,72.29018583479083
188.02631831806633,186.09521370026516,35.10046750522189,72.59224779705053
190.6844049459434,185.83763808541346,34.94322121327387,72.94686203718426
195.353658887774,181.32290226565976,35.083551296531645,72.72853380333962
196.4475210188363,176.24258027073438,35.18243882983243,72.53950833670845
199.03261675683936,177.76136910781423,35.28286388519841,72.37348837510368
200.45428442143833,173.36979783510066,35.36441931260751,72.0074953309312
202.79467556398788,170.6477062953631,35.54319179511711,70.89685358130478
204.73409888852433,171.74658455866754,35.250093818529564,71.04935349771957
206.87315017368172,168.56756773004358,34.82502741345216,71.04962863293376
209.27737982103085,166.0387148361026,34.44953578156518,70.80458812488676
211.05484777106724,163.24405695139023,34.192068066917194,70.51985947597656
213.0702294675744,160.93676049747432,33.797264775984246,70.05373100548198
214.15602036386503,158.6349226986667,33.442309293751435,69.49195746064113
214.93813079874147,157.5860852346957,33.662684271128384,67.84006249569984
216.006278409064,157.02922214380553,33.79245655536613,66.69729677798983
217.0051835651656,160.8828828675272,34.08515332133374,65.040173408702
218.18752999159625,163.37946261787323,34.34490566843887,63.659559636693395
219.23060235506492,162.10533867161212,34.52889014529789,61.99656389976008
220.8375170511943,161.15677258433584,34.63708724420427,60.09269452554552
222.38798927741954,160.49624235096078,34.419781888967556,58.60375433426039
225.91746710736237,167.64300539813146,34.29647991560537,58.64392937364703
228.92476911519714,163.3331343791189,33.99610500683886,58.62290812889629
232.1117132944362,165.39044260483578,33.74218744685317,58.50723333738989
231.84841436335998,167.0932358906263,33.512020956684005,58.77066121969684
234.87400200320295,161.45689729254798,33.27817794475931,58.2292028644008
234.68423378040924,168.07320548896152,33.05233135182592,58.7409988937539
238.83180017112338,160.12488451632635,33.05470967116666,58.168206100865056
240.38729124104285,159.41080105022175,33.165393390550136,56.94839043572319
242.93225257694982,160.4409441805741,33.02161959111167,55.788393770145596
245.93768510659433,158.96170837927139,32.78839249034926,54.4351450015047
247.21314019953303,161.21639018744915,32.55166339387311,53.10116662188924
248.76023886497683,158.9381471405965,32.228262123547644,51.83769975081186
251.20064812374525,158.58749782567028,31.47892811452521,50.73698665237752
255.62330992410966,158.59377830254076,31.00740288415773,49.99566396605832
255.30036853275377,157.83536305936966,30.519076153205297,49.40381491939576
255.15051962108487,159.23029110011475,30.275699785926463,48.62462759248321
256.1032072166991,158.9974901249336,29.63434575291639,47.68840077697638
256.6210015250573,161.26131128492023,29.34385262760932,47.05502887707757
262.5760322189206,157.63593134836708,28.947948535109767,46.406945938599385
266.3808583880477,160.63438413052484,28.585509560502963,45.84731959867962
270.7006247609765,158.80400217234202,28.872444710153243,45.41043823229991
270.79228691476277,158.0826700149389,29.288083782440545,44.747468573030815
275.75697639382236,157.55852351714378,29.246648092143666,44.62422071225966
269.7640960546179,158.97921569726432,29.383055933943734,44.414861832288956
273.11501279431735,163.17981508560436,29.5371341862648,44.286767723272455
275.5406589227872,162.67121927928136,29.6477788800087,44.159948434467374
278.11772089650134,162.26234874931708,29.819835867486415,43.929753293300365
284.8250061876457,156.7158710432102,29.47471470994132,43.897623828499945
291.0147130399861,159.2269126506323,29.367784830944228,43.78430545282813
292.43477279777136,158.16066248705965,29.22204869817086,43.86512950662746
292.9906981598324,160.51160353117018,29.144999099575227,43.80441029072085
296.7924004628442,162.13260310408793,29.09314488188768,43.78606279245311
295.68385898840484,159.23416691117384,29.06121512210257,43.73614820242067
295.28334689849254,158.81815873103108,29.026429117448394,43.575757658008804
294.4095451023489,161.7088494217329,28.76602089180362,43.30363311635736
293.7082385892935,160.5100789754179,28.549373010741242,42.96543644680775
292.1313584269418,159.53264485098893,29.019201031062288,42.27126638084639
290.8587750673162,162.20938951157743,28.75964162650369,42.096963403816126
289.9954013980655,160.47741815367536,28.647991462105892,42.090543456351234
289.88678467191994,155.9838676646673,28.41284535988693,41.93826016465298
289.8244112925991,155.02998383819562,28.292553087619044,41.858329262603675
289.5639364272872,157.278604396646,27.926470488206647,42.1487692484556
289.06262485592487,155.43949157906232,27.678165825030746,42.30664323529228
289.72436958316985,158.64238897185547,27.6134787844812,42.42352825546158
292.1844172636988,157.11766583999398,27.59119722042044,42.414641122272954
290.7765104854207,153.37495854499488,27.47575567481894,42.36674005370178
289.39555191938854,155.46860095972272,27.109680892134133,42.16286820527944
289.6815309345773,160.16975321348025,26.930692946900695,42.1053198241682
289.1609440523136,161.72636239782,26.621145829012388,42.09480097369245
289.196809438185,163.0035872655256,26.456531582144645,42.34597095492551
289.23751906909473,163.22868297761096,26.223816986224467,42.600376050224995
289.65057809278505,160.52168897575177,26.031018972394136,42.616111566760786
289.1817052281916,161.2432414326222,25.657457748150826,42.799676894375814
288.7563968778236,161.46996372584306,25.189875171962782,42.92961449720795
288.98219593905844,161.8290015218564,24.816858062278445,42.87248896984033
290.0085389117011,162.06080624053698,24.592407624004572,42.75464950408833
291.4977210399727,159.93334882550354,23.923491132811687,43.27052443623651
291.9109743372202,159.85298793560582,24.049488457918244,43.03858965131937
292.0697258669253,160.4676015245142,24.127723612762345,42.93518334867047
293.99268459571664,161.2081818245999,24.276448889707197,42.90237162831325
293.84499181004014,162.26300385166604,24.502864294913433,43.0123563850635
293.8619711218107,162.8952422028928,24.57022781564224,43.57171040637253
294.0887442859535,163.11829438215517,24.769664616381196,43.677995133140605
293.8110835664741,165.2737159073194,24.776301994766392,43.87025104750331
293.7322290975253,166.2449539029151,24.92910696191209,44.09604922051168
292.9560304337278,167.47860573986156,25.195706574320052,44.15170120267041
291.69722250476747,167.82322348891384,25.456392080983406,44.29171562302672
291.09823361910134,167.85380097805324,25.638277432691346,44.592493220450606
290.8044771857214,165.77730254332639,25.503662265813247,45.01784493113662
289.1992824531176,164.71735472375104,25.551074035555768,45.03442474005661
289.1770130781919,164.9047921394271,25.52495852727507,44.94826387054416
288.5158961825784,165.0613556117307,25.54563537365507,44.86215103542926
287.8191639009772,164.8794344517955,25.58128753222493,44.65366574146909
288.53725323087014,163.88147946300853,25.646039539362558,44.412103900119085
288.37088633861873,166.05306808041163,25.748568711848662,44.23776611996373
288.539104641863,164.01881909311766,25.732208094129696,44.223793677529
287.77069983671936,167.25352218417288,25.836227067400564,43.90809309234238
286.178506558979,169.8960636741362,25.854940128542378,43.875832511555124
285.2665475740613,173.19923751441038,25.827214655270108,44.06816847434784
284.5597881616085,175.6907248576945,25.747645115574635,44.79175201531867
283.71065764405455,175.64991672301852,25.733839500291825,45.328428140847016
280.6872338840312,178.40735558701732,25.86588208488333,45.8821114899673
280.231880084067,177.605665701814,25.920601182309237,46.4932094062213
278.08479888088175,176.84416484711016,26.11790985561697,46.50790640047242
276.1889572153321,176.40619920478468,26.289146266321392,46.7462642641219
274.71292024858167,176.3436243473115,26.371041738747405,46.86285139093535
273.7814130017225,178.83152385993438,26.533053992284735,46.99002439632928
271.3737297563726,176.46980894053115,26.76417575489622,47.32777546697776
269.7965373411878,176.3531388649238,26.96681006837437,47.799918319427285
268.54473582749114,174.99663536124206,27.065099127109242,48.384981811013205
264.1343596528786,176.2427607144319,27.29786166920537,48.474649821064126
262.58993301068375,178.2836673390189,27.296956319027757,48.54002523537278
260.3365749781018,177.84062652941495,27.4135614146483,48.53358338703996
258.5571940562111,178.31273468630454,27.364363749533865,48.55885670729783
256.4052953535716,181.9928898823333,27.209051848477305,49.25538911919542
253.92817472313044,184.73379644379187,27.21925614875785,49.97201368701307
254.36820329400422,177.51662543253104,26.68467554495317,50.54451069305528
248.29151148977283,187.7435717315488,26.740750040867127,50.64525409660665
246.57680742683198,188.6163941995759,26.750134487015526,50.78388209355879
243.6995395278316,193.66721012377008,26.817419670850036,50.904810174064444
242.4916095417098,205.6462611129008,26.97147840026528,51.82298802673561
240.79141594626046,203.65033288090203,27.032966455574357,52.869462134089495
238.5658316107066,201.75643999185644,27.119047617526792,53.83189381290697
235.20947947750633,204.27644597723202,27.350184501114832,55.162965101738344
232.96013829189118,197.78949759739888,27.429472856079236,56.18624502485674
230.68551496837463,196.20214321168515,27.64907291574051,57.40887581147431
228.43576422516747,194.6972508506831,28.062542965234673,58.55883492236391
224.9143217697121,191.83136990595696,28.77519191804606,59.21363672499369
223.46730313090322,196.4492151451007,29.056601689407703,60.274616206728155
221.48036335404214,194.49215038493142,29.528397464748522,61.83097599935984
220.06293506545467,198.14906074725178,30.270660372032122,63.36679802832019
219.18466250073135,199.77958827211552,31.34995863286838,64.5219984526833
217.5909464406348,196.6175375619722,32.361894651682064,65.22622682609494
215.77745120369497,197.4190811613524,33.0892412275515,65.83664155757135
213.8180373041418,197.21379824174343,33.70682929773021,66.1547902684052
212.16340219637587,197.27845458708555,34.36629420587377,66.5356209769595
209.48355744112337,197.20768907231388,34.74796543253478,66.72637186067891
206.74155463896298,196.97928860798083,34.875042688314316,66.7435774476626
203.66762224513172,198.03519826571664,34.936319570093005,66.77476135751748
199.13695037708555,199.58600540855142,35.09484653372445,66.95246564293865
199.57228685423834,200.27752437984321,35.231803450787254,67.21303591282606
198.70975051980142,200.59053176229625,35.39196201233843,67.63180187912117
197.51949327637976,196.3122394791348,35.52750069389914,68.00578737775609
196.60285542311863,193.24293207978533,35.82101306900813,68.30521169336174
195.0775014487205,195.28550595821608,36.15455316349525,68.96806503513308
194.32771332982108,192.39031044902922,36.611033931819364,69.54752427555269
193.1506735890661,194.81883539715903,36.98838402032397,70.24451719545516
193.58279768788978,192.35054845118455,37.38519963683977,70.81333281332574
193.74301351270717,194.2378258313008,37.737949342204544,71.35405229167968
193.17426840809557,196.1649496184958,38.167320695474544,72.04839966891933
192.9942959366327,197.56943026847821,38.666600764084976,72.62341816631778
194.4461937926364,194.06853338453615,39.20677120236146,73.22313998138208
194.181777967543,194.68387038321805,39.624559995378085,73.77156819024847
191.09895589473774,195.7251648976693,40.0650764439977,74.44541503247022
192.25408157367926,190.49422218062114,40.69308993291639,75.37132501032873
192.60739574382325,191.0945003717281,41.22894544692226,75.78732896804252
193.20066017449267,185.5591926721826,41.34230293144677,76.15458476325163
192.2467834667538,187.62359253642344,41.7213753071143,76.38385397779363
191.83132936979752,189.56134233315925,42.182381575701456,76.49935265244949
190.94180183007552,190.08395367462668,42.82414367399768,76.86107305232404
190.34269083350082,190.1768609377814,43.64269027881089,77.45061052720479
189.72785740813,189.92588675513122,44.323239206769635,78.27995042754893
189.75883156584177,189.6500872474233,44.35918256479181,79.00537487085458
189.3048095297713,190.87354766880455,44.29001241974679,79.87123393150391
190.5697855153955,186.89491888964804,44.09907164082019,81.42550353281621
190.9511893327482,183.22374903022643,43.866930357433105,82.89709759278495
190.22762876820045,185.4414606547819,43.74357626584837,84.47001660975675
189.32451819236965,187.2028423462499,43.692699434149674,85.57470846134832
189.30128473766973,185.10826190549565,43.725651318172254,86.25404172902624
188.31279020097958,189.56628200541977,43.78773520108473,86.14245251794756
188.29954412825447,188.59413807488082,44.08907664215113,86.7785753056307
187.13128935133096,192.76250419778614,44.255629273466994,86.83354952649485
185.93409620338196,195.27411164496897,44.49527905050516,86.96822256776758
185.30787911478666,192.77542556896952,44.88508029741697,87.33127970588097
184.02957102034856,196.38741885117798,45.14006765824447,87.95863772688278
182.24141103853626,193.1037230493441,45.166103236187915,88.41112683421267
179.546717502849,197.25713692565435,45.07360535120253,88.90700484636265
177.14835383743315,200.53660727828105,45.134568655392385,89.33407564623619
173.99132333014427,198.75011166560694,44.9245746658503,89.4047561187158
170.94186359798536,202.35101628163227,44.70377147773281,89.75515483344246
167.88706099600626,204.45907606931104,44.458694236164895,89.6890568111245
165.39851395834035,205.77312366230814,44.34050766421887,89.76642956450712
162.65548444564186,205.1756393655961,43.834834569101915,90.31928012118418
160.2930935005123,204.65312001183227,43.45878399705024,91.14067206872501
158.17153945577738,203.18981771766897,43.3061491933011,91.75883668703509
156.58640061280548,198.00028333460432,43.15135029919729,91.78579363675817
155.20720463690353,195.46183316987054,43.06185974176963,91.64424008210094
154.32821645545786,194.46064563263937,42.860349381714805,91.2793058246694
153.059404235153,193.0704459438642,42.66844420310761,90.7548789426067
152.1468184224747,192.27444033439,41.90486904234666,91.02036626152307
150.68480368776784,191.1596770586057,41.55592425905957,91.03443465841332
149.79058527633347,191.27083638571276,41.391871586650915,91.02886261758248
149.18410660782033,190.07170449852188,41.209800690149045,91.01493571622876
148.2212843889898,188.80206857937966,40.9861066439997,90.87418984478116
143.21507110656722,196.66084004448413,40.82214637565389,90.94855803975534
143.7018265328645,194.30131579322097,40.58681937906983,90.98341769950824
143.47175206243006,191.8679199163478,40.215440073535966,90.71896813169081
138.73517859380053,199.38587123542877,39.69735509246005,90.8541212872911
138.21593390717155,197.4826622581611,39.171017142758124,91.0330067596792
138.56844777098192,195.99301360014107,38.46629140137161,90.45619989252226
135.6683139490264,196.4228690872352,37.841961305109294,89.6369914889035
135.2571043377169,198.8918340195374,37.16469762443855,90.05841182876686
136.2055756988636,197.83113939407625,36.49584912230653,89.48632344907396
136.26050587651798,197.61056326461554,35.96211853131628,88.89807988928506
136.6078533360732,196.77526131061353,35.511322793691036,87.92020385878197
136.81588383835395,197.0963821201197,35.204145140217044,86.7483434400832
137.32576610679212,198.4783963603408,34.79356510689601,85.35421041786242
137.77930959253726,198.70303897509118,34.429185876666295,84.2030874698749
138.52575321665785,198.91231152186603,34.054692168807506,82.95553624086148
139.51930089104147,200.44158541064732,33.622894671602765,81.4898086308404
140.43259468789552,201.74292095075975,33.242271652708496,80.27228178431918
142.16880345559318,202.75520722348017,33.030573655048144,78.95727225576981
143.578574857918,203.53854448695162,32.73083890436888,77.87718987260092
144.7734005131136,204.89488720383503,32.40492975477477,76.95777216573231
146.54362627323275,205.4388607034048,32.170591477639476,75.9869732530214
147.5218724277156,206.17108053663128,31.874944686785962,75.36292903716046
148.92827587511164,206.2336953004932,31.6012205575731,74.94300803619106
149.45770380809964,206.6279289498969,31.313704108101028,74.61146434139513
150.22957132287428,207.2215835739347,31.061392518531306,74.06457225192321
150.8800247862546,207.25010325145402,30.782958450199597,73.53109324205748
152.08009662757212,206.7604612998761,30.634765746797356,72.85273799936218
152.48433414813695,206.71232685764272,30.338260152803635,71.96394774171618
152.21141280135134,206.30501496334148,29.950439835777615,71.27218775365392
152.40486364580823,206.13014980391128,29.604302951793322,70.34931229572756
152.10174806204654,206.0386027271071,29.23600151509917,69.53159403802758
152.47996951102684,207.31282276807002,28.837811023258883,68.53956510321942
152.54584235366167,207.1663248165495,28.28542668733348,67.97421394796422
152.2879358454111,208.42719655073995,27.91204223507697,67.43024605331377
153.07368252227562,208.51683995937094,27.567178973015118,66.97707845630862
150.8746708682985,209.62570088575984,27.4178242177675,65.99883996000666
151.34463738543053,210.42912841499333,27.020091212399752,65.703967533223
151.1762345123326,210.30803488344276,26.603407404667216,65.7560650278284
151.30631860581735,210.23528582686555,26.285109307318063,65.62838051044389
148.53170538365796,211.17372238488227,26.243427701099748,65.06055783519872
149.23170528522957,210.81702132462982,26.03218603279844,64.57220133258042
149.2730425250243,210.37150178400125,25.81099044815797,64.28165784376158
149.55515632468692,209.13019481851907,25.6524991462017,64.10083369298461
149.79664375029668,208.8113302424635,25.514716518769465,64.03999539504923
150.7083652631264,207.98293333540883,25.40595631056914,63.95948499849573
151.50744831579652,206.49582736044295,25.162084147680407,64.0131384958213
151.2674592997242,207.87536813456873,25.117718450805857,63.68250204835404
152.29176651019353,207.06111062296662,25.13500793192105,63.66960469420077
152.5787704266416,209.08005990808522,25.1629156373359,63.31937301696894
152.6110053099283,209.32051462647422,24.9361994646842,63.37266567903734
153.23275354090023,209.2038886062217,24.79736041431564,63.347140399157425
153.1431668355695,209.53485338634042,24.573918784436383,63.3282219916643
153.76093599131858,209.97464528163144,24.658586519042693,63.1010630730038
154.0674874027599,210.38223184368292,24.631810652909,62.9284287944399
155.40946015915432,209.3444771317138,24.581420790831213,62.53339054229174
155.5289998294947,209.44045481385672,24.482925978596683,62.273246756577706
157.12235155977766,208.87768293353605,24.370966742579043,62.04608456171368
157.59798227966021,210.53460158241356,24.17230013141961,61.80261841492908
157.79466047058932,215.9923233327524,24.01646976400858,61.821724245916485
158.4588855376608,216.17719699024602,24.003913041502,61.56104894561868
159.058562270358,216.77447243858612,23.91602836806923,61.38645523373005
159.9249109948898,214.5694087687415,23.804710532881987,61.18682038164677
161.133782318864,213.11077147028826,23.651438223754994,60.92282056449081
162.1680693189134,215.30973260654304,23.570791183647653,60.799645663654786
162.80090343367078,213.2660067430318,23.435208422425173,60.71245911934549
163.27379420408587,215.0324416257538,23.292603046222055,60.51988371501605
164.23278754214994,217.50659997974876,23.314099774253492,60.11662668796482
165.31308779753806,216.08942215011686,23.18147196168889,59.870190873839945
165.8099472838286,219.41174256311245,22.993177917772964,59.61332594582847
165.92644031659415,221.18478355182754,22.818902699291822,59.47377244129868
166.17625234219855,222.05024702456282,22.70202880162459,59.330168326982
165.99907772483203,222.6125181249933,22.64499169550109,59.190835889171154
166.38324624071586,223.31004781523825,22.70312211816682,58.89905383431141
166.6211197172101,224.80555000272648,22.710257843687156,58.67647683131372
166.42013337960688,225.43111537300297,22.68315268500264,58.63419349428704
165.90318841479635,225.14516946781418,22.494743992492353,58.767453203844056
166.19347269897298,225.02852736094272,22.513150486509403,58.77023828411934
166.38902133568163,225.56788775268367,22.42125339028477,58.94800379729118
165.59903435509898,224.29884362458287,22.19980749728595,59.029721222956866
165.00243274753709,223.3236221894354,22.160143471503986,58.797860664601885
164.50823914852256,225.80226104864562,22.130243130050914,58.74535570466534
164.76189054998588,224.90027505776365,22.304772223429385,58.28607924282577
164.14383875761254,225.4008483887296,22.26754118579291,58.60244151682223
163.52173714143697,225.96536799195286,22.3005600357054,58.91669826603369
163.4318019046779,225.94676312352277,22.386564563288296,58.87317000977273
163.5888904927555,226.0862361665608,22.621864010668276,58.80951083423053
167.13612009602798,223.0503781838033,22.412207622421644,58.84591080929756
167.17032074132257,223.28464752482438,22.500019466359657,58.68092311569115
167.54693470919614,223.3883579361159,22.581055391791914,58.649707347033605
168.48612765693863,221.11889784645913,22.73801576591446,58.52530269343088
169.02402126837316,222.2127102788425,22.854303318741177,58.371447436208086
169.99471213569132,220.4029997069411,23.0148486261123,58.22423840728139
170.55167290266132,220.47497857053753,23.08938422355814,58.40874062838986
171.79684634405197,220.5285827271774,23.285460165636465,58.326963869874646
172.755877474869,222.636126455676,23.311234831416307,58.492487832555184
173.52769506287527,221.9247508642453,23.35136253954378,58.42706171591701
174.00534622762402,220.85883171409643,23.368274253186712,58.405197518732486
174.87681319129322,220.31506921875547,23.431942327038463,58.37124287894412
175.59954425508963,220.67870543029264,23.531134926427814,58.16166087602054
176.01026753398924,220.92519007236066,23.593484166453457,58.02544085827055
177.0706150161642,223.23846485264338,23.681289110550807,58.161200372107
177.23299853612806,222.07331092396575,23.747189568734782,57.95104025193844
177.08415771505423,220.62978160160958,23.708609312603222,58.303878201155136
177.72767405678155,220.2951026869939,23.775244365202056,58.35479552154404
178.08398015790124,220.21672079503642,23.72099550524788,58.53246634428175
178.45444661171032,220.66944046045916,23.72743427121367,58.60947851194478
177.8552634314134,221.05407451169185,23.520641396806916,58.796787710504745
178.5006374785192,221.46473708231477,23.516129707967956,58.787636889479856
179.21570676989535,223.0987792836542,23.62892649661455,58.473284262084825
180.4609929327986,222.0692437762616,23.720468152054973,58.154678313063876
181.7659894741605,223.56215141993064,23.903937822627093,57.843189683974664
182.3382243181647,224.74838446298745,23.94461792347524,57.90197965369301
186.046353096506,221.07030226623257,24.02856969830503,58.04148593181576
186.88795965701573,222.42938726050755,24.117687695869286,57.812712992216
188.4343221498667,223.80294436933497,24.21118621709487,57.45329837859561
189.75774740584427,223.70450698882965,24.133207918503327,57.189195764098905
192.02263797846837,224.6759557368324,24.16004784793165,56.88820703293253
193.12598643139216,226.27720685710872,24.02979461426426,56.793622816443005
195.12989705925548,224.35610886984236,24.061279999162622,56.723313402715874
197.3196527224398,222.98120626005974,24.22884680542337,56.5395863842745
198.736684587389,225.0859652601773,24.306509311868368,56.60309103571179
200.76889724921637,223.22206974629074,24.407860240960208,56.69289158878391
202.32360714575577,224.32577332168282,24.40346097095265,56.802404480037765
203.80390427401625,224.7181177497178,24.379488380386277,56.861556580655694
205.76006286201348,225.81813571111294,25.028281224075663,56.07209425958814
207.03033286022122,227.22942859151087,24.923641200575844,56.27507746088945
208.02409686505922,225.31137015633135,25.505439353238085,55.76872082432098
209.3463900262928,228.63458230763317,26.162772491067564,55.122975537830676
212.6246405199329,227.69921790398448,26.365391491275165,54.825298573872566
213.4254516847623,226.00222807538375,26.743128788386425,54.428555384089094
214.78389271851722,224.60390762727124,26.940705710973567,54.3095883510844
218.52716490873013,222.92971693655687,27.018860503521427,54.25836708091711
219.08894036316403,222.0040519740421,27.27008095123627,54.038707397181945
220.27554314960733,221.55573193467896,27.43984460518679,53.913925566576
221.99785450467792,220.19531368286127,27.547266763514873,53.94840194943803
223.78683566676497,219.9488913273113,27.638643619333447,53.96141401130706
227.7097620317186,220.52972155436987,27.37053298918812,54.539608131393365
230.9836429238177,221.26952233034655,27.40886510757783,54.65774222282686
234.12836702307771,225.28109160021475,27.430057244140812,54.68007582817105
235.2268401750493,225.47394127447888,27.327389752606138,54.91301630641735
240.3710337311927,225.76981250602188,27.496648056579016,54.90046481279852
245.03919321229387,232.28099215115625,27.729171028580843,54.84673726691454
250.18848535873053,233.98217660492966,27.860219876271454,54.66369723967781
255.23880363674488,232.96427779930391,27.907032813650954,54.57789732247166
261.69431207587184,231.4602490675144,28.026311307406303,54.451321960199216
266.7917843329026,228.63487925573713,28.06021525068122,54.369753672834605
272.54306972796405,230.60649325162925,28.111366842150176,54.376287310154964
275.9343301087122,232.1603845504685,28.1103101805379,54.37631878603906
279.58313029289343,233.8311327414776,28.110012535106254,54.37644404136525
292.0804806970284,235.51525161016315,28.17788992813035,54.185599263588855
297.93805608130725,235.58735299984707,28.124147583950045,53.73573075279096
294.953686883935,256.5888294382885,28.40395785140568,53.71695451165034
302.40515868826697,256.0892215293736,28.16021967944834,54.14579882088171
307.36566228667823,256.06466631829426,28.200903385335785,54.08066008811514
315.5918260336728,255.43769254812773,28.044781411976537,54.21329274521607
320.3354442755354,254.54454631480155,28.049028616605774,54.192253172989034
325.41952927545367,253.76292429202252,28.054761128365943,54.18558335441133
337.5243120671931,233.6230625009946,28.158704532313838,54.1821991788988
343.27464372518534,226.91941772518203,28.353852487996818,53.75103353032867
347.5408749685426,225.39399741880325,28.392764894470773,53.55737946649623
355.4056118979001,226.26539285923155,28.43348890410298,53.42204324319428
363.75951761297233,226.21987565558425,28.44073103230808,53.395397927881746
369.9268494129698,227.916374351053,28.440770877747852,53.394422431399164
376.11750253130356,226.56074659703802,28.442424006924973,53.39299068547713
392.2230400238923,230.08389885627875,28.48763564284129,53.7614176695286
397.1113511417948,231.7680378300724,28.589521021171947,53.91352975566327
401.8142494018224,229.03855773789385,28.46748075722032,54.279407035204656
408.4792915216879,234.32265059968466,28.513181391451695,54.302531812721696
415.9244287624009,251.24044154275634,28.64153693779662,54.22209595318965
421.71800756643313,257.14855117643583,29.197746143391846,53.80456118747867
423.9019057455317,255.37738535548905,29.204624582252954,53.79637240929772
425.31731153694915,252.69586183794863,29.2046800514962,53.796687033947656
427.542537643225,226.04348900977405,29.429819307755533,53.16212070909561
427.6786466295533,225.9764910500338,29.102679946472765,53.51316125028215
426.52976088843513,223.01730078555929,29.00269270640387,53.51136002797997
425.5655624519599,221.0350357313456,28.966842948685624,53.50597331588117
424.57775502843685,220.2634180965025,28.91686379968385,53.63381094152441
419.8701166255749,212.51331227825966,29.005013148742705,53.25790964008285
418.66309551911377,206.82896237189402,28.979549069321866,53.0589290939274
412.7967382835555,203.1468255757705,28.847155050448073,52.60437887178237
408.9573287948062,202.1500309724229,28.80610870583376,52.31706140123145
407.9691390246504,201.79879678585755,28.791502614202475,52.28432150142822
404.0926394394023,200.8706246274191,28.94993210162375,52.24032919511333
400.11014749635217,196.28292259899683,28.993327566856106,52.15037718811502
396.806837250445,193.58624830634295,29.029877315109577,52.07046870860345
395.3530941406739,188.21473339673167,29.012638478957335,52.105937988580415
391.22199538994863,188.03947983341345,29.068060315124576,52.07597421348916
389.1214628547494,187.26144429458216,29.10097734475169,52.12214603253818
384.8610151807786,186.5458752858103,29.255673199284992,51.9930033694255
382.9807006720868,186.42309621732275,29.26980029406115,51.8260061992507
379.5272208084125,189.13888798366867,29.235061947068942,51.438847200402854
378.07359193014923,189.55715642967488,29.125792050855043,51.30076897996023
376.7580493800042,189.72877409381525,29.00696941913517,51.207262286633025
372.50300710862496,189.17835273210994,29.09593713297526,51.04289545441768
372.60085152699224,189.48826175365966,29.116832025030916,50.892227716112565
371.5909349169647,187.39757645286682,29.039062162429087,51.19316881139636
370.7435094192668,188.30689389756336,29.010094259623976,51.25577130966049
370.2848172192615,188.44860278174093,28.918153393750156,51.266165071180104
368.63434899794373,185.60574615124943,28.8299587672024,51.29196956064823
367.15440375552504,183.13310936901257,28.754553527171023,51.23374743191516
365.2135941734474,180.51013760955237,28.585613647441978,51.47906963201843
363.37257441982507,181.12179866190283,28.584797071770378,51.30656382484866
360.67568078987017,180.12009219947873,28.61503605287161,50.898398094453924
360.3175706890751,179.0520136003283,28.413714512136792,50.90320525231897
358.95045930166305,177.91582249784926,28.053259600269666,51.21448103771375
357.6939745215684,176.59006992219088,27.960121687085557,51.37561329283605
356.7893586439421,176.53800496210212,28.06240861907316,51.23925598020929
356.28493541080724,177.0163201911255,28.167286512726257,51.133925702120905
355.6772636361764,177.8649668162888,28.36861903655914,50.959071097157135
355.08404923882966,179.1729483723178,28.731884441092976,50.52781491144496
354.7819960650469,179.6442701471285,29.075105579813492,50.14738251771498
353.89627548123593,181.5705056783076,29.202988364447418,49.5571938268778
353.8528525126034,183.0889021034424,29.149803530218477,49.09776661343376
350.7338242231147,185.11069189101838,29.08839159189243,48.327289560178166
351.3081546140905,185.43273676473464,28.978220151676744,48.16483258185343
351.3775413240833,185.68497867547012,28.935014859621262,48.11272381474194
350.9354084896714,183.6254497044809,28.927130841631758,48.018581187567534
350.11729617752326,187.02796239116307,28.937628408471074,48.17185545104399
349.14103235520236,186.01061770831464,28.92341925959475,48.148297488936315
348.7524853953742,185.06272971093958,29.019099230715145,47.984882495145754
348.58845215159675,186.73434082318244,29.12506057281565,47.98942714688076
347.40402893604073,185.4424183829474,29.262265711355678,47.94616345343723
346.75424831575145,186.53203311984356,29.229976542426463,47.9958255907442
346.1452283997331,184.74018172973254,29.290546148175256,47.962155858148826
345.1647916947715,186.69357800190704,29.364609374573426,47.999425546771036
344.32581833820643,188.28039527853636,29.400130908222092,48.06750785523723
343.6031216814124,192.0848541407071,29.262938171776618,48.54331837186252
342.3176517270093,195.14820056067137,29.162052910065807,48.9312410676701
340.88232330871693,195.35741745483668,29.074713616660944,49.435810714474385
337.36331367858935,199.63254571050462,29.03256129183309,50.34367836390512
337.02462855836967,198.45251616535177,28.87253342045218,51.52893825033814
335.1050811602763,197.7453562252655,28.74054672135389,53.03315863158302
332.8340117259156,197.54393743408147,28.76786644487265,54.20403067211149
330.96255792394976,197.93312711478424,28.991903695105687,55.46607136609537
329.30770554194606,197.65085435316405,29.49654783403675,56.92090977225505
327.9921637233716,197.24659338137272,29.99344234230984,58.44551536165837
326.6319793082929,196.37958599334274,30.521721853238194,59.53136312359628
325.2630206307048,191.39343772308533,31.025091593363168,60.57514709086892
323.7796797287513,190.42843381752786,31.886412174049287,61.279062205793984
321.82272857069603,188.94651305348097,32.479833428224374,62.40677955214035
320.279122636853,187.64568620322572,33.316473091320645,63.39734759934577
319.6729871264572,188.09679413810574,34.243892412044715,64.0818306193181
317.78998779741517,188.7984650222483,34.91786650538569,64.76163208528587
316.6788131199287,189.34280985394628,35.63734470461988,65.50564601228305
316.4074043363337,191.07411170318528,36.28799786264924,66.01071490024606
314.06702784000845,192.10489462070933,37.06216587719612,66.46740215319542
313.3311755417399,190.52891826616752,37.699007347455264,67.28512014777093
311.2219787868012,189.08933603060842,38.3233573640619,68.04302016118649
309.14642880977436,187.56066683989636,38.79635291748069,68.86240464131976
305.90702526676307,190.23530604989287,39.57787196715688,69.20863565507304
303.3932702351486,191.4297888758208,40.10104090489751,69.41183857278199
300.4303908607354,187.81633862706914,40.619379018500595,69.52147766052582
298.6023231243817,185.7582106263127,40.743668683178704,70.4600314735469
297.29373561511875,187.40186148657057,41.09944395576349,70.86162736274184
296.4600784287362,187.60660582216937,41.54397082910076,71.34393581688374
295.4099204989561,184.45370389643182,41.8253725136274,72.35420934914495
295.2798430232536,184.02316511155047,42.18831006466037,72.65800602081352
295.46862728170146,179.7505108327069,42.380793396653125,73.17909697290982
294.87832076759344,179.46458682057096,42.34822647892334,73.16649171244129
295.41306542471517,176.26145594409635,42.52534530276431,73.45195153973128
295.33832972732364,177.37887630830144,42.61142435641049,73.29508083924469
295.45638818107005,177.86675859544187,42.72879973869917,73.45353984532426
295.7080965966266,178.30746687088646,42.764143331246366,73.49921769436409
298.30349539555726,182.29881688641012,42.90272719929691,73.59011747868541
297.29977727340855,177.5738918350286,43.16427819064181,74.02930550259106
296.3190085487073,178.9679759991035,43.6221144300223,74.30888166792577
297.85578217643,183.94644642522258,43.96093761792103,74.24972886347814
294.5516170719957,182.11769405476727,44.44278009485608,74.23659671207001
296.3509887155969,181.32486059519294,44.792362680074945,74.20013991295693
292.9629449001817,180.26386204213247,45.11259780236033,74.32789804641405
290.7425452897902,176.11858403770975,45.45549710935555,74.7127857965925
291.2667071123574,175.06372635844417,45.905164787692286,75.14235577224247
291.1348739307984,172.29035100560054,46.2137828951878,75.68296672268072
291.7146074296301,170.9883477312848,46.424337240755534,75.78174427503535
291.6286671031461,168.8765412761906,46.30072584069167,75.96317235551177
291.94489494437687,167.84863778350808,46.235299753605155,75.7672713101762
294.19880640811255,166.8732405309144,46.159927597465604,75.48756082573954
292.59932773496377,166.93253979178706,46.18934978369851,75.27162457376531
295.81416687508573,169.27611716012905,45.70673208847656,75.53911451710448
294.49098755037886,169.00175791579028,45.70344397885706,75.80610253274052
295.075380176371,170.47870683661813,45.60055750292715,76.11997402778522
296.6545130912242,170.58862698611986,45.39195316652213,76.45645374039755
298.37152354084714,170.65698061993444,45.16050508984714,76.84349415533977
299.6691921013307,169.31106615189384,45.027847116600306,77.10550970641125
302.4829746353849,167.15186467444818,45.0691033833308,77.14893926881601
304.75067503595045,164.81593328310024,45.15257570155394,77.13366969296085
307.6982838598878,162.52793366266053,45.15306423043706,76.78709202954336
310.36493726881525,160.65549946380003,45.04204220643591,76.20263093660273
312.91040015261984,160.0228928113417,44.93384921165388,75.4362921651797
316.3865444656028,164.04781035080111,44.818845150659826,75.27598393028553
317.48880712453513,162.0081821831669,44.56138530539811,75.03626147908545
320.15603101478865,162.402288676875,44.22843813142783,74.48704370100555
321.86033530639884,164.95417919869388,44.13792952379342,74.22498562260824
324.72074338173155,163.25640309796475,44.04032618745912,73.78846699658239
326.3109044765028,165.9100798243818,44.03555994235936,73.56545316243113
327.8066191653032,166.17218551112518,43.839438201019554,73.5266962886659
326.85145472135844,166.30758666165747,44.01231267454134,72.86648638266855
331.5163451977126,163.27109238407076,43.83291662478707,72.47539078943501
331.78815600352567,165.02431021300072,43.53983830949816,72.25883850674293
331.0614961886674,164.4992376369567,43.571943239469526,71.8312645903037
335.63622230398374,162.4170426782816,43.37220566948128,71.9388975343873
334.9850803491309,158.35737845111706,42.89745982645574,72.76276624140196
335.5776221787271,153.54969240778357,42.39764075466567,73.18847539471933
334.2095113650299,147.36208829363073,42.327069407587906,72.97507583493905
333.5264433309541,142.31572648478772,42.15830111496841,72.00385654338434
331.10188113856094,137.62515467244214,41.429932785826466,70.63828557609557
329.5201854110616,133.61423641167494,40.69824272074454,69.0504600416607
330.54433388279585,131.53427527219034,40.13369814715677,67.49135575507813
330.2129195905454,128.34198042174182,39.847988428282406,66.14787901157818
329.17861018037985,127.95250036432671,39.545407879183,64.87002445584567
329.7839136534963,130.43282398648174,38.868499134129614,64.4545675458557
327.85800143210975,130.74121158981737,38.30853129861296,62.880675258495955
328.47783127050684,132.3333289717178,37.57729840728783,62.341268575826064
329.2850547566154,134.51502662798552,36.91709998262469,61.721306023529294
329.6568227634215,138.40395258843762,36.14644928338767,61.47490866576593
330.0875055817779,141.87012636810522,35.471275235315034,61.40440898393319
328.6911032035637,144.92936304789148,34.84187239782556,61.27966855359041
329.9918634021058,150.03921668830395,34.59669193222938,61.322796775389946
333.44680347191655,155.20036219455469,34.566807615514456,61.26666958887727
333.2352459661037,172.9970338409392,34.0386044823418,62.02488498141102
333.7224861130592,171.21256329418145,33.39123385310951,63.07930876764502
334.4551295931762,169.70496396864755,32.84241455950146,63.97289796932619
335.6859795504283,168.6372462940028,32.098675360291004,64.91140171804498
336.6769858599014,160.669460699502,31.91546499792917,64.01536699579177
337.13205627399265,163.96238730554884,31.779943451038516,63.74577269101615
337.65167412728744,167.2018647122073,31.76498876938178,64.21136553089748
337.6479584553925,164.95015383947685,31.432786558951523,64.58259752568696
338.1908150642036,169.7455012108466,31.210144902188944,64.98349042180244
338.49770016895144,168.65215469286125,30.989535363689047,65.26376227323343
338.04704352190527,167.5609505340819,30.801803729230596,65.40417220440901
338.1142706220823,171.37475702488499,30.650338027981583,65.55059896813367
338.5918660748012,186.39801451405086,30.655107642811256,65.29855954522186
335.4276625518457,173.57567064709212,30.42227973770295,65.43501706978876
337.42532793236967,179.2827630548456,30.222697210450185,65.57999916254599
339.2787855647513,183.1403189274913,29.966433352928785,65.79989737361441
340.2632887030563,181.98032925903746,29.915088266351745,65.80351599847067
340.6047102936206,179.572186954092,29.88604914902006,65.80651239653915
339.2406927539767,174.6939815586843,29.792245610983038,65.71215128336277
340.59164195576426,175.41469524541844,29.565443194727912,65.63244411424787
341.0248462463814,176.02261149358756,29.481791180494902,65.77063304792519
340.40275571295217,179.60078940917776,29.481024337044555,65.77136931116615
340.1744764096307,179.9490762947199,29.47875091815956,65.77581095288936
346.893987909553,187.3027828762091,29.456956617045396,65.88226821990361
348.74126696616827,187.52182979120812,29.408617757354968,65.94866196400605
349.50815433112587,195.1675704199435,29.31664242967664,65.95809070256803
348.82384414372444,196.6094354715999,29.305058961362725,65.9542922875639
349.22490690992026,198.12449169987335,29.285489605156705,65.90252832459312
347.19651176609375,201.04690158914428,29.258915882952607,65.84167270315572
350.27813750658544,203.16500128494164,29.345768352469715,65.6804654914316
352.11553863491054,204.47133384804422,29.802769131555586,65.20182903839843
354.26374014403893,205.60831183005126,29.94271645891037,65.05557006535116
350.98440228968207,207.21002387097874,29.9775507865511,64.9906023281007
352.274009750796,207.85870084657768,30.075850178974765,64.86566113000798
349.168847684639,210.10969603375597,30.09158135856048,64.79382126453203
348.9093596492483,222.3856919392892,29.988500885514764,64.88230186557497
348.754762203669,223.27848752392597,29.87892871186359,65.07513381489268
349.0391214841278,218.03236421591112,29.724434000719384,65.12327432893268
352.1214927995354,218.88069170304345,29.629659593475925,65.20655376094851
352.03489324632454,219.95088477503924,29.586351816395645,65.2681312800581
351.97586838361235,222.6059517874835,29.57203032480766,65.27911465629269
352.433576380729,227.35204618264754,29.53190877751961,65.38032968218769
352.95941150413574,233.82246843088745,29.259300503801036,65.74120771225819
353.5711927070392,234.4044804269145,28.959618555872275,66.07168352279355
356.90229216212373,223.6356830154499,28.636325457012912,66.81041588844735
358.79853814531106,221.5954209720067,28.328548475532084,67.18232753331714
357.8467350734976,217.12682164011477,28.965978753032037,66.38232641377577
358.6886469910417,221.94185467140795,29.54539978526858,65.71851840020068
356.96100326726344,217.12036646699937,30.219237914893036,64.71249654851974
356.0821186615296,212.579745713064,30.787909721880762,63.49344794866346
355.3562657275163,214.12086494277048,31.20332327537793,62.70313682689697
355.048829061824,216.05724242176717,31.336839062101976,62.5337066636729
352.63651222185706,202.846493785337,31.50394815631188,61.55950157447268
353.5806189041395,202.2409411135512,31.37434813975428,60.1448516079857
354.3278138787927,201.04515832567154,31.110869326121342,58.84569829450856
354.0372484900493,203.146643569738,30.898177815094982,58.015531494424955
353.7252988961821,201.95601837462584,30.703027346438258,56.87472935817528
352.4302274789922,203.57796460686794,30.593852487107675,56.042076279295934
352.63313536786507,202.58134264702005,30.482658892208057,55.23142162606998
352.2046766366417,202.36231461689806,30.325541129740238,54.392776712803226
351.3860469082814,204.0739185381883,30.180674636601186,53.695675037062294
350.6820455621162,203.71604414479398,29.72567216764629,52.61858036281425
351.347691240794,202.0900217311541,29.489160182505852,52.16561048443607
350.35697453440696,205.05595704461243,29.218667649998007,51.53474188312368
349.7371394256791,205.7105880436999,29.24296673555671,50.6773095568085
349.98788812160325,205.87517192346778,29.263038714931913,50.09667394348816
349.8134191666463,206.39461418031865,29.110355736135734,49.74602983868379
349.55814605021277,206.3976880820049,29.080294278191722,49.28937427526342
349.07097362487593,205.7429648762177,28.937142757596163,49.06727111389314
349.3953998191841,205.7644129389237,29.13531081623402,48.610878166362404
348.48617329764636,205.4134588235109,29.31484402898723,48.20039218351156
349.41955966964895,206.7759335821601,29.609102769585853,47.62853743473732
349.2148610583399,211.5054531248995,29.497526965451502,47.50299635035713
348.8265487500186,214.91030788558385,29.22787751612272,47.37515395163859
348.48587666212035,217.7442244055004,28.839020533395704,47.50100682489139
350.7183399294601,217.33265901718198,28.590506066129457,47.205452117595776
347.49890495406635,211.21677100170274,27.96435783988455,47.1088599616036
346.8062507143493,212.81667024433168,27.654226146169606,46.91117982542102
344.325424381295,210.99320563409475,27.619996777976347,46.344528914364126
345.57228165920674,210.09233331439611,27.422062165619117,45.69636553564917
342.1483054833205,211.86134297072843,27.495929949367955,45.068690108406315
342.3895569241355,210.04724598442294,27.622749675255104,44.61711017812424
343.2200793764011,206.3332481824838,27.533607999483678,44.239541855305745
339.49634103150015,208.33964889967328,28.73645053782686,42.7691980014932
334.4659349040721,206.41763384932278,29.272175436115486,41.83893563316952
330.60812675624067,203.50517916164443,28.725848868314024,41.45333856931721
330.2263015752214,203.4675535300918,28.295893092123265,41.26028688513967
324.6360877792453,198.20970592215104,27.658791005730645,41.61491509204903
