150.5,53.5,40,148
148.54473247476255,52.74347342936517,40.15922112568546,147.1985288483238
146.87820952887654,55.20070342676995,40.31725490579365,145.56314423765426
144.99371032623742,56.69999398451901,40.24444570723584,143.131109502676
143.5582355882859,59.326723280109604,40.1480463691283,140.9200255223957
141.3739306389216,61.34748050812922,40.07461725494798,139.46759044639185
139.2353845846626,64.01175976350203,40.204768655305514,137.50507168860645
137.71845711827999,68.25806926918798,40.77868267773141,136.52922065590275
135.77977835795852,71.15540890588878,41.165622479487,133.68496462316278
134.00928067633674,74.49567171566073,41.539701233920134,130.49178636804453
132.6270105982996,77.07846346249835,41.949246139292555,127.34896541137185
131.20850451499012,79.61626473909652,42.084603394870186,124.32761786687303
130.5735866641904,82.60276153616199,41.82245572092033,122.67650079862099
130.1265816528617,83.51995877950898,41.74539092401293,120.49450001061933
129.9689070711236,83.89705601065603,41.422779534319886,118.55812466682498
129.26290254054422,82.86036789380178,41.298609052937124,117.18669790103704
128.59177613450507,82.20857299443445,41.2697354516701,116.29034391887265
128.11769850566768,80.77863777852107,41.323941856329,115.75293079662227
127.23379475571807,79.57206709428098,41.547288344341595,115.18364862117237
125.66364431274836,79.09162545265114,41.494522156459,114.54928845045256
125.62838334909185,79.12539760332302,41.43176394063026,114.41095103450625
124.75421354814912,80.70550733504498,41.03920364589401,114.51082311425996
124.3251171627017,79.1970305574522,40.813498110895935,114.1254617680936
124.16292547726059,81.26692451136735,40.42472585452748,114.44205613489098
124.17927149196359,80.68284719991172,39.982736895285186,114.0922577195866
124.7706928324673,82.1011463038503,39.51652479231884,113.57046168150924
125.88705281427791,83.91852292157853,39.41319173055311,113.1950165457995
126.52115231958399,84.00967391263691,39.2101843464897,112.98530273400253
127.08637843967418,86.06608042385109,39.088086293321055,112.57164265804633
127.83403601708356,86.81278375557842,38.81676122124307,113.00970364691253
128.78604542704673,85.71811114160538,38.35518946762382,113.90153741646171
130.50780149144748,84.93789282915056,37.80423257563868,115.6548410820055
131.65730787047767,83.07629787409059,37.35846364539813,117.54969749507804
132.85843458201805,80.09514638350849,37.0998378659026,119.62183824670424
134.0898687896158,77.6091439430013,36.978825691933324,121.35589518689223
135.89857918250271,74.47526346357466,37.112125168686916,123.73480736415978
138.39804588730834,71.9502640968984,37.28344598957493,125.98700913286696
139.84788038719708,69.29193129125923,37.5481403740443,128.4540889725846
141.58086185494267,66.23793336081744,37.83805207234217,130.2398406661403
143.4623834246915,65.24604631473774,37.91851860691682,131.43427676563155
145.11514057692725,65.66678563881591,37.6727183813485,132.32363462813348
146.49785030462405,66.40661867175521,37.4526015554257,133.1155506888723
148.0191381747644,67.46643955587774,37.1813351909079,133.5811702655369
149.35733830848517,69.63119768514068,37.12594522696375,134.07620797353326
151.7494324044607,71.34474307196604,37.2466261146025,133.39002343843845
154.06340951967258,72.69921457348713,37.379092683434095,132.56009218561752
156.1926151770379,74.53413054497784,37.30477770506823,131.2075894109558
157.9362584332636,76.29570636558705,37.022771496571934,129.28378261932386
161.0834944726595,77.49860060737254,36.73515633611504,127.50909824742435
163.9083882811712,78.65495673977343,36.54945858954456,125.68803099094814
166.04170181022607,80.31141900977663,36.275472980409376,123.93655419054286
167.85083666442793,80.85666075789827,36.26019914450325,121.70151596006954
169.070867990966,81.16072373490555,36.20373338855232,119.6631068172351
170.0743112712248,82.13242527961373,35.97277663665142,117.79562459275843
170.82869782645702,80.92699199958204,35.80031760833265,116.53703848558546
171.6050815382448,80.95153554136022,35.77604990723786,115.82299954112443
172.5298898516596,80.4640872636575,35.76756079524745,114.94147474509705
173.0296871322072,79.29409910070136,35.85292657560579,114.06899746726484
173.6006514814429,77.23077126987954,35.956962642683095,113.64216678170999
174.39035024752124,76.22578246576126,36.13078554948363,113.77148254473936
175.01372067544654,76.75568471722485,36.23586921565147,113.75428832947848
174.9467965812869,77.56292791716393,36.38131611394144,113.19637186349162
174.88894406366126,77.90833648280643,36.345839436446106,113.1318405236037
174.7991360167544,78.84870411538887,36.311058308456126,113.03031940219186
175.56231224027914,80.40882164106594,36.39669869740522,113.00706945253756
175.53762809756185,81.27204299948036,36.4156504308624,112.71241136553049
175.03201764290756,82.33147041284853,36.6408277558242,111.93926729318869
175.21671204485278,83.57049815101061,36.554433937514226,111.72254265983632
174.94967877190535,84.44318090409448,36.6587436930095,111.10590304001352
174.57692542972674,84.44796299288492,36.82958655948421,110.74823346163193
173.61132635375031,83.53112614275702,36.998796786861234,110.58215762060507
172.82121040741927,81.96091791237922,37.205797864589535,111.01798280709919
171.3038816519025,78.88126691045724,37.42878078074399,111.94075975219681
169.37197262292548,75.91304047334577,37.811541194807624,113.91023979850837
167.76839671320135,71.85709307034944,38.053993269077615,116.55202466492587
165.86995058776844,67.48874447594535,38.407985815963954,119.79202156686878
163.65490055695093,64.88723743490178,38.59458612173962,122.85099077285732
161.6198676140281,63.223819915752344,38.75790609694076,125.8675320472802
159.80332314292068,61.31415766322944,38.809842600038166,128.61200456257993
157.9295356745206,60.419851830507355,38.877568865878885,131.03296184484157
156.1493086678324,61.25089435109669,38.66737201560777,131.95932342078936
154.2762535110645,62.36639176331673,38.76660504032522,132.61920918106608
151.7061334620008,64.22439637550131,38.837852523706545,132.5781426885542
149.7879991737495,64.84266135026463,38.92991371800698,133.1088334745775
146.54907665593024,67.86455610335469,39.189943831312746,132.59938578053118
144.2752467902709,70.72423316860534,39.765383618631205,131.40423924204038
142.33499532081476,75.05856571821067,40.319409029925055,129.35776128043346
140.92778718006213,77.43253717576656,40.912682065733264,127.26526847098881
138.71381575826874,80.0441289913862,41.4211691426422,124.76413073818703
138.07184401327646,82.54530163975225,41.661993798131206,122.50734871011642
136.7691603066991,83.49493952022365,41.67525677631892,120.55903354805962
136.12995686487847,84.27753167328966,41.434283686548596,118.52278950233793
135.11023106347375,84.92912179464182,41.21791882970227,117.17554107960898
133.7166926510672,83.58237879031734,40.8815239176074,116.04126376924245
132.60506835909922,84.35644762438841,40.58155172403181,115.16443038662659
132.26689837605224,82.5878676193928,40.48810491501361,114.31116709873574
131.26216583571426,80.49231323426015,40.362356859016565,113.38049308930741
130.29663130137067,79.12693122001775,40.26501406246942,113.21035270075423
129.44125310308837,80.1405094785294,40.07078824982835,113.76040422587573
128.46270278273133,79.3892309492021,39.788978930749366,113.99864579857605
127.53046957810349,79.29692785869824,39.325534916726205,113.92280218266872
127.1624062928277,79.36515147042753,39.0412632281149,113.33410844226714
127.35525651976494,80.67966507692083,38.737815313934746,112.99175382144364
128.33500092263947,80.82652575835982,38.3606359926675,112.51513199999134
129.59151623986568,80.89342391704446,38.23899949655122,112.62732920741188
130.49221665568166,82.0755241499289,38.03100033537521,112.7148253759356
130.70995997465454,83.53742234585887,38.027191783948695,112.74004531670201
131.19138487137704,83.32268632079894,38.0147944970459,113.41085618608723
131.7911293572323,82.97950883237814,38.208432132276556,114.03934726807881
133.207274327868,82.96608303079098,37.91994159133483,114.67787961733163
134.12814963738919,81.83426011240655,37.66886656471492,115.21519350486648
135.2889784999608,80.36698228849343,37.3404357253673,115.86779128793138
137.19655152880992,78.11614557568251,37.2637022863061,116.83241303584936
139.4948218491454,74.65356874378564,37.01900738690708,117.88495279278274
141.4367133297015,73.72039813516731,37.04511388540493,118.58435320172319
143.4173120818429,73.17830455563406,37.19930477452417,118.98007560000937
143.8198130223705,74.18105848320683,37.534393001386775,119.22055325282892
143.98683171306095,76.84364579738286,37.71226212463691,119.45255855230279
144.16066127807798,78.98534485612704,37.60455235509273,118.67223269662472
144.88598328985066,82.94496355316696,37.082217712555526,117.88989954219944
145.85182989612483,85.66256120955728,36.550467613334185,116.57274002272321
147.25803748975625,87.44153982163876,36.210567770691085,115.61385263231577
148.42468437905896,88.9012170337663,35.90416951515699,114.39373007108253
150.84102362397803,93.75567963645625,35.61053922020411,112.62230248151684
152.04241291942628,97.66121567957757,35.469296512257415,110.92884466453079
153.2766879956534,100.6708496824684,35.02614127633763,110.3160984559293
154.4246668491418,102.36729120155437,34.58671960013015,109.7772658156303
156.04410622091467,100.16174506973428,34.501058172258254,108.77196766026414
156.95663712959373,100.50161090520663,34.404708794437155,107.71008137558614
158.56364461091604,99.46450004082422,34.47415897881099,105.95191875643532
159.5403030990296,99.92322717715791,34.785737203313246,104.5435257308783
161.46861899030114,97.29733303143936,33.3462990719695,105.67933101297702
162.25866131848642,94.31110797925376,32.5376966448317,106.1611109131856
163.91147230837998,96.45174981033178,31.21373097798711,106.58329843480644
167.46066789868323,90.63227791490849,30.154795688036106,107.05390726471553
170.11225578551938,86.65411324220656,29.267688468288384,107.73975931519749
172.0508728775112,83.64981405864974,28.65302585756216,108.85159340389927
172.95525884919778,79.9750439858575,28.36449791653127,110.39091664579725
173.31622372818978,76.75717994215167,28.27300046626741,111.85513003136563
173.7954440225959,75.19011388247662,28.38798683935401,113.41798262495888
173.6498198761662,72.20198107417382,28.365750016446867,115.90924548544572
173.21238452396065,68.87584575432237,28.58436559485853,118.8293386291922
172.81800854101238,66.57629257895175,28.64389371336587,121.61695408656948
172.39525195890874,65.7810806475452,28.83875077348528,124.2449287563818
172.03522877494726,64.54037259900278,29.077502986287403,126.86370502395022
171.24528432178695,63.49352548276103,29.40508090132079,128.9413413683878
171.56768888151757,62.238051410110685,29.770891541419164,131.3439671019129
171.38331367513896,61.35066197133797,30.14135946341259,133.1738922824862
171.4767542607358,60.45444222898186,30.315374074928087,134.77644664263426
171.45961641981629,60.0859840027574,30.5692980583685,135.5149662956492
