141.5,73.5,27,34
141.30649872832984,72.17435699708736,26.581542507539382,34.26692259296823
141.81704716675813,72.1968508158116,26.22545530809294,34.543153535527296
142.5283935730686,72.22017486628636,26.02409874100882,34.81651037461076
142.58273853802203,72.28011730860032,25.891638180742273,34.913336966428005
142.86429035694962,72.42209390670521,25.828028320639007,34.908258316507684
143.4949992446467,72.64079855377122,25.794444054690086,34.94289962958008
143.5168672841986,71.93566728728959,25.764777577479666,34.89396583342652
144.36167894157774,72.42913206376319,25.804362851321585,35.01527450069417
144.3569443606911,72.63288989320259,25.77157287874263,34.88873251468222
145.9112752469348,72.43103987859757,25.791355301048956,34.93599316205439
146.09195522244863,72.70189698917257,25.807181499380007,34.84769975875642
146.3236656038754,72.39183843855871,25.85193354660411,34.94256499459718
146.58394309637902,72.67431908115813,25.932630163769744,34.81089547246559
147.36226439880014,72.15043327548696,26.02905824717519,34.78431911093803
148.0502770374979,72.2091346925329,26.05377848083468,34.908978890214215
148.6530488685069,72.4365408967256,25.993772433639077,34.98143566641818
150.0601052514065,72.61095615126717,25.90211707674488,35.05176680489326
150.36129391267767,71.9822215866229,25.92388114929459,35.1258351840216
151.81501683894595,72.14861630491814,25.864537151082374,35.32442896381217
154.6401069519571,72.6120857568908,25.892446543742878,35.425989424719745
154.36727107571943,72.49491955254504,25.850314634394998,35.451994569817614
156.04926405644503,72.33725762448549,25.900775980530458,35.65481196181297
157.11576482194016,72.181063775827,25.988094197465017,35.80293796040711
158.0892154024091,71.40746400549324,26.02407398650113,35.91632440598188
160.0188775118738,71.52655167223782,25.906632330209096,35.85426305052101
161.84873170324354,71.86129780795761,25.883475327627075,35.903647140928356
163.02717280036515,72.16036045555168,25.84326426642525,35.885179340762015
165.3099135231911,71.2778452719183,25.913805388522324,35.307630820089344
166.19980503693412,71.77536659819252,25.937911397214933,35.275079262606965
168.8153661171731,72.36717668729548,26.025271158886607,35.037751603970435
168.89223131913275,72.37631491160546,25.92887792729673,35.10233071523598
169.819976630918,72.54945349636813,26.002152958290125,35.03173545860965
170.69138254940128,71.78923215953874,26.121240378029825,34.95845304700995
171.800186211999,71.91910014352747,26.190782958992816,35.00382207976683
172.6989896559185,72.4026879626779,26.060493819223588,35.09325106526053
173.95269785697437,72.59420485665531,26.03777595112372,35.0664334993535
174.98221837911137,71.90620274716147,26.0124308430527,34.96579904360516
176.12524873139097,71.87344228736703,25.872066063252444,34.88076170013062
176.45153606391403,71.76504171239124,25.769274389615617,34.64211690481928
178.75950553398377,71.92357006581486,25.64838015772807,34.45555672969697
178.20396314992044,71.37445146311894,25.580994195073195,34.32534602096528
178.6970964265914,71.56741083022933,25.449437088161474,34.452978343129544
178.60417383581932,71.82877289421435,25.34235580920111,34.47526454345234
178.46644909365523,71.09825951952018,25.332258007257245,34.278881028825474
178.74464384726699,71.56670577889804,25.240232730666484,34.369315809187796
178.71503252638647,71.43498879319614,25.26401422340139,34.35428284066545
178.34667606768915,71.34261969614994,25.295334780108774,34.214651008169426
176.95266902717566,72.42234581873706,26.351366153158434,33.10269126711508
176.063483139959,72.62060607231254,27.101310684359035,32.153290532398316
173.58900804046502,73.06084070459862,27.49831710435529,31.4935591721364
172.97110887332414,73.49517919696194,28.12329448955946,31.06364842848336
171.88161517312088,73.5997904740683,28.589455518773036,30.626767185248568
170.37062629027565,73.62088229621833,28.89808847207028,30.23312981942524
168.48599275082006,73.53283163275977,29.107771887041046,29.858784934050643
166.65981068623185,73.82973326702651,29.121540196744217,29.650304593945812
164.91351566128296,73.98346753489423,29.179185140135633,29.438717654418
163.25627684467995,74.14181934507074,29.316141067714202,29.220467853816693
161.9220517381248,74.1857097402461,29.370415245897178,29.262717382560663
160.04460522904105,74.30135364981412,29.288901794719568,29.15594355460169
157.24087094376773,74.17464845705987,28.98668284619271,29.182586519341445
155.9448136401205,73.91581737714424,29.07345377787377,29.169954201233097
154.79777155104415,73.77705378075198,29.119715671327985,29.180074423755094
153.13589112422127,74.66375006202516,28.979644385004846,29.179638590143988
151.22660841268066,74.816602539635,28.704815051768975,29.110576576756834
149.49772223644726,74.56791566132495,28.665890932067754,29.03212511899095
147.7116521653893,74.33375810952822,28.69860546268771,28.996230048500692
145.5575656416495,75.00154064328436,28.609810145451796,28.857026403527176
143.81879318428906,75.38156553113336,28.61232177693896,28.89095895481357
142.13251380743438,75.1493720063354,28.674407088570735,28.80390505020114
139.69728811847983,75.26786239567922,28.540353309009102,28.875872698952243
138.19785687392874,75.27367937932787,28.678614372940412,28.891486670913732
136.5026523760905,75.63317768805945,28.819276330729295,28.91921799687101
134.92610523006567,75.41847174054176,28.77435016455752,28.842997610602964
132.74908996619067,76.00164587117295,28.720316326920553,28.731675046095024
130.90339461662353,76.35216350112164,28.784628731300806,28.677251059486387
129.25983893981604,76.0133110128357,28.76051943901128,28.67517674490532
127.34017769400698,76.71601077832968,28.68258748269235,28.566876088963134
125.58521799519835,76.71653577599056,28.64097747280839,28.39208773323639
123.98467633287324,76.88280343485376,28.69540547633742,28.30572383036215
122.12283263061579,76.90843274560237,28.486327873833254,28.30640272191833
121.11686998757884,76.90155863806035,28.606322818186573,28.369940984111516
119.9812043494689,77.02160437586092,28.699147243210184,28.577031716810005
119.29357121661621,77.72803562661412,28.790501327061286,28.742582701784322
118.29702392927345,77.40259589885397,28.796840649862368,28.87397888904364
117.41397155994005,77.98618151902019,28.9076738583778,29.01310876565458
116.46592040719008,78.2035805094891,29.147849936308162,29.22241919936673
118.73849953660623,77.98106770967458,29.081541088486592,29.34313723807505
117.46139100949708,77.94607710033493,29.218600969548167,29.40452560436305
116.23015944651056,78.43538684095306,29.37954064848447,29.376549424136922
113.14678791419597,79.1876184873955,31.06466530872521,27.9161339823675
115.33608887355938,79.03163616708335,30.93040762446495,28.08757027192332
113.47147804829996,79.02979195097504,30.892621447225,28.31640468485568
115.57566694175435,79.42387799047094,30.70136354480719,28.526291103769605
110.67899301586064,80.21980208048114,32.522660252948356,27.174716876233333
110.49231655662693,81.12801859509361,33.911705167036494,26.196381359730438
109.6971661101712,81.28519177073164,35.02536860710717,25.380729249501265
100.94649553687157,83.09253475414944,35.97402306242224,24.581669427074836
103.06819184950672,84.21041093854717,36.91459516646101,23.87149329214322
101.39177875852295,85.17861714276333,37.750351055002064,23.292978761404086
100.63906563472169,86.0209295980984,38.24384647927845,22.871798870455898
102.57538747475665,83.77700117616783,38.93719229353226,22.48152575521061
100.8730315376671,85.04344091791754,39.87332129913531,21.957356179242925
100.18617822314619,86.36030546115857,40.04537587815883,21.784467079562003
102.82656160627663,84.43432075153031,40.511559738271245,21.62829736536516
101.717030582927,86.18422551310421,40.75413247947429,21.500890510216628
104.14771336717548,84.14745766409632,41.16358323711868,21.3886442525134
107.33941436606015,85.51457646381797,41.71808464358517,21.126387224816927
106.28084699001985,86.35805642170418,42.213627946881914,20.93885760784976
106.00343561717492,87.11140461200188,42.4824394735471,20.73664559462496
109.47147591107287,87.87796642904509,42.99865943430466,20.507481210988697
109.01519970143806,85.67137615986175,43.14117515618658,20.580370249263797
113.09250117074296,86.70051735889336,43.697064351671045,20.390044727955335
123.0453589231381,83.64208675577648,43.252545746294835,20.260618111465728
126.0047272484994,83.94375441858756,42.667155939291696,20.217673258255658
124.41269016730706,84.15883331687897,42.76296086797278,19.850775286783296
126.8671144136126,84.36281986214479,42.669901121241836,19.594733988749272
125.39153035594103,84.69702866944144,42.947757764645885,19.485962205740904
127.99111207575191,85.00236705881954,43.03340677543302,19.389828483472737
127.838596401121,84.75247781025924,43.53431193653589,19.157120732576992
130.86417257924555,84.89588356698447,43.36117319112664,19.263688251738383
130.07647909894953,84.4213176259095,43.36933135762076,19.253380737030128
130.5150852452274,84.56305270671761,43.54737936570133,19.515127731824094
131.42023318849664,84.3962245383526,43.63252036213556,19.720869699447825
132.73241977129163,84.49515055623057,43.929667191281254,19.96795906517352
133.83783476263912,83.98068972792083,43.576512164908,20.213175248846817
134.97573563736503,83.23428651519978,43.37734672984827,20.296176257228055
136.5207836379412,83.33374448216426,42.9752168370181,20.446284023059548
137.53073236697438,83.04814591653609,42.72811779795046,20.461112207286785
138.64261145925929,83.54049788199032,42.247511039695965,20.570053610622107
141.07365725607931,83.67535740421084,41.84072073084593,20.614015751426564
142.0755869604064,83.74354426377096,41.10563392427302,20.682412597339297
143.25964350893648,82.84776858448413,40.32582248584329,20.675608972583184
144.74517123050185,83.1786693673704,39.867981630877786,20.67295419254671
145.85351528171054,82.88827895967539,39.41071893014808,20.65667826145389
146.54089469094845,84.17848853883847,39.02461001640019,20.362933364220886
147.69100877284347,83.42857153345942,38.481345820887086,20.236869132982203
149.56677322336014,83.45228031739424,38.071661955406725,20.28844465043734
150.51101733020633,83.75398860598533,37.62499543608844,20.33026063150558
151.58927210687378,83.65650313915442,37.25751130866452,20.265118653704604
152.3929677522344,84.16870690934464,36.98034751218306,20.192578395714776
153.32256628163037,83.9300759334971,36.68603785783294,20.071614634633676
152.83854140944604,84.04745967005621,36.38499289661996,20.08008868025132
152.995395945964,84.0620709649578,36.274898028706076,19.967762426228774
153.17460678923416,84.36323931144845,36.21625042268063,19.99276724211282
153.34941425117688,85.15599656074991,36.11961528399914,20.031470015314717
153.29414181588885,85.58625506669401,36.22980930472668,19.98422494318099
153.27981311425,86.71497422026664,36.00378073984376,20.070168279331043
153.68242157026404,87.15033446733486,36.061744167152106,19.921702180679503
153.05535090894998,88.18577539242088,36.06762737591913,19.847559956438264
153.01590667726467,89.45727295525558,36.11133193273456,19.74505388449508
153.1661560953562,89.76194924518775,36.07089164857827,19.633224791244952
153.55713761926623,89.57505371126342,35.92544952294217,19.45349821945662
153.34877921809795,90.59629321437626,35.97008960527944,19.236559755833454
153.64868434433996,91.19458286014871,35.69703645600015,19.227471523591838
154.2323145305006,91.81507872725811,35.51405762359586,19.141549021360035
153.93382237773622,93.34383390537943,35.29027488410355,19.100707223238143
154.06686572449476,94.38986447726792,35.26039387274494,18.91059989587504
154.23530082734945,95.41098947662218,35.16945302742526,18.854947911998067
154.2406273999647,95.91335272717285,35.022922153732566,18.835061744358473
153.81014159652017,97.52618518807775,35.18110177177199,18.704817183113885
154.60434038277745,97.4615901379231,35.1513995155721,18.55276553866647
154.95669522452928,97.76453718920183,34.97364895329571,18.47287396239226
154.16552089186453,97.18322031903152,35.06769681830171,18.657634138966422
154.49861162242487,98.13968619092687,34.918228499576045,18.510855849956297
155.85566096884247,98.63074820841516,34.61490499137223,18.507072202324068
154.7539331987384,98.098186672884,34.73283811832657,18.712874871241027
154.26390317297307,98.94800795663825,34.65713790546053,18.587104154699915
155.18145099449345,97.81375029151674,34.561964785918335,18.644223982852488
154.43132885701036,98.51973917444296,34.5970658571492,18.582293209301987
155.3363658452384,98.56577880718852,34.47405450180973,18.353080762715727
153.96699205931628,98.34370707407274,34.56761827200299,18.16759723958267
154.99503848337775,98.53626532219602,34.417662532682826,18.240640011238487
153.69782105856848,98.20015478152689,34.606045984977726,18.161146564969783
153.3458600485918,98.04782293557543,34.52780951093547,18.118688898954915
152.87468174168185,96.36366867373846,34.689790226871,18.20381837790536
152.75149222665755,97.27334399865899,34.61081697558754,18.187940366194482
152.43512198266887,96.71904564156215,34.530587743201316,18.23369602261076
151.1152227261511,95.14247988721246,34.648537816066536,18.27955967471222
151.59139631321065,95.21040201357954,34.72003583771771,18.107871997479023
150.32998054555134,93.88526520499536,34.8481430039873,17.98373345949601
150.05557082181883,93.30571571546005,34.7500222797337,18.073199312307807
149.95962425581428,92.8528425645986,34.71020980575905,18.141094924142678
149.25567502062563,91.70069551036758,34.76882732272905,18.063084125759644
148.0742557366657,90.7072786998838,34.702629750207045,17.970951605980126
148.224379582744,90.28610538551732,34.65209634318566,18.136644432318235
147.69030300564722,89.55345416170819,34.790285431827485,18.152863790108
147.82415777454057,88.15791302521752,34.70343362693285,18.37892812447544
148.44926951541774,87.89880855852364,34.43114140624113,18.739462149225197
148.7031727765366,86.07003241328476,34.19885964925644,18.94714433014486
148.75718931603612,85.9577678492953,33.98136997894934,19.128541085923302
148.78657842004148,85.86689716788041,33.81315166031477,19.267156569733586
147.7397946056911,85.81322151622827,33.939971409033554,19.383505327345823
148.13173753810878,85.21447846066891,33.98996084269825,19.434798291758916
147.8967385367664,85.37089398304127,34.055015349394154,19.45957913089292
146.5182349667388,85.07949021254665,34.42003850354847,19.63480683265258
147.15999854035732,85.17893231674843,34.61278262801707,19.58359125413373
147.2967691804619,84.94617792819318,34.669006518620506,19.562612195598547
145.6425130289363,84.97127633490359,35.1284697303326,19.78462049654235
146.1144948107551,84.45305297750586,35.23432766270483,19.777660605617285
144.16416148073353,84.5676346541679,35.88254004189466,19.77388267976819
144.61880282210606,84.62811054916546,36.293757375362084,19.769270841526676
144.32865475056147,83.84298142451905,36.641819234169525,19.675331288275864
144.51854688575133,83.92818638318045,36.99042839926801,19.717524373739714
144.4708907376719,83.30738271059454,37.26028348011772,19.65719699982583
144.31247050236735,83.51940900275628,37.63472876281247,19.561754388694553
143.9524815188058,83.7257558478323,38.09873270540133,19.500427903923917
141.98186641456263,83.74880261704098,38.610129501717246,19.63118937828102
142.95636654178378,83.30280275991352,39.01460910948808,19.672381842989893
142.35364982791813,83.12323403325762,39.28899825669038,19.535579773320052
141.66820389259655,83.76779358736934,39.533645224722775,19.5751480945247
141.3870026777502,83.4561500599047,39.752793475653036,19.49297472026239
140.23231521041674,84.0792710044756,40.136522939700725,19.34885537636292
137.75821892437372,84.28832826509495,40.6891128086923,19.44792469539904
136.7281246873956,84.17025874363615,40.950741497759346,19.42427370521458
134.52133711854097,84.27202447599686,41.311459713318904,19.699502363746028
133.37256586500305,84.43662032111428,41.34988461709275,19.789231816327757
132.52142340507658,84.75679071420296,41.429251765606296,19.618144391375484
131.8735766455381,84.38526764672916,41.211403943855316,19.411790757016917
127.53527661983428,84.45018484468615,41.19636409505543,19.283148187290937
126.80624778269528,86.1458828264179,40.87889965648705,19.287220697261876
125.64980639171489,85.03044204336933,40.416790449312074,19.27527222528834
119.84867594424864,85.10441349187921,40.402672560064886,19.20610638818128
114.68933190407563,85.47252005064574,40.61398263442949,19.268461280978407
113.12386061394841,85.18561504916597,40.718229247963336,19.404030815435902
111.07726023662602,85.2121009618843,40.66662933961375,19.43148545944448
108.7846749585963,85.28682868989986,40.78474076023615,19.34414004375019
106.37115416367999,85.45899908251562,40.847343244081216,19.323765612650384
104.338835563638,85.6146335699875,40.985367113324145,19.35791479289994
102.61629311166797,85.5104469739109,41.02629795499308,19.407524948921292
102.0740530573157,85.16915349810783,41.03146025554639,19.325789321620412
101.53953470476452,84.82259654173136,41.02273590660973,19.255683102976114
101.55601005257422,84.95014229055646,40.92036504467668,19.310480087419744
101.06590541247327,84.20725522651011,40.570419786723996,19.25291687038913
94.31237106673814,84.51451951885139,41.10506873942471,19.434113988946038
93.38014794622205,84.42769623913924,41.23489476694829,19.67225871213004
93.95971706517713,84.25740247215455,41.45749566859502,19.771757021284046
92.41584453290434,84.4277188664042,41.59035811137544,19.96617975093504
92.43645879221538,84.51209093055746,41.817905592299425,20.02343779426417
91.34911690716886,84.52908743703925,41.955477126369516,20.1859951803656
92.0445232317459,84.74909470141776,41.89910077463213,20.35185471319305
91.09594909052049,84.9938114693629,41.88018455627423,20.491031490241472
91.52879020893265,85.44615072632308,41.81410822545959,20.623056205271613
92.09368888397583,85.67223625077067,41.78276165528807,20.71886564372308
92.67820881173571,85.4069002593739,41.72312874785791,20.74741003872136
94.87928431263727,87.59375921324248,41.447082100913214,20.55348215097323
93.22029202854124,86.81303650901658,41.18867640268681,20.34998789363064
91.93904450876107,87.01314182731912,40.97735175726483,20.480242144644585
92.8235374168354,87.01974934043317,41.06496014601882,20.501349700601768
93.18202411235511,87.43263328038138,40.92615335902147,20.554751344421305
94.0196450883781,89.78151078602498,40.869009308319804,20.43053559018366
94.53817866941037,89.10515918025199,40.77150339408086,20.367368612062904
96.6727457250392,91.35165302132306,40.57727849302828,20.1792481975294
95.54643798311562,90.4959076382663,40.66068163556686,19.80590271905979
97.53978467121453,92.58488256728158,40.32886091523757,19.718320178228936
94.0939935217752,91.83940941141674,40.36316677444946,19.513487047171452
93.72441853903263,91.66423073234095,40.160064759629904,19.43420256248093
95.48774236037465,93.72686367062353,39.873848425692174,19.31321343838769
93.03612162876597,92.4952785524685,39.84344273314784,19.180959261016696
91.70888704818677,91.84099768068673,39.57971688507466,19.229881622217906
88.28520973693,91.37439863357942,39.29257815660554,19.185707725751833
88.73423647514053,91.51730261800289,39.16369418959533,19.167695498462972
86.96454327188866,91.12423935152147,39.23403257287519,19.326994493412343
85.0317233662409,90.90199693193637,39.182792014984315,19.52333779050548
82.9805687831354,90.6206269204578,39.35211492173488,19.625172261552223
80.73895548402498,90.57285735903405,39.09744030917078,19.830456290825204
79.81291393501581,90.5050556571841,38.99725790616681,19.72855293237815
76.99995648243737,90.10027134799415,38.90752845173505,19.6703970129086
74.79064429464711,90.33290034161192,38.88956835465932,19.83647577427307
71.89469960888603,89.83751422044644,38.77197000187729,19.843287626513103
67.01411950420064,90.02818068885412,38.72420458258597,19.883426821903686
67.06099006888749,90.1606718201618,38.657846871966,19.94710129232438
63.94170362058968,89.72603467425995,38.61942220233849,19.863185495855987
61.06875413202425,89.92803980427952,38.71477033718417,19.89254341203869
57.67425648826298,90.05636963112025,38.908183616344914,19.864767218521308
54.3054542610439,90.16942641270964,39.03621375285094,19.874976982168615
51.113295779375605,89.97100683043321,39.18480769754129,19.84976269041502
47.871808786541976,89.66283369105142,39.25719961762628,19.78770130011122
44.4221880823105,89.31261567493593,39.31335144555333,19.78032168521696
41.904440099495154,89.61949875120419,39.33132269194574,20.05217886851875
37.08334511008178,89.77805302731747,39.37507059313578,20.12927043268816
36.74038293455601,89.79648392632417,39.35846324882141,20.208815075409607
33.60843171787372,89.72441848412542,39.42552158123384,20.268610669911567
31.307461212195065,89.9993588633255,39.556983581055505,20.343624828522678
29.161602789685972,89.9474416751135,39.69893970295968,20.45028051699982
26.95672775730828,90.06282156657684,39.760308725234594,20.600046561480962
25.02451093915389,89.96280342937291,39.95426449441691,20.55246095690722
22.340262311713353,89.93319073211154,39.933815692932015,20.50089074922755
20.636792296505877,89.83943164533741,40.07817675911357,20.647758722677054
18.828073456132273,89.7816139955768,40.20496712388177,20.750996987173213
15.569353796476452,90.04844933908493,40.24814372880743,20.798714535249147
15.549551884911924,90.20322774732178,40.244487983424044,20.80736855900064
13.567812601828486,90.10878224838,40.28715346594224,20.889355333322932
11.75736392570187,89.63335644871705,40.408468765964635,20.922914874180933
11.803539420510916,89.47039765324708,40.383442675483565,21.053008899995422
9.832755290495147,89.85331222080686,40.504657665938076,21.249844667086112
7.648283921368922,89.69737816747573,40.67314330809067,21.11058041662783
7.936105385120236,89.34341865595177,40.711666938376894,21.02183120818849
5.949578676122798,89.60466298442411,40.69033201446808,21.167865684044877
6.133648256923664,89.64065898335785,40.66842833675116,21.021821523708944
5.541326554674075,89.14235657018467,40.590671829369846,20.894556811748128
5.815889791467825,89.10797915476967,40.458415085539656,20.94803972559263
3.6569892794431738,89.03309364390587,40.48307140667758,21.021994235212368
4.674019408460364,88.7615847492086,40.36015147132844,21.07617162343429
4.980976941754651,88.4966719842267,40.2728439181676,21.03621424066692
4.525762798960088,88.33208154106325,40.32193674738542,20.97285491054789
4.732386299418728,88.63483199100415,40.13540334424265,21.124159370983293
4.535331160998997,88.32255209187534,40.00896664833049,21.132658614259686
4.456334966814211,88.04487451898252,39.95645596515351,21.155009058907773
4.969814161352957,87.90360415206146,39.87986753018521,21.120203458292504
4.737036088110479,88.25468011977583,40.164376535118194,21.03751681436387
4.368255141455883,87.87336542970763,40.37359045937221,20.860336574119856
3.3503999449772763,88.1005423131283,40.38491587689607,21.057856813073045
4.660757465935088,88.20812259240839,40.359762100925884,21.12958339359483
5.798519979703613,88.33621275590491,40.41196248385026,21.234109217133536
4.013698391626093,88.3101885137092,40.49091256765911,21.404585298511247
5.356465426685567,88.23955905747837,40.62593108504932,21.342880501141675
6.466410767878578,88.4597215724929,40.46724125982577,21.430236523797422
6.788893014251293,88.92734609934188,40.5494551618748,21.37009696383191
8.01631359365917,88.87822745639214,40.55080888068356,21.375946737405144
11.404175864620505,89.15433568300926,40.935210071182766,21.185374254183554
10.848972335921474,89.50465078573707,41.23790230867269,21.07001582445046
12.133013807048954,90.37735521629747,41.16447926708301,21.18064505689654
15.339297917868308,91.53959009817906,41.20693910254269,21.130756248638733
16.877853714082434,92.17070979065895,41.34510828136993,21.110121787880924
20.330268563597755,93.47133101898851,41.32532077289105,21.041070369353516
23.10118720921057,94.97222653473513,41.2740797760685,20.977131005264454
25.509851839864773,96.60569260890391,41.170772197499346,20.979651667214377
29.247334175934405,98.16654548500452,41.087561675750706,20.918399806767308
32.697450087880824,101.3799484073004,41.191252791158405,20.51444972084251
39.5106944341145,106.41932304080974,41.18273170428188,20.270676650112897
39.27558658046321,106.75456563234681,41.22219948534924,19.962248676053648
42.823752279153,108.55900966863862,41.04548764821138,19.96001787008687
46.333996451032284,111.98643860370332,41.34941927973357,19.477284195056342
48.801443817711316,115.33931089564122,41.42385815691018,19.222071570714228
52.088398247129305,117.33755123765123,41.448364195992895,19.122380437475464
55.079858385035685,120.76639760563775,41.635949920698934,18.799813433924292
57.54395128555029,122.40818583818456,41.604289025828166,18.799873061970324
60.60511942205143,124.2623308703084,41.56839188551632,18.887583955211653
63.002444117016516,126.3139273974637,41.522857008983365,18.901832078269223
67.02961540303794,130.821116832725,41.4850740377706,18.78228581883058
67.3237529950018,131.40299856979857,41.4484451460525,18.647476373766693
68.2192994182477,132.71160281405113,41.31947550283828,18.62439577870945
72.04759012267394,133.82331466654236,41.40660556554344,18.513042872600913
72.80642325619348,135.08390518739418,41.53519359957552,18.395599852747893
74.11027963078729,136.26613970187074,41.70900240914948,18.284787449542428
77.62567110329684,137.91637799162118,41.60683503419876,18.329036002030108
78.16851340284671,138.85121179967697,41.60398992408217,18.20727387870106
81.08671781042294,140.59221717110043,41.424565914990495,18.290727870885313
81.82544895168469,141.54571953131287,41.44608498908777,18.175360571114684
84.61141160056751,142.50975943624593,41.38048827408581,18.222238465792664
84.9318515036156,142.6255489340483,41.46999770539348,18.09138164900468
85.40123988229527,143.29858669033433,41.37987837725246,18.003208520236946
87.99931293391245,144.30590082906443,41.29408908172685,18.01993037858002
88.35727642491737,144.89263680508117,41.23947527587208,17.97504495723195
89.56750790657794,144.83084229547023,41.388763813634306,17.804544659132013
90.41620223562667,145.6951319791304,41.48532762059423,17.672773129298005
93.77278082042828,146.24413777423723,41.40079345971905,17.679241924864666
93.94089086753061,144.82970577744405,41.50359015471231,17.72194544939581
97.22364586314629,146.6125642122078,41.17048630285474,18.033508338321706
97.78927508382118,147.57936727290672,41.387720483880436,17.873994056714174
98.30550594925484,148.0370485641114,41.54584281654308,17.688131946850504
98.41756620694119,148.92757379057494,41.71898532144741,17.544593104908188
99.44758377616597,148.9182140579522,42.01170501431192,17.30820862442152
100.65753568647858,147.41449146733044,42.0711896691048,17.460558895997124
101.08606717901185,147.948242410924,42.237570025293465,17.304324825830406
102.05349497952179,145.98489988325906,42.06797559752188,17.480741660258794
103.02893119006178,145.4897783571618,42.20779140504904,17.33833624443573
103.48540310023371,143.68593725366122,42.23618666027054,17.473944419607037
104.1758140725079,143.29572190621485,42.22895351615243,17.500296368657835
105.11400982976616,139.99874447084002,42.42336206763019,17.481341445553692
105.62390626965102,140.19002289814995,42.39279409859656,17.562856490586313
106.46935362760979,139.47204954089642,42.45613929948048,17.592031068405156
107.43511374138836,138.06323294288228,42.178185432396944,17.709569087736647
108.22513527054168,137.40688132291578,42.10714672856724,17.766321876772473
108.9072300193531,136.08769900253563,41.972515937227996,17.902547902878208
110.08342167739625,134.67542009909099,41.9584509690726,18.065999838566952
111.28439701627772,134.335992087916,41.821856355152434,18.240568320004286
112.12082518974526,132.89374950582788,41.90598722230578,18.365704138019623
113.50758148879078,132.34967830422843,42.022550546227066,18.52544513063885
114.94371554490928,130.9028218897507,42.0143049273525,18.7492553964992
116.80131586864958,130.56084942197714,41.89295370041939,18.956605883956733
117.87902265106649,129.86414860990044,41.78748549004722,19.094955895256156
119.16856936782685,129.4005323192384,41.61474195391116,19.189768067854445
117.52261292993472,129.93798073613132,41.98610400648375,19.382312864432073
118.38675948138669,128.59367962054057,42.13767368891916,19.31328999261678
117.37163198538025,128.70257886844573,42.16562746480656,19.665502218489955
119.26328414629869,127.72311401121596,42.377977725946984,19.751085961842037
123.26744880901585,124.44057729702406,40.23187870141597,21.68276133419554
121.57777548667332,123.16470297912956,40.06489274836848,22.017303968702798
121.19880042676267,121.44171732255647,38.38471797309396,23.974227992954326
123.99999586741252,120.15302184749848,36.841494000058425,25.438791045998457
123.23253892660813,118.59336690399572,35.81219937412935,26.86047076599656
122.39548035463658,117.31648843367932,35.07240469861446,27.974758965212413
124.84508477548727,116.21635318613394,34.5266289890847,28.695479456297733
123.96518474168477,115.03531160381773,34.14021528677699,29.287693412594287
123.10788372964704,112.41977267948765,34.09222773699227,29.65838679699052
126.28702889052359,115.04343249115696,33.86448875343498,30.344587967566692
125.6040481744864,112.75599946211145,33.93901458618227,30.626788067253187
128.37314501705103,110.57423668073488,34.10825650896318,30.94630966653584
131.29487947258423,112.70089028090449,34.38131086373542,31.226547960276235
131.36097589333855,114.99577927919066,34.42250388076252,31.746163560353075
131.50036986975022,111.65146010381514,34.514559368233435,31.813326691377537
136.3490329678525,113.32623548224916,34.74869259890874,32.172103227905495
138.56865832762318,113.29196769814916,34.8864100724216,32.2862273080791
142.69089781701558,110.81124448502891,35.12030557483797,32.40919850696366
147.6559012684803,112.41714221474453,35.28760015506285,32.885762546510094
151.78909618635015,110.79069011814225,35.32530749492125,33.035685887587555
156.61147837508886,111.67256321042535,35.221442394177245,33.26434475997478
157.90666791648403,108.56098341451967,35.447718470383506,33.37172113721706
163.42444205152975,104.92419749613993,35.58078363412994,33.35782454059641
164.0190049259635,105.81958053145746,35.64874070520115,33.51976599902936
168.01113590768622,103.72501596996591,35.80966325866239,33.499064361056654
171.03687408717317,102.09366605394138,36.028505407836676,33.26707639746667
171.00317208221233,98.54181978376747,36.35878265012305,33.14640274976517
174.70368717897756,100.52638093206485,36.382669677661895,33.20088484617576
178.85651230900484,101.44083612575561,36.25294181140615,33.27383064279999
178.11771324019492,98.15976005408302,36.39220991858477,33.25830887409684
178.27621148184093,98.99583072413606,36.54716956913517,33.26582976162136
179.11267318657266,99.10814326851921,36.47730521309275,33.30455614308707
180.13601164778356,98.22787062456361,36.45734619190081,33.29484622298285
180.43671255908043,97.96484101917204,36.46146187590649,33.294395910374256
180.7692757742752,97.15537462426032,36.44102548229063,33.256239943636416
180.82211418258922,96.32184160849,36.37975912163455,33.188130961634876
179.9400818304517,96.39605882698355,36.32126435001083,33.09937621167095
179.64390139405194,95.69283024575768,36.28667996562346,32.93705009088905
178.90039270156495,95.6412964410163,36.194940898990666,32.85684954074388
178.50656265820157,95.37489116725213,36.139702616881976,32.75795677110684
177.59265185870817,95.42247355457745,36.25498215883149,32.66123922398081
176.83197921207767,95.63021770740332,36.284489354520105,32.49143019253046
172.31691845131178,94.74899158672962,36.39169732472136,32.404421474443346
171.6491930702918,94.02688727228713,36.48092809412367,32.43125620768318
170.6206694055582,94.03773539977483,36.59364413525316,32.38851929517259
169.9495611481012,94.0637565303177,36.69187428198784,32.393892918075
168.9585135711304,94.20688919833333,36.86769168400686,32.41792489239606
168.1450946886558,94.27490632236976,37.100994311779516,32.469906328808634
167.32224741166237,94.06828607606757,37.284043573484276,32.492018698606465
166.41566481609988,93.41777963600319,37.52176752334489,32.564224963859445
165.79725433634903,92.76184900348991,37.83041953038155,32.65652119497334
165.32227067913166,92.13642825636181,38.04246679896365,32.83281277582315
166.11284305052567,90.89694256144094,38.070803867699084,32.85460438089012
166.27357757149423,90.21938279790552,38.16335315872018,32.93236084605604
169.98400906164554,90.03975519788811,38.197918301891676,33.00301613773897
169.96814616746292,89.06575040047869,38.238089753634526,33.06803751806501
173.4740247958967,88.83724715116523,38.367149185304584,33.154004238697794
174.27611290298915,87.83859277618157,38.19610919586638,33.19505218830347
177.77778513431147,88.06579331856736,38.08509204187651,33.153056505000166
181.28813466412683,88.23488554956074,37.98387044501436,33.057470517039135
184.95478147596214,87.64209869681112,37.70559715368017,33.02215858811607
185.63921009258294,86.08791031483419,37.32908692246798,33.08105515225609
190.9201849520744,84.57211601423197,37.162143383294605,33.15983942644944
190.82391597653375,84.15793083977515,37.30674517053323,33.2614717396842
194.94222418757377,84.39621534834494,37.3992350793248,33.34864965171331
196.21019259634673,83.22841866669336,37.22666915716462,33.375051788057235
200.7792617040584,83.12377703445577,37.34837476803521,33.48967265443253
201.8475171024163,82.48857022133994,37.30556032713912,33.66213486846325
203.38718942777564,81.68389156563175,37.22096975242445,33.82582813168475
205.441767879749,81.02826871400623,37.15377118053952,33.85540767530596
207.4583101374538,80.8679732683299,37.04189170892268,33.973813308389296
209.4082691981149,80.38404347791351,36.93411335620087,34.00526997231384
215.17059629323725,80.38673674541579,36.98287969055339,34.100968258235454
215.9391457513499,83.52652208653657,37.10759534475501,34.16500404800929
217.64042832189338,81.94169745463286,37.08092451175825,34.181379967776785
219.07387920750068,80.81402881630609,37.0109461395152,34.17896935586528
220.7300942214134,80.03222845946604,36.99398873360754,34.13150682758675
223.07294578739013,79.17543034918543,36.896960623779314,34.12112631684761
225.14950325294714,78.80714607705326,36.808227768928695,34.1046170560697
228.28477463652763,78.43386418310016,36.67344626275403,34.02049707618032
231.3015034558851,78.05148338858679,36.250284396591596,33.79603411209885
235.26005953897962,78.80714054625162,36.24036732165014,33.72996887742717
237.99614722354576,78.3894789758945,35.7005793045076,33.64292510100805
238.36815812978998,78.13612906476138,35.55391428828383,33.49202052693107
240.0001940497105,76.7740700195539,35.212972007006,33.24779440576766
241.2115747375454,76.32084692789826,35.09324755951312,32.98487744801906
242.63051325539263,74.89301492146717,35.002726223357804,32.620656350026124
243.64450258721394,73.77068782576819,35.09105720250691,32.3258327162593
245.38238233236325,73.37896471778954,35.17076794040352,32.403282120826674
246.38981713284292,73.04680407475698,35.21935964315507,32.39860731123447
247.18423684049998,72.38380887433183,35.1638643774305,32.46946253351875
247.48766125691824,72.69595035107645,34.92719248575037,32.78565385180383
247.58380063506561,72.42128249525082,34.79235926302927,32.793247298230625
247.56488000296437,72.83136727108908,34.70682288370614,32.8990389429767
247.18528553078693,72.84120006304946,34.680473393078714,32.903136030332846
246.28935534111076,72.84169889195982,34.51233838344637,32.97850942388322
245.30714095802136,73.00126806634947,34.357859936414144,33.028289195965
244.4478222896824,72.90181555576812,34.23397489035585,33.089066830557705
242.75090574979902,73.18993629882314,34.107476348952574,33.18750176275209
241.55134411605013,73.25537100729073,34.01517744008922,33.238241737983046
240.16851576932334,73.39064597063145,33.911427194989976,33.34887594220867
239.106994601563,73.5948992268386,33.802438423561775,33.50763958951575
235.6851242003246,74.33858401225393,33.823786762354516,33.648855118859046
235.6933265801785,74.55746077424416,33.795328405859536,33.72612369389668
235.14248880663814,74.53028656866978,33.699155871351564,33.849396651287215
234.32812155588817,74.59606910776638,33.66636905727681,34.00276621302473
231.08136746784857,75.51864841852974,33.73696129783971,34.07472971712364
230.86920793071235,75.66458675997995,33.681216784685,34.17393186398853
228.09726560688074,76.72005831454284,33.68816944077103,34.26473116552254
227.65376435754095,76.78865678239495,33.67030327709328,34.37605283087821
224.89161189673774,77.65402581326484,33.62232731491068,34.38603182255186
223.01674044320205,75.33958675044306,33.648506312451374,34.534410203780126
219.9752007656342,77.42883359343526,33.77036301896647,34.527108210148015
219.81423555790624,78.11438668596509,33.68173249868669,34.583437065562286
216.92631975063193,79.57262976706699,33.613662479019,34.545391760292105
216.6429866182276,79.95054447777083,33.45596631087099,34.65461819797329
215.65978553078952,80.5603718094929,33.29158874255255,34.76124901598208
212.96073933609424,78.88241703692314,33.51223333607519,34.61739125765481
210.14838837124398,80.32881035929891,33.470978291746206,34.56268072755781
208.36195915553492,78.5027993637236,33.44482601721643,34.532374017689165
207.748380907929,79.51672823777346,33.37974868769834,34.584053661252014
206.1240359087612,78.05597413978478,33.44003841747927,34.656562118536165
204.5860343023899,79.31820650749559,33.265228146030005,34.70162214812919
203.98591109425473,80.3110920323777,33.127513246191604,34.73776534206307
203.6573363785145,80.9969055806129,32.96711327018994,34.86032357407626
202.52909762696154,78.64755598646491,32.898368042659214,34.85482678611492
202.70706799190057,79.65378375669567,32.831180971314275,34.9015879834006
201.74283674190193,80.34462645696398,32.68134728677177,34.984677787522486
201.1525849774261,81.12489407559399,32.562744456241596,35.027904819282554
202.94173063955455,81.15992841350842,32.39437382442856,35.04652708746964
201.20606322071438,78.19261564062927,32.29503328903151,35.03489361146893
202.8340338158938,79.13785205353402,32.25116351743483,35.06666700338709
201.55562498560317,79.43432525189293,32.15253655597634,35.12078117977032
203.02840044183677,80.05068555836452,32.075758150222995,35.12694465820439
201.5540215572298,77.29733752389544,32.01564007257416,35.09134956274437
203.02041550334084,78.62319751350182,31.941304023613775,35.11373999612927
202.092522283571,79.43107907566403,31.85004394482767,35.13427374012912
203.73418249283313,79.82478706596505,31.685423553769247,35.11488101201426
202.5195468535454,77.11267620901357,31.628470181008005,34.95619409554613
204.19669847630283,78.4211228164703,31.578089111854236,34.93529892941501
205.79478241933427,79.38897050466812,31.497613841300414,34.901437683306554
204.1489202418001,77.14546151719269,31.445748652072417,34.70236328154843
206.01821536889776,78.53556556681671,31.309021782124,34.51033047908382
205.43467203749682,77.15092770944909,31.38029374003083,34.26113805226326
206.88264077191107,78.33287659996583,31.206627713615664,34.237117161412314
208.29776920383043,79.02774092872144,31.057690324950887,34.101022122255856
207.28432879552273,76.86784355500815,31.132260817851115,33.70193716997542
209.02957654978866,78.01261554341497,31.010985327706095,33.510041813767245
209.82995162092934,78.85684268190772,30.779871482650655,33.49601504608962
