340.5,358.5,18,55
338.1467884567657,358.93496668380124,18.100273651425283,55.405144452221805
337.85148490621384,359.3872547156225,18.3557281562937,55.46961581575674
336.75224722863715,360.7423823539737,18.425678969592187,55.704937445258444
335.4122416382005,360.62115555366887,18.50213542481862,55.86400397646403
333.6433024388496,359.7521910568789,18.705930266391455,55.60998925304097
332.680685983538,359.044985905531,18.782498297215763,55.144502557331386
330.7475945370143,358.5443423889567,18.95712330604683,54.88376745283816
325.7243945559501,358.2877240163588,18.983362593126444,54.53437698980101
321.66058445099804,357.19190036157016,19.00755110137044,54.32707944464203
320.72377071916463,359.5727649037109,18.990664548885803,54.07181198069138
318.7518224523692,360.9735376337968,18.974625178927464,54.08457468702337
316.86356935237256,361.0056378785644,19.058807694228335,54.160071764116616
315.00848298339787,362.0214007628034,19.080925870562755,54.2631638011196
312.50526942207665,363.26096644795206,18.656843425944473,54.58944806116295
311.67104312363927,363.930678759274,18.38631913893098,54.65016849238255
310.6669230057056,364.637598620794,18.00106357668728,55.22491304935655
308.19035604280606,365.54496187451196,17.924918747298474,55.41842414224726
304.09488967919793,367.53568249101653,18.14174850057671,55.841450015103526
303.63117777708277,366.52984166743056,18.376254898248053,55.83849037733281
303.9362676497709,366.92926551470913,18.537778574941235,55.6918991119711
303.6979201246893,369.45592672243083,18.597424276750136,55.667133043421046
303.84748321145497,369.16422177935283,18.65261588752825,55.648216298030945
301.317974891957,370.7409732484345,18.83300522626166,55.45978336909924
301.26650349797853,372.5384967229043,18.995828956324843,55.175069910531285
300.4810196657716,371.41967602357073,19.131898005855348,54.81177251220145
297.1084058461366,373.6335965208469,19.24781932874969,54.65309894089739
297.2214408992564,375.4489383169288,19.06816240944766,54.99751038237924
296.4352509073025,377.31896157506145,18.967638259558676,54.811813050150135
296.506648059627,378.0121557873744,18.642123651374185,54.913583924421
296.1906544258181,378.0891292309231,18.160819893830322,55.33630649189817
296.12388062835487,378.2851361382546,17.647441085711087,55.74961401302779
295.66977270289493,378.7959401541836,17.21433177278967,56.411517238341375
295.33430319610136,378.85498181162575,17.26139278421006,56.734839756224524
296.4096433679785,379.7097256585429,17.166914375270295,56.93911653916641
296.35028595381374,380.05016390498145,17.553447147888054,56.771065356519514
296.1977391386427,378.8298137415202,17.88591099641768,56.54715529754732
298.31037030055484,378.49621804109904,18.208489744675894,56.77031849967055
300.3013096279883,378.642428067129,18.36126084337956,56.8171318162458
298.60577650039534,379.3223034546328,18.671576871591014,56.64805200834032
296.6772748990886,377.74965451531637,18.857919101609276,56.37371363743093
292.85174393687726,377.81134967693123,18.881567753174263,55.99138744546112
292.8582448909474,377.8280430113288,18.80268656714908,55.500591186183215
292.44761030228955,378.06843247811605,18.564832824428404,55.274411913243796
292.28798122110953,378.22056858155133,18.148064163267765,55.23411437296862
291.1837891327053,378.3381073606565,17.926635908740842,54.95916697729536
290.8166033819148,378.4516938102766,17.382223135266884,55.045558080569116
290.7617180478288,378.83882157852753,17.141414362845087,55.01961078543454
290.3894204791524,377.36646093720503,16.939651475123952,54.864588701838045
291.0385373494322,377.33644561061516,16.702804200590677,55.11228335719794
291.5732799529515,377.3994803901979,16.758959028227636,55.12006356786323
290.9485936202483,376.8659784655902,17.143469609245322,54.99305978196194
290.97042360032975,376.8162710262457,17.659462335201564,54.565185448900884
290.7974787658818,376.87606141201763,17.979960624726125,54.15594183937495
290.3250984158219,377.6800664246518,18.194417560502636,53.910111093434054
289.85715809429394,377.81610930539523,18.303141838640784,53.77002486929588
288.4669142419121,379.76477081857365,18.496864254097886,53.64104886785657
287.4103843585731,381.0259013396047,18.736998262414133,53.68506556818041
286.4862757557607,380.92093587670075,18.769416470159893,53.549336075716255
282.8660829352674,382.7202106549056,18.776745089051733,53.7037853481945
282.2294907710526,383.51140026114723,18.765731014122807,53.82749587074242
280.91200141081833,386.37113322023873,18.764552221926635,53.98617040208331
279.76983678434704,386.1958720355703,18.535754863159614,54.22171687941279
278.72356687529856,386.6296600339361,18.050289605801833,54.5406504919036
277.7306798118932,388.280069324258,17.663866104591342,54.948849426442244
276.20884072159697,387.81536935564344,17.243819195156853,55.19910057045092
275.7201911052999,387.6573010770345,17.123522378442274,55.16096497071497
273.847966056515,386.5925703573618,17.00266156864819,55.322703874926965
273.1475147086016,384.5615370909036,17.02196269243825,55.50321675794115
272.75206493447575,383.2040614028344,17.233924352544427,55.40355455337581
271.7387437409705,381.2550196123285,17.413970140929784,55.214120396045196
271.52931253382303,379.9729816622872,17.60483012621622,54.85024448338369
272.0396349189276,379.2498917167768,17.65536426912351,54.491395220580685
271.8100645206787,376.1814529757473,17.751893473805506,54.231632401889016
270.40783832478746,374.0997939909049,17.9075779174373,54.295895081351546
266.8757719781683,373.0242463166964,17.924112725543754,54.40880817116261
266.37395282224406,372.3081092687223,17.92194685629326,54.59658282214925
265.7837408467315,370.6000299182147,17.793616601614687,54.891118960755996
264.280821461129,370.8706763611002,17.65337058735832,54.98932675257055
264.6464695304142,369.969580128883,17.287923317873137,55.38970725964566
265.29699237534265,369.1209290241005,16.959669418978436,55.680214921176
265.3512197979502,371.36370358544417,16.7601692984328,55.773710140529694
265.4842022431978,372.13266408174843,16.56161138267055,56.10755488068635
265.44103736259126,373.1986523202086,16.447177799118847,56.27452406912552
264.14445119125173,373.45894064974345,16.521115722928904,56.31268021769213
262.8099008451799,372.6575845185617,16.814824454928548,56.057494006316055
261.1716019443738,370.1089100237364,17.099088129114655,55.55565800603733
260.0494858744399,368.8173922346691,17.259387153976952,55.09287287112877
258.8434483017872,367.06816176383194,17.41478371804456,54.70420903596293
257.7925749409593,366.50753846103214,17.549793169345126,54.39121065121367
256.2463130682515,368.30172249125593,17.686211205684746,54.033513519721204
251.95217928012192,369.8084367875378,17.804062712913144,53.96601135499862
251.8764000426609,368.33983057649596,17.902894654571284,53.88167312171736
251.55309632284136,367.2475308523999,17.916577954710696,53.81225545527009
250.30817136117852,367.9199683584949,17.954789417877087,54.00624672458962
248.54606835905355,366.89121596167644,18.02252087950923,53.89116388509355
247.97440231913308,367.48071442060433,17.8905157401119,53.84514314159232
248.0756850336914,367.3584867046576,17.647438326617163,53.89060799006603
248.28894752192207,366.0989229065791,17.259722310623353,54.22627344327856
247.85149211166177,365.47521679017495,16.895336456415556,54.368090683449324
247.6795983369169,366.659058966267,16.658425634971742,54.55493599816577
246.78193508910852,366.3342210127393,16.393470853885646,54.916273184422714
246.96982349116058,365.6789530845238,16.252766796654438,55.138374463865524
245.28598777067367,364.13910194684973,16.513373036822586,55.12357882013097
244.49025038749397,361.38132595906535,16.59981526381435,54.90622588465856
244.37410877882903,361.6212624598669,16.62772324391773,54.65940230555789
243.65795956185522,364.43691811006875,16.59966091240817,54.427036336727696
242.19339356003434,362.9667608390361,16.642516670932785,54.24173647411462
240.76256319357765,362.8473750451432,16.72937209645783,54.07744729782612
239.98267716698754,365.50910569927976,16.717070332384957,54.13446818636093
239.13743735394723,364.8023983984386,16.67860637211608,54.16026138530278
238.81549129692976,364.49532036995004,16.608742699732105,54.116503280597684
239.2440550171249,363.5390838681737,16.439362499408354,53.92085870373656
242.3579873443332,363.0236825753933,16.304792465505685,53.85969299133897
246.48331912744516,360.7815798967523,16.1587336203511,53.54337792854655
249.49931033318475,354.4335493074113,15.941577697366789,53.45170412187701
251.93916732787602,350.29801693345325,15.698727416480303,53.625959482586055
251.32305153839425,349.2895777015672,15.515040406805543,53.75594455474892
250.0245143810279,350.37289075954175,15.487071090938278,53.86192385795886
250.02990588298368,351.25512988678037,15.589896372811445,54.25649416076301
249.93798255305268,350.54773032943285,15.893218464413716,54.40223206768684
253.17405545262707,349.54159113279184,16.06161278825079,54.19714018928604
253.70164359108875,350.5532279064708,16.24743370657127,53.73908568661349
256.2063716776156,351.96047524607434,16.537616281686464,53.57483500498034
258.9858972206506,351.33659888604984,16.71081779342532,53.19141971717868
258.84170156723593,351.2860170796772,16.896481940396896,52.948734267004326
259.8743936155355,351.0678841427388,17.20218205705467,52.504205615734584
260.5084339363138,351.68331007827953,17.447354508263842,52.0991163145575
260.6996843016892,351.30951198277836,17.77288656435919,51.855812763910244
260.10527997061604,352.63588834164534,18.057255419567305,51.96582712266856
258.920759604085,353.31782198422496,18.24563352064091,51.977407826019444
259.2857471341047,354.4072419314201,18.107626698955183,52.24428645846936
259.77961996634036,352.75994028193264,18.05291718303204,52.283227316190576
260.4335576498461,354.27817789421914,17.896666972423144,52.451684066028626
261.47620709298633,353.2313453818907,17.718561150832308,52.47031018077335
261.990907277544,352.5725023565666,17.603586452817574,52.42339151988902
261.6355860274848,352.0936651708171,17.186408818773064,52.614950523975466
261.0205501744762,350.99043162463073,16.83377967621086,52.88027744148251
261.0063683054018,350.3592403088742,16.7901512927228,52.825665882779504
262.12044451045637,349.3860442122203,16.521890559516486,52.95557541293263
262.2489103535585,347.9280694143368,16.485528498809117,53.14669128181675
262.0431249464465,347.8739607614462,16.66582028259083,53.25410854209974
260.4405407095301,348.3701178301123,17.047886520629504,53.32345517136916
259.07215753907417,348.4107131757431,17.330289515441518,53.17917598854839
258.3288099808285,348.78031391705423,17.5286453746926,53.17263843538863
258.51889414734967,349.24415347844814,17.63219048969795,53.14502401940318
259.23689550727187,349.24452761605835,17.60837629982176,53.060706739051106
259.4173352637488,349.5290335102676,17.605552974497662,52.93391170459225
258.5400363265493,353.14983261273665,17.48077694085373,52.96882946034747
255.67133632828325,356.37463151980734,17.204726791664392,52.872536986019284
254.43342823367018,357.9125058456573,16.937760149698484,53.07022678799372
252.46939085240453,358.23708164492064,16.635053357054016,52.959385598059214
247.67922708485608,359.1556925791437,16.306382402771007,52.87504680628097
245.9327228934549,359.9348067714933,16.14445757138575,52.79689163515905
243.93137139038313,359.9797414862685,16.008534002059342,52.71840676540391
243.14708875234433,359.4841243538105,15.857786133453109,52.64533179093239
242.86121765076453,359.2007534809993,15.77046773919294,52.73592508021963
242.74528718055396,359.3294821687029,15.730206117682489,53.19968980745453
241.63657381451188,358.532082608943,15.930312216832068,53.7211512528333
240.23567769903008,359.4494155590464,16.201506999446686,53.94321300040807
239.12065288032184,359.00023030029763,16.66987674909152,54.12987383973243
238.3703751401677,360.02902062567364,17.150506396651412,54.095746901443874
237.09588656133403,360.24458487775587,17.5394980120214,54.21836187891542
236.06582940903544,361.1733482649756,17.909218630324006,54.388797550688764
234.71659656263307,359.9908294395429,18.20266742401988,54.80562591581801
233.54444032311523,360.26097512735606,18.468142031504055,55.30721765119175
229.61838383667296,363.0788242286816,18.656397544366616,56.139878918908174
229.03827607627147,361.32749795118616,18.6677557100518,57.109268028998535
228.15495297739258,359.3476221099258,18.76352170933088,58.12530247023202
223.90597483214827,357.91526848568844,18.792477183474265,59.313367896845406
223.7858240101231,356.13929120360615,18.823480440354775,60.46406303870775
222.54838384538576,355.0788863027241,18.79870552309482,61.43176352841445
222.29241412716118,352.6874911988563,18.808870350455077,62.39424242824284
221.40674527651402,349.56851295273674,18.9638709908211,62.96123801731425
220.4145967811774,346.96379180431563,18.928543032992685,64.31952646360104
218.6622768987684,345.87918435429964,18.95489223994942,65.17456933413783
216.50690416481584,346.5519338613502,19.069733452941183,66.37517189016606
214.25134129592593,345.0416565662527,19.184740072984205,67.58666340338807
214.9363304127557,345.13375746990147,19.493398628646545,68.76029510076738
214.09286486101809,343.1241173606235,20.072926215352354,69.48369762423977
212.90443056497313,342.61296163345435,20.732250967033977,69.8168623214521
211.24679134031004,345.84519356506377,21.340387778558,70.46805197309536
210.67838062465916,346.58016713590473,21.873955606878223,71.0161335675279
209.6161570573221,347.1701745219248,22.446958330274512,71.95475278100719
205.85266016975154,348.9364106093616,22.959513953102448,72.80244952092859
204.64859041487674,347.19086647857796,23.38714966532092,73.9229637849983
203.3312184010933,350.2206747515108,23.628184748567076,75.47337693655086
199.44019875749274,352.01681985768175,23.82479055264446,77.02088870327381
198.9877331814903,352.0023466224767,23.616178194212278,78.75593587596978
196.98199064527188,350.71095419501546,23.78023089169492,79.90815024768447
194.6062022324499,349.9588859558553,23.716278847710008,81.49838047213046
192.47016889064727,351.4297961177836,23.85388794311944,82.8338481083264
189.2291080110222,353.01370052750144,24.188758096382053,84.21480542506009
187.8540040472998,351.8625230926856,24.835989940071318,86.04496946756063
185.53978825525604,353.30813873848035,25.890423311344534,87.53414598618222
183.17722931954404,351.905050143886,26.644110404265117,88.84320291417858
180.82877725123575,356.2225279936096,27.37692419359164,89.62052729743402
178.81475780185244,354.86450577524215,27.835345344097803,90.14680198929588
177.13614476397987,355.3666857945855,28.023252982266644,90.35330756740761
174.88028920049467,354.51521011087533,28.089348817641543,90.44335748562446
170.32021158934043,357.7269001684106,28.126507671541823,90.57843331461511
169.5102874784792,361.6384713332213,28.127337219367508,90.58841943729485
162.0304193475108,374.9398035458031,27.986304438335605,91.14615921745343
160.92687613152043,369.82324941154474,27.893004203064745,92.61220148407817
160.2855001898519,371.19014524104784,27.955554951720085,94.16268297265495
160.2936527830258,374.23945957684714,28.03950805613994,95.4011014011235
160.43152697361555,378.27895329097345,28.134921880894975,96.45401285287578
160.3418066884167,374.597597068058,28.25888495878138,97.11030249292054
159.444664345596,369.2342790241579,28.57162288481736,98.55281611367968
157.88055228154528,370.3823151321644,29.43827798978651,101.35014008449528
154.61897441141795,373.65464690074026,30.773500761901516,104.68721139536602
150.95229486496808,374.1113013961845,31.9734150687295,106.43763922469849
149.6926847910248,366.6383598006855,32.95569178094711,108.40354957634096
147.39266747416093,366.5113104242438,33.82720792865186,110.07848322817318
140.01927932190557,366.20714039897797,34.3255806839683,111.84095206860648
138.8444446310739,360.0314651690386,34.47047354013416,112.23147565470589
131.64031388148942,357.80773468545567,34.67832610375626,112.6394845459135
131.00755158446404,359.7768854534068,34.76528948717471,112.73443715658718
125.89417201786105,354.1312083483742,35.75938832680156,113.99589844520472
128.6555249951593,347.32260399503826,36.941068606488514,115.61372894753087
132.65879441425477,347.97033210605747,38.04618595726242,117.00075329914662
137.92016756840493,348.9596113957575,38.467006924963066,118.84515891118328
149.54879658598145,349.0451877156888,38.35251965702194,121.12741546626694
159.50949903009723,346.53784029825727,38.51789913158336,124.04154868232516
169.8706366446769,338.8672530272792,38.83546460066623,127.74547041666402
180.49904887346548,333.7112577849302,39.557993094138865,130.54837190828962
189.47115680913024,332.7381266834184,40.66617971914722,134.8465694979709
196.89591471085365,338.40324181789094,41.151909048146706,138.4347419008398
204.71804416008356,340.8316294913261,42.48325897537046,141.6696528027487
205.88857996630776,339.3340245213635,43.74721050859771,144.1706411149616
213.28762783097062,343.9557386964531,45.133683184423404,145.66240410999728
215.06320994874955,343.44038145699494,45.86425723011553,146.82263451992395
217.19194225184012,345.81772263105586,46.466964895662876,147.5358638920779
217.2647092889623,351.5727132622121,47.02119763612723,148.1256646198167
218.54333167718656,356.6700662292465,47.309654792585846,148.36082356917075
218.31753361512483,364.5705603208642,47.90485303460537,149.27329630817653
218.893546641096,362.4435125335938,49.25871663682257,152.03508719998575
220.09955606938001,367.2584028376267,50.72950098192997,154.91222836010843
224.12713697201946,369.3807895905994,51.6442297711335,159.43109048953892
229.0624002457027,370.92133259753655,52.27686942249747,163.69591264064272
238.46111106159006,375.53395049781005,52.76487297687999,166.4414886839678
240.52000631541875,375.73164871370324,53.34400047993428,168.72740767423954
240.51972674093014,367.29826073482,54.16513200516275,171.6043707810539
239.7415329659569,361.48998692696983,54.715033496874014,175.55457470778939
233.41892212537607,347.1199162276953,55.83113759380716,179.84902022926326
229.0311245446047,334.9779936082125,57.097708135293765,184.263230839933
224.60112190415526,327.2878419853515,59.12189369497074,187.4980815862653
222.33667862325635,308.36833191375115,60.84143668033727,189.11994245822578
225.1842521044458,297.7295935230593,62.398284327791146,190.69699313792486
223.85175265625648,288.96296528950575,63.766916770998975,191.0484258745633
226.22391786695255,289.6863980407019,64.52216148769887,190.13406451350167
226.52254538958636,286.39058853985875,65.07899398591883,189.97330695879148
229.44109782755032,279.3976669776064,64.76837359943178,191.0194737985062
234.60685574602434,286.14177902897546,63.844721379427156,192.42808883761367
245.60263221734826,293.37812781198255,63.2361545055049,194.44666515160438
245.16956680139862,292.92589006699313,62.08409447665587,196.21070232333062
255.46958602481106,291.49369842531075,60.85432961991889,196.62570067894583
265.8984513942722,291.592407007147,59.85485617469781,196.9931309249985
265.94617233438294,295.25672832505245,59.303730288262145,198.3785919879181
268.45645486873883,296.35921254094626,59.25972724271321,199.45065068625735
270.41178491407265,299.22805827154457,59.38799756815274,199.87980979192483
270.88625474501913,294.8530442142382,60.83222730933593,199.29141703861762
270.9760270945936,299.2533726267169,61.87110299650148,197.82618988208668
270.025590639095,300.9589760365427,62.949285659009234,196.34788551776495
265.99281244201546,295.8456547251733,63.79816581796935,195.26469461389257
262.7206529147166,292.61329107039944,64.27352945111932,194.49752743033713
251.0320271235975,290.2937229954717,64.59167611392395,194.1052428724901
249.10688506104083,287.127992825865,65.06083025894998,193.53266907397762
245.72277522860446,282.9404707772071,65.90079484264598,192.8175566161176
234.44920968429193,287.9874793356041,66.35737264757964,193.53160968212381
237.1771773786496,284.4974379462984,66.09543607249344,194.10943311091222
240.67898222854626,281.58213919380336,65.65447991426501,194.21260742483184
256.14388452491124,289.15516592774327,64.8784228801288,195.56165207096564
265.6627968807572,288.00530654706125,63.93152529246037,196.24185469806764
267.58941300694727,281.09508159680246,62.532613947672985,195.20948515583618
269.95193844606814,276.87703965800233,60.749597552387215,197.06735724907364
279.5391236351836,270.90796594162725,59.767257127159205,197.2670889637452
288.8790637201389,263.70336291107355,59.838588123630466,197.5935971565054
287.2331342008852,249.40455097291425,60.37795997952058,198.60017565318537
287.5714805420638,246.46744773581776,61.10300880183268,197.1653377662639
286.4765278421392,255.4516839384763,61.77513377851743,196.1087897231294
289.31862627367894,255.8915746154343,62.2548229856894,193.95055251575113
294.1771984706762,258.03116055893145,62.839855067219766,192.2459949151796
296.17365923727294,267.7600211711033,63.10061042535326,192.1894806610508
297.1770882887261,267.2373616302626,63.1606964447614,191.32827937606342
296.3969640060389,266.0207482476661,63.167677411983576,191.33265978200345
297.803593943999,263.77843459187204,62.43079826573875,191.4089733423709
298.5962907728174,266.7773245090356,61.517558140606965,193.34907688511893
294.7993197509283,268.67145409953025,60.61954538091837,194.82297466747815
288.18985601440363,273.9153581884967,59.59442759639935,194.71499780363212
284.0064232887712,273.3931465328915,58.70359212755922,194.6862142132922
278.04374032285585,275.08900695815515,58.420572591860605,195.34364764438112
275.8553294654461,271.5792425657158,59.06857779743322,196.00032576321368
270.9840626673607,267.5059888940517,60.677098217639724,196.26141564514654
267.5886032966069,266.39398556997895,62.40044674964416,196.11973563824753
255.78330572055197,262.1881420083749,63.1470778209435,194.94046702720277
256.0569997739899,265.3401945852817,63.30726831352062,194.36419752860147
254.18865608071536,263.31516355855763,63.423443691402674,194.1244308047365
250.40883888316077,272.29428912541624,63.427522742883916,194.1201210162341
248.22056648932426,270.3894837121228,63.53417150013095,193.96194767648495
247.10948519644296,268.2560522295346,63.63949181599605,193.70697340716418
247.79398703180377,267.5090206498944,63.8893634103959,193.29674410218826
245.9280911356695,268.228737458202,64.22012752322108,192.61105878326447
244.17807844764891,268.7684724025613,64.4960825886696,192.08069155853974
240.60803127460713,272.62583857560423,64.6364945083005,192.41372780528837
236.41227855676937,273.0394359368794,63.9676075642153,191.86350972773084
231.87492184675455,268.17232079562564,62.93629814946713,190.7169998445279
234.8589091870688,268.4054084973665,61.40459656683057,191.02668332013545
244.96804376985892,272.5157533734892,60.03428119763703,192.18466139931104
252.21954772186717,275.5163911166053,59.41419928086421,192.20204025954496
257.34657186348335,280.1290928877219,59.386176578991645,191.74074346779992
261.7324966799736,283.9700209388221,60.4767823140531,191.14763248278712
267.3854121532482,289.73955886308613,62.09714079011147,190.37513054020383
279.02340241899105,300.1810549659325,62.61721128401629,189.98895115494568
281.7764136396006,315.47484990457895,63.109591915154375,188.47224979693993
283.73410412511055,322.06208342779195,63.40987008567509,188.71409210720336
287.4737074102991,326.68189516901623,63.238428999154124,189.22290841357318
289.9288955985247,331.9505922604819,62.99174366655665,189.33927132597861
292.5327498923381,337.5251813178628,62.69696413700495,189.23446290878775
294.9980356609425,352.36227055292153,61.93652809784295,188.81894380146323
297.33550020432716,353.1995570583395,61.29332823241758,188.47327470412517
298.4385322180733,350.7623161592759,60.340435410445934,188.80781471453273
298.5485898904262,350.52560096750483,59.845384879830924,188.51844309326071
299.09646054852936,353.5599420598062,59.87868130147088,189.30107593017277
300.3584600285986,359.89584169278254,60.05939210962773,190.58206501718644
297.0882304406528,367.8266913509053,60.89151683956593,191.97783106348973
294.2796776081212,371.3935037066499,61.823569156088006,193.05735542274036
290.3208745982463,368.27015083211586,63.60928678625034,191.69409012536056
287.8257924092543,375.5662192814699,64.93415890120336,191.01079245242153
285.2783476635807,377.3757297328823,65.95395369269087,188.85188221396453
282.2642619471794,387.7720502223791,66.53234752234398,188.51700872154305
270.0822404321875,395.1043749712234,66.9540382574059,187.85818617392772
269.52741830925453,392.32487566672495,67.423693604041,186.92997689336775
270.0136277452169,389.0294876953491,67.85068855619764,186.13136522854512
269.43467819418373,385.6554711842811,68.30983251319105,185.78942432413683
265.4303804698733,393.0571838246477,68.67367259834758,186.2773331956252
263.46564612986833,387.20190007422576,68.12190100583553,185.5908698660859
264.00147220349675,380.97988442934235,67.22381986404227,184.93333198013252
263.31545710331966,375.6488203537524,66.94391699039903,184.2036535288343
264.2404433369584,369.3794921088415,66.65537938811946,183.7422499371743
265.70592430062953,360.5385206775832,64.99451054415873,185.30169714844567
266.34250414892807,354.5308472016176,65.13516265042576,186.22612937411958
269.6118520195879,354.52490521598247,64.79030455177576,186.90378053823036
269.2376334157544,354.9740386644877,64.56529574789951,188.21172353921494
270.18401793362597,348.83085537035004,65.2737313458691,189.17922816612557
270.9677527683366,348.6254345009177,65.48507634987158,190.46374411887646
269.7136050101662,345.72418422778145,65.92485227392726,190.14673544502566
268.9178405718116,351.77448233080156,65.93396473542188,191.43545102945174
267.6585555449895,354.4689871697797,66.2679918947027,191.81314638765878
267.4719766276566,352.3916269156997,65.91371265041576,192.2053117734433
242.3242047160488,373.57464947212895,65.35578281030128,195.38070190228404
245.4300417564902,371.2755965816484,65.54803033357499,198.2336524679818
247.26517769304306,367.2229562078084,65.94384284538745,201.1650783877809
248.21311066233574,369.2963886760133,66.17578786184967,202.81938236998073
248.62939952191556,368.7437578395029,65.93332455738198,203.15061836436692
250.06720849387892,369.63630470987175,64.95606829634707,202.9607552030054
251.330869606083,371.9708280482987,64.34431883442826,202.16568857147016
251.67785254691074,372.71837730598406,63.73969023465553,201.55945987812464
254.8927560648383,366.6441058321755,64.29751976496254,202.06075646496296
266.0489357699061,364.01070084246436,64.99129438803007,200.831604301441
265.2262982000079,362.36104634684716,66.3206150810339,200.4425721519283
276.63668314719774,359.44860917995675,67.35250441211801,199.94248243923087
288.47989110500833,355.3880111433934,67.8470863450076,199.7931726072062
298.1183599473369,350.64441859205067,68.39191074531135,199.67414604759915
310.3508669447935,343.645822434392,68.84043663687282,199.76452855609278
326.222401635997,352.18669802466013,68.9690274870097,199.82087132392073
325.46856344317047,346.54515994495785,69.05120371816756,199.85850413920906
329.6764805007317,328.04591514762853,67.81520206154114,197.1797896017877
347.559537018285,333.5799999092593,65.5784240484072,196.3856622080428
365.39108385303007,336.76333092505877,63.138295619395635,196.51249754811735
381.8459600590305,345.62737293585025,61.45566456054417,195.8874160747522
387.4790475775338,344.29992214560684,60.70384041465095,193.40194776311859
402.54991422540905,344.40462609267087,60.12134173804097,191.81582683149978
416.8295100479198,352.998569656269,59.097601982057505,191.70260477388354
431.43413359145296,347.3123695311721,57.30016672360459,192.5342840844411
443.2957697382243,342.02335529724655,55.23977628125812,190.99341511424288
441.6502557647972,357.34633525281697,54.402378153130755,188.27678030686184
440.54698775728,368.35590007801085,54.292376549527965,187.86825589634222
440.3445795004286,377.10168679432854,54.286118395061806,187.83771533113847
440.2937459941467,387.8825250466456,54.28426776351814,187.81002205709518
440.17845275999116,394.4548228022296,54.283899540061576,187.78205042440612
440.0553997279322,400.09561863595303,54.28077672437023,187.7180147567152
440.1964905001152,378.4991284795443,54.09229014256528,186.91242176631002
438.60045521902407,365.13335923730597,52.933372793523226,183.99202467339407
434.7593222841422,360.37854284583716,52.417838026995476,182.90937420743032
420.34034622641167,360.71475566116857,53.104663280884175,181.85716286023387
403.6626114151951,361.24521551224365,51.97243530199902,183.07675620625574
389.71616295957426,359.1308249155011,51.09363993723965,184.13013261267727
378.0626064532786,357.53683952772286,50.99916260254103,184.7194076332288
368.12762443983286,360.04309469575526,51.10781795938853,185.944901027938
356.726664425236,361.08047574504496,51.99569456206856,186.87158422278506
340.7889147793298,359.73430019116495,53.759875265624196,187.78570108715218
332.450641854113,359.2116601883672,55.44949503726143,188.61532451420678
324.4821697391679,363.97015081734014,57.033199254029,188.4571279318591
320.4933895094681,360.1511373998994,58.482916238086744,187.11164474934552
316.0372399670079,358.4788334187958,59.33328657392266,185.28670181586185
303.4567625162479,359.80176307541547,59.84711432395341,183.38927937081323
300.62589546197955,362.7385928484759,60.90385032076528,181.4194238884894
291.72331967404733,361.6448299787472,61.29834401393931,179.23181325251952
287.9709523877787,365.1500737916201,61.59886258305859,179.9585101513098
277.494806152059,367.4826322532846,61.38952633135335,181.18879756681758
276.1049966103758,369.4459305294627,61.08365876425292,183.9792901906393
275.8482815673356,371.5878264933378,60.2446760304709,185.60941485071874
273.2187035104514,371.86461651190166,59.33892421195786,187.09766726064294
273.86123932965097,371.3678505826008,57.763516769334764,189.11731429830667
273.309004656616,373.02227976225095,56.79228917021423,190.46744441480593
273.54857345480485,374.28801360001063,55.84682113498418,191.83409499680909
275.4282783534678,376.6613311760067,55.29511778907431,193.13105182098275
276.474474249042,378.074794896468,54.98048411941645,193.96271898836704
276.76254317596363,375.7276849280329,55.912723579187,193.8027571587272
277.5847873246767,375.77359918476685,56.671464995200864,193.00632050288334
279.06710010530367,379.2783993618848,57.513640753069204,191.74385483416384
280.4377524507827,373.87427559436327,58.601145561851794,189.727594655889
280.78351165229344,368.52785977443796,59.562418062875395,187.843197749597
280.22208829526943,364.02893249728083,60.358343850352476,186.2419331175099
279.61490019814784,361.97771274020806,60.88300757978632,184.50550687466688
278.58427100683195,359.203588757957,60.909676194961996,184.00083831237464
276.35813075215805,355.69688150828415,60.6959224826607,183.6439529955887
275.8488990683711,354.7932345554199,60.19789121846727,183.9777400930363
276.9513531476725,351.53483255211904,59.0250643062406,184.52701575643735
275.67707633036565,351.9159313446548,58.426778560589874,185.35985360513504
274.20733229982335,353.97770916398,57.79349626454252,186.2512840046926
272.5146866161435,352.19673011965847,57.57974831572491,187.79883517385633
271.7525543016758,349.1312497780148,57.67511019941345,188.2604500014307
270.25187472431617,352.5151246735367,58.11479785869505,192.94748937206904
267.5537908320214,357.771106224295,59.00199109113005,195.79142894236645
264.9250431254485,370.15534250859406,60.68655426092874,195.84151602037477
262.5174151129613,383.0652120169092,61.76581904635529,196.36051639888612
258.3970423363498,380.4007448002616,62.06792829663037,196.5984331090978
259.0346553121366,361.1246699756573,62.14595606724767,195.58723208081616
258.4921286581971,361.82842045105735,62.27798570302275,193.51519823015957
257.6340615766455,360.13541732322585,62.266268236868775,192.50388230793556
255.91449260254947,360.1442003515186,62.072339769274016,194.73666005094114
256.5007122463404,355.166199328546,62.481781289568744,195.28981671419587
256.1093851558551,354.6366610669581,63.30620645402672,194.65355284239794
253.89157325840313,350.4316539827051,63.4331006003406,195.15783962442939
253.26647060680284,347.77888585474966,63.330209656821836,196.6394348879849
249.6947367525104,349.51270925881494,62.923870770558054,196.43549834024552
246.06577032014488,348.52631589126236,62.713156155278135,197.2190458118161
242.73534909823795,348.19601883305353,62.21321864608906,198.4337775753858
230.0236318546601,352.62045950914523,61.17854613861583,196.88517822469777
228.40879909643516,350.202777065528,60.636209434911926,195.21359607137435
225.25369089404046,346.8809688420234,61.11986724976603,192.2939610230222
221.25675982559687,335.3293538987955,62.03163853200838,190.22560582647026
220.59321432412912,316.0463614998442,62.56783705314003,186.6378201775955
224.68207539085196,308.6802414123057,63.816616193803235,183.85648384510415
238.09242019217947,301.1986339202666,64.54051468013746,181.84443523360125
249.6554597894217,295.56747578891,64.77709303265003,181.30843072605077
259.0400430814102,277.72501835377557,64.23479793915155,180.86013255310675
272.74447356051553,266.76133600895264,63.3997437436362,179.45725890046748
288.5056849947623,257.36665366550613,63.13641129872667,178.87959248994835
291.7742431465361,258.06848209125263,62.37069687735076,177.49964703856187
295.5002718338062,260.20908922322104,61.18001206903368,176.9106510783055
299.60812568321325,258.5673236924108,59.81289855890977,176.43545411258216
301.54347571560805,264.7853717263474,58.931643465204715,176.2646330462348
304.0894866522663,270.09450842671225,57.76658492120341,177.25370331921124
302.5109170013591,273.01437248271634,58.052026558756964,177.54190727888889
299.93014205555585,280.7244421617895,58.97212852479582,177.9662980263333
297.681274355333,289.84685505898346,59.83749607589154,177.50453039844933
296.40376324787326,289.45066903747966,60.33273840837995,175.81819441266367
295.69679945309446,288.42097356793295,60.979623897508084,174.7635635736503
296.3034548744624,287.0424328515979,61.094036200257186,173.46420560660124
297.9807898695357,294.3183009996703,61.66481057465815,173.2854818531809
300.54490643141463,288.08948595293543,61.99745248523267,173.04669127709508
300.7917840993571,283.84733933768246,62.393167488169134,172.6456838713096
300.50848230771743,281.3014725709043,62.789353583827186,172.27176398537117
302.72032448969907,288.30617600107746,62.61659857548526,172.48812712166796
308.22929269058767,289.7571214381159,62.71257094140822,172.5153381915608
312.57868049054855,293.7118851484365,62.520891632074836,173.154504427841
317.5805604019805,297.66294798961655,62.00578403851998,174.09186963598376
326.82086141955125,299.8268533881953,61.36981129109826,173.52094484422796
338.0824625130121,295.29293914434254,60.582927692433366,174.0895114758543
349.5195910212194,291.1652777019461,59.689728796746344,174.98121932463656
355.75008397015154,288.83929044468056,58.640400232256106,175.19541679677863
364.7461316572239,288.81345560124663,58.4512356900205,175.1809561360966
367.3769066069288,286.11142010121443,59.89331480748699,173.76278058464726
371.0003306675829,282.2299445553486,61.089472248007425,171.76441442326623
375.01464402004285,287.3724210772905,62.13324563616607,170.9590527490114
378.75797082888266,295.6851937179107,62.74077975499773,170.179828573728
379.4378731147468,295.15052564595106,62.641607459804334,168.9733644895283
369.46074180932317,301.5099323583156,62.28617768783917,169.3737555859784
369.071199705908,308.3698520720536,61.40875547548773,170.06458548528465
371.1355994911978,312.91422980394844,59.6652033738565,170.84337514936362
380.4576947211216,319.15043387348965,58.04930270893084,171.70102892281787
382.79765402898164,319.75652557965174,56.34571580402614,173.07537190438404
391.14231625372,321.09276448133636,55.027627202022515,172.55481990324563
395.88094680023437,317.78183863604653,54.31542271910126,172.01237258259485
399.4647087055267,322.8263497241449,53.59827541913672,172.39167792867593
403.5925388161423,328.3687421887661,53.4954901444997,170.9280220353832
408.2271572728378,329.51265306856317,53.63723822408958,169.9793847984178
410.1573327855004,326.8719930638104,53.902242442447296,169.29621010272317
409.74479302906497,322.73086370912847,53.980417939777126,169.1870818263082
398.26141080533205,318.2037265339556,54.04230949295583,168.9740727370178
374.169642714686,315.16825094872047,54.31288943645495,166.69331931001494
360.79965498649665,321.9521877398846,54.512822015636424,165.71674096999618
345.52718445912717,321.53796352365623,54.54970642975036,165.30299784933715
319.44987562968845,303.7896922326832,54.03015645557118,167.3709172318203
315.0808703038321,293.77640018817846,53.55508860844354,169.50483355044403
298.6432209251786,297.7460450929683,53.14495645754739,171.7188764511304
282.9120132560491,321.929825072482,52.81481312576245,173.85614208414404
275.6981047992266,327.1158545070008,53.02228168125315,176.26258949409814
269.37680445281114,333.8798712161658,53.08120222119099,178.96442973299474
262.8554244287692,343.3656235318594,53.25688253447265,180.17435973295514
261.9136269398713,358.1208833789306,53.00413164892625,181.7722613644963
253.98710451879757,349.42892213132563,53.83137864714054,182.20663323104424
253.5833077043219,368.4696570722209,54.35603322947051,181.08821037684154
254.9923049224302,373.418251144259,55.49831945006847,177.79453356623088
255.11708023426334,354.67356623797207,56.47241916266777,175.89660479482035
267.1809297191576,349.0736008562273,57.364386864632245,174.37802969893494
268.2100616399115,330.8386461428647,58.027951960655,173.27298413908787
263.9839841397484,319.4202109129534,58.7417198531321,171.99724855032647
250.87838550079138,315.7513802361351,59.5176697097814,170.71964215036203
228.30691646165835,310.3850074118935,59.45503756710017,169.31502150398433
212.38936588968653,319.7362042538964,59.39405487925674,169.0425747193927
213.6900833733665,321.72813920030814,58.58984169172012,167.38414308760125
214.8206598293577,310.75798377705223,57.30494556751463,165.87967549173027
222.11253058029763,304.7927368914924,56.261014246298835,164.86767200943206
225.49141324958623,299.383758901018,55.11333534876165,164.69713883937985
229.6123656302532,295.286975555873,54.55674667324316,164.73537391803643
242.58236017219136,286.9233599772331,54.84661980250162,165.15656526513564
255.564363663231,282.2499593303381,55.48073827818595,165.98015221871572
269.26913505347807,273.523873340775,56.68061818140764,166.6053455143701
277.6851488191731,257.0271310894954,57.760265149529324,165.95497778304264
287.61584869868545,254.57967528058703,58.94242541858082,165.41787541236457
299.2166356943028,260.96290567242715,60.06021978977291,164.6229865509865
309.2447419577331,258.20277630057524,60.32258979770231,163.71488864719888
316.77019291050726,264.24997529751784,60.64571705169992,163.50510941246893
317.9570480764256,271.24811753068815,60.834023206984725,162.09384024306436
316.03509524535366,277.2555525731168,61.585690442920175,160.94348355542385
315.1387484571752,285.8962266764824,62.142742420575644,159.6466104844959
315.081830138249,292.5568692698473,62.93608756567975,158.96735696738278
314.47021520529125,295.3456309798603,63.852745024111236,159.60264024901699
313.83573441279464,298.77751232246607,64.4368585389598,160.16634109529957
313.73463453296864,301.0173313395371,63.92423284723772,160.70015702157622
318.4989091176087,305.60448860870395,62.22334233121683,161.68973618288854
335.1353243132224,298.6701960059378,61.212306983934845,162.09235421007608
337.75694582956805,295.0266297015487,59.387947513331525,162.73308589035702
353.14566098041314,298.30668463663983,57.294736571992914,163.95480203946175
366.4510892349906,295.62185626995205,55.573534222383785,164.06739490717575
377.30773759474835,296.5708721581591,55.21786537152076,163.36623786850123
381.1015842692472,300.4475440987137,55.21994377011204,163.36214869091367
387.384753874967,303.41720082499216,55.22015958186591,163.36134136476065
391.3838870157277,299.6926831139978,55.22016238146024,163.3611895080018
393.61146583838644,294.05675305309506,55.220179182248636,163.36091866362074
396.1420098540976,293.7047917892518,55.220162546700415,163.36070666743876
397.94872303597356,294.95882014253607,55.22013735749376,163.36047962700792
401.4859901466337,296.0841292746826,55.22011418735142,163.3601927645397
438.92487829521764,293.70210901613905,54.78909234574997,162.60911372901458
435.6171174499996,294.8704886998197,54.5627155948713,162.0720615359544
433.2397235233096,296.2933710523008,54.298570628884974,161.4311591871781
433.56467845191264,294.02343515615706,53.844498507808524,161.02698686630637
434.75472804573377,304.64759653903405,53.42495630411408,160.80927132406316
433.83357118396594,310.7653899437917,52.98727863932884,160.79518586495064
429.5383586631834,314.7680729202715,53.6664516591044,160.30572433856577
423.5584699937539,324.135633908903,54.72223443772164,159.98489565048737
410.8315347237418,302.26320441188494,54.78673119844894,159.78869934667196
397.71015809294397,307.0019683190479,54.72862119405346,158.9615879065526
382.1660988360843,321.0846127541839,54.618869453256096,158.62502675844854
367.73621596832135,323.4099016278891,55.571362849914856,158.32947716350398
355.5709013230759,325.956608920226,56.05032473623103,157.93679051843586
342.1654891542175,329.6009141811961,57.00181985031499,157.17040823746248
330.97817588514954,326.88337990947167,58.01547303029651,156.4361242494782
326.9148918308291,328.66192754974213,58.93522780351873,156.5350665379833
321.2475959627799,330.15658279142235,59.27610329968794,156.39485020707346
316.61008570343637,335.31281611780406,59.327316483475066,156.55099527153416
311.8637755864631,338.44084349184527,59.01138683644028,156.3270926993551
306.9246839959588,342.78857600610195,58.510590334526505,156.71717225702326
305.205014347155,346.1965457949085,57.46808616060695,158.165307958646
305.00749555473055,343.8115222998564,56.23068770839223,159.68518924783774
303.26293810764633,341.20275898618684,56.128597482474,159.2708150878234
301.6539362387278,339.1815610533607,55.53730151289835,160.1502673518674
303.2395129830343,337.52805457473096,54.70670393058112,161.65943351499843
304.4063500557927,328.16786142502224,54.202652530578206,162.94085687801456
306.44402623976436,321.21688924165016,53.922820706687006,163.2287103252641
305.17113302960905,317.46477556232503,54.196976839827215,162.65010916218577
300.0131344988551,321.4546414515565,54.29165279537811,162.19375480224093
294.5896699380605,324.1211716603335,54.04608885971627,162.1450505019355
288.30228654150267,319.10351531340785,53.68704351141351,163.32170154417543
281.90632684472126,315.4233130527771,53.54644108490799,163.75452952353635
273.3849387165305,316.3122517253879,53.39080539976127,163.27057257607316
258.3753316510795,319.8176353087795,53.26102699221104,161.88276788411298
249.98264665980165,321.62165677446245,52.954443697178895,160.55731271939442
240.8720645795207,322.80517621147675,52.355560479200726,159.23320647495106
226.1093778767909,317.13086344748433,51.72997868446504,158.2347069495301
218.56415301649542,316.9438907376532,51.470560584316246,157.03563870590048
204.95430033782375,321.2164411798159,51.25501852039493,157.8290168636284
189.7677583721825,315.803892364811,51.27061954152117,158.09913993766887
183.36305411562378,313.1977894808588,51.40645551435541,158.81085456330032
174.48882318277273,309.7684868760718,52.73021187468641,157.8166408069625
160.67477427220925,310.29621958513655,53.726569125745016,157.5651316590509
154.16435379140717,308.4851510335205,54.68297222113824,156.98815157859772
143.39890099330577,310.9785030291943,55.32456888789767,156.4893831303103
139.05687373709492,322.80411843794644,55.99931553899123,156.39860763507173
126.46096438051183,320.65589691752456,56.44251707991624,156.29289766077872
123.16244205576069,316.0926761059719,57.07371232985183,156.26222620862762
109.94165337731997,317.9558451779075,57.6078838334618,156.45103536929142
108.09413922371326,312.3939111147031,57.706459904499695,156.49753189841022
104.16413057324603,303.10674462313335,57.57021227089435,156.01913241389832
100.99019085012107,304.48888459993105,57.482205334087645,155.5615574583193
99.70404731575013,307.7367853810996,56.899963069714886,155.09432845533888
98.42565471104561,311.51280058444354,55.96489599564613,155.5266062914488
100.07349093807476,312.855140293158,54.27581881937411,156.5508230341456
101.98842239890251,322.646557524664,53.19320979252451,155.91157301327235
104.58039104004388,323.0503088658146,51.78073185129098,156.3616379750904
106.1161047952776,324.5864461808677,51.65771342132891,157.79776283152592
116.32625226494842,329.28227128674195,51.353373834770444,158.83364576949668
119.03145851660705,325.53606806025294,51.98669969662656,160.906254801973
124.77916939019092,323.72520752408025,53.256154315120426,161.1446207336324
131.10489936785297,320.9630805253662,54.134764664666925,161.56853579520833
135.30231954979226,319.56533901952463,54.72447763788549,161.4096697659064
142.54685976971905,320.67107885419694,55.197578289340534,161.17978382462724
150.01528425923348,317.61330023830084,54.75619458893714,161.30059961660018
151.4822588616735,315.1735480103515,53.973397994835935,161.65332823555426
155.54257378019057,313.253244024729,53.34467670806423,161.68448677251888
159.96203341503008,309.55692672682125,52.71799861117574,161.02492295830018
161.21693698558857,306.8498243563014,52.58855660334429,161.97116018911655
162.02675328671683,305.9876476045487,52.97703094803293,161.79825529170478
163.49787363388452,305.74404539105717,53.89444515710941,161.22846826074874
165.14800921856653,304.087531987424,54.54979570710575,161.44398186916263
167.02984736495694,301.270363717215,55.70004839992066,162.3269527479594
169.0506666609748,301.2205014615206,56.99953195830605,163.4658720816596
171.13868566274363,302.7576166238149,58.10480975829626,163.56506766992806
173.47074292480158,303.3565097262988,59.52451271617495,163.62983813705657
173.47711892331472,311.2057524240348,60.300938911764234,162.92083752857187
173.53082224220597,310.6270506759607,60.99487237713111,162.5871013743753
172.52581590343834,314.0000570164791,61.03036162956416,161.92054073114974
172.64935266013237,318.7419121461911,61.04944622011898,160.96251768943807
175.05794149548274,315.8336279989306,61.149630762553,160.32880579444495
185.96486983658548,313.74525860283427,61.41493286330651,159.6116165356427
186.06447675354804,317.55975085261286,60.66072939343702,158.35282170283364
196.51602773577898,321.9336206627514,60.551196993794456,156.71949009876136
195.63393078420128,320.03648262935957,60.09855682865149,155.77363478737118
197.06411225251074,317.4494122711934,58.915593646556836,155.63997616440912
202.75192950664007,317.4037796462792,57.073168939018416,156.02632380454583
204.948666621712,321.6357467601015,55.3685732450989,157.144474232663
206.24050559051997,324.9919931005408,54.18489206499028,158.06126879467377
207.50767519546474,325.5445090447291,53.64463161047946,158.85224027181374
209.4645348954831,325.4026274122613,53.651104452111426,159.3174141474252
211.0183669430553,326.1933095481751,54.411502376315184,159.41254042087053
210.21630424227888,329.1532659148713,55.65364060431073,158.2364659977197
208.9825357976361,326.0454141019596,56.47868794109842,156.68394300000807
208.45566575010184,329.7322087691425,57.04248572392635,155.7717484524769
210.07238410072404,336.43989551109405,57.419178140647674,155.01360916046832
211.16885213686066,336.3193350447924,57.570673945510656,153.43960188586487
212.73258638808025,332.81100375873916,57.075793829607086,152.6146082499331
220.6130383829712,332.71127781210043,56.300328186687985,153.62536322233876
220.41648659736865,330.7064769196152,55.64959146877723,151.57333809614587
224.10225571809335,330.48293088266894,54.11713451471182,152.23716139052232
230.513007510468,319.85735230174055,52.91837358285562,153.6297579902452
232.53401527099143,317.4007350079752,52.0650925932113,154.39343641780286
235.36549746505884,313.8616536983741,51.32306669689781,156.5891546552912
242.81712009997182,313.9881947026523,51.20980708381013,158.00258656656496
241.0019162159563,316.9775012149728,51.45985257957856,159.15053470678004
242.3752231542899,305.46982259268725,52.29068564047243,156.92182189825058
250.0517180910739,300.69361352420873,52.934338833310676,155.9710089866236
247.30172360151312,307.9631879091807,53.52015659356018,155.01220537048823
245.71203400547978,312.42228704925645,54.01929777712772,154.6388469493455
244.35282304639182,306.1359362482049,54.551319281790406,153.84713242901205
242.42925058520234,307.8326317925507,54.977096797324315,154.27127078024657
240.84637453680918,314.1359739095667,55.50179760169116,153.77461004474986
239.07200236757294,310.858982674265,55.78221947235973,153.09171173608678
235.63239711563872,320.1317054893641,55.98937711596812,152.76732781243166
234.27564361791102,308.73168382761224,56.09583941461569,152.96044517157986
232.34202484255718,305.90883641063317,55.91991080473984,153.05651937718102
230.6485261780412,308.3112932663365,55.16003084495343,155.25303760776052
231.0076262409915,299.507322875121,54.06399419361262,159.21869781157818
232.7203445732354,297.32408382581906,53.10717735258066,163.80680032927526
233.99013188789314,283.4567611885278,53.18773087801981,165.57552992392607
244.35289115518285,283.38558376314734,53.59160496734176,166.20730226803045
247.39069370409547,295.88151373949336,53.628492430856845,167.58770717739893
254.7687554873748,303.69966394148327,54.38920979905162,168.58473425754994
262.629002667681,311.8382573439634,55.18596549947433,167.8179444099872
272.69630898423367,306.19110882471045,56.18615854569029,167.14365261945252
283.78516696296225,306.1348991366171,57.19839925327223,166.16800255670492
292.97461901549195,303.35090787374924,58.23602957204097,164.85284833317303
301.98205310900045,299.9823916646349,58.07639171644485,164.9418638217752
310.3624374693698,296.5788908809095,57.98617811045219,164.9821274512987
316.7204216924047,290.3553236570308,57.49326359657228,163.9755789995811
318.9546364029904,293.3354112985758,55.64729501753359,163.06590792410213
325.77646404258894,297.7267130860003,54.427719633356,161.49004329807522
325.30847846384756,297.2619888254844,52.99297350377509,159.665246776306
325.6502521917152,294.8811876831908,52.11228717231702,157.0286852654222
326.44196820792865,294.0512338529276,51.85147839275873,154.4542298468774
325.83350408374105,296.0558478869593,52.06170219148028,154.0218867637841
323.45413987395693,296.50769924220583,52.016024921809056,155.4659866922987
312.5973572161246,292.82681965184827,52.82799798283509,156.316136318723
311.0333585827932,292.508624856173,52.979258703935116,156.88510898136497
296.9590470182877,294.9413840836643,53.38483793340994,157.26315846995544
295.03182212560216,284.90378867863745,53.4776714887701,157.30020612205007
287.4060189048312,279.9604694154249,53.48783715730169,157.29523068820916
278.745915245663,282.13022766486887,53.49210171135592,157.29260250261464
265.4203742814393,283.2376815901248,53.683583191194884,157.16438531639415
264.1615637806908,271.81061176308606,53.89863194232572,157.10516437476852
264.7139643667662,275.2882398232068,54.19444074026759,156.9454109171856
261.6821691292211,276.452887129534,54.88975748031149,156.78212430013676
260.5998935510789,282.95577489493485,56.10280661146855,156.45969265666417
259.75892017374457,287.9484510172225,57.20627336087288,155.92598817057274
259.65214344179947,293.9075240494005,58.10476418266559,155.7143793529209
261.64846092021446,293.9975606578538,58.129220500097006,154.87733456218461
263.6829556755365,294.8271066501565,57.53635980605758,154.06696294930236
265.2269156645463,301.21266365381507,57.29274939644316,153.22589311617963
265.9573386455575,310.4623872536566,57.097032881404076,152.7971627744067
255.86211420210773,319.08916965423276,55.991684420281175,152.8884313472778
256.9426523104836,320.942497524818,54.893984868644814,152.0816908244605
257.07430104094925,321.6950484761342,54.398777655821384,152.41278272180068
255.9637367994833,327.63039423511987,54.381481599187225,152.36557943930308
255.01794407748125,327.733042441867,54.344282791978266,152.18759826243684
253.21572075420264,322.63161441578484,54.60500590299779,151.56157305086828
261.6459532245913,325.87402407027685,54.603156837464596,151.14590514340398
258.64775791129694,324.35673723490567,54.767999726931784,150.80502176573023
255.41641188595997,315.6619021045791,54.59909139766184,150.40986384034812
253.4098226626412,310.2943020487453,54.55748650003056,150.4847894464005
251.33469265574627,305.0704041264303,54.70522166106775,150.9183831731107
250.76364916638795,295.19386149110505,54.44780433585218,152.79203767288715
253.14367799026115,288.7463997111498,54.48034779665683,154.0926399818821
255.007689019026,285.9819613339642,54.76008101866813,155.1558604557357
257.34139448648625,280.3399838058366,54.682963968025014,157.173283567716
259.5122765063533,282.48438999018407,55.007272773749804,158.01369311521978
262.6906284147102,278.88358588974626,55.073077196782094,158.8023603370915
265.0585592266786,277.63540300673276,55.17418876315302,159.38580097895004
264.70337922462784,279.2582721314701,56.016394196794174,160.29419223463287
263.3819897085971,282.03869020195174,57.31357774984413,160.70782289435928
263.35445401328616,281.35378752279576,58.128016368020354,160.86920642630864
273.49699069213045,275.16246146310493,59.02253514290015,160.55527861252386
273.33187544476976,266.70027576384075,59.86135419009643,160.26478146552
274.04393156552555,270.46589998668856,60.05602136943755,160.08074295024423
284.3422969609633,278.6585230194875,60.231009557443834,159.7676652348661
272.3703663079075,272.4024909477244,60.20364703237878,159.2956967474719
273.62358886778856,265.40133873996245,60.03114790222532,158.87229620694106
276.1440840831241,263.8001271004081,59.70259510125396,157.38133150082032
276.9576656023266,264.9579400196177,59.3018151528682,155.51988360825342
277.60098322405634,267.26006079454874,58.6347046267397,153.14870504095052
287.5215002134667,272.9005585107765,57.59939574557513,152.14469573062635
287.3629513709501,279.4588901348839,56.35916329907759,150.63072127177915
290.39709356608034,277.22076806494846,55.24091305035769,150.2320989260544
289.9460591632903,272.81818046770775,54.62464555985623,150.20474505254262
275.7643762387284,273.04660067840916,53.86279397123591,149.9030393686314
261.16045921027376,285.60578156538156,52.943505149116824,149.9926529822598
248.26031126997552,292.299033568959,51.77653113225238,150.05711962482422
246.27694148325702,286.3515352202202,51.28758699749847,150.58502800443068
230.95976752770545,286.3246084698261,50.897982424470726,150.60121619024648
225.37650677556843,283.37690992663204,50.89429976614712,150.59949375454
220.7781970123257,279.0750144396438,50.893347538177004,150.59878395794757
216.4375279207971,280.59669792114596,50.8918978260316,150.59737842644654
214.3187922738708,272.15223488690276,50.891401628734265,150.59625169952272
213.9313177766677,266.3907752948712,50.89062430478109,150.59532425730407
214.90345422189117,262.4064930894139,50.88953424037633,150.59421360413182
216.10661438571023,265.66963282323104,50.88941885162675,150.59403191100319
217.93687637895758,263.4075410010746,50.88936773500511,150.5938711110411
220.25135239333667,258.05760058816554,50.889174136727895,150.5925562200014
221.66661590990816,255.0249257474169,50.888983674324635,150.5920470605563
150.58864059713568,275.5773488990733,51.35287192193996,149.33622648356192
151.69730884382838,266.0236473362791,51.50705094102096,149.24330459694315
153.66413005211774,266.35497064392877,51.62123672192146,149.39683046222706
156.07267679251245,269.98452362141154,51.758589556897434,149.42195330898883
158.14304908793127,263.8693305559204,51.806952860957246,149.5743508153984
158.61164545366117,264.82243367102757,51.82541397576137,149.60686040072812
160.14172893660594,258.4611099301984,51.8078145014032,149.64031415680046
158.30341621270347,255.7765881766533,51.826093534642105,149.6733543603629
159.08007466813675,252.13521920599783,51.82242645840844,149.67387384540552
159.58750028091015,258.4851675650192,51.82477105367005,149.72674755125198
162.16537361698326,263.0791251393169,51.831450853234024,149.67452690644072
162.55622534601187,266.05617272989053,51.79211358990183,149.66456262281545
164.07479789634385,271.2105286975477,51.74723848206622,149.6309304146739
164.07322889577466,264.67317561149133,51.46323238849905,149.68479498827594
163.65862281925473,269.1841829440323,51.19891591318958,149.51566270844796
164.6831741388453,271.33421280008963,51.07954368935273,148.85518110035247
163.00664915346047,275.2918730473833,51.083842592007116,148.7824700112826
159.55357527903814,279.2459324701455,51.004553901337616,148.54904951857196
158.7511610263559,281.1977899996514,50.904687777986545,148.47013781191623
157.53259572883715,284.66864446054865,50.79321555358134,148.24858603657543
157.89184231220287,288.65478251291694,50.704890765203004,147.98346277531428
158.4425630736237,301.9148364255427,50.583439307459194,147.64449966441816
158.56859212644366,311.76570347212925,50.11934188015821,147.6079896465625
157.69011255836654,312.68494830117015,49.96651002357569,147.62941846363168
158.48489494847703,310.1023542339603,49.533911333557015,148.4047478753647
168.3929186564485,312.03412311834205,49.09600150611505,148.96627180932944
167.02207628226515,312.7812766636158,48.8848597545428,149.36102795787957
166.75557174597367,311.44681306427543,48.81521115138264,150.53672040295157
168.17306960460996,311.74722597791333,48.82796109107722,150.8407632976378
168.98235470844406,304.3953020869764,49.019511346780284,150.42719565135
170.7570433179096,297.9283863372493,49.21510230373729,150.68672028129726
181.32725308726083,295.08634791241946,49.23862891676824,151.43931624640507
182.76594373391444,296.68004954230366,49.91016801645112,150.73495999515097
190.85746904070214,287.81032399028595,50.14737878593232,151.0805359771161
189.9240191405197,287.6870884983986,50.825144703774626,151.15393700697234
192.07915677168523,290.0832422094858,51.01361297553169,151.28372965193665
194.81298529708533,284.94890941516167,50.43794658635261,153.5731095235745
196.4122268512246,282.3619969814645,50.47035470579626,153.2992462882466
197.24518198821318,269.3487857473876,50.08672964528953,154.53520054045802
198.3171884992312,271.4782607061701,49.84397473425354,154.32916476550173
202.6115462455229,263.63095741806694,49.73498317202905,155.4868774971035
