93.5,113.5,34,109
97.41496506424937,106.99060572367716,34.44337385709696,107.4086420301237
97.2725228654365,104.98732364173392,34.613797615067114,106.31145405777973
103.06742618077726,104.91327298869744,34.99889409107503,105.58776644488066
103.86453392472781,104.35530350289747,35.29307772731946,104.84265886382254
103.1466838391623,102.38884194489245,35.743229402204136,104.45442357071393
106.0237788920769,99.74604396551388,36.50762926982465,104.4339053326937
106.95662258844726,103.44970323418352,36.7589369732906,105.33234336426311
103.8843878127889,107.58280994693845,36.68602933878576,105.44552828470053
104.90581852463907,111.30887564346958,36.989377441147425,105.0461584463563
108.81222498460185,112.79786544624788,37.36015350285029,104.47495479218517
117.51631402590698,117.1237886098937,37.63089044404374,104.26768472832129
121.97971556417446,114.52450771088849,38.200370898697784,103.423242490382
124.78424057710934,95.49880630911153,38.132951617762075,103.10112539647497
130.08369944069273,89.07395830689529,38.365327950348714,103.31123781326096
132.20999093303726,87.21523775361699,38.14227072249561,103.24272659018195
128.5807035453667,86.54961969470929,37.839914768924345,103.2931696372042
118.55380624016533,79.78389646344905,37.56996365178803,102.4216124070977
120.45425818930664,82.46687400513923,36.77248630532427,102.10008805644442
115.75005951259874,88.41359648094543,36.29046179136945,101.55478191403611
109.8686228584337,98.88089893066343,35.54659834432847,100.66746209455616
105.57671257702583,102.97728131489251,34.90217317197575,99.9950568422418
93.60756325806732,105.84382684258948,34.5886197743703,99.3251214379404
99.36753543547164,111.68818999707732,34.553680798284816,99.22092691302234
97.11403564791394,108.38732196613537,34.66847275087212,98.41376080663228
97.18667755760656,99.68928713857606,34.92382772042541,96.79038122774213
95.69640051464475,96.8854865556888,35.05003958413529,96.04711559893046
95.7836056825235,93.6642072960621,35.2351818702192,95.23352864088896
95.80670230383419,87.11139553606358,35.47542911927417,93.98299962640114
97.78287845467918,87.93652570460716,35.54667358119501,93.96936457923097
102.05181799236473,96.64297551564863,34.99659176610834,94.757356451899
105.19360961707449,103.51166978891885,34.79439317550231,95.12363611824917
110.3230085086867,110.46709118725101,34.509934877446334,94.91863724706094
116.76451106879058,112.54827885871838,34.10900163376444,95.0247813056765
118.71541533526256,112.23770860943019,33.812472308050104,94.31985495263697
116.15876501787011,104.2290384242685,33.57727173739067,92.88778965279434
117.49219391932144,95.66128454572649,33.10105986763925,91.60274229513227
112.49155022975853,87.02752558134478,32.74763285314935,91.14248655751386
107.66459814452412,80.9953806237693,32.43414505584475,90.34457478199099
106.87133385317227,78.44664622724562,32.22696424123244,90.0518000447649
104.2822335380274,78.98729899496263,32.0904471018994,89.97473156510938
103.08011214349017,85.6258062935263,31.909768292539404,90.4664833711803
100.60012431919472,100.29830866934341,31.614216921629573,89.95598560807146
91.34636464254302,116.26647656876085,31.58812497732554,89.78527099453929
84.36336330271489,123.70149111751331,31.663897478148822,89.56921166174384
84.30602782568197,124.46830681463368,31.97788977670947,89.0198017259382
85.03886291744628,115.97241067282403,31.85902492727204,88.21722908035825
86.98079919572052,105.07606707055015,31.470961210521537,87.43391607128298
89.3050513669416,97.20283390791779,31.318251164344034,87.16531815704573
92.6817848787623,90.57088895809673,30.93380698692454,86.38613726353599
94.39840966454183,87.58202802817945,30.787290804266224,85.73531622328511
97.58244006703985,84.54718985969569,30.77341271945452,84.68721378217644
101.43221308433455,84.03893531452762,30.91716273589051,83.89941731907632
102.96553945198144,90.31289655171061,30.414318680177402,84.42883592442226
105.40858567525117,102.38106049039985,30.08106312862695,85.19501964372346
112.76045201452203,111.31751462718132,29.999606756237608,85.70793175895446
112.68078731475869,113.05233531546256,30.363308442560847,85.14624126053532
118.31456173781662,111.69397263492449,30.50017854175749,84.28864702055247
124.00141631326643,106.62056486885241,30.309040801990687,83.17952688375132
121.90997562146725,97.83095908680906,30.230133340526777,82.40232937496205
114.98121830603625,92.32667656449358,30.1809983818502,81.6966257352058
107.4849707621351,85.51626496723007,30.044768417772627,81.20369942564346
106.35821228302645,82.2217995673142,29.87070025102045,81.05718472605504
105.97150668537502,81.06558871788592,29.63567989248266,80.96868841801464
99.07078527101666,85.4852241925546,29.349658388618835,81.17433076060843
93.22909342567466,92.68085996009805,29.102518206927325,81.40856085821196
84.8169218430562,103.00968162228062,28.829145994356615,81.36846361538979
83.31980589675857,110.91755765229257,28.44438771361207,80.83671290576872
80.79201882928422,113.5152506588033,28.148640628162806,80.25213383473334
78.21059765808229,109.9111143460523,28.1308127091836,79.55357328839084
75.99446432763838,105.28420848599853,28.025624288131723,79.28359751002425
80.8856581666574,102.27867595235026,28.006550857225047,79.03497086208034
90.00979358047485,98.57056846431459,28.032320251758097,79.1233207144029
93.73578626284903,91.47215148926466,28.247241243821268,78.3670210814339
96.66333211255295,89.50490633407384,28.355896092112406,78.0062705127567
102.42972026941528,86.45695231507038,28.05341591333646,77.58027551273872
106.56887893166932,86.8142450283931,27.76501205242094,77.4020867683557
113.2162929602827,95.0963668248719,27.650881436295247,76.99494194553971
123.82124905100257,107.31890176478203,27.270187165622115,77.35872521513353
132.97818641010537,113.8426705154248,27.043754845487797,77.63575741599641
144.323495435756,113.2464890203126,26.930147902584974,77.84357952649442
154.22271273298176,104.00008171906272,26.558581746854134,77.69907456417482
163.50063805258168,100.15220330945994,26.380672239246113,77.6019470335574
162.61603052468382,101.13421403431263,26.034081192289136,77.02645655347176
149.58792026570774,98.0088494628323,25.911741453283298,76.46555449373467
143.1846233928013,94.75484470619178,26.031071710326636,76.05475411626864
137.07785689804356,86.19859062679143,25.948147409192686,76.14148255094824
130.49201867379608,86.58841519500331,26.044718190573427,76.68738742777674
123.08367573798894,95.27159454850954,25.9319969424367,77.53329182806408
116.14475827052748,107.32417500627425,25.570468207010524,76.92156009649463
109.91651543775671,119.51555496723465,25.185276206841607,75.98978322205917
110.75501391510444,127.36094191802509,25.134257841204068,76.45274924967751
116.81640072270048,136.5559723471564,25.201716502928498,76.36173967620496
117.66684359108669,133.83514977010077,25.21204757352149,76.61350398238525
117.78510403470304,126.29766459811646,25.18884783563801,76.33007302783095
117.20022466870071,118.86720096224167,25.22117136981244,76.64906247151657
116.08731362334345,112.75790644429392,25.31600533949427,77.21658663467035
115.32087282528953,110.83716370042805,25.396472184549264,77.26213696844091
116.17639334080324,108.28858819402942,25.42146924232033,77.07255101605875
120.14392565392578,103.22718696656793,25.23041983290266,77.57558532828155
122.210619645589,102.61328025272323,25.09026839132425,77.40740111250017
122.34154474370028,106.24280813295303,24.855472128692345,77.01771581255082
133.6163718307254,115.44253804742593,24.599551551443895,75.78158224703276
135.26963789018455,119.79135360267111,24.39428080986016,76.19895758338079
137.59241711208523,126.1649593172846,24.31955986376998,76.15363996061133
139.72844901710835,118.30285531584668,24.436321470288718,75.65769034019613
147.5571718728039,102.47787269417299,24.514453342210572,74.82278085820174
152.98638297184195,90.19748136353157,24.462648880950887,73.64225339985566
152.46786691533188,87.10747373184489,24.675939498361725,73.09852665501978
147.12727079742442,83.10381343882962,24.784281506820694,72.05490577376517
143.3109697890536,76.81328808723907,24.57510572204868,71.70531434895554
141.51122999335166,79.52212853365305,24.38651797260173,71.36799291505093
134.80765040342368,91.42851623819004,24.13769704228925,71.25311255602575
120.11886094078122,96.81467737781222,24.124828350997014,70.17000307585369
113.39925507617869,99.03167696146436,24.142881289613676,70.16000703278647
109.23130288826033,101.36075320112273,23.928307683883006,69.67962945962816
95.7488492865662,97.90260285465794,23.94769067157303,68.85955482067908
88.5408997036301,90.48870900969833,23.749510362042408,67.8163355449611
89.83644413218605,83.00615224830665,23.890407312349346,67.29211496129915
95.65246859699045,74.92765686565497,23.836398505726375,67.32566784513277
99.11672433435149,73.01577396052767,23.86797146932828,67.73392753089092
107.81997795431826,76.70274926321997,23.963798824121284,68.34621445144627
114.6818428494785,89.29206478942345,23.821595790087432,68.47525780699829
120.42335420867174,105.43100556417515,23.662490460616965,68.4548530641355
125.4837924133266,120.4444165793467,23.500874991858993,67.96079546860688
127.20462933765594,123.29241412768287,23.407082221920394,67.91130525093232
129.63725504516805,117.98522110635864,23.480448990032215,67.3911297548845
137.71792713093956,111.79291117975808,23.836675314094638,66.87102739434049
138.85229216469034,108.68954506107616,23.82311010827216,66.74582994801902
133.90006508059668,103.71350974784764,23.58772510409621,66.88929633405859
127.80767453125728,103.70732634931036,23.223159278946866,67.41670591296298
117.33198441575374,107.42722116797151,23.024764958562344,67.78239580216047
110.71521440707527,111.94662547104036,22.918507002286482,68.00741833463361
88.28094755224778,124.15930673955421,22.801925660671913,68.07792066576998
77.67221141540102,135.49077619163182,22.680612762856637,68.24419776503274
73.72841461978582,128.91666318896557,22.960523649161512,67.63930811637348
69.30510568679482,119.44055659303369,23.164715024359825,67.32393555384274
71.35979687240551,112.42690509345192,23.306735984895024,67.16187316604338
80.2016052771976,105.90775062567326,23.433238804217105,67.3132001374894
88.93370046282175,100.76651650543174,23.536473207138712,67.1128726626404
99.65279079218422,101.1070591215913,23.424676139112012,66.90821275023131
110.30313150386377,104.97389694684927,23.34151829058202,66.6851286066734
114.47404263142707,115.63244754101339,23.154020567010594,66.59507819959515
122.36177620125315,124.75533712807672,23.04533485283452,66.3545308827683
134.9497921693481,145.9085350384878,22.88039796364172,66.27364089080359
130.75775385447798,139.17659661849956,22.552955352048926,66.38658274848021
136.02679918396984,118.4960941214747,22.363647232432868,66.24659973593816
138.28767268178848,109.84829051358291,22.10850704450431,65.67424506817682
136.01137674212282,104.4555778828307,21.943513837013136,65.0654270893248
131.66225428094174,104.87584356368845,21.934338410254234,64.4375056594359
128.83715835414262,105.61375425772422,21.899275213193278,63.910710736780274
122.9232985979477,109.2118904789993,21.843123647091875,64.15100226288858
115.51723024252135,120.60277882916412,21.82514313229762,64.01609331463413
102.53502504409802,127.27871265147036,21.781042939544665,63.88030633561006
102.29638026990766,132.90903914019165,21.734980460986016,64.2679706952036
103.30527983025333,130.9229776465716,21.880074635582748,64.17203280750468
106.07447298713076,126.51068575711275,22.109667943715106,63.856894716000056
113.11030396487607,121.16110150824593,22.161790053471073,64.02364210167315
121.15231252915883,113.91184918208653,22.2177742219026,63.7585177943362
127.71648757707948,108.11984854236826,22.227313034447544,63.40010383634597
129.41610307448082,106.06090656966954,22.305066778948465,63.261269146184326
129.33653538107077,106.91554891385515,22.216311901972666,63.12422528728089
129.4536447325934,114.78078407867449,22.135103001030465,63.36195945593323
127.69986259197253,122.92498665534393,22.073403347183106,63.50299575462071
131.72775171710967,129.11145510846188,21.90690636979703,63.0838991041221
131.94938489359808,128.45988476853407,21.76299156000827,62.527159694217914
133.49616220327218,122.12374925174409,21.65454436253508,61.754819178420426
139.62840196917313,114.4388383718617,21.572678203535943,60.837674614332656
137.52694347172763,109.81582941257716,21.663438807283097,60.713130933170305
132.06284680109607,106.25416320555543,21.767101547044774,60.62232722355653
129.20008929198247,101.69411694069458,21.81057444338479,60.388498816693755
122.37464443884143,102.65335819995283,22.012981636239108,60.135803756597056
119.7195747262899,106.03294953460724,22.125670900361946,60.21204980204043
109.77579728183733,116.77506636121828,22.069175954062025,60.092588945449215
102.82229729487291,132.39472723485972,21.88579335200208,59.91649962004137
97.48625621538616,136.47905793149582,21.731873390003912,59.572629181359005
95.91198148604134,128.4010315714062,21.413982171050726,59.09528384550795
92.62304285183953,119.33791274279548,21.095140460572516,59.05002797245594
93.87435643244172,116.47812054144705,20.862637019537203,59.157987180603236
96.00992088873434,111.00897809801194,20.666935162310832,59.3290668291312
95.09269541085636,109.52177117442746,20.44565720571328,58.98601227153025
96.78663740927396,112.38410333615565,19.98729596163993,58.69475287055921
101.47863617215185,118.10293130986645,19.832552204805047,58.134450591350515
107.138079427206,122.62929705623694,19.829915542108857,57.991252599280934
109.18898162942446,123.64877896861941,19.86104189328718,58.295062212015985
111.72912403910446,121.24143346405971,19.80127442317032,58.454055398564584
116.34631674374526,106.19286190454503,19.808927740695374,59.12367967298944
117.98624481148534,98.91287950604243,19.818039929876488,59.04681318642532
112.92284372006718,97.96477640012861,19.81183983152382,58.76499224523779
106.36306025367372,99.13844392992208,19.65085580758467,58.3180521021853
104.47215894410856,98.52737434083667,19.557214014483556,57.960387336722086
97.8374105366595,100.32012570983301,19.418731817846,57.42641329097491
83.61259085373945,111.42041629921869,19.126849348358984,57.165132649312916
63.340500507926635,119.70157616438843,18.80769919892014,57.778296622586694
56.80095421296318,130.71215151105417,18.59073980978213,58.10144333831281
55.2256466125385,128.46431938030244,18.429914542797007,58.538459490380255
53.893435198914105,118.45376932816136,18.369564439900536,58.554890405209306
58.96850219472682,116.89572340023042,18.388418676119347,58.2378035978174
66.19195997497529,112.75385021771602,18.394123621909007,58.328524373856936
73.18227661957958,106.92358951285273,18.44114593420189,58.27958361775101
79.85609956863769,107.1666689328691,18.60035981544361,58.559676103325565
84.8551289569958,110.96804642556295,18.517998136505692,58.85839034858972
92.17855415903584,115.17716775872276,18.547038654972,59.17932157143025
103.25859147864223,114.94815821422334,18.666270427502383,59.09325485978136
113.80712991445115,117.38385678237351,18.7102000256111,59.028991874939756
122.5482877373275,107.81687262650462,18.976326076025394,58.99861158438262
132.80019006302044,95.04133106926085,19.00298941170005,58.26075236183402
134.826489573138,89.78704919821843,19.125350527878552,57.855596926672774
134.5540390710107,84.66454927808164,19.391800268228543,57.16187320279841
135.81919380142034,80.85612366467616,19.22451098906518,57.021057364942614
134.1710149515625,81.49234189712044,18.779206901747727,57.19992605103976
127.86339095584596,87.8157768809998,18.541190084526058,57.366422019560325
117.336738800836,99.73019644632764,18.40431075501959,57.29213191539393
109.9420298534258,105.73519602058906,18.417219364866867,56.927436493067376
110.45946575902153,110.88505225148648,18.320582955782644,56.943439821067436
109.72191098399408,102.84944381381486,18.398633303643322,56.42333475122027
109.17096719056585,95.76117382701437,18.58270210578605,55.80989765115181
113.0980309740764,90.95743230020089,18.556050086555473,55.76763380994233
114.00993446649528,90.68517879436227,18.57366720926928,56.04005494634682
114.1997528114232,89.85247282443392,18.54753943889091,56.13244726244713
117.1298032161001,93.28537150569554,18.42857231941746,56.43321388765582
118.40377126154195,98.21473887831621,18.41955806157209,56.406674424396904
122.6674464902515,104.0504795820418,18.382584076626145,56.75479388517082
127.69476268579115,109.63460397570671,18.364389673828114,56.888355362428385
132.57077983224735,109.7126655715603,18.294471889399553,56.48619479181402
142.62284893269754,96.80529143524987,18.268220269920086,56.43509833787236
152.76172736906378,87.55280214999226,18.32953467099133,56.43344696453995
151.71017707706068,81.60484428806322,18.45435757173947,56.73111134562458
150.47829992473427,77.07023751542405,18.056244686984925,56.81983992843952
144.11079815237875,77.74860008132077,17.978284745978197,56.54774349785611
141.94928888140092,82.35243116449652,17.91862144131525,56.45848571993237
132.85839528970675,97.39914609681938,17.734632562691818,56.525706108582554
118.84808049987593,105.48915037066017,17.594186550312457,56.42214981614999
114.9776572911629,110.31280170338289,17.421639470271476,56.422002912423295
109.74006751409436,104.22602624346601,17.55316916021179,56.296225028240954
105.05519475872686,96.53833925900736,17.645838903429702,55.82263430599614
105.49019046679682,95.43421324900072,17.843833856422783,55.28844538705984
111.13412501966451,90.66648904801302,17.92197637025526,55.04084897397175
118.13740498362127,87.7523140214704,17.874404632039024,54.60918210887463
122.99081843584952,92.40335180770109,17.70411871268993,54.54588178970915
133.0225649334383,105.44142257344849,17.45726084934828,54.42257152652487
141.20135505242553,116.42335021698771,17.399676033737144,53.71616252850893
147.90493024227627,121.25169655114767,17.288234310346702,54.13786951839213
150.9639794883366,127.14375415396287,16.976587615711367,53.98642376161427
156.80390128142727,114.15436237786722,16.957693736561254,54.07531473568058
161.4531436812469,103.6904618663212,16.90351264023011,53.997094259138834
157.59596482915182,96.59382168240728,16.911315931578486,53.677074684950085
155.25683877488427,96.21014834466177,16.817790410261317,53.15824587101543
153.27732818973874,97.32510689048125,16.6344818877118,52.85697677437159
144.76730149736542,102.5113154709752,16.560544946530676,52.881747800029196
137.02689831555716,111.83834785118547,16.450617782010024,52.86835763067311
122.40639350853536,119.19384996007531,16.37303723186902,52.525249492910504
118.01653532693618,118.69858394349802,16.558876756383302,52.185168389773594
112.59820189171984,111.8009058924822,16.698512605697815,51.91471047355571
104.07144022652352,101.67737190942665,16.840460618707667,51.37945841708381
103.86803010361247,95.79485212034098,16.759362547211783,51.99613106715458
107.0113694264231,88.21106662378659,16.954820627969916,52.4500532641818
112.13235176093413,85.84955132592808,17.101575517663683,52.752892095067295
117.04941035395362,92.90998304472012,16.984012019674037,52.08235366969024
121.7521277268572,98.66096941253937,16.79723476745819,52.032945173553685
127.17831421384687,111.00990455858809,16.49708213802227,51.75118968858514
133.68531037639957,113.19614802080123,16.35241449705995,51.87341845477167
142.97595432131862,107.14518444035173,16.24365506486344,51.705047611520285
147.4612443301875,93.41546357994923,16.198644581427452,51.97384602177839
148.2376122154297,85.09721157465448,16.238317110389165,51.61632003358861
146.60928552647985,81.91170176520313,16.038550066688508,51.46857754082747
141.8105735196656,81.38901975981392,15.865033299677366,51.49026992456125
137.60233875279314,86.21397573821059,15.82571231370791,51.672312923822574
128.93832834457797,95.67415933906958,15.893961783092406,51.89043067693859
123.19286245099474,104.3577344573055,15.928032074287156,51.412940322058546
111.12883281975701,107.13412388220502,15.8311386390087,51.164749313293434
110.93200206564694,108.65271486606656,15.884705312662726,50.554269368122846
102.85748665130646,103.44823945118615,15.938271434922802,49.98052175733191
96.29683483801898,96.82584306203259,16.05176351517208,49.634313025018926
94.42317611304465,94.35085799106244,15.94455396850818,49.29704170806638
98.42894840188711,89.55983946929025,16.038698439590352,49.31361282448673
103.65050882946817,89.82352733782697,15.756851540727066,49.205919858380774
105.78036482952461,91.77460039570909,15.596609202326821,49.341760974824815
115.56524664472676,101.90175311652774,15.330546972679382,49.30078484837305
121.50967221126402,106.61527291684072,15.093457848271838,49.51136426630177
126.13548231341449,104.97537196676981,15.008086919178425,49.43571219839551
134.28939571544407,102.22469845260177,15.063878965827229,49.03049165318422
136.5763071911611,97.16490352477273,15.20218465361437,48.93604933568557
145.25864310037696,86.32658599631462,15.430484636940477,49.17569937673263
146.649708230412,79.64442881440847,15.728616322594888,49.102948616033224
144.98993480988574,77.71566209799226,15.775393235668876,48.630074906226476
141.56329211990257,81.4503004737763,15.7087195473369,48.579433046168425
137.83306956887176,90.05356548023875,15.941596976669043,47.79933850382457
134.07788775507188,97.86148735952276,16.10685400255369,47.697117982866416
122.70205126456352,110.01968157857462,15.993260183643663,47.32919489205274
106.83982387860823,126.66484877136688,16.04052036021733,47.26771182482757
102.7543148271759,127.36055622815591,15.93700042292084,46.865972909937256
97.30610408184917,119.14521017062576,16.139129845092874,46.525352311374526
92.89508306995465,114.09574818885396,16.001455072006905,46.44203674244741
94.40300176560802,112.20733288774629,16.015383525045248,46.13013224105557
98.64616317985273,107.26781854261374,15.810034131004077,46.02580827018787
104.28313735822198,103.68141562290637,15.873171498142549,46.06816576823297
112.5366663161818,104.49008991981914,15.965358653634034,46.636870212050866
120.70217939304219,107.2031096497071,15.823575816563642,47.06286341371294
126.58653524647126,105.66362063828828,16.065468014429626,47.401670004055454
128.83444424525953,106.02082774775317,16.098989330360133,47.63992683615107
133.7351394869382,104.47007852382804,16.425987251849016,47.34432292804431
138.9031621923648,89.33176777841759,16.389622550834716,47.98284474845506
140.1914517898393,78.84097858131648,16.392540454808387,47.3362741100645
136.95164077963517,71.84008904897681,16.206643714535517,47.45757431579608
