147.5,110.5,34,33
149.56628586202999,113.48848873840302,33.23289582431039,33.86669193771422
152.40512943856268,117.8913973223641,32.88306473508777,34.08267099629353
155.69085667482568,119.7171545881737,32.60769466655344,34.086839028456076
159.64887914725495,119.45810635408478,32.23788480622861,34.31050157505838
161.82144451033687,118.46747852525834,32.05801630235483,34.32807362751714
161.5480343691647,118.81618165808163,32.07744330323935,34.42548629964904
162.02302816767354,119.62247929921418,32.04591679058748,34.323778521007924
162.70045473721947,120.6949436263802,31.860410580092136,34.48897521762801
163.52187881343366,120.6070746938467,31.64071928515433,34.73514199056625
166.8488994184688,118.9816440747472,31.33911223340927,35.08623392258241
165.27119991116356,115.5631901068626,31.189518333819894,34.701160809767586
162.25786534280752,113.5994817464168,30.886019223309052,34.26820975569584
158.91925919870914,110.79708637838532,30.3132968381965,33.98134552349708
158.59477357241553,107.20962219019391,30.03285030180131,34.079994736519296
156.7790547289693,80.16368692054644,29.754291479141795,34.47974567742557
154.5960259146916,74.37007428376174,29.883063016846307,34.40297043982553
149.79265904773942,70.88117066393191,30.03580390712281,34.645674549144616
146.6616830564437,70.13554779134263,30.071284465611402,34.42074247316381
139.5756450085198,69.8236596067527,29.929979366390864,34.31949801648079
132.5035479147964,67.45486774545114,29.8563839038743,34.66372589267888
132.08506719143475,67.43315355382663,29.77069417891333,34.88652374044456
131.75296775917764,67.41411580835482,29.759646804719093,34.951730850320054
131.46039040939425,66.66468280027888,29.56877322879603,35.08540326104897
132.425994122979,64.75897098614799,29.504648278242414,34.76684394100753
141.99154295037695,66.82839997612949,29.48216840603932,34.692250735367026
149.07945742393818,70.99460474506267,29.62621612975426,34.61049351073309
154.88457504237795,79.54515099211764,29.41403215477656,34.975822143942494
160.22688441768815,88.77251218568719,29.217373265911558,35.21345968111977
163.84452539850204,100.28657224440344,29.042132255058878,35.854864710171654
167.48151672600636,120.79738320797684,28.800487742445274,36.21345747418698
169.36882328012842,126.67375417162376,28.944242258483992,35.77771116762068
169.94884872975473,123.98810132341043,28.82956372613662,35.38942909930734
169.76152959134342,107.85302819709233,28.860359556155185,35.993460544814646
169.14608249621645,92.12411056997918,28.743457187075318,36.55488771798624
165.88382869818966,60.74612486337869,28.95324749034325,35.85900442537668
165.23407527236552,57.01239036677296,29.44515813532647,36.3184639848418
164.80741126926975,52.17936936661854,29.989983527019906,35.6750377158025
163.86625797319184,51.00903632571322,29.806343301777666,35.23514878777122
163.30264236290992,55.40172897491623,29.528268421496144,35.311497879623985
162.60854295231186,71.76631654005791,29.371456079934354,35.21360937043438
163.1708220141896,87.44503400272339,29.000846644685986,35.24155614371183
163.4368864451106,103.30232999718821,28.782757758248728,35.2684497504853
164.51179105115003,120.36454038917941,28.41221585726604,35.128304784373995
163.89844859048767,122.90351372801015,28.539363525210945,35.008930971244986
163.04425832347042,102.95250882316085,28.67857489554156,34.92865623504515
162.286316186323,93.84386122992217,28.93770524832759,34.98911777284086
161.3489793119216,90.61430884212696,29.57070719651697,34.17542973226917
160.0442911954191,91.482071504705,29.696882164186892,33.766298726647406
159.48528769785744,95.93562508233308,29.69353350650105,33.82864061466519
158.584659729427,112.58933891319336,29.465072236407014,34.078750031802045
157.75625306641064,125.07909610804232,29.282310271759794,33.8835660101461
159.0750948300258,137.83945222920437,28.91416204764531,33.91806197399876
159.99788552451236,154.6865125401843,28.64155510210789,33.86409714427518
161.66815533195384,167.26654708192729,28.570640435726464,34.01170056139962
160.35311074948015,153.96348521972564,28.499357215648857,34.30300304251676
159.351492407672,140.6648521128232,28.329699183002308,33.83437036105792
157.69950104871776,125.38240265777885,28.485072501115283,33.74486939932049
156.60034797552433,116.92639571282267,28.898566793139643,33.67522435368599
154.69206050255326,111.8303085811214,29.280796732139056,33.679944393455706
152.19875257802397,109.68539375592039,29.60007659410658,33.380202091037916
150.81429420874142,112.19201183923612,29.48880415229753,33.59090629687349
148.63111362862838,119.22095040449643,29.47658140444252,33.934609976899736
147.7874752874863,130.34530428392256,29.438574106357148,34.048733333770144
146.36204991961304,142.2060647296721,29.308113520845108,34.04262267481501
144.85558309935948,143.01633927707067,29.21764859987455,34.29818091510849
141.68122743589186,130.0467864991418,29.095174242605715,34.21435632570257
137.85874740378577,109.80035555395261,28.64935214129051,33.976203964371955
133.65921158838412,90.18462260942377,28.836573605773044,33.74059069083198
130.87430104270845,79.25731173419152,28.76603386491004,33.54670856556406
125.57847997289238,74.89065815549779,29.25071475423699,33.27475811644517
123.55449421411464,76.95859603115768,29.296074634676994,33.72535869111416
122.24737501011032,87.65188583242434,29.30057445435251,33.77517473372245
122.5434504752358,105.06809557917316,29.14524975319699,33.49215175511739
123.70592661291823,119.7522853911058,28.76938068686991,33.82888268117888
125.48843742534736,144.55227847015328,28.779613502319283,34.3932146078007
125.80741340225994,140.2817705955571,28.595581495641493,34.160232096495015
126.30626852104747,120.2212194311886,28.31481052856279,34.18748524310311
133.64461501700745,106.99660022301725,28.26901791963842,33.421080730368644
140.73407710304323,91.27820758336493,28.404839650581994,33.532779416045365
147.63872911265327,77.19195385300614,28.892502184096323,33.299654857719986
152.28056348226463,75.66312593000623,29.30985940770321,33.39849441381806
157.0332990432392,77.35669333294413,29.425638438341927,33.45247760988015
160.854621562072,82.90160627681587,29.07249029932746,33.8529347345268
164.80193778019625,90.503445277612,28.86963652289951,34.27560141372066
174.50095166853777,113.57168802292513,28.427865612671575,34.41114961450066
175.53457919584872,119.42836806768008,28.631051851766053,34.08639941116017
176.23177348037862,111.72397985275133,28.610008180930162,34.255965712233525
176.51144964564588,98.70048359979833,28.65048480890698,33.81572028784167
177.88854518165226,84.89922633495287,28.900230266053796,33.65199946597007
181.40634219571342,73.96504104084846,29.428286845994215,33.553874540262896
181.4708234679403,73.49752041176411,29.78700309759335,33.44726860261554
181.98654353166233,77.88528289044157,29.66790867756585,33.821330322811875
182.2427162182578,87.11854955907927,29.556300679395836,34.19706497564879
182.28338291375306,101.78559201623948,29.50055430325931,34.423660450732676
179.52749586281436,139.87438823282457,29.38911368345705,34.53268148191796
177.16675603627843,143.10147537109214,29.600086229747912,34.66623570574902
174.17496018020273,137.03313637246734,29.341818505864108,34.13663391021298
170.30424465993408,121.29180835985233,29.07092044483894,33.82082611403189
168.24564221932656,110.53573418355845,29.178100778477095,33.77701095038431
165.58927061560766,102.97349267217785,29.357461188673636,33.532144493470184
161.7241937854665,98.84750408090186,29.639808967455743,33.39124981933272
159.09397857994153,98.95193269390572,29.447390944057414,33.58428760975681
157.91849329124483,105.07026524722836,29.182654839245625,33.784081090758
157.35410139431835,113.82853655939988,29.02858431447983,34.084551253280225
154.03072934093018,131.53286512140966,28.995969462058156,34.20713268516887
150.26275525638613,127.9787071121677,28.819712697979735,34.166322650796324
145.0894842922506,112.42253608364263,28.857456789947104,33.96569931478007
139.45301579379978,96.95164167122309,29.003333850325316,33.59847286557129
136.92360876727008,89.22068096818141,29.38261442178682,33.53163526896909
132.27918925973185,83.22959557903629,29.787905653965286,32.98693818074324
128.33713064492562,83.86889713251561,29.695308749361438,32.94227031071543
124.70918605773338,88.46238974573691,29.494555296029873,33.131543934370484
123.56784305475311,98.60911090621835,29.023858857608708,33.2532799123578
124.36648445161136,112.38700961265057,28.521684692165216,33.211514863384956
126.22624560792215,132.0983523094247,28.31926938943134,33.387103700793716
125.55621466675548,126.30188949438039,28.074361512777234,33.33001540723735
124.24501471304312,112.25232594332687,27.978988936376286,33.371567283514324
125.08192260001827,101.01800842865572,28.095225695575685,33.23483083763688
128.15206842163371,94.37221900810984,28.416840485450297,33.12063842323548
133.1741019615877,92.58229552472773,28.744039770593567,33.04324285345491
134.45050054212365,96.19394483469544,28.77198806812458,33.276953549010194
138.07131636943268,104.49270553649896,28.656525618218435,33.650419465349444
143.89087145852892,116.9344807824165,28.599234974327704,33.30518188550165
151.59562826616346,133.32589075126205,28.302627815052272,33.257156564509785
162.69909394246372,147.1671286267,28.218594564258417,33.42864466556264
166.81317042600665,138.7547590061438,28.02033165759736,32.91767910320822
170.73218034227426,120.88253343846469,27.92377453258169,32.927526356730496
173.28492566725674,109.34961340188394,28.118501034258554,33.37110538252871
174.50407471372793,98.7114922871641,28.375990132707166,33.54746167141663
175.80766786499032,90.43161094861745,28.900313849484732,33.312416914427885
175.97642033337112,90.61655555507932,28.882360172002382,33.40769829357379
173.62184348904802,97.04912487439574,28.826073873466,33.62673095010696
169.76137038176432,107.24928222007298,28.733442912893018,33.67423501485597
168.12343920068855,120.96919699363902,28.581167972645872,33.601112315868455
166.12613681306314,133.8178375008572,28.399915203951366,33.758662996988754
165.4121182078149,125.05104312218565,28.2441044148751,33.75756089739823
164.42860584502938,110.55256964562955,28.16409106213804,33.33923227677995
163.35090462803115,98.90917890022439,28.3686856863048,33.38731099354243
162.98394183980093,91.97884386122574,28.785075266328157,33.30770015723309
161.96813534912965,86.97332893297865,29.423610874166076,33.19284786498459
159.99230205663537,89.13574064624648,29.37410825444273,33.37889966351608
157.55896021533567,96.56609484638298,29.359251638580165,33.87186424450529
155.6442952472053,105.3225651564004,29.416600573940688,34.24775190205834
154.38820595989745,116.76676400761963,29.29701950500169,34.485601605625746
153.49715159259827,122.59694886286147,29.13452431961713,34.45003448455856
152.47432475419714,109.72881374197569,29.211280296109614,34.53319422217972
150.78129555372433,95.17266401337983,29.017896672824286,34.04667966875131
145.9170614713587,86.32589814961892,29.525421386627862,34.15730276590205
139.3859419956027,82.42186006615067,29.668757940984026,34.01769130695354
127.80386837472413,92.0988009860611,29.455862412355454,34.143950153167864
125.05724999218711,101.63866372645307,29.198057288238825,34.37271924025498
123.47699376475863,115.79332780860456,28.989128233848966,34.32012401662584
121.69826090195846,129.2351119659644,28.777783925651068,34.43623145263862
119.85597371219927,147.28583634375116,28.520622560693127,34.25004301200646
120.82848304718821,153.6928946614726,28.482865739164957,33.98839658377796
122.30111454870986,145.04758662589703,28.2812343374553,33.91831395497794
123.64394378012635,130.85751402538733,28.51292116003796,33.633349521597914
125.73551902445432,124.09512528754163,28.745372878565856,33.35281007224046
131.5339470055525,120.00079561622744,28.974205278491077,33.117782433667685
140.44432783907376,120.79025353317641,29.328795708006176,32.780428370208895
145.8535052858478,127.3449383613683,29.288619983159244,32.88502412977968
153.27442581878003,136.56126820672273,28.907092714291853,32.75918626219098
160.21728965440695,149.5239337288848,28.64758765351164,32.87139756100646
164.75938449750015,163.9557502981002,28.208664500223225,33.017158114592235
172.58913270828603,164.13588976642413,27.912479846229598,33.10468952979303
176.7666269225438,150.41821919269847,27.7414580543718,32.751448829099786
179.98384698457573,134.61122458188183,28.049500592508824,33.10164601276922
185.45822602955866,126.19796169357197,28.47330586466455,33.61520830367116
190.7460592444967,119.58388592098066,28.825231712315315,33.51943006217162
194.6970588717581,117.50784424574185,29.090253255522065,33.38193163698398
196.07949517449973,121.33638959872866,28.82374342965605,33.54532938392174
194.9422748184322,129.63553219154164,28.731401238119858,33.899268929741055
189.38257996621869,141.86147569811268,28.4436940797539,34.07266992624254
181.97559334579472,152.52538319739898,28.382153290145297,33.87638759673733
168.5782850718026,146.49229206046527,28.408926591669584,34.20648302520682
160.05872503684913,119.1616601727606,28.447800613602936,34.54691931648527
152.75148845757258,102.84967577030804,28.39631822863792,34.20420950200567
148.51358391706734,91.09336259456579,28.21474815925778,34.27605902853898
143.46299662638546,82.26475135224443,28.95944309584614,34.22162112804986
140.11124728436843,79.18472495036391,29.651683654575017,33.67696726295712
138.09910055514618,82.73573477475301,29.667658211957512,34.03933264683276
139.31845791469144,91.73172606309573,29.523322727180982,34.144310137896326
139.6432108636588,105.94337910619258,29.232726495784508,34.21224550678077
141.00311140710565,119.27723548381543,29.15553810458474,34.18492696235049
140.978493845788,116.00386488565478,29.087682174985876,34.3182718001818
142.0276475743666,103.64445949768917,29.362875064966126,34.50385656292942
143.51518078886883,98.45612645620267,29.553521469366196,34.97299853701572
145.28172572038577,94.11780162784298,29.963901845971638,34.53752851905247
148.94238801754977,93.65099133462127,29.932352146357943,34.238529819912415
156.3036758360577,105.40545080975461,29.470393765506685,34.14093823170626
157.31706268855754,115.66379968124343,29.064681027952354,33.92471656294736
159.04132227596762,129.22300143254074,28.872527629194227,33.8099141345715
159.52016303706645,143.3208634503809,28.588539763917936,34.44748019898883
160.42644883982376,162.0255192597723,28.44380339399899,34.160544068487326
160.92954731239098,153.8271839152806,28.344411189293485,34.042287847070256
160.10701998543348,142.26417345057314,28.553625832565487,33.83869985924892
159.41631208864257,134.8469183033859,28.907845934084936,33.2712707615335
158.69189033313862,133.79686666016713,29.241692534997636,32.73750082371264
158.40316206601597,134.9531776904208,29.183637432508903,32.56698338890719
159.15928641084605,147.21047089453475,28.895174858495132,32.88282415047909
158.80219939062405,158.51129181902948,28.724622672609303,33.00210095688517
159.0062149535628,172.79069851640054,28.508135528164775,33.22174329639594
160.38359183243534,189.87380147488508,28.26858476953465,33.89569393460265
161.61682915554985,209.2608444690866,28.025584387450536,33.481658147615654
162.19200601673393,204.20349697642587,27.846574599618354,33.11248834869641
162.42515327475908,189.32321738270787,27.410959972591364,32.91779965710408
162.35418900952425,177.0626117529364,27.361790394173312,32.8654349431363
162.3541975673416,164.59822307891739,27.578302841607954,32.98938746207274
162.10103270962216,155.80708325970303,27.97613366336865,33.11394920499362
160.6891815295274,142.70196346749438,28.561681612242296,32.993914207501746
160.5650651073666,142.52692798464656,28.649393232422767,33.16066290745317
160.86260585577566,147.27374353206014,28.547624481891017,33.54837374683011
161.72118489095612,157.7861428197113,28.394211194931604,33.9095786657905
162.32446778828066,167.1931993893277,28.398590887304923,34.07690893170907
163.3651729919472,152.34275004817266,28.150137866942373,33.737223049810154
163.8073956808266,124.58913002522013,27.802039282358315,33.66324056153553
162.85893684820397,106.02712825268935,27.952843766489384,32.9494755519096
163.00734284237785,94.0625457151111,28.105538269564224,33.37089106957096
162.03011642444432,84.67572151170535,28.71978817784192,33.506157518374664
159.99557522486356,85.06009708896929,28.661259416725073,33.40679495608998
158.29429836962592,92.99405769260096,28.683899797122248,33.993059234666475
157.82205073567187,104.90902766261708,28.61148904200484,34.1801194929985
158.17463026131966,123.05355561321997,28.200383992279022,34.71422948534739
158.4667237084333,136.10145769391164,28.327409971510573,34.8031997227678
152.7956604954871,127.10076902180933,28.12650279754946,34.4667436624314
149.53323414299211,111.04309814115143,28.24654412024575,34.17953186539757
146.14726236691152,101.70496656511654,28.747403363782666,34.3849373972281
143.37797166788178,96.41415563682736,28.658317334779134,34.401942096824015
141.1314883846472,94.92803049262974,28.334647815738034,34.55348673298231
136.89622863395076,100.47055093372812,28.55371963951863,34.536238743241626
136.41349136564378,111.88009098972665,28.608072509701184,34.43395550624455
136.41118803026757,124.37314447800264,28.637089409629862,34.609700412627134
136.3741466931226,134.37013573732827,28.74690694973426,34.85846424712528
139.43878482697988,135.1452561674858,28.762808523206246,34.7992134294967
144.16711238551395,111.0016899391256,28.876443971628813,34.673454498277664
145.6122298885988,99.71490539126997,29.115335514226203,34.296690952387365
147.810283177195,95.29393398235801,29.36364336193003,34.133219761117026
153.49594227100795,91.00997324586646,29.204028474780237,33.82688986843851
158.78677323815475,91.22353097952536,29.119809739644328,33.330127893619114
163.6732127590273,102.64351460681473,28.85431499813116,33.62375896667707
168.90304499202273,114.74522849871835,28.397399021520215,33.03775519410032
176.98309510933285,126.05179856740747,28.25807172085993,33.08598628780118
181.3436306006355,129.33390903329388,28.472456060520233,33.20694840427665
182.3359973774754,124.67510440856904,28.486285438854928,32.78631264335034
184.02142959156015,93.9017983071575,28.635006858540027,32.96313953733554
184.3748294794296,88.57384879937943,29.16270224576498,33.55401036227889
185.3739576192591,84.17818556780537,29.571814149241966,33.425614268359126
185.895043510043,83.40673216205587,29.849942350698768,33.347320995171856
187.68881334777575,84.35088660709167,29.660790345750204,33.53363950454484
192.67197088221687,97.34813577754497,29.17613039771761,33.77362678985894
197.26531316069736,109.07640772657469,28.692457353512978,33.87773085627705
200.4371356136369,121.50596119666616,28.497575150575763,34.0299650110648
202.62542606434857,125.31676566800374,28.650487104224446,33.764187214629885
203.98213002807194,120.43295645439105,28.434111342305087,33.279036171640435
203.42395096398005,91.93439764637475,28.62724788235408,33.77864478498747
202.313942835073,84.74798418442394,28.54988369278049,33.999320601101005
198.28199241249447,83.30269553013004,28.928041682865505,33.73751958899484
191.7345700852404,83.1782295559018,29.082550109956685,33.58322134717424
187.53966367124804,86.53060757861473,29.427049102797383,33.57164729332551
179.26483742828432,101.8270377390613,29.3788660479533,34.04945423927808
176.7506717985637,113.5250823987819,29.050807308004867,33.83395268839155
174.80574117741537,123.17801422195548,29.065199342537888,34.30591153655124
171.80135903815523,124.05793312012723,28.834348657526654,34.352881735050254
167.606975002073,114.70145698082318,28.431305740311256,33.63950153990348
163.8541500830281,89.70446810104983,28.712332375123477,33.75764006605175
162.7406014779466,84.93459656099441,29.274716560193394,33.507221059675786
160.46764894546692,84.37213610510304,29.437486306396618,32.88632490621957
158.84322516296595,85.47421966552297,29.1905886893612,32.80235508152228
157.82906163825098,90.86314491296515,29.178070106238092,33.30060379165499
156.01184386784868,113.43187917684796,28.87502329001749,33.60913822409448
154.14038360519362,127.65621267206106,28.538665823079096,33.45119312697882
151.78694880501203,136.6301898889592,28.62484555451526,34.11364175409562
147.73868364996605,133.7354972384236,28.299226206404132,33.918449399374566
140.04883565021075,125.00295409868757,28.142073184003088,33.50540953443746
120.80421355042463,106.98564285277087,28.30720925979603,32.96650373647595
118.54408664279308,102.544517403417,28.492045804398746,32.84207223924861
116.75400432376549,100.41675702720401,28.835219036966862,32.52039973148172
115.04531374222984,101.23483322339504,28.766502864222723,32.76949909958243
113.85609318371807,106.00964577313977,28.818542747573154,33.31727561905052
120.36033101837734,125.50184771967201,28.666795632026606,33.52920275015596
123.13817649256055,138.09212030615203,28.480355934880905,33.58844563261587
128.30370735949498,143.12246023249418,28.329836193199515,33.52599289937733
132.94038591847635,139.37409027333035,28.400230028911107,33.23823507982045
139.86505942656427,120.19530698408921,28.588661867105372,33.04728633847853
145.5369334514577,92.31395327445813,28.7202041157804,33.45782853557273
150.84914580477295,82.94597902355454,28.882441510895553,33.82619090151563
155.24909690600856,78.43040791379737,28.91871618067775,33.30231183501925
159.01177039483997,78.02026957204544,28.923944478436084,33.047572854422455
162.9315918923437,82.15111953704888,28.572248470580686,32.95799969443509
167.88374694982798,103.35289233944218,27.979519967245423,33.10116505766611
167.4626023470318,115.89785418808825,27.84312015792614,33.25710241384077
167.27482877193953,122.99316449830921,27.966227988023256,33.35519524859902
166.18370441201515,118.84972478438127,27.922793972428906,32.93534097284163
165.30825538044323,106.39868771756483,27.71021776189112,32.270429022490134
164.35971424804316,82.86574365713317,27.985721810138475,32.46264847269916
163.18648786410722,79.52121046314657,28.520908513366535,31.988613664383276
161.79544151564326,78.14110871979904,28.923348471723298,31.67296737957871
159.53483263749646,81.7648264995642,28.758266427144065,32.241885141123845
157.60467470247627,88.12434838225779,28.61912350735902,32.240765493778646
150.10144487490555,110.046225669121,28.20130967159469,32.65445339441746
147.85487720693462,122.20429444194707,28.163254135344175,33.48154247230046
146.49221760877134,127.88405712780815,28.6008972357082,33.234957888847354
144.04409988829937,122.1013975946876,28.322999375870914,32.88883038373838
143.38195834978816,110.06360836159523,28.396216841054024,32.67025182172487
142.5730282904664,102.00800182629445,28.921477448551023,32.34783681005102
144.228662176397,102.87055061335258,28.690783473915772,32.29150358873325
146.95092669298523,109.28246480067651,28.12439536710036,32.38890266922453
148.0921141559636,117.25040164510264,27.81809311017289,32.556523624537306
148.71244146301768,124.92875857977424,27.58835627884823,33.004982675421154
149.33540631898825,149.26782751911415,27.14518818122977,33.079305276477655
148.94579249469837,161.25170952928227,27.072108510168363,33.06616161746956
148.95148023348807,170.74928178262385,27.2680287334967,33.033930623969965
