51.5,53.5,87,290
51.83913505627993,56.90037349817567,90.30151294560665,287.4086341071643
53.93486856953201,58.334240203960064,93.02046395270234,285.28338246372675
55.316789720466886,59.0591393022105,94.89786510862677,283.6885025236279
57.84049951837908,59.58180299121659,96.00264144328334,282.0169024076358
61.014919095136,59.812604859126225,96.34972609500632,280.42031632432816
62.82899726881309,59.500439923632314,97.18581077548417,278.61830633058514
65.62175028950435,59.86747858932506,97.62030137716808,277.4363210447452
68.13286198527754,59.26619628337636,98.2402026384842,276.51031581525774
71.0126115192516,59.48075630154989,98.3755247375283,275.45839298493104
74.02815853436593,60.09780292091159,98.54376675924055,274.4148742431921
76.51176464989285,59.95124199720581,98.52028822035588,273.768204470826
79.20621189433376,60.466114539569816,98.69649249398628,272.7384716553616
81.97294118449369,60.75994533883568,98.65799899011297,271.6541749476437
85.97077464998654,60.855125625510425,98.26186180232183,270.8821156586074
88.63945363338348,61.85101562590688,97.68786528953797,269.92760536930894
92.08391690648983,63.061761898967745,97.3259715954981,268.6030832621444
95.41928997525153,63.35818751695007,96.78139800054674,267.5355560131869
96.97113732461193,64.54556157784634,96.40457717649024,265.8671442704456
100.89340371113776,66.19082071410463,95.9412013248253,264.7212519001049
104.44961782295113,66.58627752902538,95.68593176208724,263.92338576237637
106.0952513008572,67.19405574745633,95.32581786528083,263.2113508871371
109.54167953092153,67.37652050199259,94.88268035733115,262.5242678395991
113.22441444998415,68.39548585632059,94.26650193918881,261.38044292298866
114.98029605036331,69.45203383920969,94.04494898547027,260.0745900063552
117.59204405284338,71.2067621678475,93.92044485139027,258.4666522900052
120.17841162164422,71.0944011786666,94.2185930832344,256.8703087232849
122.09831721679001,72.21228184129922,94.321347572493,255.92183630220973
124.36736105762182,72.18451616463938,94.87988855675344,255.0158621232647
127.56691737923818,72.56214831556983,94.81044729642477,254.45729247861033
129.5439402921204,72.6039344917188,94.9578390393249,253.75695128933728
131.4469442211285,72.75332608839108,95.12501838948435,252.91097838346832
134.43413055478754,73.00932005408634,94.98790930630318,252.23278373458663
136.32936803788513,74.0200655071145,95.27025500356017,251.50163539788153
139.5631384389384,73.68338066895696,95.62514385843606,251.2178186137016
140.69902996258133,73.3755715138935,96.00136009780181,250.37759037574807
142.8570908122398,72.52280741900744,95.90289214985822,249.57327116294758
144.25942466684094,71.53343157127124,96.26006726368446,248.76765720442828
146.72445307344617,71.282189466167,96.11955694018958,248.3144837536756
149.85544152031662,70.49380195850664,95.52156815985198,248.2920591163245
152.06673353644987,71.28964828385499,94.46518981987671,247.67782881694998
153.67912331044656,72.12501041908929,93.44341057896649,246.8469010896027
155.75985486352064,74.1683483447466,92.37126074147984,245.98154729791943
159.23064181266201,72.10619513396297,91.72253304604745,245.9948245713849
162.39121101581347,73.29384028314404,90.42663887573697,244.87426235186493
164.32129033421054,73.55031533260261,89.65614589026421,244.01502524084756
166.57796373001037,74.57275918075545,89.4360701634229,244.6300458392196
169.0762973547259,74.7609601144319,89.1864031314295,244.52839462179577
171.06473502070136,73.99847949540943,88.87276656328784,244.18381636055787
173.04220977364628,74.86417110119454,87.90246433141535,241.65616289771353
175.38117311008887,74.99563550009056,87.73902969344226,241.25010251599244
177.24024008770294,76.91774544458585,87.33549429854735,238.80089095257864
179.0083387971706,76.43006256506676,87.87121393664938,238.5389157844928
181.47508191474066,76.57208830421762,87.88063980325492,236.72758576367247
182.53465037706093,77.25099905125197,88.55335606808275,236.09623354793933
183.6130180598887,76.29925693365502,89.08958954779462,235.95372350136444
184.55156130456822,75.51364083926505,89.12593255710804,236.2169867160309
185.91713164955473,77.00937053163656,89.38285734832098,235.6668763608289
187.9908643620933,77.88441172542163,89.56881410723429,235.0030263970411
189.82650820464715,78.77140845289546,89.97278086243422,234.17712134960993
191.40457447923131,79.06810848217559,90.17934519932848,233.3457759430253
193.3732986858038,79.10659043502169,90.40557924696844,232.48345950923786
194.4604812095248,80.01884551850475,90.07031777904763,231.37103900005525
196.44309310567357,80.29265836118037,89.4691860983376,230.51782229769617
198.6489346502221,81.15612490977959,88.61010100881332,229.75839495353804
199.42072945866403,82.5101144308322,88.2368720763243,228.56950966334017
201.9435478527225,82.1523703574611,87.31749413830498,228.05575035925384
203.25663247197946,82.49128104307636,86.65407879173597,226.7263936558204
205.03500594772993,82.00287003781114,85.87304194613105,225.7526362615199
207.0892251152822,82.80321040880274,85.19932889560292,224.69807830891963
208.5139704364404,82.69091925572826,84.58289909007848,223.5837773343145
209.32203262688597,83.31124783035388,84.14382863756259,223.0979021465043
211.65649896611768,83.28377076484809,83.44985890885195,222.5785444846654
212.15614100398497,84.29266517465501,83.2493921696767,221.59926801418027
214.11503402906,83.31389939134375,82.77552792395471,220.8206881782912
215.81381315160863,83.43978601236196,82.47758048436896,220.55408481075898
216.88970250198253,84.116383723184,82.33971016985163,219.61154676516585
218.72741579248373,84.1482063983659,82.06326420637244,219.07848300831554
220.29159839484524,82.505530937918,81.59012833171228,219.04653575530693
222.06433514529164,82.51888848036108,81.1472482527555,218.59521130734169
224.04139153653395,83.52943246310183,80.79566642653919,217.70645805102768
225.74657079790288,84.39908942147194,80.63761293462409,216.58316725755176
226.9157245670233,85.43237818087779,80.12952561885643,214.91715229333792
228.08365113145473,86.26725511038649,79.66553800093409,213.29911695618375
229.08833251885815,86.92104723028191,79.29649528876456,212.19601951861324
231.0951035880579,88.53610800282308,79.03483331927984,210.59165531014742
232.88225189321713,90.70374264089568,78.64130400670612,209.2939793987178
234.11438966073845,91.9236413389776,78.58975296659759,207.64091294766428
235.55071767127123,92.09152887184699,78.4507442920286,206.82485092609207
237.08595621198126,92.55090377900584,78.3209601122199,206.02234776735776
237.97627345936021,91.80236800804407,78.15507767167647,205.58080541767973
238.56850069725652,91.35362587484713,77.98206406902986,204.98606058003156
239.65141875967657,92.1024972159561,77.64946451931641,203.97330637861995
241.0166092244442,92.24122653614393,77.44318437026823,203.48664565727927
241.11224460115972,91.36199643513132,77.09715207892773,203.36975633766752
241.48408980854754,92.20846169322897,76.64914972705836,202.8569857478867
242.81766107520593,92.15375260449127,76.1396490814063,202.43129243845033
245.3019386499883,91.7996858308189,75.74202441279863,201.98828732250314
245.86432465849597,91.40481263352949,75.58793030801853,201.5813244418363
247.47079947615737,91.49004618025043,75.3485984648253,200.95125070090296
247.71355137603257,91.12234791269577,75.06428980078749,200.5945033427704
249.5911458775127,91.23498331101246,74.72989170854808,200.2125222641689
250.6282111729321,91.83311839760424,74.40109741188341,199.44612552767472
252.03138884449726,91.8076601547314,74.12259555767523,198.30684549929077
253.66121405424343,93.0825568208493,73.90323573228389,197.0673451262682
255.01464959733863,94.11830484587774,73.74363017572601,195.38996166318643
256.5434184967699,94.95640237389065,73.67766761795235,194.13931766402249
257.48010695345806,94.06630069586417,73.25837831958913,193.41246692957557
258.0672097576907,94.53918385745138,72.9100160453219,193.15310018544932
259.42750411706913,94.91913913146632,72.63293070638679,192.12294408535644
260.8209844342309,96.93515388036485,72.63850680759793,190.71373854118792
261.5837236975439,98.16149966995897,72.32841407561145,189.2296683947809
262.5527481194125,98.16901393738324,71.99975417936122,187.87444480015606
262.8024660103713,98.10120214594626,71.56920668170959,186.0878262184182
262.86099247457605,98.0136738412942,71.40076700579078,185.05517995258498
263.647852455728,98.0153332105746,71.17296045367371,184.27187960086502
264.1489378621048,96.69481125109667,70.51297749258757,183.23782462379427
265.005666243832,97.0522448994709,70.33823132331034,182.7348446568626
264.21896275360325,97.48766227587629,70.15153007126966,181.91667600565654
264.0662483040632,96.82967890442525,70.03218459181168,181.30313895007382
263.6999014373238,95.70688161914455,69.72658555967317,180.9266906262718
263.9989810152891,95.06393355580947,69.37078732345647,180.68251549439705
263.6710466488306,95.30740724124351,69.09892662855896,180.10252919203998
263.7472680777404,94.41831076800207,69.00010109169426,179.987647149204
263.7946533986657,93.9092225447403,68.66027130236651,180.147399409021
264.10399080725415,92.38579273073498,68.59176154237187,180.31729875947428
264.57414209452975,91.2486480731786,68.46611796726376,180.0566993302328
263.8983338352581,90.59905790154701,68.3102564870735,180.03796292258806
263.0292868571916,90.57690501767254,67.80003677781644,180.0642538160277
263.47083818318015,90.0872527734948,67.62605499547595,180.5364815641183
263.82940589733244,89.48873293971887,67.29385882050158,180.99502683546044
264.83723161297644,88.95373598135508,67.22002550730889,181.26279611611014
264.36203436069184,88.60138135764606,67.24134459197536,181.08261325747196
265.197615845211,88.27203703463172,67.12428237481386,180.86533839441785
264.8776333791853,87.3582757741763,67.27780337004046,180.78771646227997
265.7842165662948,86.28114514083885,67.15425749066402,181.10416089450513
267.76249176706756,85.72372099123477,67.34262266986792,181.15681532316884
267.75258937542804,85.09888174122305,67.41744710003002,181.38470892157332
267.71394595529375,83.75415929948782,67.6848778384281,182.42565956142195
267.7630652893086,83.42424248536567,67.62956906934585,182.84904765841722
268.67329272866374,82.92741004662012,67.50409505039207,183.1380947375799
270.4287598948414,82.94270280239627,67.39181303317656,183.07155568939794
271.3898473909029,83.17580193062301,67.21660511830869,183.0297492390701
272.5174109409909,82.58018962653976,66.68645217355873,182.7712141254806
273.4033531458376,82.41661879399415,66.52795129543568,182.73264940638987
274.112810700445,81.87267451782496,66.60557339477819,182.43976846753256
275.4310798169249,81.73853117629052,66.69975925811647,182.14060802468973
276.77522418036386,82.52114354869353,66.80523702980429,181.8587565165399
277.5542836934811,82.71614782512283,67.12954998751748,180.91295908905514
279.7277952832037,83.08202704692182,67.31628544836161,180.51632394600952
281.4452069101155,84.05428953288536,67.33544621667863,179.53253757338283
282.00755788896555,85.56012533236748,67.68354522905597,177.9905672645492
282.86203019956184,85.85225803325528,67.9706078119192,176.5325800843808
283.9991827041524,87.50895635649421,67.95838371055976,174.2597365308595
285.49627474752185,88.30848489605022,67.82611139750244,172.3663498383003
287.2620929763467,90.2615338309959,67.42716036275016,169.9709190540565
288.49615053391756,90.71003084794492,66.88358684020642,168.0744141358735
290.201989677017,89.89917604371978,66.2637629355687,167.2276975167542
291.22033517752305,90.95292795149632,65.93457882962198,166.47462580721918
291.5851568898726,90.50377253814847,66.00447085824234,165.67283621200937
292.24248920144106,91.64764749423165,65.65118534591862,164.8203080911104
292.20464192460065,91.2176290417058,65.4771383006357,164.23711496324125
292.6509575868796,91.48890346676717,65.44951461500915,163.50603639817655
292.87679672532835,92.06486027651265,65.21572677952929,162.82318981579115
294.01522292266674,93.16753026078175,64.6232928247176,161.74615635531723
293.6393693829158,91.10949173099112,64.10990431267444,160.38556601072366
294.33397259620085,89.98934241031039,63.525206274146754,160.7193846973656
294.9083847778525,91.40753377042617,63.0169231067128,160.37340300672082
297.18023750071404,93.51760330594524,62.649791891183845,159.6772919985031
298.4414089791208,91.88708300583377,62.165958780104,158.66216139129807
298.2085765656591,93.94757037596317,61.53377781425701,157.2546017969133
300.1347589373618,95.17817564374269,60.41997303217054,155.9496817925127
301.49207443109304,93.88826023465182,59.51353489386732,154.79146715666917
302.8540582838424,95.30698097193395,58.71577961836902,153.43861132491955
304.3092408933985,97.00785040590515,58.42813392554765,153.12254650444726
304.5985452607527,97.2909613516768,58.16256455326986,152.54879683591014
305.5220380363685,97.72653961018602,57.869079892770095,152.09238463642328
306.7674758474359,97.65980354896436,57.43096367958608,151.53157816103487
306.5654904983694,95.60363121877312,56.80383863453976,150.93992997778943
307.0123205027839,95.44270506124619,56.34115430129357,150.18429995012326
307.6239281369545,96.78670192056644,55.75793907825197,149.54712944315267
308.7821485590244,96.2201323754393,55.19087774976006,148.78152538078854
310.2146595209707,96.56805422917478,54.60326013418643,148.24695023539607
311.16617920069933,97.61570508629369,53.95778412731407,147.6548937556477
311.83590873240445,96.33285389104428,53.56213671894842,147.0492766614358
312.58764888265864,98.0490637802871,53.1102804781172,146.37438471116673
313.2329519185905,97.47249003549756,52.6691190936199,146.38644431107448
313.7895005045134,97.2469073301854,52.292266898294706,146.10244233755117
313.59684832135923,97.08008832795838,51.90682533154708,146.0485889667973
314.231375924952,96.24185940814272,51.72137827484383,145.66072266587992
315.3318569865104,97.30864981480153,51.51412380858729,145.37587348956333
315.57260867259424,98.22211259159238,51.38212651657022,144.7575571593474
317.5131416399934,97.38081333538182,51.012638664810154,144.23542754524266
318.06916838355414,99.42035570310358,50.745530131607225,143.47342163861077
319.55135516176284,99.27647884823807,50.297227179514195,142.79486693340573
320.4544985442354,99.60958189398372,50.10755380263058,141.83562917921188
320.95664379422425,100.32322157245869,49.94909410080199,141.09186262915432
321.56825103071407,100.2822983850369,49.790598947165904,140.14235779531109
322.3732969823133,100.65221484962665,49.50085196889413,139.55007275190715
322.97825575012945,101.86209124045041,49.18231265715797,138.793844121108
323.11429640059845,101.9539437139374,48.70514540811032,137.83362535920787
324.04509888490554,102.21125126535863,48.206916818509114,137.29383149980058
324.3703781013733,102.62490383092494,47.773600656281744,136.7063552383684
325.3983434473933,101.34841163237918,47.55647444765542,136.56356579550933
325.9045848552762,101.67797190089428,47.468397147083536,136.34324997435095
326.3198026754488,103.05473560083817,47.6928212641618,135.71503084968595
326.2215247321672,102.2800403478849,47.9558090605245,135.1706596730821
326.44391680564695,102.05820213959406,48.29515793062823,134.3691000505021
326.54720546622144,102.61903805450365,48.424262018122924,133.54250289218982
326.92430768131027,103.14408644542814,48.493067555749214,133.09088436799692
327.1829296632762,101.76101156745813,48.66024566756583,132.44770137170917
327.59205196787184,103.61162048184882,48.63206616810435,131.67168257475763
328.3076396117932,102.45693922904968,48.423166852627936,131.34517104738165
328.08968156786017,103.0668582682415,47.75012100068231,131.38652767496114
329.286453438596,102.91318134414179,46.89874122729684,131.1969550366684
329.30140801981736,103.07676206062615,47.030433667885234,130.85402962801982
329.7776922595367,103.19539015749692,47.13211745533047,130.44455791294268
330.7008957398851,103.52721449360541,46.956993143673905,130.10244876194304
330.1459589713884,102.30093092001466,46.717355772540515,129.51140223686807
330.55452331849824,102.17191013470352,46.52423799884532,128.83808940399456
331.09192035045527,102.8254547828345,46.411530552877885,128.41833820959647
331.570987871278,102.2732681223793,46.407298411451386,128.02287317830348
331.18386423599947,102.76486839461106,46.551506526525245,127.6407266466154
331.4540043573286,102.61805726772694,46.16351928051194,127.06894924170368
331.79782270045627,103.38502148358785,45.81383872476126,126.46195564827686
332.7881208299186,104.15330839582967,45.762323905808415,126.01853911520554
332.7574583213728,104.18092290253108,45.81577743106566,125.4108682663993
333.4406377750678,103.98151236544211,45.50279794014134,125.08496612070572
333.6119139066206,102.73508271118243,45.44363363603921,124.5797098896743
333.2049009897798,102.1368573355233,45.572319124814975,124.28757504967632
333.59354803440766,102.9708437748387,45.48948757332468,124.02853914843202
333.56741848918546,103.15378352387773,45.49443169208365,123.64333185522095
333.46902733762454,103.74252426301958,45.284029871212624,123.37814238056885
334.27253625514743,103.8111596997762,45.09364373477527,122.84829427612529
334.79520706667597,104.1835050020805,45.016908106896395,121.98723834308554
334.7519185836639,104.3501832656626,44.92409350998187,121.28403135920674
335.5464300423506,104.64322260474808,44.6377681319379,120.73979742527105
335.24405790153287,104.2680566130017,44.34499848754417,120.15077131740941
335.0915778934178,104.82779302273188,44.404690009883566,119.93427048090498
335.7666162729839,104.61280221084917,44.440285343189046,119.47502894631087
335.7724551702312,104.67927607315065,44.472408029358405,119.13251266158449
335.15252497023,104.36401373270132,44.50094731386695,118.97131599848898
335.0126529068911,105.00099770076577,44.59652031525199,118.66070014651997
335.7760813113565,105.40168365534342,44.42766509609629,118.37183591444288
336.0823136633845,105.68169172422085,44.31127572420502,117.76608803102773
336.1228308333053,105.99556740603586,44.14054520056276,116.95024623868773
336.103014620891,107.08687431948367,43.94832290348761,116.40410785563213
335.4064030127039,107.46733700360625,43.89711052339565,115.5616806309407
335.89573908017496,108.2309207623091,43.826872958289165,114.70967370036898
336.5318286470459,108.9188490836397,43.691144353645775,114.05068790207193
336.68980046307865,109.3616695125804,43.56842539008309,113.28228602770244
336.8367416330089,109.71538664249894,43.387667733722004,112.48443766101953
336.1172065128697,109.82227740870039,43.17473885805646,111.9280879397109
336.84460360199176,110.43129134163325,42.944342935160506,111.44711996506909
336.56192291889755,110.60836058607572,42.62447423695689,110.86605468749646
337.3891113690569,110.93094080224158,42.40140870558042,110.22828633892507
336.47222220987715,111.62063566120936,42.288023322882566,109.59147888255185
336.70683558010677,112.20854546925523,42.26928994794949,109.00866605614442
337.53662688942137,112.52236863635122,42.12091479067733,108.42104295569395
336.58919942425086,112.25063431857019,41.97863125895175,107.98430110818182
337.4042013997981,112.51147869313574,41.815350630725526,107.32199993563077
337.0363793045851,112.63233865408131,41.80531031664253,106.85660959070877
337.20314597831066,113.36307546738414,41.68778135573573,106.36345597619574
336.8066747043023,113.7512374386611,41.67907898244972,105.85256585174368
337.0374185111755,113.73657665673403,41.43929236486389,105.38125656003753
338.02475242159966,113.95355356306962,41.2877000769287,104.82447106003515
338.2297486298466,114.00945868749722,41.08880837285335,104.49356273495563
338.2322201830564,114.55644064138843,40.99145402400821,104.06193654756733
338.92429286103425,115.02737311303832,40.91772632018276,103.32896479906219
339.5144954779083,114.64239409738302,40.85595590641904,102.9201707656679
339.48714203855644,114.36432863223052,40.653258308718605,102.70686247554441
338.86134311897797,114.43986362126302,40.50669902812457,102.30466582068156
338.9435004596212,114.66777358346387,40.302542966867804,102.15239745095974
339.9272855278247,114.39244516664627,40.11663934771843,101.72096428825705
340.72832536351746,114.34312747749992,39.6517916223245,101.64121016199786
339.88106601166004,114.54574682330139,39.394449302136394,101.64335285595975
340.6809889756352,114.207804011342,39.280402448359084,101.48935734822949
340.53307344050035,114.96836464568574,39.09561224034283,101.07477211031134
340.54201131216536,115.03447100764211,38.832177922217106,100.37528797497968
341.06332906612835,115.39397191511969,38.62407449637188,99.86270831015956
341.65163167255525,115.68019599537118,38.336681713041514,99.36550120872147
341.75183096230944,115.21187549069396,38.06791548838872,98.95165737005345
341.934722863321,115.44609950708303,37.87976999357949,98.65293651370312
341.4942841453827,115.12022039374375,37.719272626866534,98.27229019841239
341.77322436084097,115.10478787930361,37.68006186080981,97.84724263726584
341.79413772997975,115.61102066392448,37.56939541605174,97.50846023452799
342.3933985971877,115.70460480365603,37.56151663455492,97.03666445786872
342.1596277541849,115.53851749209241,37.462438328304344,96.63527243918838
342.62632069518236,115.89562997631378,37.17300886911522,96.09772782700975
343.06326141454707,116.18286414971465,37.02748122877517,95.75901754638538
343.0845863155897,116.26606751474982,36.93398531566051,95.25829846675717
342.89287361138975,116.62890572086437,36.725166516201355,94.89697058529742
343.11259909905596,116.71638748165424,36.654198190195274,94.45564493307576
343.8819681660776,116.95038220781007,36.57017900356249,94.20062350239532
343.63174945784294,116.78298155883061,36.46940308404102,94.00549784465431
344.23813611913556,117.63013475238591,36.25429051756696,93.37516714933905
344.2245104335078,117.48605673216059,36.0860036809338,93.29407798844046
344.41290487523094,117.68275888894176,35.98428942846333,93.08143498235606
344.5840139357435,117.75673109988634,35.934436977642314,92.73720325630391
344.61917816233336,117.23939272929762,35.845080030328106,92.5674117472067
344.18960919372586,116.85162029697052,35.74428021624992,92.50734640096536
344.5769031002794,117.41442955639752,35.58668195611743,92.1818754155281
344.72435995275686,117.56432569195819,35.4932172430573,91.84930655024479
345.2817924476338,117.76515336801053,35.303354053363734,91.52493934147688
345.4175158833349,117.7794767803341,35.231906678302224,91.36779618287304
344.52338628379977,117.53822040906678,35.25843794825725,91.16143509795022
344.6532912604682,117.19074911223069,35.21473785188341,90.8609601563174
345.1445958315467,117.16432770836929,35.16613891737947,90.44695640856877
345.2087147748336,117.32634496146522,35.04577419250168,90.2004915733521
344.4826370743912,117.70280818163702,35.0225206816814,89.75705331030801
345.01637397411406,117.62015422898259,34.95347588261333,89.49530087974235
344.4540788213118,117.50292258626487,34.9932249368446,89.01177215744536
344.1049066271635,117.64549877214462,34.93810701053559,88.75731999057982
344.12394471841253,117.2577664176848,34.938505346843115,88.57293170601113
343.8941511093354,117.50086266091982,34.877999422011115,88.39415333401635
343.6909367120677,117.71898028869447,34.728957749932704,88.10236738698165
344.0572722759606,117.24032363574192,34.61803739414627,88.00884210321848
343.5928841242934,117.10180177233264,34.50741002049409,87.79100494515124
343.82571162768846,117.78081818442834,34.345830493211366,87.54739789934882
343.66545965533413,117.400190001302,34.212612169577,87.29384680290926
343.9086741783888,117.01428941223105,34.043612159369715,87.23538835990779
343.7654375190913,117.3951474343127,33.893884352581324,86.87604852047357
343.3052730787514,117.47038494695276,33.72811062839517,86.69013530032251
343.04917574923957,117.65078070155663,33.57972560602228,86.48523814510057
343.21477472755043,117.5335928102516,33.42104685640125,86.18589051376635
343.53978780399876,117.37259837728995,33.223968141267896,85.86102915138005
343.69520915896703,117.9680901636138,33.15838991680968,85.47101327206123
343.32818812235604,118.27487674818063,33.03805621040293,85.02377599858508
343.15964979196207,117.25113972322944,32.944156539956936,84.78721651157646
343.0446195196888,117.73990367312618,32.885109255171045,84.46710775689023
343.36000880231893,118.5864132374213,32.8417443585433,84.14969754935103
343.3029914079114,118.28733967265862,32.79316381833126,83.80112765502692
343.5739087323766,118.28070713457798,32.75457446349486,83.55008451700056
343.73857375456896,118.42505262288304,32.71106684042252,83.1283386432013
343.3982805208091,118.96108039889816,32.59384400513531,82.70666435824182
343.4631942353132,119.05844045376136,32.55939993710911,82.33903099520809
343.10367949814173,119.50895668663277,32.47446420053743,81.97600942471749
342.94086479083626,117.62044030574995,32.48543995032104,82.08784910558103
343.3010596413203,118.81412668886978,32.36933799292142,81.8810228614819
343.296898156223,118.14970064633135,32.30068532693176,82.18362947174334
343.48948499753766,119.13787257021856,32.25314436000454,81.86260340732466
343.83824747496845,119.34820814050715,32.14587621533124,81.39593170413923
343.9181527182932,120.05583843555041,32.04222951279826,80.83171129855054
344.0670772000665,120.8067446775787,31.918648929059195,80.36708400660211
343.7996046778359,120.97010447877915,31.835541908147917,79.9340829523203
344.1585768482756,120.97129383409826,31.678552555271228,79.38502289717295
344.7754834990609,121.23725360933952,31.58490923184242,79.10511118875435
344.39573861291,121.03293575283091,31.423101215524216,78.72989563586427
344.6473573604707,121.27909052679162,31.272484202847508,78.40262275135589
345.3084640440717,121.78375850643356,31.06735188175006,78.24785688284274
346.0070128094276,121.8951450886963,30.943529249567295,77.92788821967196
