302.5,135.5,67,81
300.95302492755104,136.65822202861682,68.05037974561355,82.10965095161646
298.3775017401038,140.32152634963086,69.52106222699908,83.69848000795261
297.77060677455916,142.98678737339608,70.63924895282477,84.87122334128156
298.5885405235423,144.93874749443475,71.30680152169205,86.10827857451551
300.93850230128703,145.99742845548107,71.85706870106587,86.52804367039771
305.4702886940431,144.43336646526316,72.00505330385931,86.7276193148045
307.9658246017047,145.15106762640258,72.32128777820901,87.16914615645847
307.3306230236353,144.1092009664763,73.52987904389468,87.51740119433626
306.69703047147107,146.3409721154008,75.00208321992142,88.10159268020911
306.85113405056825,147.45661828261615,75.92071155100005,89.79141717469687
310.0740474877572,144.12604131284024,77.26392047374128,90.5815651022858
315.39639597032027,141.39380299476525,77.96001616455996,91.26572252456862
322.84451901604206,134.60268255287593,77.85563065356077,91.16543014418711
328.4127408133695,130.70391830926917,77.47970322559284,90.34280901897384
332.3771157682593,128.3783572065627,77.34939234169218,90.59959404711022
332.93553307601525,126.96900013749027,78.2696923735497,91.28376166692925
331.5270885295834,127.31372401276907,79.46516990444744,92.685771283315
333.1927969245301,124.48718543190112,80.80430536827716,92.86603150092859
335.40060521961425,120.31521835524168,81.74324486178807,93.01019758784123
340.6042338449232,115.32805581443391,81.81554464852363,93.92714771523313
345.5521331907456,110.57543912782862,82.09925798080467,94.50578349322888
350.1875800899784,108.10383763272492,82.8004377373318,94.52670569501464
354.9701162218904,107.932459777632,83.46007116961374,94.74631814203927
361.9727523991334,114.33549718531388,84.98764145123607,95.32980879451
372.322073730097,123.97275234276762,87.14014739465566,96.34318033079882
376.5783309690647,125.60669880730728,88.14191514328259,97.94191986326733
372.82776121858905,119.28932669911075,88.74893871939882,98.94297133826639
362.6378161143526,104.4947081298115,88.74579517543027,99.31409743865687
353.274045442158,93.3111398561133,89.11907512150403,99.8851181108091
345.44112621402036,85.19104062343726,87.44935564015724,99.8697642842911
338.6214389728266,80.08583932207503,85.74043109605557,99.13883979198378
336.2068161221704,79.46918545702778,85.14471236941992,98.38392075072365
335.53960395442186,82.34224273289877,85.53218316983698,97.67140652933445
338.8118105151257,88.14980851102015,86.05094143514806,97.2511125432821
352.03255092586824,104.68151726249829,86.69267251246674,98.2706074853942
362.173542793515,116.71008209036584,87.43009986420931,98.16689656134852
371.39723368781534,128.46857017374202,89.15876063237137,97.93626683014304
369.9322932476278,121.93598656438775,89.77135287558522,97.94601698799953
368.62726019249413,113.70995790151348,89.64368705225881,99.45573155556937
366.35125344351627,104.55709458363468,89.50056686414885,101.01334265177618
361.521632532398,93.74250327358544,89.3805203944543,102.26645143459439
358.564379830753,88.00476185766436,89.17684981431519,102.90345236336036
358.0290112985484,83.46924564313682,88.02076354879881,103.49668537682707
357.76109400367966,83.39162291498911,87.75891919108773,102.6847845556948
361.0466072401953,89.70984171285116,87.98703507874359,101.77826353254153
366.45836932995405,101.85175816475872,87.99520073382084,101.62905320257894
369.72865222235805,110.39754510857206,87.99543981198892,101.61880866065539
382.7123549342325,134.90520100514476,88.97616404217074,100.66543610701196
380.7238844346831,137.56744095756193,89.60827214408319,100.93432282510244
375.56216335563187,125.36600212652726,89.6047861634528,101.08300241283094
367.92532067576985,117.94833706550409,89.23085704411186,101.94799752816341
363.3326548535321,110.84074582372372,87.96600386650478,103.99871410748831
360.1479575110162,111.19326219724297,87.0386279788743,106.17439339276791
355.4580687949883,106.53861922487206,86.23253333298823,107.62358145237789
357.3834751596825,113.7969247275679,86.29834777225513,108.31586994497208
359.39724614451484,126.74716842167378,86.49350878263206,109.04295557006597
353.90838067940985,136.48950936281574,86.49450841248802,108.738771810951
358.9778356161745,158.29610378678387,86.5101004539367,108.57920768835653
360.43707135829544,173.27483801889852,86.6604194054859,108.38648302905885
352.2303792044218,173.72006735282648,86.68051033249579,108.3430601864555
340.2139507128434,151.51956425194498,86.6956003631379,108.1484967776228
329.8576327416445,135.38906726364195,86.69991187316273,107.9467679759085
316.58757848359306,127.10420143830683,86.5315548130937,107.802506554069
316.996646399975,122.20064565164608,86.50554951021033,107.72228044275914
312.10143261828694,119.50959733734598,86.49308534232433,107.6993081970002
307.57823233030945,124.58072955066282,86.45615004181451,107.6481473241385
301.807167017412,130.0250034320408,86.3758813374702,107.50053870170238
303.694590201844,136.9725101405971,86.37541541408656,107.49684551316642
301.9892636422695,142.33488181177046,86.37486109572029,107.49609833323429
301.5070217854517,151.2438867472185,86.3699590662147,107.490090644345
295.30355768057353,179.67094451829607,86.16356597164976,107.37395117640862
297.61353809354694,176.232306758884,86.11683922697127,107.34407690351527
286.80039494527546,168.3055602347581,86.06521185774267,107.35012064909367
285.4700554093865,148.99710660267002,86.05778151255902,107.34413362616051
274.05752999629567,137.25841987683154,85.9664085411332,107.30608616414116
270.81865711159173,130.92813681536603,85.73053793938635,107.23479212624451
268.4023542725235,125.70884554886362,85.56357944668534,107.06652022046764
264.55109219617043,125.5258326018297,85.47987732680843,107.01486406287682
261.9806904079586,132.91718535965822,85.47424659613377,107.006392365274
259.2452519731635,137.17615388972138,85.41963699645524,106.97180701260615
257.253768076216,144.38898698020375,85.40985486092214,106.95308510654375
258.85146235713455,153.21861036902953,85.4168765201848,106.90993482547425
257.209382260392,183.4944544803016,85.30697538668942,106.80096892348672
245.9212166294671,180.70562833376755,85.09713568906645,106.71532547070521
248.70376044369226,178.69534632691767,85.08696158142911,106.70947032165476
248.03017679483455,171.06929870183234,85.0865557180194,106.70734174827803
241.87014667593942,169.64165113341886,85.08843205688386,106.70504549449525
238.82761988064414,172.5877224917577,85.08732451084722,106.70559057536401
235.4005452611599,176.82883523026416,85.08351972454714,106.70743396889549
232.5241339235775,181.11607682407433,85.07322651683839,106.71132087557446
228.54857337494184,178.5757874219721,85.0714052427413,106.7121915804137
225.5728150007642,175.88735050551423,85.06925911878214,106.71335444912657
223.06563886065348,175.03421134570624,85.06864205009613,106.71153340350814
221.78384000790527,173.08090243090493,85.0664097632982,106.71270470372238
220.35985226199432,170.12933459998374,85.06532066657334,106.71363537517779
217.67147058105866,167.2860549219474,85.06850452633901,106.70959910441938
215.80136791659902,163.15529075769047,85.06938075560309,106.70848838721793
214.63751610631942,157.2768132463691,85.07060947114829,106.70676688092998
213.17308894625677,152.66254854374546,85.0718579238877,106.70508121354543
213.12436501733657,150.50816883051658,85.0749673050702,106.70148130696487
210.94011855033813,150.28340434755142,85.07678581584936,106.69800171056872
212.72932167944623,148.17886833477883,85.07913145353768,106.69450974456731
221.15028856349264,143.7869942451238,85.08078937550836,106.69276788786665
221.54948900234808,137.70632198263692,85.08564280411383,106.68851926556253
222.8573823111232,131.64158474552733,85.08726923053946,106.68688450211081
227.12483357144814,128.02781062248022,85.08890006560243,106.68516658151806
225.8996158324613,126.88184289877371,85.0899434632691,106.6840209837803
227.88226733715152,124.45127356691457,85.09231304032971,106.68198377851056
223.50656659061514,123.94426796576195,85.09295540864665,106.68136275577918
217.01513040975198,118.95765778237762,85.09895723356871,106.6755143664443
216.94106386793004,108.84424135937523,85.10281606753973,106.67205203117467
219.81533675573047,104.90119145318297,85.10527641834264,106.66974509001913
228.7940296837395,101.50785437960357,85.10970925739295,106.66507221035302
226.97239453222437,92.44145741811052,85.11090211443934,106.66357925284595
233.15144230159146,84.13066876587509,85.11474028389608,106.65995628571036
238.68901320953,81.21874841190154,85.11648273773332,106.6581882633413
239.84724293834137,78.36048772039612,85.11836954208874,106.65626148427329
244.75828293844833,71.11212802509934,85.12282095209213,106.6515665758556
250.76061407799253,71.33043395817099,85.12498888845782,106.64916161269312
263.06174054363413,64.0478955821925,85.12650335219419,106.64740582223068
263.97054344647535,64.26577501741997,85.12662368176562,106.6468927041103
259.45438551950775,65.3452707165363,85.13444250353534,106.63886580439754
261.74998107419714,64.83199060850642,85.13395869625002,106.63934326632219
259.2809760394341,65.77039696061192,85.13381883672949,106.63954305333738
259.50503606511387,59.75396471175681,85.13403219777877,106.63901369118432
264.3536397720602,62.386090262311356,85.13443182429143,106.63846593632766
266.0127585808134,64.26892400245995,85.13447514207246,106.6383342874819
266.28320881156765,64.75179786560008,85.13748399185846,106.63515788411956
267.5847280372049,64.64358199480151,85.13749624935478,106.63421102428485
267.81742978597117,64.02298898244786,85.13578482087587,106.63527711491012
274.67940833882784,65.56083266797174,85.13626447511122,106.6345621349909
277.46633044027715,69.78450548716006,85.13722505508011,106.63359043612844
280.15639942844,74.20794655849694,85.13801178044501,106.6326403002906
283.7028926258585,75.26299378661597,85.13946775316171,106.63089397523238
288.5570258396121,77.60335573543401,85.14096008419948,106.62914422920761
287.1095453399629,76.20680570907973,85.14254425625792,106.62741491332486
297.8252421677719,75.93879726245288,85.1432089349905,106.62630723239414
301.92323909633024,77.80919906716366,85.14733600377707,106.62130865761002
304.8635909713586,73.68780332365867,85.14995449264255,106.61731211971765
308.1478242944077,75.11494267844178,85.1544324876576,106.61200644596383
306.8169266828483,79.8482030862239,85.14841059499267,106.61622880972087
305.9901069430619,78.05154898647467,85.14527769945865,106.61825321100157
305.84408499787924,78.32564002181792,85.13858892166259,106.62373350002959
310.3649593511774,81.09519473479394,85.11674625907263,106.64127280530923
313.4294050960999,75.24139732546354,85.09308700799714,106.68422528998563
311.55460990177477,74.32633975007887,85.09039143931102,106.69432989788541
307.8130436615061,75.21856302144799,85.08858052995578,106.6968223800724
309.0845466401804,73.12205920656339,85.08734503082864,106.6945184635159
309.30982910289515,73.9196965181856,85.08727043108841,106.69499429135945
305.27706525423656,74.9497541931274,85.08669610051258,106.69546849340149
298.7604613410782,76.11256216336379,85.09410036085029,106.68817521146755
294.6647703681173,83.02982803429005,85.09329595118125,106.6887999103499
295.0654055164843,83.50199823222864,85.0927957583787,106.68935239777349
289.28938592362863,85.7237918475562,85.09391255029114,106.68824287021286
286.00686445410685,90.44172816176244,85.09322682493652,106.68911302439315
282.33497320744186,90.45537137322691,85.09479139605581,106.68759487590557
280.0581044070814,97.41929838664097,85.09395736820625,106.68919469886994
278.29881285622184,95.8877773137468,85.09491799906962,106.68834233438913
275.7510390384901,90.25709862374637,85.09549683875669,106.6877959515726
264.39842009310405,85.78048306479002,85.10116312003171,106.68186149636516
265.40046900101265,77.1229837199204,85.1004057869263,106.6826569237753
268.1400101623314,74.22218048038145,85.09523951806077,106.68708894911785
262.24006246027693,77.21765896981627,85.10799407591732,106.67366531070232
254.96772209462196,77.75130324625846,85.12201131693185,106.65499471684045
246.01589032135527,81.55674197652243,85.12094311297692,106.6521757089187
241.85811898421792,87.66997734498469,85.17073776326481,106.60446359321003
240.39739804534588,83.44688251760783,85.18628703045897,106.5883710671776
244.0076553062978,87.28363942407319,85.18899428742473,106.58979497931402
245.96309774869948,90.63180886177429,85.19039210792839,106.59203684579415
248.88182176946415,93.12868750030265,85.18845479714248,106.59478816706506
255.5640247185209,94.23368516418395,85.18786325297187,106.59573749185985
260.7503573913558,90.28332057628317,85.18747421345437,106.59623721362087
267.4912276497491,90.21806194000159,85.18718187019074,106.59656268320552
270.52068015463755,90.36077821124185,85.18848613470581,106.59531045407377
271.9467997363473,95.90911257633566,85.18731594482752,106.59606718470158
271.96238471928484,92.19672541315083,85.19051054143416,106.59330406981758
274.9828790585258,94.22380315921642,85.19517949768736,106.58849502467737
274.5703915626028,91.18119497447981,85.20543493177118,106.57859382518085
279.8074265828948,91.36138432101855,85.21590010847245,106.56844427619976
281.94031573582095,94.9405452218015,85.2233003800432,106.56058843990486
289.209586591884,95.85345836496418,85.24430132386195,106.5428149318235
291.81577000504,95.40081611528049,85.25083708544051,106.53729790130653
297.0805301944823,92.51746013073466,85.25280035676342,106.53527589212673
293.32862637008424,88.5121906533108,85.249399658239,106.5390103807269
304.13106943378136,90.33713352185018,85.25091115962888,106.53889538034245
304.53985707673644,88.42800882190343,85.24971261941955,106.54040784366674
307.93858631052433,85.1491409517833,85.24881873085386,106.54139137901198
309.90608007633034,84.50084565781934,85.24808679921739,106.54218140026663
316.76871692925033,90.57043864551164,85.24967981548438,106.54039128364667
317.4521843878738,89.76510399180188,85.24961577836444,106.54103947671683
320.24872677225795,80.94288655706328,85.24982610694713,106.5418128471706
317.27897833721687,78.13368697548005,85.24516776081225,106.54853293318862
314.8561168043466,72.83943649792013,85.2476243394313,106.55258316656774
310.91112465825597,77.67214768516814,85.24601994371574,106.55086947890034
310.6096522560166,72.13435605855778,85.24398433904916,106.55213289264348
310.9222844698347,70.38969306660883,85.26053396447145,106.53895858090239
310.2489482328186,66.29958968173325,85.34031662794165,106.46909191773116
309.1520784693247,66.81097218041134,85.36082288428429,106.44956202207482
306.9676160933802,71.38468107470806,85.39516435370263,106.41647357155513
303.0191111338553,65.43820638990535,85.3913983633286,106.42631289477382
302.26703560118017,58.14730755349955,85.41321231148366,106.40549425746578
298.95085781287685,52.93306530252033,85.41845359213083,106.40086947597695
293.2838175206151,49.67714254689302,85.42650058443017,106.39328339619763
291.80727073455904,47.18058063317487,85.43229968289423,106.38739856808584
293.29003478474414,48.54384656793437,85.42048666850734,106.39655252391475
295.2019319549334,54.105614992587356,85.41255999055865,106.40319221879822
298.3763545047406,58.51928348685866,85.41975203083682,106.39575288192798
300.1037707693624,65.01609570365007,85.4223398507143,106.39325260148237
300.3936333226407,67.24888626525507,85.42773542210567,106.38835100936977
297.204249684343,66.96667951651229,85.4319046724255,106.38400232366595
294.5904035130126,65.17504491797928,85.42967281312104,106.38665242397599
293.80061925166825,66.42510820984826,85.42681299966614,106.39052340455382
292.3385448396755,64.25205192939853,85.42517509002431,106.39251975451577
300.32854044861034,58.423948343702065,85.42955315010873,106.38857735162892
304.9420741338756,51.32432172223589,85.43195889359188,106.3875837836482
306.1542209638282,47.44918095564213,85.43554194457843,106.39016224142678
305.8770326896276,42.70277297831927,85.43841900701007,106.38945555202953
304.51048309764286,43.747361037101314,85.44320665228322,106.38183742358592
302.20630338498967,43.6740541202205,85.44525046479664,106.3804643535609
301.2352169108516,43.502778640331634,85.44646467474585,106.38181978959976
299.50356468051814,38.808040143199406,85.44705470174266,106.38254384654732
300.35852485908487,34.036786443168175,85.44813013795184,106.38240960690031
300.87352926417856,31.302546329162077,85.44834445894426,106.38217512086221
299.51372752796385,34.93047785210185,85.4484168721085,106.38156682046606
296.798106414275,40.21580168975234,85.44851533880495,106.38061747890532
294.61747809844076,46.39580808023787,85.44861073847892,106.38016471075164
295.1953607666346,53.724197598342506,85.44868651422803,106.3798931666078
294.03060669091116,52.86610201695387,85.44879269576529,106.37965879132203
293.1232939681838,47.14212140544571,85.44914156517785,106.37908886352048
293.97787567969067,44.291498877733396,85.4508474544505,106.37645456256082
293.1765649957045,40.40371481623259,85.45108711618504,106.37579521134978
290.60227505046487,38.62412370834364,85.45140593641278,106.37456573546204
288.23409617082234,42.49261167405557,85.451303486805,106.37422596584238
283.358878750245,46.82728491488603,85.45170018098696,106.37349768639093
286.59105990789857,45.998901090095664,85.45151690468143,106.37228847020323
287.4807083753418,49.89459450266686,85.45143578247803,106.37185575806743
283.9968793358906,57.955836269141095,85.46699263075911,106.3525006583465
293.96740018697574,57.436514595111376,85.46636726464837,106.35220584169494
298.57127713518764,63.64949128522574,85.46508481140091,106.3512488375038
300.6893004319354,69.34694699375083,85.46096561277231,106.34957644175489
301.68119960053207,73.09232898301224,85.45988264384978,106.3503838896237
300.48160635565006,76.13984331891774,85.45891978821588,106.35078463828388
295.8980721132381,74.45148391128586,85.45871570529084,106.35064164286342
295.20589624275664,66.25544143191473,85.45518724014566,106.35393837833908
299.06159692448995,60.497947245432925,85.45482637350516,106.3540522929897
304.63711126704067,54.35095647599247,85.45341965190471,106.35427067116505
308.6441279405633,47.81413592150195,85.45127957725936,106.35341551092002
309.8616049339957,41.86006050537972,85.44789230563508,106.35168189034465
309.3044265170589,39.51295964775336,85.39847178812926,106.31391472589766
309.6169682211632,48.20652202513907,85.30954294811605,106.1283490378987
310.0680740914655,50.79352230713827,85.30008528542271,106.11460199868058
311.34723494030703,51.82077000042841,85.28448128297586,106.10469732369393
311.05720838408587,48.79057327662528,85.27969797202114,106.09805032787978
313.5590680903383,37.30168869017478,85.25470733072598,106.07166529545852
312.81846640838603,26.043782537464104,85.22298208955087,106.01335231096287
311.43398984670216,23.764047636545705,85.2128889158453,105.99599554038146
308.4872992548545,21.795002316153564,85.20271279897288,105.98512373113827
304.98275776102054,23.072723204329833,85.19800088765403,105.9810864309515
302.4678604187512,25.60123838959288,85.1978339861943,105.97391606103577
300.8441966080911,29.601923363013213,85.19699242378329,105.94997073577713
298.0955059850435,33.83987459520661,85.19694668318428,105.94647370504512
294.50125072204605,35.74749489791723,85.19650953156673,105.94538176409837
287.44000133725916,33.68478332420929,85.19821209752727,105.94288189973446
284.66948332143016,32.685744322031894,85.19797739630563,105.94253656615285
283.0474249135088,30.96767962949592,85.1978110128381,105.94249227378035
280.09018224945623,27.10380375123941,85.19530653762901,105.94185047560586
278.7469982067963,25.22429454082716,85.19305286353413,105.94080024141633
278.2484003425882,26.02557948141697,85.18900964980412,105.94174658128316
276.8336952809943,31.967900917799675,85.18267491520382,105.93767412019987
276.3589494794315,42.182461965168336,85.17972726976753,105.94005913605825
278.60800927127286,46.345783437282996,85.17908855537799,105.93997335125276
279.2784835275013,52.26429956691511,85.17851725449195,105.93893771979614
277.01728574235847,57.19599741877795,85.17858015647316,105.93868116859733
277.3587282068083,60.249029056883806,85.1787264885407,105.93816818153967
278.26003173054187,63.947471534355216,85.17866570381466,105.93844137250139
280.48968358623364,66.62642333387791,85.17858573968456,105.9384274257082
283.52586505886603,68.23611388681675,85.17822663581988,105.93877598177205
285.23439481695476,68.94605882450183,85.178182195326,105.93883384981771
287.4411455076602,69.26432648403791,85.17812962449251,105.93890707175737
288.4876875158073,68.76726556144217,85.17802241674632,105.93879763328412
289.89137805860577,68.62554341559323,85.17762289471749,105.93842138526912
295.2453406352589,64.34051193792584,85.1774585522632,105.93849418252286
296.3403500313035,62.59480833475158,85.1773363437312,105.93878939508168
296.18349329302976,59.16289666333689,85.17656900892115,105.94014735628876
293.9440335780484,58.47469688852702,85.17565340546719,105.94158088055602
292.25716414268027,57.695329907989766,85.17435293713794,105.94436348474271
291.3499782526146,55.47784562739115,85.17228222764514,105.94909999790528
291.18350471563883,48.27442084282942,85.17197478547199,105.95134084052727
290.4428463701434,46.8263890777088,85.17188693353992,105.95222915218636
291.12407139776553,47.23732725035596,85.17139967355325,105.952468764629
291.26668775525883,47.06359152279095,85.17116990542021,105.9532674165955
290.5846719590763,46.9742090532401,85.16901976656132,105.95653772953276
292.8040109997617,44.57849069557019,85.16879679001825,105.9571342959468
294.95191148182914,39.260378983195125,85.16869732963707,105.95875708135367
295.9018249411546,28.669163322157942,85.16826027400039,105.96210553294463
298.5893480343131,20.34353666511388,85.16730618973413,105.96692597044584
298.2597055314774,21.432228482308005,85.16686791354529,105.96813501794236
297.80602859223177,26.165457362822465,85.16588223200458,105.970639926286
298.0467041935161,25.887838984771122,85.16353857156923,105.97604755698433
297.0578247976292,21.38661131302922,85.16311945826033,105.97760549293639
295.7377713813311,16.925743997966748,85.16142326465733,105.98492857826153
292.9951747652709,13.55858039949267,85.15637306187163,106.02552923559787
290.76644256590396,9.571411597563525,85.15492556485354,106.03330742936095
291.06195169344363,7.685900155037224,85.1566585743464,106.0334899079957
290.7234618112332,8.085774262824629,85.16031649561988,106.02554713856881
291.9931777239886,12.825701433839384,85.16070557960931,106.02479969961547
293.8116849482259,17.78398109253971,85.16641993667673,106.0174019499028
294.73750012438217,26.488883887319652,85.17097835847305,106.01058288683218
292.14768009085145,34.366267678073214,85.19032198540988,105.97704199752476
289.7095387937058,35.25408135440539,85.18577238441921,105.97272521271624
289.0505326933147,33.40158368974985,85.18433706780635,105.97218560702977
279.7688691747103,14.577614640106951,84.78657210977602,105.90576060817104
284.19286620568715,7.629116950981697,84.73089639193849,105.44326559182926
285.4149619849714,7.67131511917507,84.70266419158528,105.32662862252106
287.10022153259496,15.272261046278729,84.65143096593661,105.33963487774977
289.61709905011554,20.670264160330362,84.63124528590636,105.3307437466924
291.9935979804352,27.11922033796253,84.62252061099701,105.3265100565892
293.30868672989425,30.842773731747656,84.62081496342788,105.30753532620889
293.4737126507958,29.344584012463386,84.61967317440109,105.30722115363241
288.62220009386135,31.351889476350138,84.61944931060887,105.30744176882766
286.8887659651701,33.77762505069963,84.61938360230837,105.30755696198658
284.4377360164779,34.69828394169144,84.61862625039467,105.30830499116018
283.04212302018453,31.591143155112967,84.61861393502848,105.30830929686108
281.3730008912854,30.63463245802769,84.61809972419877,105.3090289122383
285.3206833598598,30.277984417349238,84.61812720495776,105.30915082930001
291.00490385276123,32.55372973522048,84.61767766660361,105.30917577278116
294.1316884467597,35.3786927382804,84.61694232183785,105.3089971383349
294.025770270992,35.91905618319309,84.6165058654176,105.30859132204162
292.5611970584657,31.910050411092904,84.61598481763072,105.30872051913506
290.9620321119544,26.461028831374882,84.61494361118145,105.30925791837824
291.44529631849485,21.87499649554622,84.61263423181855,105.31037265412247
291.4971386319799,19.546096534284004,84.61134066156487,105.3112678792287
291.52265885054373,22.786828286432375,84.61077516244245,105.31125731682648
291.10728076559803,27.100159106263526,84.6085809191068,105.3130842178136
293.35797778012926,30.208825652237742,84.60659990350261,105.3132069898178
289.8510732419773,34.9489847974508,84.60324665680845,105.31404695592245
280.24723536992275,37.24314651940088,84.55462242838337,105.23972202047565
280.3031094191224,37.99945986816188,84.48321705207212,105.21045251403947
279.31965793126074,32.20778531550437,84.46978705717632,105.20003159219385
279.04945021074127,24.950570253661297,84.44291308619354,105.20702400988634
271.9903950861717,20.16676557659428,84.42232761847475,105.17918296271422
276.0719768728249,18.848245693531894,84.44519920141842,105.15289288913257
283.2810130133238,18.569648469094254,84.43576873560613,105.14392648033039
290.7986079277213,25.58730871233095,84.41213267115442,105.12908710347614
293.9221442158497,35.20489523171827,84.40301185042131,105.12691386633725
289.94541440435046,40.116804141623426,84.39290040179503,105.08864139564803
294.6006658258804,42.79002434684349,84.38825617079569,105.0880524065641
297.63216209177966,39.24020090268426,84.39326443245419,104.9290694959934
292.9800137048251,36.31986084859864,84.21021646454194,104.75329013913779
293.68302019951386,39.402717332306885,84.19884606664094,104.7499397472523
285.6138577001775,36.59737623649221,84.00642918298948,104.77319909113385
287.7869161574451,35.18369030729704,83.96105346413295,104.7165456142123
286.6344061048902,37.48208452949017,83.96066366094811,104.71658706103086
285.6760504753108,39.65942809215727,83.96033290312394,104.71655520150478
281.99781458317875,40.00798380819858,83.96029833973166,104.71633001085816
278.9535619133251,41.600767269994186,83.9599741620745,104.71601003169444
275.3951219009157,40.95082213134199,83.95982308948125,104.71576696148755
271.9472875673255,39.80126805139713,83.95941269324612,104.71589607741669
267.49868297318676,41.021947891291184,83.95816530803725,104.71717407958964
263.48579846403175,41.35851036129649,83.95766059893022,104.71760427530596
261.2369097818572,40.51446840003975,83.95553571489673,104.71984794875785
257.8525230320097,45.20064858239196,83.95441795253737,104.72003950208321
255.68007680814543,48.396187337592096,83.95373602129858,104.72076811732381
254.2354545699919,45.558764544962706,83.95338045907721,104.72118333225178
253.57534832797543,41.05287377828661,83.95331894771067,104.72130333606296
250.5167180064678,39.72833831541468,83.95275789730549,104.72193032450518
248.46013989611896,38.26575629492165,83.95193573207789,104.72249614848074
248.9921622443336,37.1374445822867,83.94894049701335,104.72304442993656
248.2896475125438,36.18082585068418,83.94549396552918,104.72424058664593
246.07875419001692,32.786945323456564,83.94529832222237,104.72344220430307
242.43937412009117,32.96385646511342,83.94497377960926,104.72223304226048
239.69543444189253,36.13596142376025,83.94336834901924,104.72332761410257
237.8638557527659,37.258414364983636,83.94312007045795,104.7225316006591
236.28359501884475,38.93694625784631,83.94304945913764,104.72211244536588
235.70281096036294,40.63740573978886,83.94298682639878,104.72115757564276
236.1018101268901,42.976304379021016,83.94302429380153,104.72035271356029
237.18996421457328,43.16012760259214,83.94324528751774,104.71923960544163
237.3611700403554,46.269045913453674,83.94351078214989,104.7127987242276
239.38389135707553,51.85120477439866,83.94384070119983,104.70743085432737
243.79928384376657,57.429630967435784,83.94718410763956,104.65924107353877
246.34860827905112,58.02541338458211,83.95636957621227,104.52492721580862
249.8751943470727,67.72637706839551,83.9491411771992,104.51095837479315
252.6729564629918,76.62481380106152,83.94492792329677,104.50750379373846
254.18817282013666,85.99768108212413,83.92027256801583,104.51319402104194
255.79649677191776,94.31732617011019,83.89815205207265,104.5253435118179
257.87760401260755,101.60660482731787,83.89021060383516,104.53134849903827
258.15226110728514,109.84656337429442,83.88755057927112,104.53364156438693
258.19956769375784,118.82625190842812,83.88285077455073,104.53875347927382
257.6952602260564,124.20979420016167,83.87663535907782,104.54619167717878
256.6148629750007,130.290623782185,83.87193041241298,104.552413525095
254.69180616156,133.4100581596899,83.86943173079216,104.55592252811135
