1
398.2332,185.7023,28.4518,31.9623
399.8973,185.8264,27.5304,32.9418
399.0176,186.5558,26.9423,33.1542
401.7324,185.9819,26.7023,33.1072
400.3501,185.6622,26.0289,33.4273
402.9936,185.5215,25.7636,33.4281
402.8526,186.0880,24.9749,33.8384
403.3483,185.4116,24.6687,33.4759
404.8513,185.5770,24.6907,33.4035
403.9877,185.3940,24.4456,32.9170
405.1649,186.4994,24.2035,32.4338
405.3297,186.5576,23.9780,32.0998
404.9076,186.9577,23.8841,32.0090
405.6412,187.6366,23.6320,31.6203
405.3001,187.5792,23.3516,31.1602
404.6691,187.5824,23.5251,30.9426
405.0203,186.4452,23.7963,31.1751
404.9471,185.5488,23.8950,31.3475
404.4879,185.6513,23.9166,31.4864
404.6465,185.3616,24.3141,31.6616
404.1358,184.2429,24.4953,32.0240
403.3836,183.9397,24.7986,32.0080
403.3773,184.1038,24.6733,32.2634
403.4106,183.1762,24.7250,32.6766
402.6136,183.0140,25.0044,32.8608
402.4531,183.1548,24.9247,33.0802
403.0704,183.3616,24.8194,32.7419
403.2929,183.3974,25.2241,32.2175
402.6246,183.5681,25.5374,32.1763
402.1093,183.3939,25.7208,32.4815
402.1400,183.0057,25.9498,32.5238
402.4239,183.3366,25.8588,32.5920
402.8759,183.3171,25.9379,32.5374
402.5944,183.5992,25.8527,32.7053
402.1995,183.5973,25.9431,32.8686
402.4434,183.3810,25.9078,32.5979
403.1098,183.8278,25.9032,32.4866
402.5492,184.8810,26.1019,32.4821
402.2186,185.2988,26.5110,32.5920
402.4036,184.8394,26.3260,32.3643
402.1603,184.9268,26.5096,32.2662
401.3427,185.0716,26.7274,32.2762
401.0681,185.2940,26.7802,32.4561
400.3318,185.1305,26.8037,32.6795
399.2058,185.8592,26.7487,32.7336
398.4604,185.7981,26.3210,32.7191
398.3346,185.5321,25.8455,32.7888
398.3325,186.3939,25.8433,32.2399
397.7381,186.3161,25.4673,32.1253
397.7540,185.9447,25.0159,31.7652
397.2224,185.7021,24.9879,31.1786
396.7995,185.7810,24.7963,31.0149
396.6158,185.2038,24.4971,30.7249
397.0733,184.9618,24.1297,30.8715
397.3281,185.4250,23.9120,31.0324
396.4327,185.9118,23.6512,30.9229
396.8712,186.2367,23.7799,30.7233
396.1597,185.7218,23.6997,30.6101
396.0244,186.9409,23.8642,29.9995
396.4201,187.8165,24.2846,29.6199
395.8806,187.2834,24.6846,29.0990
394.8178,187.7754,25.2441,28.8679
394.6595,187.7856,25.7242,28.1450
393.5292,187.9425,26.3288,27.8703
392.4985,187.6761,26.6866,27.7217
391.6438,187.6350,27.1797,28.0154
391.1865,187.7521,27.3633,28.4840
390.6167,187.9225,27.6076,28.6029
390.3027,188.0052,27.9726,29.2055
389.6986,188.1353,27.7363,29.8207
388.7351,187.4365,28.1147,30.5750
387.5454,187.5057,28.2760,31.0873
386.7439,188.2146,28.3151,31.4857
386.5152,188.3958,28.4207,31.8111
385.2268,188.4756,29.0448,32.0842
384.1452,188.1121,29.2645,32.1444
383.3513,188.3976,29.3709,32.0412
382.3264,188.1481,29.4752,31.9677
381.5144,187.9837,29.6945,32.0278
380.5841,188.2645,29.6378,32.6264
380.4595,187.6916,29.2953,33.5424
379.5103,188.0768,29.3236,33.8950
378.5545,188.2659,29.3319,34.2848
376.7873,188.4820,29.8745,34.1447
375.6049,188.6880,30.1322,34.1371
373.6768,188.4119,30.7473,34.1041
371.9525,189.1983,31.2722,34.1651
369.8510,190.0297,31.9779,34.0558
368.3313,189.9818,32.2521,33.8987
367.7076,190.1546,32.2523,33.6610
366.2941,190.2186,32.7287,33.3342
364.8114,189.8246,32.8208,33.6974
363.6040,189.5955,32.7895,34.4001
362.6708,188.9103,32.6323,35.4718
361.6896,188.9509,32.5317,35.9326
360.2686,189.0171,32.6673,36.5614
359.5642,189.3687,32.8123,36.7890
359.2378,189.6649,32.4848,37.0002
358.6472,190.0627,32.8251,37.0636
356.7807,190.4182,33.5259,36.8678
355.1991,190.4752,33.9677,36.9268
353.6301,191.0377,34.3471,36.9169
352.1483,191.5027,34.8246,37.1844
350.3889,191.7646,35.0104,37.7673
349.5673,192.2859,35.1100,38.0615
348.1537,192.1739,35.2662,38.7257
346.7482,191.4825,35.5126,39.0914
345.5716,191.1903,35.2002,39.6770
344.9988,191.6758,35.3145,39.2728
343.5532,191.7821,35.8162,39.1480
343.8885,192.8657,35.9033,38.6551
342.9915,194.3630,36.7423,37.6655
342.1253,195.3121,37.1653,37.4203
339.8413,194.9635,37.9827,37.3610
337.8260,194.9137,38.4035,37.4040
335.4032,194.6334,38.9800,37.6157
334.2614,194.4754,38.6542,38.0998
333.7878,194.8084,38.3311,38.3557
332.6612,195.4843,38.4672,38.6559
330.7199,195.5220,38.5718,39.4673
329.1700,195.7301,38.5313,40.5462
328.5240,196.4711,38.1919,41.3187
326.3113,195.5961,38.4460,41.5120
323.0763,196.1462,39.5679,41.2592
320.9190,196.3985,39.8127,41.0562
318.9116,196.5967,40.0564,41.1291
316.4134,195.7487,40.6308,41.4550
315.0750,196.5404,40.5871,41.6682
315.1451,196.2087,40.2922,41.7129
314.3232,195.5312,40.2538,42.2691
312.1617,195.7525,40.8516,42.6692
310.4008,195.7372,40.8787,43.1670
308.9555,195.9463,40.7610,43.8497
307.0923,196.5460,40.9434,43.7498
306.4213,195.9804,40.7635,43.5169
305.1214,196.4159,40.9093,43.3538
303.3995,197.0456,41.1905,42.6322
301.4301,196.8015,41.9356,41.9909
299.5735,197.1418,42.2223,41.8471
293.9053,197.2288,42.4995,41.6856
290.8628,195.8038,41.5574,42.1526
280.4435,193.8414,40.1191,42.8015
274.5533,192.8574,37.9119,43.4093
264.5853,193.2867,37.2392,43.1996
265.1480,194.3920,36.2558,42.6043
266.6899,190.8168,35.0970,43.3936
262.5556,192.6215,34.1725,44.0346
256.0844,195.5841,34.6794,44.1574
254.6900,197.7310,35.0940,43.1161
254.0733,197.5578,34.4398,42.8394
252.8813,197.0596,33.8303,42.6662
251.5597,197.7178,33.8967,42.7106
251.1975,196.5387,33.8110,43.0580
251.3690,193.9427,30.5396,47.4464
251.6655,193.1790,28.3726,49.6627
250.8602,192.5953,27.1937,50.6706
250.0923,191.5643,26.5942,51.0351
245.5407,187.1259,25.4567,50.3808
241.3223,184.3925,24.9396,48.8495
238.7122,188.1666,24.2531,47.7507
235.5893,188.5703,23.4849,46.8674
235.2789,195.3884,23.5006,44.9890
231.2118,196.7926,23.0357,44.1901
229.8993,196.7473,22.7506,43.2240
228.7178,196.5244,22.4716,42.8807
225.5898,191.6780,21.9114,42.4607
224.8415,193.1208,21.6798,41.4046
220.7655,190.8041,21.5815,40.6410
217.7304,191.6473,21.2991,40.0491
214.1887,197.8954,21.5541,38.5557
213.8418,200.2237,21.8399,38.6319
210.7878,201.0299,22.1222,37.8176
207.7941,202.3610,22.3189,37.6094
204.8245,203.8482,22.1427,37.2152
204.1956,202.2274,21.7989,38.0171
201.0744,203.6607,24.8453,34.9943
197.5950,202.1630,23.3469,36.7010
195.5339,202.8175,25.6527,34.4404
193.2433,202.8726,26.9516,33.0245
190.8104,203.8945,27.6890,32.1487
186.8859,205.5611,28.3561,31.9236
183.4996,206.1056,28.8418,32.0890
181.6422,206.4451,28.3565,32.0957
179.4984,208.0049,28.1570,31.9198
175.2661,209.0916,27.8517,31.9564
173.7581,208.9649,27.7243,32.0128
170.9104,208.7560,24.9143,34.7047
167.6322,207.9272,22.9141,36.3223
163.7247,206.4645,21.7427,37.0496
160.4808,207.0233,21.1700,36.9142
157.4559,208.1417,21.1830,35.9376
156.2207,207.9399,21.2761,36.2137
152.4430,208.9367,21.6134,35.4402
148.6052,210.3861,21.4507,35.0638
145.8971,212.5970,20.8258,35.3832
143.3381,214.2081,23.4815,32.8860
139.5575,215.3157,24.7045,31.7610
136.1342,216.1319,24.9081,31.4305
132.6841,215.4612,24.9494,31.5070
131.8461,214.8688,25.2125,31.0428
130.4961,214.0276,25.5368,30.9495
127.1974,212.7316,25.3210,30.4640
125.4072,213.5745,25.4389,30.2253
120.5177,213.4570,25.3227,30.0554
118.8116,213.7205,25.5680,29.7452
116.3436,213.8969,25.9475,29.5845
113.6245,214.9907,26.2812,29.1453
110.1825,215.9554,26.1572,29.2778
108.8852,215.6282,25.9814,28.6203
106.9677,216.5827,26.0640,27.8905
103.0250,215.4238,25.6708,28.1371
100.9067,214.5206,25.5367,27.3242
98.1115,213.0141,25.7517,26.6733
93.7869,213.5816,24.8993,26.1800
92.2342,212.5661,24.2315,25.9541
90.4776,212.6231,23.6557,25.5643
88.0623,213.0882,23.1459,25.3077
85.6243,213.0321,23.0560,25.1761
83.5221,212.3190,22.6361,25.3810
81.6763,213.0972,21.9414,25.1578
79.4804,213.5746,21.6167,25.4940
77.5067,214.3974,21.2524,25.3679
74.7723,214.2349,21.2602,25.3673
72.1982,215.2461,21.5284,24.8471
69.7057,214.0175,22.0199,25.0699
67.2919,214.3349,22.3306,24.9386
64.6176,215.1022,22.4356,24.6848
62.5650,216.0504,22.4871,24.7095
57.7479,217.1373,22.3622,24.8268
55.2651,217.5597,21.7420,25.2067
52.8573,218.3274,21.6548,26.0864
50.5078,219.5024,21.2798,26.5788
48.3010,220.8084,21.5402,26.9490
45.6700,221.5562,21.7665,26.9568
42.9199,221.6562,21.8371,27.4527
37.1961,222.4874,22.1102,27.8965
33.8409,221.4575,22.3053,28.1185
30.0285,221.5848,22.6007,28.9231
28.2742,221.0015,23.0113,29.8067
25.5339,220.5326,23.4008,29.5997
22.2856,220.1962,24.1734,29.4801
19.3318,220.5324,24.8400,29.6894
16.6934,220.9215,25.0635,30.4456
14.1416,221.3564,25.7416,31.1561
11.5023,222.1514,26.6226,31.3079
9.1192,221.9414,27.2754,31.3444
6.7949,219.9331,28.3538,30.3413
4.9738,220.4230,28.1256,31.0275
3.2132,220.4891,27.1964,31.3560
1.7638,220.9683,26.5930,31.8595
