1
144.0277,135.5936,83.0453,191.5011
140.5006,131.0305,83.2023,190.2921
137.1801,128.1587,83.8691,188.0992
133.4818,127.3236,84.2767,186.7110
131.1053,129.1751,83.5961,188.1835
129.9912,129.0426,84.7693,191.2615
127.0071,128.7966,84.8554,193.6400
121.9793,129.8740,86.3538,192.9216
116.8729,131.5463,85.6119,194.6774
112.5192,129.4749,85.6784,193.3013
108.2545,128.6097,85.4351,191.5754
109.6739,130.0515,83.7732,190.9382
105.6572,131.6585,83.9346,192.1788
102.4922,133.9141,83.6023,194.0531
100.3911,135.6384,82.3588,195.5544
100.5501,133.2904,81.0619,196.6451
101.3556,138.4286,78.6706,199.8105
99.8535,138.5937,78.2631,197.3469
101.5926,138.5106,77.5328,198.8895
99.1834,140.8226,77.7019,199.3994
98.7624,140.7849,77.9145,200.1302
98.5272,141.1215,77.0434,201.0310
99.7611,147.7271,75.8578,196.1494
98.7421,148.3301,75.8633,193.1548
96.8204,148.9953,76.4181,195.5202
98.3147,146.5310,75.8264,197.1794
97.9357,146.4521,75.7788,199.3708
99.0289,147.7404,74.7459,198.3894
98.1063,148.7800,74.8248,199.8435
97.9412,150.1697,75.0106,199.4342
99.6715,151.7003,74.4062,198.2536
97.8393,152.8489,74.8797,196.8390
99.9773,154.3274,73.7377,196.5077
101.7735,158.1804,72.6975,195.5614
103.0922,160.2267,71.6282,194.9858
104.4533,161.6792,70.8495,194.7574
103.4716,162.7629,71.5522,194.5113
103.4175,161.8978,71.6536,194.2890
104.6434,164.0817,71.0802,194.5663
104.1466,164.9053,71.5891,194.3699
104.5365,163.6226,71.8248,193.1305
104.4880,165.0830,71.3141,192.9064
104.0066,165.6658,71.0350,193.1378
103.9591,163.5912,71.3517,193.8993
105.3093,163.3092,70.9508,196.3556
106.4031,161.8836,70.6956,196.6559
105.7537,154.0916,72.8041,191.7560
105.0791,145.7011,76.2031,185.2054
106.2995,143.2854,80.9358,182.0163
109.5981,144.0608,85.9452,183.8128
114.2577,143.4691,91.9637,188.5406
115.5459,146.5203,106.8525,186.8994
114.3255,150.9610,116.8237,183.9722
112.0951,163.5969,122.9180,179.8022
106.7637,170.4169,126.8820,174.3596
105.5423,170.3978,130.2213,170.8006
108.4425,170.8768,131.2457,169.7848
108.9857,169.3061,130.4979,168.6514
111.1480,164.7096,130.8985,169.3710
109.9988,164.1318,130.6049,169.0422
109.2853,160.6273,130.7342,166.1190
109.9527,157.3491,128.5266,163.4582
110.3885,158.0924,125.4796,161.2935
110.4839,155.4608,124.2096,162.4742
109.3860,157.7994,121.6545,162.9238
107.1204,157.9345,118.4742,163.2125
104.9185,158.1314,115.9553,162.2126
107.4840,155.5075,116.5208,162.6818
105.2172,153.6067,116.7104,163.3447
107.7544,153.9004,117.7868,163.4640
107.0164,154.5952,117.7985,162.4187
106.4070,154.9856,117.8703,163.2820
105.8109,156.7649,117.2324,163.3589
106.5580,157.9086,117.1663,163.8678
105.0589,157.5063,117.8675,164.3673
102.8490,157.8647,118.8386,164.9649
101.6880,158.9410,119.4828,166.1346
100.7023,158.2950,119.4555,166.9557
100.9297,159.8885,120.0422,167.9382
100.4961,160.2514,120.2612,168.2617
99.3524,160.6483,120.3405,168.1690
99.5886,160.3872,120.7705,168.4217
98.6574,165.4190,120.3137,165.1175
98.3161,165.5496,120.3249,164.6806
98.4108,167.2125,119.3839,164.9949
99.2378,166.5887,119.8101,165.6022
98.8990,168.8511,120.0730,165.7425
98.2140,169.6111,120.3481,165.5275
97.3352,171.1860,120.4100,164.1651
97.7455,171.8358,119.9514,164.1575
96.8352,171.8502,119.7907,164.5311
97.3703,173.4448,120.4417,164.5042
97.5519,173.7614,120.9839,164.5640
97.3856,172.9518,121.1647,165.2667
99.1020,173.7260,121.3796,165.6380
100.6097,173.7647,121.4184,166.9053
103.8991,174.3604,120.4989,167.6284
103.6726,174.1938,119.3794,169.2973
107.7377,173.8353,119.0614,169.8916
107.3626,177.1585,116.7191,169.0039
110.0472,173.7007,115.5518,170.6712
114.1073,173.6458,113.6481,171.2895
114.1429,177.8484,112.3501,169.3363
115.9705,175.8719,110.8727,169.6356
117.4516,177.8063,109.7881,168.5040
117.2943,175.6557,109.7334,168.3481
120.2865,181.4514,108.4848,164.7810
120.2275,182.1700,109.1934,162.1698
122.1588,181.1672,109.1955,161.1751
122.4749,182.0140,108.5442,159.9923
122.5476,182.6011,108.1810,158.8717
123.8686,181.9220,107.3382,159.7705
124.5180,181.6445,106.9386,160.4370
125.1258,181.3181,106.6823,160.9364
125.5348,181.6317,105.7504,160.7707
126.1019,182.3296,105.0635,159.8851
125.9794,182.2874,104.4483,159.2450
127.8672,182.2076,103.9793,159.8727
126.3872,185.5336,104.6983,156.3995
126.5997,186.3825,104.4843,155.5512
128.1390,184.9956,104.0602,155.3584
127.3506,185.8686,104.3627,154.5293
127.6457,185.7724,104.0230,154.1715
129.0977,185.7523,103.7835,153.7742
130.2115,184.1856,103.1829,154.4984
129.6135,184.7864,103.3845,154.5052
130.4930,183.1867,102.0539,154.5417
129.9426,182.7600,102.1123,154.6539
130.6460,181.5338,101.5780,155.2290
132.0590,180.5378,101.2032,155.8828
130.9878,181.1577,101.5543,154.1986
129.7001,181.0652,102.2479,152.0701
127.5942,180.6451,103.2117,151.8229
125.3765,179.3297,103.7481,152.4104
124.0686,176.4210,104.0556,153.6796
125.7311,170.7223,103.3048,154.9326
124.2117,166.7812,102.9094,156.4306
125.5726,164.6491,102.2892,157.1423
126.0820,161.7744,101.3308,157.8640
126.6810,159.8189,101.3300,156.6102
126.7071,159.6261,101.1970,153.8381
122.3865,158.8533,102.7492,151.7434
118.1112,162.0455,104.6183,149.4450
116.7524,163.7114,105.3017,147.9145
113.8217,164.2422,105.2141,147.4099
113.8745,165.5182,104.2264,147.2811
114.4309,168.6373,104.5546,147.1413
113.7110,166.2625,105.1029,149.2827
110.3583,164.9333,105.7923,150.4647
107.7745,163.9071,106.0414,152.7704
106.1740,163.8598,105.4132,153.1247
103.8542,164.7096,105.3552,152.4688
103.3833,164.8810,104.7842,153.0737
103.6548,163.3017,104.3793,152.7661
103.7340,164.3290,103.3876,151.9884
101.1662,162.4453,103.5865,152.0363
102.0982,162.4354,103.3391,152.1391
101.2498,160.2452,102.6720,151.9239
101.5025,160.3006,101.8166,150.9789
101.3540,159.3754,100.7576,150.8907
102.4955,159.9250,99.2239,150.0043
103.8492,159.5631,96.9635,149.3998
101.6739,160.2413,98.6727,147.7424
101.1982,160.3020,98.7454,146.9543
100.0167,160.1694,98.2802,147.1621
100.7504,161.2821,98.0211,147.5455
102.2316,161.6626,97.5503,143.4035
101.5672,156.3698,96.8765,146.9502
101.0329,148.9467,95.8694,152.9668
101.2013,142.1782,95.3221,158.6816
100.8933,140.4620,92.9724,162.0582
96.6389,143.2497,88.9436,161.3820
90.1205,147.0099,88.5651,161.2490
89.1625,147.3834,90.0623,163.1616
86.0991,148.5493,91.5573,164.3468
79.5997,149.7033,92.5817,165.5114
74.9388,150.9993,94.6144,165.6128
65.2830,154.3560,98.5211,163.2858
54.2207,149.0947,100.8220,164.0190
47.5096,142.6681,106.0275,170.2558
43.9798,140.2568,104.6034,170.2814
38.3903,138.9876,100.4601,163.8378
39.9533,141.4769,98.1269,157.5376
35.6434,143.8817,98.8825,151.0691
31.4655,145.3496,99.8758,145.2929
28.5573,147.3075,106.6743,135.3144
36.1820,147.8205,115.0877,130.1384
35.4168,132.7188,117.1072,127.0446
33.8702,133.7887,118.9358,129.3028
29.9556,143.7791,114.0107,135.9077
26.5779,135.1615,110.5666,138.7253
30.0762,129.2892,108.9430,141.3996
38.0791,124.8152,107.3821,144.3894
46.7100,130.0787,108.0584,147.3322
44.3018,134.1142,109.7747,147.0351
48.5652,134.2255,106.2398,146.8909
56.5457,134.1781,103.4947,144.0252
61.4929,134.2793,100.0456,144.4655
68.8014,137.4935,100.2641,144.1465
70.3668,138.5937,98.3787,142.0149
66.8715,141.1660,97.6144,138.3444
66.8822,142.1871,100.0475,135.9082
66.7903,141.8838,99.8084,133.8775
68.1603,139.5290,101.3716,134.2434
68.9702,135.0338,104.9942,133.6879
69.2695,134.0189,108.2427,133.5165
68.2412,132.6266,110.6943,133.0629
65.3631,136.7859,115.1616,130.6091
64.1451,146.7840,121.4964,124.5069
59.2872,153.7477,127.6039,119.0396
58.8155,160.5904,132.1648,114.8239
62.3588,161.0363,133.0163,114.1764
63.5754,158.7311,131.4287,113.3487
62.5136,161.1469,129.8534,110.0816
63.7734,165.5888,127.0332,106.1123
66.1177,167.9172,127.1712,104.0261
68.4308,169.9868,126.8108,102.7068
72.2369,169.2523,126.8122,100.9308
77.1384,169.6947,125.4647,100.2456
79.5591,168.6685,122.4367,99.4751
82.2972,167.3723,118.6592,99.5847
84.6447,164.4261,116.1045,100.3954
88.1694,163.1422,114.2180,99.9286
90.9422,160.7355,112.7910,99.2572
93.7858,158.0254,112.0438,99.6233
99.9294,151.2520,109.2435,103.9072
92.9556,147.1506,105.8597,106.5257
97.1098,148.9456,104.7972,107.1486
101.6721,150.6981,103.8846,105.9398
87.8191,153.0069,101.3756,104.3387
86.6767,153.4777,97.4923,103.0122
91.2925,152.2825,94.1619,103.2705
93.2275,149.5422,93.5404,103.1880
92.1226,148.2739,91.4229,103.3037
2
0
0
0
0
1
208.5229,164.0735,37.1553,112.0025
213.6279,169.0366,39.2240,116.8993
221.6683,176.8910,42.8496,121.0287
222.8625,177.2229,47.3258,124.0745
220.3954,179.9830,50.6956,127.1158
221.4502,187.3315,51.1105,126.8130
223.3374,195.2711,51.5756,126.8883
223.3709,202.1300,51.7760,127.2313
224.0154,203.1345,52.0510,127.8388
216.4973,199.4650,55.2657,131.7671
217.2928,194.7997,55.7149,134.4983
215.5602,198.7332,57.9778,130.5244
215.1890,203.4280,60.6303,121.6203
217.6641,206.3086,60.8611,112.4590
221.9821,205.2784,58.4815,105.8562
229.0652,210.0743,55.1159,102.1191
223.5225,210.7793,52.0263,98.0912
216.3275,210.2869,52.9634,93.7157
209.8943,200.3325,56.5383,90.1947
208.9454,196.2164,58.5134,89.3448
207.2302,193.0363,60.6334,91.2528
206.9178,188.1759,63.1910,94.6089
204.6527,182.4633,64.9779,95.1990
195.2139,178.9703,75.2170,92.0882
191.1480,173.2480,83.4262,92.7289
187.6128,171.4612,91.2743,93.0986
178.0934,156.7560,95.8727,97.0645
175.1148,156.7237,100.3891,99.6216
170.2203,155.1081,103.7034,103.0165
169.8906,147.2073,102.8116,109.2441
169.0745,153.7022,99.4216,113.0742
173.0447,160.5822,96.4759,116.7098
189.6745,150.5118,82.5829,127.2029
197.9199,155.4279,73.1551,131.9878
208.8505,164.0879,63.2987,130.7541
216.2390,164.9617,57.7450,132.9189
229.4026,182.6322,53.1206,126.8100
244.2861,191.4319,50.9107,121.7803
256.9903,202.2795,49.8508,119.1398
269.5832,211.4792,52.5427,115.1714
263.8383,229.4012,67.7847,104.0280
284.0314,229.6947,77.1305,101.0570
284.9159,240.8037,83.7163,98.6505
304.8902,278.5065,89.5075,94.5842
288.1368,234.2289,76.8223,104.9286
283.7101,182.8982,62.2303,126.4301
311.9789,177.0712,58.2975,136.7916
326.5563,193.3462,56.2666,138.7887
343.9512,209.2714,56.4599,140.3848
358.9656,233.5102,58.4262,131.6404
387.8707,217.0910,59.6903,123.8507
