1
234.8038,158.5379,33.3862,68.6682
236.8608,164.2971,31.6145,69.7998
233.4844,162.8142,30.8777,69.6595
235.4438,169.6581,29.9354,69.8686
235.8534,174.0145,29.3385,69.1980
233.1015,183.2946,29.8750,68.7529
222.7545,186.6407,29.7844,68.3222
230.7397,201.3430,28.5868,66.4356
244.9395,226.8844,27.8345,67.9859
269.7996,246.9654,26.4827,72.5301
264.0819,277.3361,26.2066,71.7293
244.2325,285.2009,28.7122,67.8978
238.9896,288.5731,27.9290,67.5889
241.4639,299.5102,33.9389,62.1514
222.9505,295.1070,36.9344,59.6138
189.6318,291.1488,44.7845,54.3792
168.2829,282.5480,50.5934,52.0151
147.3430,277.6739,54.2453,50.6068
144.8748,279.7906,55.0575,50.5693
125.0035,269.5243,56.5113,50.1436
118.9370,264.0555,57.3024,50.1888
112.3398,259.0312,57.5600,50.2539
95.8439,250.7594,57.4912,51.1231
52.0210,254.1075,57.8166,51.3263
38.8600,243.4482,59.5910,49.9638
2
0
0
0
0
1
241.9252,268.7450,56.7241,43.7372
248.3244,275.3622,59.8576,42.6481
252.3792,277.9335,60.2008,42.4992
264.5847,282.3069,59.9292,42.6551
272.1520,283.7206,61.0701,42.8824
287.9811,287.6688,62.1886,43.1723
309.4190,295.9168,63.0312,43.1611
325.7442,297.3478,63.5925,43.8277
335.4867,305.4541,63.6979,44.3886
336.4522,310.3239,62.1475,45.0014
333.1708,313.7628,61.3987,45.3876
349.9518,318.9679,62.4921,45.8193
376.4437,336.3646,63.3576,46.1321
371.7355,336.9224,62.5404,47.9503
373.1956,327.7748,62.5235,50.1865
379.5048,329.1319,63.9917,50.3631
395.6921,335.9360,65.8862,50.2460
412.7314,339.8777,67.1965,51.1298
426.5679,341.1033,68.5266,52.6017
436.3101,355.4771,68.6494,53.9152
441.9174,358.1374,68.7039,55.1890
421.6963,353.5229,67.8317,57.8300
403.9176,335.2420,66.0326,61.3649
391.3371,311.8527,65.7594,61.2063
378.2075,298.0242,66.1561,59.2597
369.0397,287.2430,65.5830,59.6882
349.1913,281.0001,66.2229,57.0160
332.1775,274.4308,66.4333,55.5047
315.9176,271.6922,65.9069,54.5886
298.5863,267.8970,65.9034,54.0060
290.2578,259.5557,65.7749,53.2665
274.1266,250.0289,66.3051,52.7507
254.0470,235.6366,65.9037,52.9169
237.7666,220.6490,66.4328,52.1810
227.5872,213.5409,65.3699,51.9996
209.5227,206.1382,64.7108,52.0938
182.5496,192.1358,64.8921,52.5127
162.0093,179.1610,64.6950,52.7682
140.0321,170.8936,64.1745,53.1605
132.5298,163.9859,64.4034,53.1353
124.1809,149.8805,64.2049,53.5478
112.9416,144.1150,64.6827,54.7870
98.7309,150.5727,66.3904,55.8062
103.4341,163.8158,66.9123,55.9166
122.1038,193.2598,66.0998,56.8780
125.3797,192.6772,66.6901,55.8086
126.4262,177.7985,66.9498,56.8111
121.2569,177.8294,68.4829,57.0251
120.5143,191.5673,69.0545,56.3490
120.6595,209.3589,67.7876,54.9627
137.5874,226.3887,69.0087,54.5945
168.3022,236.9894,68.7720,53.9823
188.7449,218.4062,64.0294,57.9566
2
0
0
0
0
1
147.7441,73.4038,41.2752,71.5267
142.9819,69.4974,44.1116,71.6438
150.8886,71.3818,45.5410,72.4111
155.5547,73.8322,46.5035,72.2229
156.9813,75.0096,47.0044,71.4917
159.4010,76.3862,47.1585,71.0943
169.6683,78.1294,46.2423,70.4112
187.7207,80.4943,46.0501,69.4049
194.4544,76.9914,43.8576,69.9164
193.9154,72.4646,42.7226,68.1715
188.5327,71.6098,42.5888,66.0296
182.4200,73.5972,42.1627,64.2640
177.7070,73.2268,41.5088,62.3423
159.5643,76.0775,41.8151,61.3170
141.3271,79.0760,42.2227,60.9455
131.4950,84.6005,42.2612,61.7571
126.4320,94.1183,42.9080,61.6508
116.5829,105.3500,43.4630,63.5670
106.2862,114.4997,44.1393,65.0791
101.4510,115.6982,44.8979,66.1730
98.3742,115.5152,44.8650,67.6078
99.2826,127.5719,45.2553,69.4508
98.9054,135.2419,46.4449,70.0289
100.4226,137.5750,46.5584,71.5224
110.0403,136.7303,47.0453,71.4166
114.7167,129.4553,46.1226,71.8808
113.8869,123.9150,46.2429,71.0384
106.7327,117.6839,45.6631,70.9039
105.0326,107.2282,45.5010,68.8609
