1
388.6485,472.7047,59.4812,66.0526
394.0242,465.7458,61.4258,67.4475
401.0087,459.6652,63.3116,67.8929
403.1724,455.4577,62.6908,69.2138
398.2657,456.0536,63.4632,71.4410
386.5741,458.8985,70.2542,69.6921
376.9665,463.3683,73.2712,68.1538
364.8592,472.2847,73.3948,64.0632
362.6426,485.7881,70.3144,63.8587
381.0668,504.4802,66.1627,65.7348
393.1805,504.2165,62.7752,66.2052
412.1550,494.9264,62.3601,66.1434
460.0903,477.4007,65.6460,61.1512
459.7203,473.4555,65.6459,61.1516
2
0
0
0
0
1
975.0119,380.4993,74.3448,38.1141
1030.5688,373.1986,73.9799,37.2576
1092.8711,365.2246,74.2766,35.6412
1140.6819,358.1567,72.1785,35.4159
1194.5197,347.0336,71.8727,34.3018
1248.0304,338.5160,71.0075,33.3155
1299.8676,330.2003,72.1777,32.0843
1339.3088,323.2743,69.8856,31.6609
1385.1469,312.3295,68.8883,31.0328
1424.6815,305.3457,68.7660,30.0558
1463.0452,298.1850,68.0067,29.2212
1495.3125,290.3700,65.5775,29.6527
1491.9010,292.8661,66.2244,29.0774
1494.5081,297.3252,66.4492,28.5244
1513.5835,296.5634,62.0291,29.2007
1531.3179,302.6678,59.7048,26.7379
1551.9552,310.3298,60.5232,24.5569
1562.9575,319.6085,55.5755,29.2621
1570.2010,324.4879,49.6368,35.9686
1581.1085,324.5359,42.4650,43.0493
1590.8997,320.5126,38.0024,47.9009
1598.1774,313.7941,36.2232,50.2754
1610.2389,311.7515,40.1312,49.4773
1604.6708,306.3826,43.6889,49.3966
1601.3134,298.7841,46.9226,48.5268
1601.1941,293.3455,49.4621,46.5868
1600.8068,287.7300,51.2316,44.8739
1599.2499,281.2459,52.0583,44.0229
1597.7493,275.2664,53.0521,41.4246
1593.6071,265.9822,53.0220,38.8651
1591.4120,259.7263,57.4425,32.9556
1589.7860,251.3574,58.2097,30.4676
1591.9254,244.9983,57.6340,28.8351
1592.3792,237.9622,57.0475,28.8065
1590.6464,230.2258,55.1186,29.8478
1587.0061,227.4028,52.9969,33.0295
1580.7776,222.1487,53.8959,35.0129
1577.4393,218.0284,53.9219,37.4177
1573.6553,212.8116,55.4546,39.3284
1568.2278,210.4621,56.2818,38.8649
1565.3497,205.2727,56.0458,38.9849
1564.4500,201.2568,55.9830,38.8457
1561.4559,198.8488,55.6360,37.8676
1557.2706,197.9804,56.7088,34.9299
1551.3396,198.8811,56.6204,32.1688
1542.6680,202.0805,56.4925,29.4074
1537.4443,206.0609,54.5796,27.6047
1521.4828,209.6251,55.0984,26.5786
1495.6754,207.2392,58.3609,27.2709
1453.3020,197.9166,61.4100,24.7032
1405.7577,239.6192,59.1641,25.9159
1356.0277,242.0958,55.0506,31.6230
1299.2458,249.1787,54.4252,36.3737
1248.3688,262.5237,54.9095,37.5703
1195.1833,269.1567,55.6636,40.3462
1144.8939,280.1126,58.7906,41.8851
1090.6177,288.5103,62.8500,44.0022
1046.5195,297.4202,64.7738,45.3507
994.5030,309.1120,67.3263,47.0919
944.2209,321.2228,69.9403,49.2735
894.7083,335.6859,72.2432,50.7816
849.5869,348.8586,72.7174,52.5779
804.1362,364.0513,73.1760,53.6792
750.7726,383.0930,77.2110,54.6785
700.2192,399.9907,80.6389,55.5176
651.3026,418.8091,84.0863,57.5115
608.0617,436.3684,86.2949,58.7443
563.3325,454.3912,86.9925,59.6150
518.5629,475.1035,87.5261,61.0923
475.9274,496.7344,87.6425,58.4796
438.6953,516.8201,84.0499,61.4077
431.0283,512.8135,84.0630,59.3918
416.3846,516.2435,82.1630,61.6187
413.9464,517.6696,77.0127,65.4447
414.0499,528.3818,73.3385,67.5748
411.9204,540.0754,71.6192,69.1583
410.7478,548.5588,67.5558,72.4882
410.6657,554.6766,61.0436,76.3973
408.2178,555.8843,57.1386,78.7476
408.4656,552.9523,52.1722,82.4528
400.8564,550.9694,48.4505,84.9146
393.6657,548.7368,44.4056,87.7498
394.7793,547.8622,42.9696,88.7067
409.0663,540.9631,39.7439,89.1806
412.6754,540.0210,44.5724,83.5550
416.0740,539.5279,52.8534,76.5354
419.0069,534.4727,59.8433,70.6284
421.8513,531.9871,63.7447,64.3045
426.4089,531.9768,65.2261,62.7953
424.5833,535.4254,65.7187,61.5019
423.6686,535.8376,65.3765,60.5621
423.3450,535.1627,65.4074,57.9266
419.8167,535.1038,66.6040,55.7854
415.1731,538.4576,67.3469,53.5325
414.2510,535.9864,67.6587,51.5782
414.5578,533.9565,67.3674,51.0616
417.6714,530.6292,63.0277,54.9720
419.7297,528.6617,59.4234,57.5506
419.1720,528.4346,60.0090,55.7930
412.8626,526.0993,60.1011,54.1211
413.9843,524.7366,59.5969,53.8738
415.2895,518.9809,58.8355,54.2438
416.0995,516.8635,57.3695,53.6917
416.2453,515.2704,54.6148,56.6815
421.9072,508.9218,51.8129,59.2836
422.3744,507.9213,52.3191,58.7686
429.2001,507.2370,53.1192,57.2035
438.8849,493.2370,52.5606,56.7060
468.2325,477.8712,53.6429,53.3719
495.5989,457.9622,57.2049,51.8435
564.1458,438.5373,63.0509,45.8751
2
0
0
0
0
1
1082.2096,363.0445,87.2711,41.4861
1141.3231,356.1150,88.3404,40.4790
1209.2568,348.3649,88.9174,38.6719
1268.6080,340.9996,86.8927,38.5219
1335.2572,327.8160,84.7604,38.3174
1399.1415,319.5556,81.8110,36.9989
1455.5487,310.5848,82.1779,36.3248
1501.2301,300.2868,80.6777,36.8500
1563.3351,290.2152,77.1737,36.6374
1593.1125,290.1520,80.2138,33.1790
1598.6039,286.4467,77.3376,35.1060
1599.9957,278.3139,74.1088,37.1872
1603.8169,278.2997,74.2078,35.4961
1605.5200,271.7844,75.0642,33.5627
1603.9332,266.7940,76.2676,30.1486
1599.4591,266.1534,74.7768,29.8635
1594.2717,271.9053,73.3497,29.3832
1590.9174,271.1368,72.6802,29.0478
1586.2802,276.7578,71.9371,28.8248
1582.5087,270.1919,70.7868,28.9146
1580.7203,268.4209,70.3254,28.7391
1578.3824,273.5138,70.2369,28.7146
1568.9044,271.9558,68.4654,28.8535
1559.4923,268.9659,67.4803,29.2914
1553.0526,266.4673,66.8481,29.4967
1550.6340,264.1767,66.6317,29.6261
1552.5160,252.5574,66.2110,29.6978
1544.8589,248.0707,65.0093,30.1483
1545.3615,237.0388,63.1335,34.3203
1547.6230,229.5009,63.1763,38.4459
1549.8320,224.0094,63.4894,42.6911
1548.0544,222.5282,64.7221,46.7913
1546.7034,224.6478,64.9618,47.9758
1541.4587,230.0227,65.4790,46.6179
1538.0652,235.4443,65.7778,41.0933
1528.0697,244.9063,64.1457,37.6346
1518.5222,250.8239,63.7203,35.8036
1507.9713,259.3076,62.1847,32.8438
1494.9365,268.9703,61.5208,31.2248
1469.0834,276.2962,66.8648,32.2464
1417.1146,282.5721,69.4769,35.4096
1368.8630,298.9136,68.4427,39.6934
1315.9087,308.8512,69.0770,42.3128
1267.6180,319.5277,69.0356,44.0625
1214.6056,327.8520,70.6984,42.1338
1165.1464,338.2800,72.6714,43.3097
1118.9226,349.1406,75.8059,42.2730
1068.4839,358.7129,78.3612,43.2926
1022.1556,369.5800,80.6185,43.8848
974.6118,377.0774,81.4235,43.9138
928.2895,387.6860,80.7706,44.6484
887.6591,398.6562,79.9461,43.4017
845.6453,407.0864,80.0982,42.2483
801.5539,418.2964,81.0151,42.9748
758.7972,428.7307,82.0738,42.4473
716.7917,437.4211,81.7781,42.0701
670.0287,448.3150,84.1102,43.4710
634.0801,456.3302,84.4340,42.9086
596.0642,461.1824,86.7000,44.4141
556.5802,466.7785,88.2304,46.0980
519.0537,478.3922,88.2425,44.7874
482.9352,487.8012,86.1852,43.9961
447.9932,496.6133,85.3803,43.6622
416.0866,499.8704,89.3018,42.6410
382.6402,504.2826,90.0559,41.4369
352.3121,507.4344,92.5709,42.1380
324.9841,508.0942,91.6373,43.2645
310.7428,503.2641,88.7299,45.7221
307.6475,499.0072,86.3778,49.7018
303.0413,495.7050,82.9844,51.1600
295.2190,494.9088,83.3318,50.7742
285.6070,496.8228,84.0873,48.9184
277.1162,497.8044,84.3750,48.7873
276.3940,498.5826,79.6477,50.8719
277.7561,500.6989,73.9312,53.4190
287.4736,514.8223,71.1287,54.5261
284.3798,515.3466,70.8735,54.6029
281.1660,515.8481,70.7695,54.6061
269.0331,517.5399,70.1573,55.4785
293.1771,532.1801,64.6602,60.3542
294.6981,541.0905,61.8139,66.0463
294.2569,552.5140,62.3143,65.6021
295.6983,560.5438,65.6716,57.4324
295.9400,574.0058,67.6017,48.7762
311.0160,588.0078,64.5389,49.3846
332.8247,590.4764,60.0465,52.7074
348.2501,582.8693,58.8895,52.8874
371.4066,563.1455,64.4368,47.3738
417.9009,551.7027,67.9717,43.7539
494.5895,539.2499,71.2141,41.5236
563.9706,532.9106,70.8506,40.5750
637.4352,526.1392,70.0840,39.9177
711.9212,520.4860,71.1652,40.1747
780.3677,513.7496,71.9671,40.0262
854.7776,507.2178,71.6174,39.9048
924.8774,502.2393,73.3700,38.9400
988.8436,501.4875,74.2812,38.6899
1052.9834,500.2452,74.0221,38.3134
1116.8950,498.3581,74.2239,38.0895
1176.1079,496.4361,74.3663,38.3010
1241.5564,488.8235,75.0705,38.1679
1300.0436,487.2435,76.7885,38.1350
1353.9204,485.0097,77.4949,38.0027
1405.5984,482.8863,79.0375,37.1967
1458.7947,480.8618,80.2165,36.7088
1506.6389,474.8942,77.8299,36.6444
1551.8206,473.7389,76.3877,34.9511
1555.3107,482.1247,73.3193,34.1185
1561.8688,487.3443,69.1685,34.5329
1552.1294,474.7203,68.6152,32.7915
