1
142.8468,24.9557,28.5794,128.3606
144.0120,23.4190,27.0249,130.8885
143.8652,22.8163,26.1718,131.8858
144.1018,22.3865,25.7242,132.5580
143.9766,22.8068,25.5283,132.8534
143.3872,23.9890,25.3670,132.4324
142.6387,24.7046,25.3063,131.9202
142.5136,25.0761,25.1260,131.6652
141.4389,26.4865,25.1558,130.6429
140.9423,26.6035,25.0746,130.7365
140.7497,27.9059,24.9674,129.8706
140.5036,27.6325,24.8931,130.4815
139.9895,28.6103,24.9451,130.2469
139.9516,29.1520,25.0116,130.4484
139.2149,30.1259,24.9974,130.0852
138.3057,31.0243,25.0795,129.6821
138.0865,29.4765,25.0747,130.7913
137.9792,29.4887,25.1937,131.0300
137.5278,28.6623,25.1088,131.6784
137.6371,27.6266,25.1480,132.1817
138.1035,27.3325,25.1951,132.3115
138.3150,26.8816,25.2321,132.7482
139.1230,27.1198,25.3119,132.4119
139.5981,26.7555,25.2568,132.5551
139.7920,26.2484,25.2613,132.8761
140.5880,26.2565,25.3991,132.6585
140.9386,25.5314,25.3285,133.3546
141.4627,25.9369,25.2554,133.2605
142.0094,26.2835,25.2093,133.1847
141.9889,26.9138,25.0209,132.9599
142.5096,27.5071,25.1499,132.6781
142.6524,28.7544,25.2251,132.6517
142.7782,28.4716,25.2604,133.1801
143.0099,28.9053,25.2105,133.2087
142.1665,30.1459,25.2566,132.5084
142.1248,30.3695,25.2061,132.5463
141.4669,31.6293,25.1564,131.8066
140.2455,32.4017,25.0630,131.3003
139.7851,31.2860,25.0223,131.8196
139.1610,31.0784,24.9101,131.7759
139.0032,31.5251,24.9234,131.7024
138.6439,30.7510,24.8396,131.8096
138.3074,30.7845,24.8838,131.8203
138.6331,31.2916,25.0594,131.6992
138.0524,30.1289,24.9479,132.0801
138.3873,31.1166,25.1131,131.9226
138.5128,32.0780,24.9959,131.8415
138.4041,32.8559,25.0183,131.5364
138.9569,33.3876,25.0354,131.6893
138.9720,32.6100,25.0596,132.3416
138.5645,33.5738,25.0191,131.8478
138.1225,33.5823,24.9132,131.6893
138.1481,33.0830,24.9440,132.2032
137.9660,33.5068,24.9117,132.0187
137.9530,33.1103,24.8896,132.1781
137.4165,32.3286,24.9329,132.7507
137.8144,32.8989,24.9915,132.6909
137.7088,32.5300,24.9486,133.0120
137.7874,31.8819,24.9019,132.9641
138.1307,31.0978,24.8831,133.2144
138.9789,30.6248,24.9434,133.3654
139.8727,30.7385,24.9117,132.9056
140.1819,30.0850,24.9373,133.4215
140.5661,30.6719,24.9146,133.1932
141.0586,31.1430,24.9399,133.1424
141.7777,32.2328,24.9474,132.7688
142.1022,32.8701,24.7748,131.5551
142.7245,33.1087,24.7235,129.8354
142.8591,32.3785,24.6306,128.8647
143.4591,33.5372,24.6300,127.6065
144.0998,33.3544,24.6628,126.4962
144.1029,34.4175,24.6985,125.2551
143.6996,35.7040,24.7401,124.1704
142.2628,37.8215,24.8767,122.7910
141.3717,37.7835,25.0312,122.6759
138.8623,36.2768,25.7567,121.9902
134.8617,34.2916,26.8287,122.3409
131.2801,34.9926,27.3036,121.5100
126.2870,33.4586,28.1117,120.5283
120.7556,32.5678,28.2869,119.1349
117.5197,32.7930,28.1551,118.5140
112.6964,32.4523,28.0209,116.4794
108.8529,33.6507,27.9930,115.7800
106.2115,34.3630,27.6005,115.0184
103.2325,38.1362,28.0898,110.9668
101.3896,39.9833,29.0060,107.5592
100.1099,42.2417,30.4032,105.3102
98.8991,45.4634,31.6358,103.0339
96.4280,45.9827,33.4653,101.4126
94.4183,46.3107,34.1485,100.4854
92.4321,46.6223,33.7318,99.8721
89.4935,47.0407,32.7648,98.5473
87.6508,49.1133,32.1476,94.5800
85.7654,47.9582,30.1727,92.3392
2
0
0
0
0
1
117.6879,52.8130,49.4064,75.6967
116.0889,53.2611,51.6003,75.8112
115.3214,56.3535,53.5137,73.5204
120.4256,50.5682,44.2001,86.6599
123.0181,46.8859,39.5634,95.1998
125.3267,46.8930,36.9933,98.6928
127.6401,46.1025,35.4120,100.5431
128.0333,45.7871,35.2145,102.3023
127.1212,44.9280,36.0982,104.7651
125.5183,42.9176,37.7045,104.8665
123.0150,43.1415,39.5055,104.5160
124.5115,40.3026,40.3214,104.7602
129.6670,40.4477,38.0941,104.2009
134.5091,39.4327,36.6758,105.1026
135.2626,43.3225,36.2987,108.0776
136.1796,45.4849,35.4711,109.4032
136.0747,43.5320,34.5234,110.1840
134.9970,43.4267,34.5298,109.7395
133.9019,43.6282,35.4199,109.9616
133.9911,43.3935,35.5544,110.9695
134.2895,44.6861,35.5896,111.0591
135.6056,45.9016,35.6416,113.2365
136.1875,47.1940,35.5873,114.5118
135.3740,47.3141,36.1811,115.1013
135.6953,46.0216,36.4861,113.2177
136.6893,44.9030,36.6536,110.6590
140.0109,42.7570,35.5886,108.3839
142.1226,44.3101,34.3000,106.8704
142.8775,45.6678,33.3510,106.3329
142.5209,50.9664,32.7817,107.6646
143.3783,56.1538,32.5099,106.8605
144.1159,60.2028,32.2863,105.6595
144.8995,64.8671,32.5351,106.6044
145.0540,70.1758,33.2655,108.7492
145.1809,70.3758,33.0630,109.4600
145.4759,71.3975,32.9091,107.6421
138.3179,70.2986,30.8479,111.0283
130.6684,72.6194,29.8394,111.1825
121.3999,64.2114,33.7761,103.6232
118.6428,56.9845,49.7227,84.7429
112.6063,56.8333,70.5794,67.4313
115.8689,43.4933,70.9149,68.9410
123.6245,35.2587,67.4744,74.0862
138.8114,43.3371,66.8449,73.9040
146.9632,55.2239,65.6555,72.5530
148.1711,61.9834,66.3698,70.5947
147.6758,66.9946,66.4310,68.5229
147.0217,70.2997,63.9945,69.1868
151.5507,70.2175,59.5797,68.9920
154.2820,71.1355,57.3220,68.0172
154.0636,76.2743,61.7832,65.0239
151.2112,87.8441,65.1982,60.8593
150.5095,91.5783,65.0262,60.1653
150.2186,92.6903,62.1372,62.5905
152.3122,92.7321,57.5492,65.7726
154.3022,91.8993,54.4023,69.2073
160.4611,90.6881,43.3911,82.4108
163.5275,82.7745,36.7944,91.5772
163.9989,74.0337,33.9288,96.6948
155.8947,68.2514,33.3037,97.6555
147.2327,62.7292,34.5072,96.1853
146.4180,53.2077,38.8114,85.8325
137.5974,52.1978,38.9038,81.1244
137.1873,43.3576,36.7369,76.8794
135.4588,40.6314,35.6674,73.2080
135.6319,38.3451,36.9313,69.7635
137.9225,36.0964,38.2269,68.8853
140.0899,34.2000,37.8792,69.4537
144.5365,34.6552,35.5918,71.0063
148.4135,30.4189,32.2830,74.9667
151.0596,27.9908,29.8379,78.3527
155.2893,28.6677,27.9891,77.3217
158.6185,30.8444,26.6263,76.1381
161.9950,34.2078,25.1793,73.9732
163.9109,36.2571,25.4340,70.7446
165.8026,38.2453,25.2911,67.9680
166.8666,44.2708,28.5904,61.5436
167.4662,56.2073,36.5753,52.4529
167.0646,61.6279,39.5646,48.5969
166.9263,64.0031,40.0022,47.7442
166.8896,64.0276,38.2652,50.3756
169.2408,64.7700,31.7049,60.1079
171.2163,65.7470,28.0305,66.1155
171.8458,69.4167,26.8667,70.5467
173.0876,72.5850,25.5952,73.5499
173.9705,72.5933,24.4223,74.8168
173.9771,70.6228,23.1640,73.7749
173.7089,70.1452,22.4199,73.0460
173.4962,69.0783,21.7994,72.1575
173.8625,67.7378,21.3736,71.0988
174.6211,67.1874,21.0284,70.0527
174.5235,65.9923,21.3683,69.6313
174.7460,64.7468,21.3833,68.8241
175.2420,63.6067,21.9275,69.2840
175.4277,63.5929,22.2682,70.1223
175.5893,63.1629,22.8633,70.0986
176.5074,63.5909,22.8210,69.5813
177.2245,64.4376,22.7635,69.1577
178.5738,63.5020,22.1340,69.1772
179.8448,64.1137,21.7340,68.6718
181.3559,64.2348,21.1159,68.4654
182.1021,65.4027,21.1810,66.3732
181.6150,65.7220,21.3728,65.4230
181.0775,66.6402,21.2620,64.7472
180.9529,66.7865,20.7210,63.9268
180.3885,66.2363,20.4317,63.8034
179.8239,65.6757,20.1959,64.1510
179.2843,64.8594,20.4976,64.3197
178.7351,63.8347,20.6521,64.7889
179.2699,62.0383,19.1945,67.8747
179.4401,60.3894,18.4652,70.5751
178.8627,56.5531,18.6676,73.1334
178.5318,55.2484,19.1250,75.1516
178.4720,54.6654,19.7529,77.2483
178.8195,52.3312,19.7597,79.2696
179.7339,52.6121,19.3933,80.5317
180.7386,51.5406,19.2243,80.6029
182.2132,49.2793,18.7830,81.8427
183.5982,46.1741,18.4668,83.8462
184.9023,45.2806,18.2784,85.8161
186.2472,43.2784,18.1332,87.9206
187.2704,42.7533,18.2659,88.8996
187.7937,42.7009,18.7568,90.0173
188.1421,44.2181,19.2410,90.8706
188.9431,43.8918,19.4365,91.8400
189.6881,45.0595,19.8024,92.7076
190.8935,46.6882,19.8213,92.7357
192.2489,47.3697,19.5901,92.8447
193.2400,48.1631,19.4334,92.6392
194.0627,48.5108,19.3970,92.4667
194.8587,47.5774,19.4291,92.9492
195.1585,46.7011,19.4890,93.3862
195.9715,45.2466,19.4022,93.7822
196.3655,45.4422,19.2594,93.9433
196.9360,45.0722,19.2749,94.0518
197.3557,44.8682,19.3766,94.7081
197.7946,44.7163,19.3380,95.0152
198.4163,45.4855,19.4406,94.2545
198.7262,46.3365,19.4261,94.5045
198.9896,46.9089,19.3677,94.6393
199.2883,46.7131,19.3705,94.8432
199.7165,46.5192,19.3242,94.8667
199.6581,46.5464,19.3360,95.2828
200.0605,47.0389,19.3214,95.0499
199.9758,46.5699,19.4625,94.8251
199.8052,46.4397,19.4899,94.7607
199.8844,46.5992,19.4173,94.8492
199.9357,46.7252,19.4578,95.0594
200.1085,47.0978,19.4728,95.2777
200.5083,46.9858,19.3650,95.3176
200.6973,47.3204,19.2385,94.7050
200.7850,47.8333,19.0345,94.2229
200.9492,48.2278,19.0059,93.5180
200.7393,48.1990,19.0960,93.3835
200.6142,48.2848,19.0380,93.1479
200.2457,49.2097,19.0657,92.8124
200.7496,51.4806,18.5647,91.8334
200.8301,53.1443,18.4314,91.4395
200.5330,52.9281,18.2963,90.9938
199.8796,53.6991,18.2969,90.2354
199.2401,54.2231,18.2585,89.4427
198.5590,54.4798,18.2825,89.1488
197.7486,53.8222,18.4477,89.0868
196.8621,53.7726,18.6460,88.7493
195.6719,54.0324,18.9581,88.7250
194.5663,54.6910,19.0430,88.9807
193.4668,55.1789,19.1217,88.9407
193.2534,56.2287,18.6962,88.3360
192.8541,56.8320,18.4368,88.0362
192.6293,57.2271,18.1463,87.6890
192.9301,57.8233,17.8517,87.1265
193.0300,58.3729,17.7229,87.2331
193.2187,58.9489,17.5514,86.7363
194.1337,59.9106,17.1979,86.0131
194.0667,60.3730,17.2649,86.3134
194.3812,60.2201,17.2285,86.6806
194.3855,60.2967,17.3012,87.0862
194.3882,60.8525,17.2766,87.2030
194.4023,61.3469,17.2594,87.0683
194.4989,61.6094,17.2652,87.0216
194.7362,62.0690,17.2710,87.0240
195.1630,61.5273,17.0790,86.8096
195.3450,62.1680,17.1137,86.8505
195.4317,61.6382,17.0482,86.3960
195.8062,62.3059,17.0200,86.3975
195.6005,62.2496,17.0747,86.3079
195.7194,62.7623,17.0903,86.1618
196.2060,62.6357,16.9736,86.0467
196.0565,61.8740,17.0279,86.1318
196.0677,62.6961,17.1135,86.1897
196.6503,61.9551,17.0010,86.0945
197.3756,62.2184,16.8902,85.8096
198.3441,62.7264,16.7198,84.7233
198.8519,62.6362,16.7181,84.4616
199.3192,61.6699,16.7725,84.8615
199.8128,62.1408,16.7220,84.5743
199.7237,61.4603,16.8131,84.9241
199.6637,61.2092,16.9076,85.3552
199.8013,60.6154,17.0210,85.6041
199.6683,59.5902,17.2146,86.2052
199.4866,58.4464,17.3272,86.4594
199.3188,57.8598,17.4006,86.4582
199.3006,57.2991,17.4921,86.7269
199.2568,56.2656,17.5857,87.0582
198.8304,56.2399,17.6836,87.2982
198.8479,55.5347,17.7601,87.3980
198.7027,56.1227,17.8668,87.5782
198.8226,56.3732,17.8839,87.2698
198.6498,55.2111,18.0057,87.5522
198.9782,56.3066,18.0901,87.6275
198.9868,55.9982,18.2057,87.4969
199.3438,56.2485,18.2296,87.4046
199.0566,56.0509,18.5728,88.0086
198.6457,56.4232,18.7655,87.6404
198.2393,57.0998,18.8606,87.5624
197.5626,57.7594,19.1521,87.5995
196.4671,58.3872,19.7484,86.7493
195.7809,59.1098,20.1723,86.1155
194.8804,61.2840,21.1044,85.6049
192.7590,63.4300,22.7808,82.9245
190.8606,66.0598,23.6622,80.4527
188.5996,69.3454,24.8691,77.9744
187.4997,71.5426,26.2941,76.0307
186.5773,72.5942,27.6773,73.9383
184.1201,73.3967,30.3289,71.0231
182.2634,74.1004,31.4217,70.2717
181.3222,73.7093,31.1351,70.1710
180.7622,73.4337,30.1313,70.1174
175.3673,71.3180,27.9351,70.2625
175.4016,69.8144,26.3037,70.0208
174.6731,69.7579,25.4849,70.5091
168.5073,70.2735,24.6183,70.7320
167.8642,70.7520,24.3039,69.8342
167.3628,69.0483,24.0811,69.3862
166.1654,69.0078,25.4699,68.5161
164.9442,68.4337,26.7762,68.6636
162.2833,67.8438,29.6874,67.4256
159.5025,67.6645,31.4921,66.3540
157.3760,66.4250,31.9957,66.3184
156.4233,64.9484,29.1800,67.1537
155.7105,63.9464,26.3437,68.5597
151.2626,65.0420,23.5391,67.7252
152.5585,67.9831,21.9926,66.4422
152.9235,68.4352,22.2850,66.2684
152.8000,68.4636,22.8736,66.5435
153.7328,66.5767,22.5811,67.0161
154.9785,64.2121,22.3040,67.6074
155.5888,63.6302,22.8189,68.3335
156.5276,61.9499,23.2594,69.8136
157.6248,58.2460,23.5063,71.1308
158.5465,55.8136,23.4555,72.0800
159.7692,54.1793,23.4282,73.0334
166.5813,52.6295,23.3679,73.9130
167.4482,52.1507,23.0998,73.7472
168.7640,50.5597,23.1356,73.5811
169.8548,49.3627,23.4078,74.0432
171.0710,49.8137,23.0991,73.7056
172.4986,50.8923,23.0936,72.6959
173.7791,51.7956,22.7957,71.3807
174.5972,53.3364,22.9696,70.7233
175.6986,55.2696,22.7522,69.7339
176.6202,58.7506,22.7624,67.6738
177.3908,62.4296,22.7204,65.7736
178.5376,66.4863,22.4960,65.2460
179.3671,70.9221,22.7815,63.2974
180.9593,73.3156,22.9208,61.0268
183.1739,77.5554,22.3413,58.1686
184.5639,79.9560,23.9110,54.1594
186.2139,80.9827,24.7322,51.0194
188.1666,84.2383,25.4264,47.5945
190.4758,85.0960,26.0395,45.2674
193.4944,82.4984,25.2937,45.4590
195.6420,76.4682,23.5323,48.0657
192.2122,74.7859,22.6472,49.6683
192.0729,73.2398,22.7231,52.2038
193.0008,71.2970,21.7718,53.7886
194.5598,72.1031,21.0195,53.6996
195.6236,71.6460,20.5549,54.3419
196.9933,70.4085,20.2629,53.8265
201.8739,70.0812,20.4281,53.8703
201.7635,69.3616,20.8528,52.1875
200.9422,68.8518,21.5224,47.6781
195.3082,69.3308,22.5373,44.6310
194.4564,68.9977,22.5691,44.8392
194.9323,68.0168,20.8670,48.1316
195.4958,61.8092,19.6008,53.1983
195.6256,55.8164,19.2591,57.8310
195.3073,50.0877,19.6308,59.5225
195.6663,43.5520,19.7125,61.7244
194.9193,40.0994,20.2485,62.0968
194.3300,37.2082,21.1162,61.4158
192.6501,35.7424,23.2249,59.7826
191.3690,34.4207,23.5637,59.7790
189.5879,36.2803,26.0627,55.6321
186.7822,15.4711,22.1813,60.0111
186.4023,16.0837,21.9816,58.8337
181.0424,19.0012,22.3746,55.9549
186.8789,16.5114,21.9670,54.6015
181.2953,24.3056,22.6625,53.8456
179.9952,23.2326,23.0639,53.9021
176.1017,21.0859,22.1726,55.6052
176.9552,19.3275,21.3723,57.0659
178.1507,15.7818,18.3191,61.6802
174.9082,13.3675,16.6598,65.7147
175.2617,12.6724,16.2902,67.7508
171.6198,15.3015,16.1506,67.9034
171.9910,17.3782,16.3083,68.9642
167.6721,22.1493,17.1601,69.3939
168.0909,25.8401,17.7297,69.9534
168.5758,40.5906,17.7533,68.4824
169.0651,45.5514,17.8316,66.6011
170.1349,48.7480,17.3586,65.6104
172.0405,52.0125,16.6962,65.8517
173.5061,55.2988,16.2294,66.0568
173.8843,61.1533,15.8730,67.0467
173.7076,64.4376,15.4811,66.9327
173.4132,64.3540,15.0356,66.7748
173.1666,64.6096,15.3432,65.6308
171.9619,63.2847,17.6342,61.7935
170.9616,62.9999,20.0299,58.4995
169.9238,62.8593,23.3481,53.2462
169.2997,57.3905,25.1755,50.5078
164.4870,50.9162,24.7836,49.8397
165.0721,49.6374,23.7228,49.1233
164.8889,49.5289,22.9948,49.1959
164.7953,48.9255,22.2055,50.4894
161.6613,52.0455,19.7512,53.0715
158.3838,57.8938,17.9405,52.8479
159.2809,59.3472,16.3339,51.8941
159.8573,57.4349,15.0658,51.8767
158.9387,59.8704,15.6578,49.8716
157.9004,61.0815,16.2122,47.5276
152.8719,62.7933,17.9898,44.0970
147.6877,69.2236,19.0969,41.9758
143.2441,70.4939,19.0829,41.8557
143.7109,73.1972,18.1503,44.4413
143.6122,74.8088,17.2387,44.3763
143.9313,74.2832,16.1645,44.2268
144.2780,73.4500,15.6392,43.0160
145.1659,71.9867,14.9645,42.7005
145.9901,71.2390,14.6856,42.7066
146.8584,69.9903,14.5000,42.6733
147.9659,69.2587,14.4299,43.1184
148.5315,69.1826,14.3253,43.3318
149.4923,69.4444,14.4315,43.2676
150.7240,68.6555,14.3228,43.3060
151.7994,68.9050,14.3900,43.1570
152.9573,69.3515,14.4356,43.0563
153.4967,70.3680,14.7458,43.5433
154.0624,70.8034,14.8978,43.7689
154.6504,71.4534,15.1859,44.1717
154.9288,71.6656,15.6309,44.5041
155.1826,71.5634,15.8037,44.8181
155.3709,72.1929,15.8536,45.1073
156.1231,71.9996,15.7210,45.2919
156.4345,71.8846,15.7382,45.4050
156.7560,71.9160,15.5451,45.4953
156.7942,72.1142,15.3848,45.3577
157.0187,72.8707,15.2496,45.4517
157.5007,72.9554,14.9977,45.2365
157.5993,72.0714,14.7043,45.2012
157.8445,72.4049,14.7898,45.3381
157.8827,71.3268,14.9186,46.0927
157.5843,70.0459,15.2467,47.1918
157.6403,69.1493,15.4911,47.8640
157.3462,68.4951,15.9059,49.0029
157.0013,67.6549,16.2819,50.0466
157.0558,66.3182,16.6243,50.7876
157.9388,65.2663,16.7577,51.0159
158.0389,65.4736,17.0657,51.6623
158.0699,64.2704,17.2515,52.3878
157.8966,63.9626,17.5566,53.2020
158.1456,64.0623,17.5454,53.3603
158.9364,64.9287,17.4439,53.0867
158.9503,65.0541,17.4138,53.7215
159.5438,65.3755,17.4468,53.8110
159.4302,64.7932,17.4604,54.1590
159.4870,64.2416,17.6459,54.3732
158.9330,64.4817,18.0611,54.9092
158.6534,65.2576,18.4183,55.4601
158.3533,66.4267,18.9346,55.6901
158.2949,66.5737,18.9881,55.7985
159.0678,66.9778,18.8281,56.0988
160.0408,67.4491,18.6883,56.0482
160.9650,68.3445,18.6626,56.4957
161.1299,67.9503,18.4432,56.3700
161.5444,68.7014,18.2880,56.6539
161.2148,68.8904,18.3684,56.8029
161.2750,68.4391,18.2234,56.8354
161.2641,69.1956,18.2371,56.8415
161.2199,70.0644,18.1836,56.7298
161.4358,71.0946,18.2261,56.8735
161.1877,71.8989,18.0607,56.5449
160.8824,71.7017,18.1784,57.5166
160.4771,72.4941,18.0681,58.2127
160.1564,72.1342,18.0868,58.1157
159.5257,72.1211,18.2722,58.8307
158.9749,72.0135,18.5396,59.5333
158.3233,71.6356,19.1112,60.2963
157.3684,71.7295,19.5314,61.5992
156.4637,70.9344,19.8333,62.3096
155.8462,72.2623,20.0121,63.2840
155.1094,72.8619,20.0228,63.1713
154.5789,73.4539,20.2094,63.1771
154.1272,72.8297,20.3574,63.3869
153.6510,72.5499,20.5564,63.7117
153.0911,72.8149,20.6779,63.8113
152.9894,74.0923,20.6858,63.6785
152.5044,74.2757,20.9190,64.0069
151.7045,74.1490,21.5025,64.4365
150.8908,74.0457,22.5157,65.1835
149.4383,72.5206,23.8746,65.2620
148.5059,72.2815,24.8292,65.1269
147.1938,71.5441,25.1221,65.2959
145.8459,70.5764,25.4944,64.9324
145.1163,69.7276,26.0971,65.0653
145.3666,68.6180,26.0777,65.8097
146.0894,65.9825,25.5558,67.9495
146.6874,64.5196,25.0932,69.1079
146.6841,63.2749,24.6850,70.0881
147.3305,62.6348,23.8000,70.8541
147.5879,62.8516,23.1479,70.4394
148.1965,62.1961,22.5185,69.5630
149.2069,63.2135,22.0616,68.4042
149.1721,62.1227,21.7831,68.2607
149.2503,62.8671,21.6372,67.6097
148.8259,63.3090,21.9647,67.8950
148.7318,64.3301,22.3594,68.1684
148.7503,66.5218,22.6203,67.9990
148.1774,65.9918,22.7185,67.9934
147.7973,66.5492,22.8481,68.5535
147.3541,66.6487,22.7203,68.6317
146.9975,66.9719,22.5683,68.6175
146.7064,67.4847,22.5167,68.5826
146.3635,67.7048,22.6256,68.8338
146.1511,67.7485,22.5394,69.1346
145.7674,68.3155,22.5399,69.2333
145.3264,69.2536,22.5585,69.2636
145.5708,70.6240,22.3482,68.2538
145.5678,71.0885,22.0094,67.6466
145.5197,71.7901,21.7259,67.3248
145.9288,71.7449,21.4552,66.9074
146.0021,71.4316,21.3829,66.8981
146.5096,71.7988,21.3963,66.6444
147.1096,72.0296,21.3063,66.1439
147.7133,72.6439,21.2583,65.4312
148.2173,73.3798,20.9500,64.6508
148.5396,73.9360,20.6779,63.8740
148.7014,74.1167,20.3301,63.4165
149.6594,71.7545,17.7061,67.4289
149.6744,69.7567,16.4525,70.0392
149.7991,69.3567,15.7847,70.9043
149.7104,69.5906,15.3107,70.9710
149.4340,68.2406,15.0479,71.8355
149.5068,68.3693,14.9353,72.0503
149.4107,68.5241,15.0996,72.8901
149.3879,66.1863,15.4161,74.4700
149.6575,64.9381,15.8971,75.9767
149.9139,64.4782,16.1329,77.5021
150.2073,64.1043,16.2328,78.9270
150.1344,65.2444,16.4481,79.7321
149.5833,65.0112,16.8871,80.0153
148.8158,64.6946,17.5046,80.1424
148.4289,65.4813,17.8734,79.9805
147.8105,65.0205,17.9858,80.2552
147.5417,65.0474,18.0842,80.3045
