1
213.7306,137.8671,91.3644,53.7002
212.4590,138.1740,93.3722,54.5136
210.4983,138.9768,94.9307,55.1082
209.1543,139.0771,95.2575,55.4965
207.6328,140.4750,96.3278,55.9990
205.4507,141.0984,97.4127,56.7552
203.5004,141.9668,98.5493,56.6227
200.0995,142.1582,99.4075,56.6470
198.8020,142.8258,100.7014,56.9250
197.9952,143.2455,100.4400,56.9797
195.5006,143.7429,100.1533,57.0969
192.3124,144.6946,100.3174,57.3460
191.0471,145.2430,100.6783,57.5330
189.4696,145.9577,100.6947,57.8704
189.1555,145.8603,100.7173,58.3673
186.6023,147.1672,100.9355,58.7428
185.1554,147.9879,101.6196,59.0778
185.3358,148.8148,102.5158,59.6697
183.7161,149.5697,102.7260,59.8475
182.7930,150.9460,103.4904,60.0160
182.8178,154.5657,103.2286,60.4255
181.3462,156.8113,103.4805,59.8649
179.7002,156.6699,103.0970,59.1619
178.2232,157.7819,102.2956,58.4428
176.7474,157.8430,102.1260,57.4398
174.8356,158.1359,101.8919,57.1609
173.3747,158.9431,101.7784,57.3960
170.9448,159.5101,101.3121,57.3997
170.0199,160.7948,101.2319,57.7007
167.9833,161.0185,101.2075,57.4170
164.1373,161.6969,100.8443,57.0388
161.8391,162.8846,100.7800,56.8533
160.4066,164.3438,100.0028,56.3783
159.0557,164.7612,99.6489,56.0363
159.3084,166.0464,98.2768,55.7811
160.5915,167.4848,96.6491,55.5573
161.0775,168.0741,95.3097,55.0955
160.3272,168.4024,95.4266,55.0577
160.7823,167.7310,95.4883,55.2722
161.1567,166.3607,94.3866,55.3284
160.4599,164.8175,93.7497,55.3819
160.5049,163.6017,92.8891,55.3641
161.6721,164.4356,91.3166,55.0618
161.4973,163.8482,90.2549,55.0304
161.6361,162.4470,89.3219,55.4705
161.0850,164.2406,89.5930,55.1716
161.7681,163.5711,89.3638,55.9026
161.6728,163.9261,89.6796,55.8427
161.4373,165.2848,89.4453,56.2082
162.1066,165.0611,88.4581,56.8882
161.6507,164.2992,86.8669,57.7615
161.2829,164.2780,85.4865,58.4109
162.6637,164.9286,84.1287,59.1589
162.4948,164.1945,82.6159,60.5678
163.0120,164.4755,82.4896,60.0027
163.4615,165.1739,82.5162,59.4415
163.5277,164.8068,81.7254,59.1400
164.5479,164.7474,80.9894,59.2264
165.0256,164.0989,80.4349,59.2955
165.8594,163.8740,80.5407,59.0150
165.9040,164.1349,81.7273,57.8115
164.9405,164.6324,83.1932,56.9470
165.8859,163.9815,84.2059,56.3104
166.2552,167.0073,84.4180,56.3761
166.7135,166.4989,84.4141,57.0228
165.6210,165.9168,83.6743,58.6357
166.3747,165.0255,83.4036,59.0423
166.0308,163.4939,83.2808,58.2803
164.8192,164.4783,80.6928,59.1745
165.3252,163.6812,79.0026,60.2663
164.4728,162.8619,77.2763,60.3212
164.0064,162.3163,75.5855,59.3663
164.5585,162.7790,73.6716,59.7388
163.5284,162.3075,73.4623,59.2843
163.1793,161.9578,72.1808,60.7254
162.7429,162.1053,72.1697,61.0696
161.3208,162.2471,73.5406,59.8223
159.5955,162.1010,73.0476,59.6440
157.6011,161.5466,71.6606,59.7839
155.8864,160.3900,69.6479,60.4706
154.2724,160.5257,67.6806,60.2546
153.1423,160.9770,66.6030,58.7995
151.5591,161.1151,64.4692,59.0742
151.1767,161.5688,62.1946,58.9171
150.9102,161.3768,60.4519,58.9961
150.3366,161.7630,58.6354,59.3128
150.2815,161.5958,56.9568,59.3616
150.9905,161.3418,56.1864,59.1285
150.2639,161.8373,55.8824,58.8347
150.7700,161.5428,56.2521,58.4962
151.8531,162.4066,55.5268,58.7439
150.1919,161.4478,55.2569,59.1590
149.6345,161.5728,53.9380,59.7513
148.8448,161.9884,53.0071,59.4648
148.9790,162.5869,51.6155,59.3147
149.0270,162.4860,50.3976,59.0860
149.1257,162.0943,49.1789,58.7820
149.5465,162.9117,47.4137,58.9942
152.2259,162.5733,45.2597,59.4681
152.9731,161.2259,43.9278,59.8553
154.0589,161.1139,42.5005,60.0545
157.0405,161.6379,41.9134,59.6533
159.1821,162.3000,40.9872,60.6558
161.4745,160.5363,40.6780,60.7808
162.6246,160.5854,40.2140,62.1697
165.0970,160.4514,40.5185,62.8933
165.8182,160.0438,40.1887,64.1858
166.4161,159.1971,39.8218,64.2695
165.6288,158.5258,39.1632,65.0424
164.9325,158.8799,38.7227,65.0149
166.8660,157.0258,34.3495,69.3406
167.3055,155.5811,31.9489,70.9687
166.9391,154.6971,29.7895,72.0698
166.2063,155.0190,28.6994,73.1286
165.3001,154.5007,28.3934,73.2794
164.6626,153.9815,28.8097,74.1766
163.7325,152.4501,28.9703,74.9316
165.1819,153.3227,28.9809,75.7140
164.8977,153.5664,28.8785,75.9267
166.0217,153.1111,29.3395,76.4315
167.5231,152.5601,29.4128,76.7895
168.0687,152.9719,29.9811,76.8777
169.1657,152.9640,30.6776,77.3652
169.3552,154.2984,31.1734,77.8386
168.9973,154.5217,31.5984,78.6406
167.4980,154.5219,31.6463,79.9097
166.5919,154.4574,31.4067,80.4351
165.6346,154.4658,32.1411,80.2850
166.2112,154.9504,32.0003,80.0471
167.5201,155.7734,31.6393,79.0782
168.9288,156.1474,30.9485,78.7187
169.4815,155.5204,30.7591,78.5685
170.3385,156.3343,30.1908,78.7488
172.0816,154.9156,30.3626,78.7799
172.8908,154.4250,30.8095,78.2771
172.2900,154.4793,31.4551,78.0001
172.2020,155.2437,31.9012,76.6461
173.8799,155.2032,31.5087,75.9069
174.6356,156.5939,31.9120,74.1272
176.1292,156.5567,32.0636,72.6127
176.5139,157.8418,33.1500,71.2076
178.4008,158.2540,33.6760,69.8036
180.7246,158.4619,33.9474,68.5487
180.6409,159.3096,34.6432,67.8848
182.8706,159.7556,34.9662,67.4720
184.5080,160.6252,35.3821,67.6651
184.1562,159.2815,35.8704,67.9665
184.3522,159.6077,36.1102,68.0328
185.8403,158.7426,36.1614,67.7470
185.7387,158.8734,36.3468,68.4838
186.1777,159.3062,36.1118,68.3766
186.3296,159.6852,35.9839,68.7767
185.2363,159.3413,36.2257,69.5945
181.4114,161.6132,40.9246,65.3919
179.6360,162.6566,43.7756,63.4380
178.5804,163.0692,45.7570,62.7000
177.5883,164.7236,47.1883,62.8030
176.5061,163.7044,48.4215,62.9220
176.3686,164.5229,49.2327,62.8993
172.8095,167.5150,58.0794,55.4552
169.9791,169.2941,64.1210,50.9684
167.8291,171.5054,67.8534,48.2378
169.1971,171.5449,69.4963,47.5282
171.0937,172.0491,70.7009,46.6092
170.4975,172.5085,72.6583,46.4905
172.8569,173.1198,73.6718,46.5748
175.8410,172.3768,74.3087,46.7842
178.2219,172.4638,73.9771,47.0202
180.0100,172.2161,75.0772,46.8257
181.6849,171.3561,75.4790,46.7482
182.0631,174.2444,75.4698,47.1643
183.8960,175.2426,75.7939,47.4999
184.4819,177.8997,76.1492,47.7208
185.9063,178.2407,75.8961,48.0034
186.8215,180.6494,75.7261,47.9115
186.5701,180.8406,75.6316,47.7683
186.1155,184.2131,76.4087,47.4489
187.3791,184.8588,76.1255,47.5304
185.5449,186.6337,77.2419,48.0369
184.0494,187.8251,78.8206,48.3843
184.1337,189.6610,80.0044,48.4097
182.3181,191.8735,80.6686,48.7870
183.0997,191.6996,80.2958,49.1075
182.6983,192.4831,80.3707,48.6237
180.0906,194.1471,81.5242,48.4178
180.4872,196.3812,81.2058,48.5248
180.3389,197.0480,81.5655,49.0010
180.1569,197.1034,81.4053,49.2067
181.1981,197.3463,80.4933,49.4721
180.3816,198.7063,86.1090,43.4699
177.8205,201.0047,89.3458,41.0418
181.0034,202.0085,88.9620,42.0637
180.0737,203.3204,86.2193,42.7364
174.8886,205.6575,82.1293,44.1296
172.0901,204.4144,76.3969,48.9298
173.4597,202.5028,75.2377,51.5459
175.6412,201.8890,75.5713,53.7394
176.5887,201.7312,78.6535,55.4811
176.0873,200.8644,81.0751,56.8538
176.1933,199.7300,82.6335,57.9351
177.7340,198.4255,83.1336,58.8268
178.0527,197.9760,83.8009,58.7040
178.6394,196.8806,84.0399,58.9785
180.6940,195.3834,84.1050,59.0185
180.2105,196.0175,85.3072,59.4510
181.6156,193.6531,85.7685,59.2563
179.1323,193.1273,89.9916,57.0220
177.8674,193.9117,93.0462,55.4173
177.9066,194.2085,94.9274,54.8147
174.3357,196.7522,96.6695,53.9120
176.2440,196.2623,96.2143,54.1507
176.6615,196.4760,97.1491,53.9867
175.8398,195.7507,97.9747,54.0908
177.5517,196.5222,99.4832,53.8025
176.1905,196.4221,101.1038,53.8482
171.8845,197.1492,99.7905,53.2358
165.9789,205.3340,94.9670,51.3895
166.1874,206.4763,88.8622,49.3045
168.9041,207.5669,85.5731,46.8619
168.1379,208.3860,82.5901,45.6493
171.4265,209.2306,79.8588,43.7992
173.5452,208.3109,79.9663,43.2786
172.9926,207.9588,78.4495,43.3245
174.2514,207.8748,76.2081,45.3756
175.5956,207.8692,76.0834,44.6770
177.4743,207.8835,76.3443,44.4286
175.5034,208.7966,74.2616,43.9715
176.1759,210.1084,71.7734,42.8573
176.4656,210.7537,70.1206,42.2409
177.4427,210.4692,69.0405,41.8869
176.6936,211.0948,67.8765,41.6231
176.4814,210.5211,65.4218,41.6408
177.0791,209.2836,60.9723,43.4991
177.3489,208.6388,57.7979,44.4705
178.6984,208.7263,55.9504,44.8341
179.2884,208.5707,54.3533,45.0576
180.5679,208.7387,52.9645,45.5854
180.8550,208.0422,51.2088,45.0879
182.5529,207.0813,49.8368,45.0190
183.0623,206.6432,47.8816,44.7940
183.1212,206.4345,46.5041,44.8572
183.6123,206.0508,45.4780,44.8687
184.1327,206.4286,43.9614,45.5020
184.1334,205.8054,42.8186,45.6910
184.7414,206.1959,41.1862,46.3168
185.9861,205.9942,39.4375,46.3855
187.3402,206.3418,38.4951,46.4842
188.2657,206.5089,38.4584,46.3692
187.6079,206.6044,39.3623,45.7651
188.0291,206.6400,40.2996,44.8407
188.9806,206.5831,39.5050,44.4353
190.6153,206.9371,38.2172,44.7362
193.9144,204.6669,38.1971,45.5659
195.9530,205.2716,39.4349,45.8335
197.8929,204.8101,40.4958,46.4342
198.0830,203.9414,41.9180,46.9365
197.9400,204.7359,44.1196,46.8867
198.5430,205.5607,46.0590,46.5800
198.1417,205.6010,48.6285,46.8010
196.9986,204.8561,51.4403,46.5180
195.9410,204.8294,53.1144,46.7683
195.7369,204.3383,55.4061,47.0578
195.5585,203.5943,57.1789,47.2595
194.6185,201.8139,59.3827,47.2712
193.1598,200.2131,61.7284,47.4237
193.3559,199.7666,63.4638,47.2463
192.5134,199.3195,64.9998,46.9856
191.7001,200.3739,67.2229,46.4684
191.9823,197.3761,69.0620,46.4757
190.2560,197.8300,71.0661,46.7771
190.9639,198.7047,71.8127,47.2725
191.1058,197.1793,72.2625,48.3200
190.5397,197.8887,73.7568,48.7106
193.6764,197.4825,74.0688,48.6931
195.9838,197.1734,74.0738,48.7197
196.6978,195.8591,75.2707,48.5884
198.5816,197.6779,75.4099,48.7039
198.2711,195.9774,76.2846,48.6617
200.7342,197.8900,76.6505,48.7269
199.2322,195.7572,77.5246,49.7911
201.0658,196.0745,78.6465,50.2976
200.1449,195.5735,79.3824,50.8821
198.8256,195.5308,84.0738,48.6889
196.8433,197.8691,88.0416,47.5059
195.9160,196.3746,89.7250,47.3126
195.9277,196.9500,92.3830,46.6208
194.1498,197.9215,95.1720,46.6116
196.6122,195.7394,96.0971,46.9685
194.7202,196.7080,96.7662,46.8989
196.5636,196.7695,97.5374,46.5684
199.8703,197.5847,97.5097,46.0960
201.8789,197.6633,95.9207,45.5205
205.5944,198.1117,94.7133,44.9021
208.6431,198.6494,94.4289,44.1675
211.0345,199.7094,94.4248,43.8473
214.7898,198.0191,93.2989,43.8890
215.3347,197.9720,94.6188,42.9360
216.0266,197.6116,95.7027,42.6972
218.7263,197.3872,96.7841,42.5282
220.1437,197.2542,95.6898,42.4473
222.0883,196.0011,96.0925,42.4585
222.7662,195.7787,95.4116,42.3702
224.1367,194.7276,95.5597,42.4880
224.1714,194.6827,96.6230,42.3064
225.7801,194.0408,96.8364,42.4075
228.1740,192.9682,96.6298,42.6192
229.5191,192.6794,96.5721,42.5894
231.4633,193.4191,96.1268,42.5176
232.1918,193.3327,96.2346,42.3911
236.0250,193.2219,96.2748,42.1220
238.1984,194.6241,95.9149,42.4305
239.2060,194.9821,95.9658,42.3396
240.7729,195.4074,96.2762,42.4202
244.5160,195.8840,95.6913,42.5317
246.2007,196.6290,95.1667,42.4385
246.8768,196.9613,95.5491,42.6336
249.3133,197.3305,95.8064,43.2975
251.1033,198.0247,96.1496,43.9959
253.6373,196.3500,95.7928,44.4376
256.0153,197.4101,95.6516,44.6683
258.8812,197.5821,95.0888,44.8862
261.8317,197.0661,95.5412,45.0382
263.9768,198.4209,96.2512,45.5458
265.8671,198.3353,96.3420,45.3862
268.9289,199.3170,96.1257,44.8836
271.5400,200.6759,96.9684,44.8343
273.1747,200.0917,96.0326,44.9208
276.6402,200.4366,95.9735,44.7080
278.5870,201.0901,95.7809,44.5643
281.0435,202.0117,95.5697,44.3102
281.3218,201.2055,96.1701,44.2273
282.6136,202.0027,96.3357,44.3584
283.6505,200.5484,97.4975,44.4044
285.7138,201.6459,97.0005,43.9807
286.5633,199.1705,96.9945,44.4505
288.7894,197.4375,97.8147,44.7051
289.5642,193.9447,98.1055,44.8298
290.1205,191.5793,99.0408,44.8007
291.5331,190.7776,99.4388,44.4552
292.1023,188.0187,99.4397,44.7845
293.7385,186.3567,100.4945,44.5213
294.7469,185.5529,101.5153,44.1096
295.0903,185.7586,101.1904,43.5574
296.8033,184.7621,101.7413,43.3662
298.4132,184.4279,102.5317,43.4291
299.7188,182.7589,103.0981,43.6736
302.4709,180.8266,102.4491,43.7344
304.9550,179.9128,102.1309,43.9793
304.4317,179.1478,101.3977,44.1555
307.3242,179.1588,102.0775,44.3990
308.4207,178.3035,101.5144,44.9810
310.4890,178.7059,101.4261,45.0397
312.7742,179.6194,100.2080,45.8589
314.7808,178.3835,99.8348,46.0019
315.5812,177.7677,99.3845,46.7023
315.8428,177.3928,99.0728,46.7396
316.6590,177.1009,98.9175,46.7904
317.2390,175.8171,99.3186,47.1079
317.5232,176.5854,98.9128,46.6987
321.3191,177.0783,98.7145,46.1356
321.0254,175.6863,98.1928,46.4648
320.6342,176.9856,98.5279,46.5410
322.4476,176.2975,99.3078,47.2815
322.2944,176.8174,99.0080,47.8349
322.1188,175.7996,99.1743,47.5364
320.1006,175.6352,99.6305,47.1236
319.1877,175.0039,100.1490,46.5106
317.0131,174.7637,101.1796,46.1788
315.1290,175.3165,102.1672,45.9194
316.1957,175.3614,103.5929,46.1367
315.8282,175.7849,103.6443,46.2298
316.0213,175.1059,104.0395,46.3795
315.7506,174.6259,103.9045,46.6556
316.5463,174.5022,104.1720,46.5857
315.3502,175.0502,105.1405,46.4438
316.2581,174.9979,105.9429,46.2259
316.6698,173.9094,106.0731,46.1531
316.4435,174.9302,105.4989,46.0626
315.2736,175.0884,104.9135,46.1507
315.4076,173.9547,104.1963,46.4805
315.4890,174.5667,103.7972,45.9739
316.9555,174.2456,103.2442,45.8325
315.8201,174.9915,103.2996,45.6024
318.0582,175.6489,104.7594,45.8058
317.6260,176.8442,102.9841,46.2644
320.3318,178.2214,102.1555,46.6460
322.4341,178.4135,101.5668,47.0704
324.2512,178.0738,101.5439,47.3383
325.7866,178.9498,100.9719,47.5505
327.0522,178.7574,102.2742,48.0014
325.9687,179.3806,103.2496,48.5361
325.8427,180.5305,104.6743,48.7137
326.5082,181.9772,105.6523,48.5107
326.2868,182.2297,107.2779,48.9299
328.8965,183.0978,108.1528,49.3939
330.1194,183.2103,107.8882,49.9059
333.1223,183.6678,108.7099,49.4844
334.5372,184.7113,109.3794,48.7573
336.1566,185.3035,110.3824,48.6400
339.0866,184.8211,111.6064,48.7023
342.6331,184.3572,112.0754,49.1972
346.6753,185.0143,111.4745,49.4801
350.1185,184.1446,111.6913,50.1869
352.7507,184.3431,111.9728,50.9465
356.1906,182.7212,112.8349,51.6136
359.6263,182.3224,114.4724,52.1224
363.6580,182.4053,113.3533,52.9305
367.2965,180.4869,111.9066,54.1713
370.8829,179.1349,109.5387,55.0281
372.1387,180.4703,108.3309,54.5055
373.7523,180.7083,107.3799,53.6995
376.7020,179.4007,107.0731,52.9618
378.8397,180.1101,105.4509,52.3106
378.7448,179.2566,104.8560,52.3870
379.5240,180.5255,103.5560,51.5801
382.4349,180.8402,101.8446,51.1091
381.8490,180.1070,100.7007,50.7435
381.0900,178.2455,99.5501,50.8913
381.4818,177.7002,98.1207,50.7563
381.6160,176.3523,97.1077,51.3958
383.4366,175.8339,95.0329,51.3386
383.8777,175.1545,92.9426,52.0152
383.0730,173.5147,90.9976,52.3713
382.5149,173.1253,90.2065,52.6811
382.3185,172.9012,89.2360,53.2539
381.4310,172.8784,87.8962,53.6152
380.2943,172.6249,86.9255,53.9941
379.7851,171.6315,84.8807,54.0430
380.6132,170.8674,83.9024,54.0625
381.2959,170.4443,84.3163,53.3628
382.0310,170.6857,84.5784,53.1195
382.6531,170.7474,83.6763,53.0914
383.8706,170.9580,83.4172,53.4065
383.7413,170.4716,81.3964,53.8808
386.8745,169.9895,80.3572,55.6455
389.3898,169.7745,78.9730,56.5669
393.7198,169.1240,78.1151,57.1969
396.5624,167.9252,76.4799,57.8137
399.7147,167.0914,74.5766,58.3515
403.2786,166.3716,72.1415,59.2803
407.6346,164.9725,69.9920,59.8136
410.4310,165.5842,69.2226,60.2175
412.3939,165.2395,69.1053,60.2413
414.2332,165.2006,69.7034,61.1811
414.6680,164.9847,69.6189,61.2319
415.6296,164.0779,69.5520,60.9389
413.7538,164.6028,69.7392,61.6026
413.8953,164.7201,68.9626,62.3975
412.9532,164.7592,67.8209,62.8828
411.9043,163.0346,67.0737,63.0459
411.6473,162.5220,66.0736,63.3028
411.3141,161.7350,64.2139,63.5625
411.8862,162.0995,62.0932,64.8739
411.6512,161.4327,60.8314,64.7242
411.8907,161.3278,58.5793,64.3238
413.3427,161.1272,56.2561,63.5262
412.5357,159.5296,53.8645,63.1525
414.7266,159.4083,49.6596,66.0716
412.3927,158.6996,49.4114,65.3072
411.5148,159.4103,49.5480,64.5374
408.8714,158.5457,48.4431,64.4220
408.4499,159.1669,46.9450,64.5589
408.5486,159.7377,43.8487,66.0568
407.0777,160.2223,42.0505,67.0827
405.3180,160.7691,40.7634,66.9955
406.1332,161.5836,39.9471,66.8499
407.9399,161.2177,37.4742,66.7293
407.2063,159.6238,36.0295,67.0707
408.4487,160.7562,33.7044,67.5938
407.1999,159.8649,32.3953,67.0668
407.4257,160.6756,30.3994,67.9328
406.5078,159.1508,29.0716,68.2572
406.2065,159.2534,28.1573,68.4243
405.1072,158.6700,27.8184,68.3569
404.2165,158.9648,27.4648,68.0087
403.9427,158.5135,27.2451,67.8753
402.7841,159.4461,27.5496,67.6224
402.5724,159.2912,27.9836,66.8737
403.9160,159.8353,27.9291,66.2263
403.5153,159.9252,27.8850,66.1150
404.2384,160.0632,28.2487,65.3982
403.8344,161.4501,28.7295,64.9296
404.3451,160.8525,28.9262,64.2637
404.2669,162.6231,29.7146,62.5804
402.9790,161.3087,30.3686,61.2724
404.8862,162.0393,29.5345,61.9244
405.0088,162.0366,29.2140,61.7036
405.9456,162.2840,28.5226,62.8071
406.2681,161.7308,28.5522,62.6010
406.5068,161.0668,29.6607,60.7934
407.2599,164.0454,29.4911,59.5457
408.0062,164.1369,30.5382,58.6079
408.4746,164.5480,31.1614,57.8982
409.5642,165.6486,31.1060,57.8576
410.9933,165.1484,31.2954,57.8780
411.2562,165.9289,32.1970,57.3653
411.4165,166.1100,32.7610,57.4102
410.9903,165.2635,33.3817,57.7941
407.7383,164.7729,32.8375,58.5370
405.9677,162.6762,31.5409,60.4815
405.7355,161.7528,30.1618,62.5519
406.3929,161.1815,29.6907,63.3917
405.4206,160.5879,28.6146,64.1354
406.7894,159.4530,28.2419,65.0293
407.2004,161.5798,28.4348,64.9121
407.6823,159.9383,28.5653,65.3053
408.3641,159.7496,28.9295,65.5702
409.1542,159.9707,29.1039,66.1069
409.0986,159.3537,29.3837,66.6244
408.6515,159.1115,29.9773,67.0076
408.5083,157.6205,30.5611,67.1708
407.7787,156.9103,31.0141,67.0508
407.0279,156.7661,31.0811,65.8633
406.8433,155.8498,31.3100,65.7377
405.3781,156.7474,31.7335,66.3147
405.8221,156.0604,32.4432,67.3876
406.2541,154.0654,33.7470,68.8331
407.1691,154.3723,35.2318,70.0684
