1
285.7996,251.2509,43.3132,44.3138
287.9561,250.9461,42.5582,45.0006
290.3167,252.5040,42.7419,44.7284
290.5081,254.7214,42.6088,43.9021
290.6976,257.1169,42.2590,44.2146
289.8067,257.0804,42.7478,43.8782
289.7730,259.0365,42.4868,43.9605
289.6304,261.3251,42.5219,43.7965
289.4763,262.8110,41.3313,44.1899
286.7590,265.7633,42.2055,42.3986
285.9286,265.3869,40.9046,43.6580
284.3182,267.1707,39.5760,44.5161
283.3003,266.4242,38.8613,43.4233
283.2690,269.7935,38.4208,42.3870
282.7735,270.0664,37.9639,42.8983
284.2970,270.6548,36.9721,44.0134
284.9694,271.3326,36.9160,44.2133
283.8080,272.6765,36.9942,43.7822
282.7007,274.5312,38.1399,42.0437
284.5170,273.9611,38.3144,41.0052
285.4208,273.0053,37.9278,40.5689
285.5096,271.5853,37.8300,39.8962
283.6236,271.8241,38.3299,39.1115
282.6399,271.1167,37.1666,39.8792
282.6176,270.5883,37.6870,38.9399
282.9947,272.4814,37.8552,39.9957
281.7512,272.9363,38.5316,41.1322
279.8218,274.1579,39.1479,40.4384
280.0494,272.7865,40.1365,39.4270
277.8975,273.4024,39.0296,39.6537
279.4854,278.3266,39.3560,38.8731
277.9398,278.8691,40.4595,38.4258
276.9885,278.3504,40.1748,38.3203
277.9809,280.0479,40.8331,37.8867
277.3383,278.5815,40.7799,38.2078
278.0898,279.1834,40.7707,38.0446
278.2060,280.9972,40.5102,38.5186
279.6874,278.1482,40.5750,39.2110
278.4736,278.3307,40.0137,39.0725
280.2107,276.1837,38.6393,39.0552
280.8197,277.4258,39.7865,38.6960
279.5517,275.9362,39.7178,40.2484
279.8293,273.8387,39.9710,40.7059
278.2442,271.7564,40.1304,42.4616
278.3193,272.4338,40.0393,43.3926
276.7843,270.1376,39.8630,44.0798
275.5612,269.1252,39.7749,44.1385
273.7200,269.2823,40.1260,44.1564
274.1635,271.2179,39.4713,44.7818
274.4760,271.7824,40.1048,45.2570
272.4266,270.6950,40.2471,44.9317
271.5918,270.5698,41.7649,43.4225
272.0220,272.6164,41.0152,44.8594
271.7564,272.0445,40.5968,45.7224
271.7599,271.9894,40.5168,46.2218
270.7384,270.7738,41.0822,46.4708
269.1056,271.2628,41.0397,46.7204
269.0979,272.6542,40.7282,46.1970
268.2061,272.5117,40.6673,46.6755
268.0062,271.7870,40.5228,46.2216
266.7925,272.2326,41.1585,45.7034
262.4496,272.0182,41.7892,46.5298
261.7938,272.8584,41.7689,46.5036
261.5732,271.9881,41.3244,47.4988
259.5482,272.5050,42.0335,47.8241
258.4980,273.8456,42.1239,47.8484
257.2421,274.8416,42.7581,46.9469
253.0479,272.4566,43.7750,44.8854
251.6809,273.6832,42.9445,46.0232
250.9403,273.8635,42.4294,46.5170
249.7190,273.2429,41.9583,46.6696
248.4984,272.7012,41.2942,47.2573
247.2893,272.5015,40.9193,47.6168
246.7460,273.0718,41.1542,47.2899
245.4339,270.6161,41.5014,47.6989
244.3385,272.3655,41.7802,47.4877
244.4587,272.4365,42.0779,46.1482
245.4019,271.7501,42.8029,43.8222
249.0949,275.5960,43.0835,44.7328
249.4801,274.0686,42.0498,45.9599
250.2767,273.4333,41.1786,46.6800
252.2871,274.8874,40.6531,46.5294
252.1267,275.1091,41.0378,46.3483
253.6169,276.2611,41.2914,46.4821
253.3825,276.0668,41.4740,47.2379
253.8973,276.1505,40.8764,47.8586
253.3941,274.7967,41.0205,47.9776
252.3332,275.2843,41.5160,48.0327
251.3038,274.6167,42.4113,48.0730
250.7897,274.8348,42.5947,47.9391
249.6269,274.3445,42.5864,48.1806
250.1104,274.8905,42.4066,48.5638
249.7632,274.1773,42.2290,49.1386
248.4403,273.6111,42.0463,49.3293
248.9548,268.9581,40.3376,50.3056
245.8189,270.0292,40.2294,49.8972
244.8557,267.7003,39.5924,50.8574
244.4926,264.5255,39.0845,51.1413
242.5395,268.1776,37.6871,51.3347
242.8557,267.8350,37.3718,51.9479
244.1734,277.3470,40.5124,49.2818
245.0715,288.4784,42.0821,46.8299
242.5098,304.6431,47.4603,39.1941
256.6697,316.0563,51.3626,35.7775
278.0363,328.3606,55.2466,32.3048
304.3276,333.8612,55.6163,31.1900
316.5558,331.9501,53.3597,31.1121
323.8465,329.5518,47.8254,33.6662
356.5377,334.7192,45.0951,36.7241
362.1908,331.0560,43.9903,39.4121
367.5573,326.8257,43.4799,40.2550
371.7667,324.9666,42.3202,40.9065
375.3792,324.4688,41.2220,41.1292
373.2094,321.9777,39.7859,41.4313
370.6836,322.6381,39.1950,42.4400
371.1380,324.8795,39.8834,41.7532
367.9771,326.0583,39.1872,42.6636
366.9473,327.7337,39.1772,41.6518
364.4640,328.3018,39.0485,43.3706
364.2726,328.5370,39.6974,42.4694
362.1672,329.0694,40.0414,42.8847
357.2855,330.5441,39.3092,43.7740
355.2099,329.8188,39.4955,42.5756
350.8971,327.3217,39.4015,41.1359
342.0064,323.9314,39.3484,40.4143
336.9417,321.4864,38.8767,40.6954
337.3723,322.6671,39.7621,39.8459
339.2034,323.9091,40.0359,39.4803
338.8242,323.3685,39.8514,38.3570
335.0972,321.4054,39.1965,38.6025
336.0945,321.3683,38.7648,38.0932
334.9217,321.4756,38.8122,37.8306
335.1727,320.3193,38.7548,38.6281
335.5078,315.8018,38.5714,38.0685
331.9204,312.0586,40.0363,37.2795
327.7081,310.2487,39.7964,36.8466
325.0208,310.7943,40.9099,36.2583
323.5754,316.6843,40.4991,36.0056
317.5032,317.8894,40.3400,35.7461
308.7384,323.2824,41.2197,34.9449
308.8432,322.9082,41.7558,34.7240
309.8834,322.9909,41.7124,35.1634
310.0236,322.7094,41.4030,36.9768
309.6986,320.6041,41.6067,36.9864
311.7068,318.2303,40.6510,37.3388
311.7076,313.8690,39.9628,39.6416
312.9868,310.4151,40.2130,41.3685
313.9053,306.3516,40.5206,41.1383
314.3566,301.3571,42.6889,39.1917
318.8317,298.8799,42.2186,37.5043
321.4904,295.6716,40.6468,37.2641
322.8333,294.2133,38.9505,37.2473
324.3604,294.0759,38.4929,36.8178
324.7697,296.3118,37.5529,36.6929
321.0884,294.1372,37.7050,36.9052
323.3757,291.9128,36.9592,37.5239
325.0280,288.5146,35.6052,38.3293
327.0520,287.5792,35.3264,38.2691
328.5012,284.4514,35.1727,37.8809
328.7600,284.7143,33.9852,37.6476
330.8158,280.1658,35.4106,36.1212
332.9507,279.1096,35.5141,35.6457
332.4515,279.5489,35.7432,36.5956
331.8734,279.3648,36.5261,36.7376
332.0255,279.4481,36.6631,37.2907
332.2155,277.4079,36.3583,38.4896
333.6657,276.2243,35.6776,38.2014
333.9462,274.6919,35.4860,38.3278
335.3808,273.6456,36.2324,37.5634
337.6380,272.9410,36.4174,37.2176
338.5312,273.1166,35.5220,37.1597
338.3318,275.9084,35.0398,36.8085
338.7792,275.1442,35.2711,36.1228
339.0403,272.9662,35.2261,35.9198
339.4118,272.0782,35.4923,35.6593
337.8120,269.9096,36.6561,34.4561
337.3163,268.9558,36.6460,34.7304
338.5994,266.3407,34.8134,36.3010
338.9714,261.7652,34.0572,37.6177
339.1448,257.7954,34.9687,37.8012
340.0346,255.5071,35.3403,37.5070
337.4686,253.1183,34.8531,38.1578
339.5475,246.9271,33.6851,38.6640
336.1849,246.1790,33.1801,38.7969
337.1023,245.8871,32.4151,38.2838
337.6760,242.8141,31.6361,37.5854
337.8731,243.1484,30.5009,37.1917
339.8015,243.0942,29.2193,36.9433
340.0833,242.6645,28.8370,34.8197
339.8642,244.0801,28.2986,33.4310
340.1190,243.9894,27.6168,32.5888
341.4590,243.3482,26.8932,31.6766
341.4523,242.9059,26.7531,30.4877
342.1684,242.4491,26.3460,29.5426
342.4985,241.5963,26.2468,28.6423
344.3422,241.4490,25.8496,28.1229
346.9078,240.7254,26.2032,27.4206
348.2238,239.8454,26.1196,26.8888
348.5298,238.2766,26.3619,26.6376
348.4451,237.3209,26.6388,25.8774
348.4185,238.3693,26.3546,24.6036
349.0414,238.1434,24.7855,23.8662
349.4165,236.7792,24.4701,23.5604
350.2653,236.1805,24.8900,23.0293
350.7483,235.8377,24.8559,22.7806
350.6584,235.8354,24.5337,22.4763
351.1212,237.7585,24.9689,22.0774
350.6519,240.9098,24.7689,22.0240
350.2537,241.9992,23.9261,22.4919
347.1633,246.4927,23.8249,22.4280
346.7063,246.9736,23.8427,21.7044
346.1309,248.3596,23.5985,21.6788
342.6075,249.5225,22.7152,21.9198
343.0149,248.9225,21.7690,22.3164
343.8566,247.2302,20.8163,22.6098
343.2991,243.5248,20.7255,21.4054
343.2968,243.7015,19.5083,21.3277
342.0079,243.5223,18.9295,20.9324
341.5751,244.6905,18.5832,20.4153
339.7545,245.1998,17.4047,20.7233
337.5912,244.9628,16.7082,20.4345
336.9519,244.7624,16.4988,20.0144
334.3366,244.2725,16.2998,19.6445
333.9268,243.6983,15.9523,19.5128
333.9281,243.9957,15.7521,19.1609
333.0384,243.4324,15.6934,18.6643
333.1658,243.0670,15.3227,18.3386
333.8232,243.1156,15.0446,17.7212
333.5202,242.4329,14.8685,16.9702
334.1411,240.4370,14.7243,16.6472
334.9511,237.0132,14.4343,16.3399
335.5323,234.0196,14.0740,16.0602
336.7679,233.6042,13.8384,15.8220
337.2562,232.4659,13.4456,15.8078
338.3275,231.9847,13.3086,15.4710
339.0677,231.9639,13.2006,15.1978
338.8905,231.1011,13.0202,15.3412
339.7243,231.0957,13.4549,14.9409
340.4084,230.6923,13.4716,14.9636
338.9019,230.3336,13.3020,15.0234
339.8949,229.7870,12.7585,15.1186
339.8130,226.9887,12.7902,14.6877
340.3568,225.8400,12.8235,14.6451
340.7230,224.3449,12.8768,14.9381
341.5875,224.4967,13.0866,14.4666
342.0284,223.4717,12.6823,14.6225
343.0049,222.6213,12.9522,14.4009
344.1304,222.1094,12.9086,14.6057
343.7797,222.4021,13.1508,14.6392
343.7041,221.4210,12.9598,14.7831
343.6532,221.3891,13.1309,14.8703
343.5559,220.8874,13.2403,14.5963
343.2751,219.1445,13.5745,14.6474
343.6195,218.3744,13.9678,14.5899
344.6444,217.5995,13.9668,14.8869
346.5309,216.0470,14.1550,15.4685
348.3286,214.2577,15.0479,15.3762
352.5706,214.1018,16.0717,15.1576
353.7014,218.3421,15.3207,15.9613
353.4095,225.5366,15.2375,15.9189
352.0542,226.3485,15.0793,15.6001
349.1036,230.8331,14.8927,15.0122
343.2639,234.9480,14.4049,14.5993
341.4074,234.7912,14.2826,14.2026
340.1619,234.5253,14.5934,13.7119
340.8167,234.6676,14.8416,13.3266
341.4717,235.9412,14.4689,13.3315
342.3362,237.2440,13.8876,13.3547
343.3523,237.2851,13.4086,13.0109
343.9878,237.7729,12.8088,12.6374
344.5624,238.1970,12.7454,12.0994
345.7174,238.0742,12.6287,11.7360
344.7878,238.2305,12.4382,11.4600
345.1123,238.5745,12.4994,11.2182
346.0399,236.6265,12.3715,11.1097
347.1677,235.8724,12.5158,11.1265
348.1775,234.0233,12.4722,11.0137
348.7714,233.2745,12.2744,11.0041
349.2249,232.5655,12.0484,11.1627
349.9185,232.5132,12.0757,11.1182
352.3246,233.4690,11.5053,11.0621
352.8562,232.9674,11.3669,11.1413
353.3073,232.6708,11.4095,11.0454
355.1917,232.8322,12.0641,10.9613
356.0578,232.5381,12.6001,11.1809
356.8530,233.5749,12.8997,11.3130
358.7870,234.3326,12.9019,11.7519
360.5701,235.1393,13.0294,11.9116
360.6172,234.1522,12.9395,12.1543
360.9731,234.0552,12.9922,12.2225
363.1658,235.4215,13.0300,12.4751
363.0240,236.7229,13.6920,12.6839
365.8843,237.3905,13.9055,13.0256
371.0664,235.2425,13.3893,13.8320
371.3030,235.0972,13.6112,13.7444
373.8248,234.6587,13.7811,13.6486
375.8289,233.1644,13.5450,13.6831
376.9265,233.5364,13.5601,12.9075
376.7668,233.4576,13.6175,12.7338
376.5500,232.8254,13.7075,12.7024
377.9843,232.3871,13.8613,12.7801
378.0959,231.7353,13.8304,12.5321
378.2210,231.5685,13.8377,12.3382
378.6253,230.9601,13.8943,12.3960
378.3488,231.1647,13.9971,12.5204
379.6664,230.6609,14.1298,12.7209
379.5312,228.4129,13.9053,12.7100
380.1700,229.7461,13.7904,12.6652
379.0222,229.3013,13.7770,12.8056
377.6800,229.4843,13.5675,12.3324
376.5723,230.7303,14.0566,12.3025
376.0128,231.4605,14.2398,12.4490
374.8356,232.5392,14.3527,12.5189
374.9910,231.9607,14.3487,12.6650
375.6423,231.3929,14.3756,12.9295
379.3069,231.0252,14.0282,13.1059
376.1836,232.4907,14.0289,12.9212
376.8425,233.5785,13.9072,12.9522
376.7202,232.6862,14.3149,12.8999
375.4673,232.3342,14.2862,12.9789
374.7160,230.0370,14.4177,13.0949
376.2450,229.4944,14.5561,13.0581
376.2255,227.2709,14.5267,13.0683
376.5110,227.4763,14.3056,12.9185
375.4443,227.5503,14.5084,12.4669
376.8672,226.0165,14.6278,12.6474
377.5416,225.0311,14.3549,13.3539
379.7653,223.2678,14.9619,12.7092
378.0007,224.8192,14.1744,13.2689
375.8516,225.4870,13.7147,13.5342
372.1461,225.2161,13.2696,13.5784
372.1998,223.1277,13.2591,13.6943
2
0
0
0
0
1
362.1482,235.7325,32.5301,34.8075
364.3748,235.5754,31.9104,34.4883
