1
189.4242,349.9044,46.0338,109.8204
198.1586,350.5169,42.0247,114.5420
202.8313,350.6937,42.6634,115.9293
207.6858,350.8935,42.4964,119.0563
225.5568,347.3172,37.4375,130.3114
237.8325,350.2097,39.5223,130.3359
250.0249,352.8505,41.3908,131.7611
255.3730,352.5121,43.6011,131.6211
271.6761,352.0074,44.1219,136.7700
285.2944,350.7598,45.2498,139.0493
299.4392,351.3844,47.2298,138.6132
313.5385,347.5223,50.4688,139.2434
323.1976,349.6409,51.1199,136.7794
342.9388,354.0588,51.3394,133.9591
361.3168,350.8701,51.0965,133.1823
378.4648,344.1790,50.2704,136.7208
393.6853,350.8904,51.2463,136.5426
411.9567,350.1133,47.8567,144.0859
425.2477,378.0991,49.0354,144.2254
433.6135,380.4149,61.9947,128.4261
435.1120,392.1176,89.4665,102.4985
448.3940,395.2346,100.0382,93.3137
448.7337,376.2997,75.4682,121.0197
466.1382,367.9026,65.6209,134.4514
479.2704,364.7704,66.0630,131.5852
502.9216,377.0039,69.0859,130.6598
522.0323,373.8109,62.4334,143.0873
537.1259,373.3351,56.9646,150.7747
526.8341,399.9316,54.2930,154.6063
516.5861,396.4173,51.5595,154.0140
502.9173,404.6982,48.7653,154.2242
501.0564,399.3894,48.8648,146.4893
506.7239,370.7733,57.0340,131.4109
520.8243,290.4250,53.0284,134.9053
539.3179,305.0740,66.7740,119.8180
2
0
0
0
0
1
579.9062,265.7047,242.6619,125.7869
557.8693,255.6670,245.1728,135.9260
503.7278,185.6506,248.1660,132.6565
522.3751,143.0510,228.4668,153.3328
547.8547,117.5046,202.2955,172.6748
601.4829,74.7365,156.0318,216.8615
645.0426,51.9620,127.6794,237.9068
676.1745,58.7622,128.4409,241.1036
684.4382,84.4940,154.6445,219.4945
674.4016,131.4180,178.6604,202.5865
567.0364,193.5037,208.7298,168.4860
514.2662,195.9391,222.3368,148.7798
507.8994,183.1080,202.0784,156.8104
512.5415,155.7491,186.9633,171.8981
533.9449,131.1425,172.7428,190.0518
553.4994,124.3646,148.3533,219.9217
588.9504,136.9332,131.3268,233.4366
588.6435,160.5142,135.1787,220.3775
596.5530,165.9907,137.4858,207.2053
602.0706,178.4536,136.9857,196.1003
588.0607,195.3026,154.9863,173.7329
599.5280,225.6781,154.1154,162.4475
616.4233,249.5009,146.8722,154.7729
626.0008,250.3439,133.9917,157.5878
626.4971,268.3627,137.5785,145.7786
633.1274,294.0535,131.7843,144.9420
631.7261,315.7291,125.8589,140.9914
632.5187,332.4816,116.4966,146.6736
647.3564,335.9648,113.4892,146.8364
655.5657,349.2379,101.5074,156.8839
649.7391,403.3837,104.5003,145.8988
2
0
0
0
0
1
721.3186,458.3388,118.9057,146.4928
726.5181,437.5415,99.8016,173.8846
728.5229,425.6075,89.4783,192.4577
732.9381,419.5815,83.0991,202.4446
733.6014,413.1991,78.3988,208.6365
733.0706,406.7710,76.2267,211.1149
735.3596,396.1920,67.6001,226.7086
736.6088,388.0529,62.8434,237.6384
738.9426,381.1804,59.9581,245.0153
737.8989,372.3246,58.6909,251.1680
736.8662,369.1862,58.1122,253.6644
735.4555,369.1253,57.8246,255.1703
735.8048,369.5067,57.6722,256.0663
733.4729,366.1018,58.3513,257.3617
730.9380,366.2786,58.0328,254.6771
747.1116,362.1754,56.6354,254.7568
745.4156,357.7815,55.7146,255.6738
741.6224,351.9076,56.2876,258.9060
735.7772,359.7631,57.7731,256.1577
730.1443,358.7060,58.7316,255.9023
724.4083,357.0152,58.8246,257.3859
718.1064,353.6491,59.1148,256.2457
711.5482,348.8656,59.8816,256.6458
710.1667,344.6711,58.5596,255.2747
2
0
0
0
0
1
773.5776,312.8025,64.5653,316.0912
775.1473,313.2767,63.0238,307.2642
774.8583,314.2133,62.4683,303.8810
773.5316,315.5005,62.3263,299.5871
771.3927,311.5650,62.9670,296.7868
768.9873,311.0609,63.4879,294.7087
766.6833,310.7384,64.5823,295.2281
765.0905,312.5462,66.1440,292.6222
763.2994,312.3745,65.7551,293.6076
