57.5,156.5,198,173
53.14653930573604,160.4565222245924,198.65238170804696,172.82852888455545
57.75578523807005,160.1190326304901,199.21937892571538,171.96156452265018
58.33785892082268,159.79230256308588,199.64753292892348,171.8021135642236
60.17708078765443,160.87040109335,200.70402209473508,171.49786679151424
61.128847978500445,161.16496956283817,202.26032348078903,171.36061424146155
63.650030065128604,162.47200838574216,203.16241207013647,171.65769944889456
65.28471286137511,163.8452200859143,203.7893203290381,172.08663648975818
66.04127175402083,166.1091000373969,205.07079277850315,172.51861674868871
68.12525805166656,167.78761546774194,205.6408444179834,172.98609288606073
71.70596397682782,169.46816149182905,206.41252468497046,173.30647385462547
74.04242139201739,171.94076825338755,207.57056059159083,173.86053553902798
77.69064493182368,173.4968475061868,208.15865120881662,174.66983241673023
81.02038378286788,175.0846399542454,208.72335897349458,175.23211916749415
83.01633316840119,175.43234936795787,208.6996794826709,175.96847424105493
86.49355951110493,174.9112714972391,208.67502969185568,177.26936045362663
90.99159043180225,175.44687230837303,208.505573647275,178.5316511104115
95.33096769902077,175.5999079758697,208.70569961363142,178.88331655367747
101.6858433028906,174.5464039772184,209.21652850690495,179.29077165734142
107.82750569720585,175.42909362940708,209.60931207856498,179.30117994489828
117.57025655637516,171.75246821578918,210.14520508984063,179.74053325779082
124.6052586038487,174.20334535586642,209.61767383424902,179.62177038693815
134.50528496897044,173.3892542872935,209.8471201579606,179.77941307343852
141.50876689605232,172.52240873131433,210.8690955509282,179.72355423861188
150.54933732346865,173.31242701573765,211.50836790410338,179.23344713124442
158.88622822975077,173.3120844974984,212.0452393965928,178.99204115274165
167.43918506208865,173.14324289037154,212.28039972178524,178.9583164409128
174.68056689666568,171.08172966861946,212.5314893927801,179.51802510869058
185.41104577191436,167.69914814391143,212.22621897443602,179.8491385517834
193.96769584944497,163.67675623717224,211.54986950296856,180.45235160644225
203.03200009106857,162.4217659266185,210.84000606061494,180.651442506633
210.8888074571102,158.82835572615613,210.1981915604653,181.2756227174332
215.67677391609368,156.08665610482865,209.9193911345637,181.30864735681664
220.1272653170912,153.23434993805205,208.78421548436313,181.24801854428225
210.21699628640505,159.3310618710099,208.3876400508624,180.44538275667463
217.63734278549754,151.24124987580467,208.1427789237101,180.44021899684097
223.87876951805006,144.65687997958304,207.5189409233878,179.88641984122515
232.65318572586438,136.3728949991097,206.67012452948765,179.6654913341542
220.60340821250918,142.53632376273828,205.8664183715057,178.24244526167004
234.1678625134848,129.41232767414087,204.51978401577028,176.9515828398658
220.52220993318429,138.57287786819546,203.48986496372484,175.36538769467657
235.90676910091247,123.90573249516238,203.10649263046574,174.17822076862356
249.41512164677988,117.0582754094628,202.179360445225,174.34676298415116
241.65751560204205,119.5029476393483,201.77864274038913,173.49301441824
255.93324020541377,124.9838657980652,200.76576584504707,172.57650910208795
256.03406150481527,118.8561177385536,199.2913487883126,171.66005392716582
254.82421770226887,121.95622260288013,198.079969355823,169.7257004645345
256.06396339792263,118.27305212828973,196.25414994441968,168.49969999068063
255.2277709559121,123.0469181644589,194.67183035303785,166.00978537744874
263.35787416272177,121.03426415532213,193.4887304152486,165.35522612811363
261.35533013954614,123.60836640199453,191.45114725798658,163.11086313028275
267.8910751375995,123.25035511766491,190.31712292960447,162.5684705959833
269.69673066394273,124.11453342880968,188.6843111702454,161.65007082231514
272.66153635149817,123.67833743801734,187.33898600805557,160.88685055452544
276.6287846636784,125.05768212699961,185.59920249938727,159.98405145060875
281.4042134779155,126.76800494887587,184.06186129699952,159.07521229489333
277.4340350346274,115.54659081837968,181.76547521024807,158.56575097458688
287.0402878794238,127.23023359343905,180.7144838028819,159.2151642617484
282.71912770531844,116.69434970417191,179.589709538971,158.17618184191844
292.84024989995635,117.03206328217938,179.0925575416629,158.02272358706088
290.3384872825199,123.6878342204914,177.76046475743183,157.58112532921126
303.34943874398016,116.80428744376819,177.1474973813863,156.96600242910543
311.0284709150676,115.92635567495535,176.93969873287597,156.7086163310347
324.72305554362214,115.62522255055438,176.1804981189554,156.682995450053
330.201428336376,111.47423583032801,176.1288056721805,156.98184656079383
339.5009431023034,111.62410777237329,176.0945687733825,157.2140144670742
347.40835509101396,113.35705859450046,175.97806518475525,158.06457104807012
362.65004745718716,117.03436087883297,175.6676426411295,158.73579579459064
376.865810899904,118.85280395947265,177.01651126350842,159.26240088239575
378.1252423860555,115.60992084200007,178.31281190357106,158.7860012848214
390.48427980365443,115.26782629719008,179.92064572926188,159.01250693041823
394.5192767375739,112.5008716485441,180.3844090712008,158.81056160200828
401.0270693578899,110.61455420497833,180.23956948944334,158.86158236674908
409.81931753872414,110.98435418439274,179.87790866854635,158.69278932844867
420.807685535767,108.48526131204456,179.04742626027596,158.9381769927007
428.2039677618545,109.54024083631032,178.91150758294222,159.22264572050585
433.95101102629326,109.20209506117709,179.39201898497296,158.59448973907217
438.6929110723214,109.75520562658531,180.080544027194,158.8816490117744
443.67528668531276,109.5129336762706,180.49778228027628,159.0516043954532
446.24523504345194,112.39641574488896,180.73720761599986,158.59348005619015
447.90001036675466,114.147372218817,180.5734608977697,158.06252915591097
449.2148545403102,114.38938965801111,180.16021990402157,157.7241201072194
450.14208726771267,116.19153761556511,179.641834523527,157.3727834435152
449.26319047297216,119.79610786283052,179.13712353537127,156.72418743979858
448.42568529681745,119.21325133250798,179.065697291764,156.0420489856274
447.91794856590195,118.91210074440502,179.11107112562334,155.34089671639873
446.3036915546526,120.67368765610016,179.06997498157241,154.43030343080449
443.68712345162487,121.47320710465254,178.73644076984218,153.7627516767394
442.306268108902,121.77893688998184,178.80333939588547,152.97339703695852
440.40292101646935,120.20064656072935,178.7393780440991,152.330246917723
438.71700070190695,119.33959393914427,178.70204113149117,151.53089925714562
436.4324326593619,118.89351531019364,178.78720705132858,151.06996575195484
433.91109449910994,117.90284109212278,178.9902022233034,150.43327553376915
432.33552198351606,117.12432298867749,178.9624060046437,149.97504126908686
431.58633057624894,116.52171065712409,178.721261355265,149.62345793735113
431.1237361277208,117.32096378163413,178.09967073896226,149.01045446781484
431.04356487579673,117.53852483542605,177.87318732365904,148.61888486322079
432.19317236573,116.627214847423,177.71857726513355,148.5784308941814
433.158328901568,116.42561312341587,177.8644322537602,148.63175895166603
433.7130780485634,117.04167021428005,177.92871440105367,148.8269454615423
436.33107510705383,117.78830606127136,177.9177201887053,148.95670156907335
439.0374994808488,117.42926335618859,178.08074243186854,149.6007324996399
442.40159435451443,118.51569179796786,178.77323177694453,149.75892124367533
445.2540294320064,119.65108172424958,179.3864162980165,150.65886482937483
448.2674463558116,120.71757469621348,180.11944487334915,151.53940937822964
452.30066888089016,121.78885247246959,180.57535013447136,152.50277414050623
456.15103990129484,122.77129940604661,179.9616866649816,153.21858200598768
458.8318627745141,124.38878695746442,178.64483452434746,153.57969912727316
464.495269647084,125.27304611305107,176.62859340341421,154.70187543432496
459.57434152038957,132.4034002281628,176.8641397660561,155.09130319805902
456.18285955291486,139.91689761885627,177.13769331968834,155.09805513603243
466.02845830300976,136.76590495394896,175.12360267679827,155.12348158980944
472.69706132898847,137.0600336683133,173.0930696747677,154.6748698120636
483.1730040762329,135.24006992066433,170.0777953558158,153.36222543846512
478.13880288345865,141.06852097472603,168.41234916958703,152.3647366680492
486.2815089142724,136.69725787319632,165.87989540568898,151.84369208558616
486.49162471548186,141.74046025132276,163.2231847593095,151.039118116992
487.20324999863,143.46243721244377,161.0598572338802,150.61986221377765
487.6813759365689,144.65608672587547,159.09967908084172,150.16876332882097
488.334156280508,145.14970547198195,157.35400911023146,149.4358463090869
485.2930087041767,147.65432059902685,156.7256128108677,147.98908911369767
482.4603805758358,147.59403887507705,156.7449225648639,147.10142878954832
479.6097663298206,146.23976595549905,157.02969864905745,146.00131078364205
475.1766919305669,144.30940301371368,158.05511296575338,145.94873209987574
471.3236603534674,142.69696628159437,159.14503193965442,145.9914149074524
468.50301473399094,142.52711067273356,160.6273466237368,145.59524729998634
465.4329520106225,142.23284614298996,162.2028897226038,145.7569109605897
463.55369171626955,140.2964223237093,163.40730717524713,145.6715958145746
462.92011541368527,136.4136918022707,164.91468223448675,146.73385604034365
463.4654015931692,133.30530477968338,165.96120842631535,148.28921403174633
463.129012984374,134.34657909947848,167.37252617411048,148.41536366486122
462.9434335786012,132.46704587811521,168.61398283483447,149.28265879105942
462.6898414777703,132.13282201950852,169.45511001607036,150.14017674793593
463.8470989010736,132.48499012711963,169.94351789514135,150.9077748512562
464.8265495158918,133.5486838736285,169.90362718548624,151.45831103759025
464.64277572446576,134.81813845951083,169.8086350954868,151.71787355504983
467.4188508696058,136.44919824947877,168.8813613043827,151.72903745671186
470.5717041535051,138.87368867404547,168.17261289698453,151.58465837225742
472.90586036344854,140.70665235796346,167.2672079821331,151.2533798520014
475.72146218636533,141.24450486708122,165.8269070462605,151.52539164208497
464.75414878587344,150.96573924370503,165.80483256855769,150.77442450626899
471.3370212363269,150.29653087220433,165.32592295665225,150.56411886291022
475.1608146879687,149.92500707952905,164.63807812261297,150.47316115203046
463.90642235305523,158.68651881777583,165.61596374458838,150.347198069824
467.4013751173419,157.73688768875132,166.37301933280582,150.39126969314555
457.17667935324107,165.05517044892417,168.15563611125168,150.3418423487642
468.6087979743804,156.35361135049843,167.2790487865755,150.05108618648484
458.5442667630282,162.0198105415713,169.6687675660915,150.23828771888986
464.7877659297359,154.12569514235437,169.7803572224832,150.1088740165913
454.210293894331,160.50501333035422,172.52351235286324,149.5366027681551
456.41720911150577,153.49817255056215,173.2127502702593,149.9827317612109
444.58274929648854,159.8610302812144,175.73922910439538,150.81990921372477
439.0288364233453,159.8240162613455,178.55746592245924,151.71259959887195
429.749029661352,158.41012749707545,181.49789399875291,152.4780020587475
419.9701373381527,158.24104300372508,184.54112938978042,154.0405846787948
411.0241956109108,156.1494421878387,188.00488174074863,155.4973167938134
401.20076502447785,153.71747395019844,190.6923389219153,157.62045932568878
391.82391516646123,148.6671013593723,194.55608883936452,160.6274139761826
384.2267042201918,145.50431519801464,198.15934042092928,163.76842647681545
378.5761252702681,139.9388560066077,200.9524712440554,167.1018185000712
370.67464869092953,135.2010740449058,203.74280443050355,170.52508006294033
363.99807631914035,133.23080989028801,206.60199260822506,173.0393474239947
358.3172376361814,129.75407832879299,209.24312611275374,175.62777787410272
353.5153481147154,126.93058923258813,211.96064464619482,178.55322634429868
351.0647524129507,124.8499074461675,213.281038615871,181.0982149476575
346.82377302648445,125.74965637141841,214.98782229419908,182.36718066107477
345.6444135572935,123.70549688986918,215.77828950356948,183.6405927886172
343.7550135429187,123.36555681863715,215.57683535904027,185.0145057789626
342.8999658348694,122.17754614759073,215.61085507819357,185.6257657923582
341.16955652328426,121.90967359344081,215.52975327785626,185.97339080373612
340.8082423910049,123.30704119861547,214.71248851129457,186.11563512562864
339.6998363900463,122.97062918146739,214.33070084089434,186.21782401998263
339.83130332711517,122.56930562305072,213.45151853793504,186.18726180101197
337.535542420265,121.60680789929924,212.793352679974,185.91063309347038
336.0829305524396,120.9506838695231,212.2096178184415,185.51003475466908
333.16217908764435,119.22798655533751,211.29052828739975,185.22866303515514
330.85578417430344,117.92863234549736,210.46440476874466,183.81405291616966
325.8827642860139,120.80526943767364,210.41444807010396,184.19108402203926
320.92095065182923,115.00225305707181,210.85505169497966,182.69720032511304
316.4425571611645,113.1270871298612,211.042560150003,180.63146305340513
321.083823855237,115.4694278890269,211.34177286323748,179.09822263233323
310.355775241528,114.23370552217914,211.93488066499617,177.41854002761934
303.2666078631129,113.94996710416493,213.01272771278104,176.29236745244629
298.2101316485363,119.6599019100511,213.28419511843578,176.9274342496705
291.6263804987729,115.65406825829591,213.77433402227152,175.6742433073313
288.8872227359519,114.50982447781837,214.08557200656224,174.8088111714785
284.26777936562166,116.58647787699978,213.68085256130965,174.1404632602159
278.3046545845288,118.5418426222244,213.2411029016936,172.8811531709355
275.59181873918476,120.43630817573354,212.19624408243297,171.92830857552914
272.7058127148864,122.1736342537105,210.70298637471245,170.95591925030948
275.5063988062197,124.11130116967219,209.2199076826465,170.47950714652026
271.68754681180707,125.85645185165625,207.15086843111536,169.07508296265163
270.75504274482984,129.16866680582572,205.2594168520876,168.2070884485998
273.18525546282024,131.84755392540438,203.9657142859798,167.14512443206817
273.96329343985946,133.54386011036922,202.5679880694264,165.6108469610872
275.94352023181654,136.98124663535253,201.16544135158586,164.60146993391717
278.0462382841624,138.676953755174,199.61929174591748,163.6381305310052
286.6524989030662,142.51346356713222,198.42275408965295,163.04839147044328
283.7093575249329,143.11101291869676,196.81354677176176,162.07804596832207
284.15932144388864,143.87225941885308,195.20967711179838,161.24765140674918
286.03175938484213,146.81946138130684,193.82582942431887,160.3240745845028
291.9647060198875,149.68098364647557,192.80641557012166,160.48084134109158
287.8970778094101,150.06270996636735,191.89907231303687,159.9062958030584
288.184108554788,149.65099232266775,190.0928855399935,159.39152169981736
288.72181915636145,151.68179263883437,188.25684183547332,158.69070369077514
289.2111457229314,151.92413060271141,186.37823944972797,158.0983419884563
288.010834339851,152.73052038529275,185.15297267617018,157.31222198349718
287.36228288583334,153.79656358333688,183.98717208460215,156.52893362398424
288.9792138360517,154.2474668612815,182.6451910540309,155.79191859250525
289.73348884626455,155.3857869174716,181.5200638851677,155.01444246537744
291.2090572529973,156.10374160811105,180.48893143953057,154.43486717433137
293.13483321753955,155.99694298564492,179.39379606966546,154.14870882810953
292.91329306875974,155.53577785246154,178.96501532663282,153.54426289990388
299.94433730085785,154.60533708852475,178.5502952935279,153.51792654848208
296.65427987102413,150.3375236569664,178.60913272552207,153.3207491131979
297.8654154329332,149.40684086655253,178.1052904995616,152.08717784633888
299.6713077569314,145.46945788798004,177.79831661397054,151.3638021332568
300.5481571944788,142.81195491691525,178.33383234992925,151.11667142530092
303.0179881669633,140.99953588247263,178.8453413262859,150.58121591508464
305.8085175881367,138.6712145967748,179.43856837261103,150.2564594271846
305.1032789548524,136.29604573869358,180.96906386806813,150.30733425272206
308.90256544029506,133.423109192404,181.33631502438,151.15190166979463
309.7089916486167,131.44124865406582,182.8208508752539,151.88021610927925
311.86168979682833,129.1083691321351,184.46770076794806,152.95970792024576
314.04816199915876,125.14307031346468,185.5665810092832,154.3660865214843
315.32524725132237,120.53814581278398,186.94809256329034,156.2865468662295
312.90144313049154,117.92650731710185,190.23465635037752,158.07016187791845
312.61240519099226,113.67221142421323,192.83872366919536,159.79421920935
312.55919259000245,107.50788883430727,195.34045879625427,162.18493714306817
312.7649513743123,99.95837064135102,197.79359743758033,164.85526640617792
312.51398989031946,94.78404429357064,199.84358666399643,167.15075843431924
310.4884775968654,89.22160792028188,202.04948033049448,168.86883472551347
310.58695594251407,82.40828512429302,202.82913698195907,171.02205254496923
309.79464663046423,75.86022001696308,204.46592439630982,172.8209949544533
300.5584589079665,72.06035905650697,206.28168553771636,175.0861054595025
304.62050194068786,63.24405941603226,206.63200666831864,176.75214246933376
303.85765747051465,55.442463785167504,207.57397200398586,177.99938146818485
304.81003218278397,62.05602509572371,207.21269939943937,179.65452584536345
299.6497701794918,53.270345254365,207.17593981379957,180.81750692700666
293.19548771775214,47.112092142720485,207.68924106540382,181.5733747225613
291.1280177320069,59.3300255883411,207.3366932439256,183.3839220158904
284.67397816022424,49.86985843818377,207.17030091379706,183.50878703214744
295.56163017591416,56.590836711541485,206.44271111581563,184.44642719563709
280.1894510041175,61.79897173545072,206.37052588030753,184.56079965727906
274.5075440293111,57.18354521463104,206.35539161825034,184.57606222192868
267.25135709823553,53.57760531133249,206.34252267492047,184.58601484346718
63.658035940067904,117.28978167754661,204.71220942484948,185.0742292497108
58.95195381286014,134.81156335011508,201.91901135931872,184.49023392825555
54.18559632919566,126.03706840610637,200.13268602818576,183.82095065343114
50.74933680844228,110.38906169286396,197.4401759254054,183.84864781099506
47.9518746917136,120.36607547805599,195.99602430742235,183.36790210096257
63.985081143534416,133.24185434371756,194.42668362362934,183.4340342652693
62.634196276735096,125.51469375167605,193.36228810072774,182.16015644422538
62.928555280151016,140.78596883384625,192.49444169142436,180.83653938535372
62.45399671331613,128.89953818945466,191.4937448631114,179.76625721100214
59.795904545951416,115.02571520814416,189.82170469146266,179.05820897501474
57.484324404519484,127.937703426673,188.5791985848612,178.409567468377
60.00178802202332,139.06313583713506,187.26392257208252,178.24906901097827
59.219900731837924,127.96212191665458,186.15563022549713,177.863519032115
61.875992662199025,139.20981947564087,185.15724097765946,177.7504958166082
60.966176048480435,129.61115016188936,184.11553082130757,177.24945302016107
62.08668409228038,142.19455023352373,183.78062251702525,177.01783735565206
61.93723670058691,131.2064438009914,182.80511933116628,176.8317863504775
59.39164820626354,117.02116045496793,181.7040699099009,176.43607954398928
59.52573064673659,126.8313378014633,180.8498682276166,176.361464978562
54.46547607646413,109.37993967893333,179.55812780303702,176.27015111620008
50.90687197844751,113.07193668844297,178.83146726661786,176.26223665650696
69.22845557196015,125.98095649767241,178.88969702173125,174.91647372567016
68.49282364540807,138.62093603686526,178.67734864739555,174.78022573737238
63.616092578167525,128.30380351181768,178.13849339143474,174.22873028942064
59.322330988262166,111.92044484467115,177.32455115529086,173.53518151043244
54.7564489096129,115.85628707222922,177.0967886783731,173.89720639064345
72.1004358083294,129.7707654621896,176.54350039729752,173.4719227827198
68.17724205527324,115.45133535033175,175.92681703396403,172.80447426009758
64.35395416199192,124.67601635216131,175.77701849954278,172.09480494442673
60.49778613117827,106.99579782897086,174.6895460589728,171.5127180345088
57.01791766111374,109.41879977307876,173.67727572447419,171.58690257326444
55.16535140098124,113.79753462320403,172.65848503840985,171.3657802622351
72.38492768157414,122.26282551523249,172.65738560832756,170.7966563028852
69.74006474496078,131.36846569710133,172.3949063957999,171.10898319317587
65.6091348872689,114.5904487397007,171.27887743167926,170.65338991071147
63.34531424945726,119.94214826196183,170.92405286791654,170.49578153849146
76.95739471332178,130.8902988987099,170.4918478880635,170.50425397715355
70.3681742171262,116.72834999334498,170.4059284525982,169.92245301163825
67.00781471930569,122.78888684809662,170.4823183771943,170.09923181830928
66.35144306831636,129.08603985154298,170.47263655214354,170.517013633377
62.698637119616464,111.91429413166324,170.07835163710436,169.8334283519451
59.96587287960858,114.3921017485523,169.44911254662452,170.0914504701567
75.11804833731637,124.53703175685624,169.82189519138961,169.94627238409083
68.55666844852692,109.25304513003222,169.54975560068237,169.42873156913535
64.63435855809303,114.88793997842733,169.01446777351794,168.96360171578996
63.055478903058216,118.49660235302974,168.5976120819091,168.96742164279362
60.71470958289052,122.70317217398379,168.6504552342684,169.2320440324407
70.18226193930118,104.9706171030602,168.44966639363946,168.45577157541092
65.88586749110667,112.04888382650344,168.37496719188397,167.74012653337064
61.978791795472404,114.2229789456475,167.6565429758527,167.5411691594624
76.82827062263326,124.6812458923467,167.7258443699929,167.34891657709917
68.87545962604509,110.18005725263653,167.97875640223174,166.37755804719333
65.1981488997827,115.38675571402236,167.51056768172185,165.74316140670928
63.188718236992074,119.00832450645102,167.22689585758386,165.65543649580215
61.76740885141223,119.76031373711791,166.9454392159933,166.0970985984332
61.16139885992523,125.81676490184428,166.81733411504396,166.4706245297837
71.1093588198744,108.89911122949955,167.20387345417882,165.9101303302837
67.02280447811215,114.69197840602685,166.75598184778633,165.5791223871412
63.73304142857684,117.01408288716195,166.136455136188,165.54498746814494
76.2897766256912,123.83767229629403,166.13733792189092,165.71258983884562
67.42888780722922,106.3190482478383,166.48524661655415,164.8922024377102
63.30127603877065,108.38098730555296,165.8200609508956,164.5752679772949
73.69938751242768,113.97489009673131,165.8307494720874,163.907550590739
69.0235823321618,120.71176807109646,165.63530458817337,163.23687615445988
66.54199336951206,124.59130506661465,165.1161488533471,164.16589439517398
75.98407948277425,107.75533306603907,165.3170863375161,163.5770771353388
68.18041037077734,113.50876708544973,165.27370110417348,162.73782212599747
65.39196596609548,119.97184229237173,164.36487404744832,162.6647534153395
76.6601051385943,102.30300022354274,164.3047633812837,162.26139446217718
69.46156378176741,104.67513817188379,163.8725719173862,161.39804135983712
78.80701198187592,111.5667503729092,164.01774271687623,161.09983282692693
71.12658453103899,118.10630354175589,163.9963783039749,160.84722547452407
67.78356677125551,122.72584002887723,163.53577209227964,160.76985179532534
78.60631210768115,105.9611793625942,163.62921498266078,160.5660874955672
69.09983762973023,110.30294122147546,163.68623513607238,159.96800345981148
80.20807073298212,118.78442654746456,163.71092073926098,159.67100456381473
75.0830245961381,125.79004980529015,163.83479898554424,159.65789266120066
66.56656094939063,107.0727543327585,163.5166120059679,158.8659706973284
75.14215997108523,112.1360961187661,163.52317458269587,158.7333915106892
69.06540268020056,115.42658635724685,163.63124753696277,157.84316163263517
65.37429081350946,120.38665561206099,162.50092091634107,157.62398137496
74.86410737859687,100.71042580731465,162.3530024162932,157.06240900203082
69.94212089495448,99.29740449704323,162.1433407400233,156.00460772380046
65.90350386163011,119.24825423459022,161.24397892807096,156.5448905179936
75.89284370631097,100.6038757513917,161.09486428692702,155.82191729029884
70.68940005306109,98.95322046652589,160.82280032999904,155.28565433174066
80.77785453122627,98.85216546650665,160.3850042276726,155.15150612898793
74.77805405037383,124.74961781336363,160.08977963548344,155.37345095309624
69.76239293989128,103.92733913307171,159.78031110785233,154.73007877876796
79.71761844732804,104.35435655366199,159.26821557698761,155.0546294669148
71.89877814078804,105.17165766081153,159.0390749010051,154.9819785322559
82.478324870921,107.92851443872928,158.63641302032903,155.4202288779402
73.13259950927478,113.69634894226498,158.6276932266537,155.40364098659145
85.51090604963426,122.17770037431586,157.93830464849822,155.13241112969183
75.46733037360649,102.4934810297825,157.70905356525103,155.01388845401246
69.93274881811129,99.41648665074925,157.71088822317745,154.2785968928651
79.56813847196824,99.48461895555764,157.34648670782195,153.83707171439113
72.27715809780766,99.39925467036515,157.1599156568267,153.34912228957117
82.40261240496488,99.08726155389036,156.88806435452398,153.34508388482163
73.52754564498791,100.93065184431042,156.55963227694374,153.1346195175893
74.72211263314442,91.07275580167286,156.49786751373497,152.78324050606267
82.35871842988564,114.73311150680779,156.50553970931503,152.8660058108807
74.08442998762915,119.34632820727151,156.4642251601122,152.7490608971969
69.61000010962725,123.88477542400015,155.90123646640896,152.81254160106872
78.1328676788593,107.08831168016965,155.7687226871978,151.92137637632737
70.7217787880621,105.58206986005432,155.8430738925593,151.40260500976788
78.40966300708438,106.65107585648718,155.45029095103573,151.38384689072723
71.5615476922018,104.59763215341184,155.6740875369166,150.72936125381761
80.91038118448483,104.80978293436937,155.16627994260932,150.7819582428898
72.04094506995743,103.02982129794712,155.0859077868985,150.47980070328006
81.61713104772046,102.69732045130655,154.6785061530277,150.1418145349279
73.93280873720663,101.75851443694862,154.84130208020773,149.4287223609918
71.28878827694169,103.01844366017608,154.5335864699759,149.31488193325941
80.62705649852069,104.21256211651252,153.92679604427394,149.03882644568114
73.4093764399696,102.51613452081106,153.80246091754066,148.49721694401458
82.65628858676703,102.82000683455419,153.08582206400928,148.49242193582154
75.20399346111861,101.49539551826552,152.97053488152926,147.96941527839033
85.13011609389012,103.20852284132299,152.698888447163,147.96126551928407
75.83020318684733,103.19706827537064,152.3856874515562,147.8245603862237
71.73397021402371,102.79422555962265,152.27644899046516,147.88666160207868
80.44154814029815,103.50478436200663,151.77793628061647,147.57530535461814
72.8387519187742,104.01842106757434,152.20714627737533,146.62503115330395
81.47442108969555,105.0165574606873,151.18788694554237,146.29324382163736
73.82056868090027,104.12748193639945,151.20443785535707,145.55956763975956
83.21885825897408,105.41720643269848,150.68102726305221,145.5237184911404
75.3249656593678,104.8958575512586,150.70000505107092,145.1324064635996
84.51668074384528,106.39906192543745,150.09568102225268,145.30045049691915
75.58367569102468,105.46151655503763,150.0701887475228,144.9481251992056
72.2447695096875,104.86599790157024,149.92401314938172,144.90045079139583
80.0110577122623,104.70497949936045,149.72680680801386,144.4519708426187
74.27806510370392,104.8632147309238,150.01285466245972,143.8920285037052
83.91287907984905,106.46894131219463,149.58544701656595,143.58926174062339
75.68804836835804,105.74904789145097,149.58046900473352,143.24074210742504
83.08936497514534,106.24936793981591,149.10824198012375,143.24527617069882
74.98517112897238,105.78748181151644,149.17779376548725,142.77364468450753
82.89871524799788,106.14528574953775,148.8159650794382,142.73724288174907
74.88256688133833,105.04943035314574,148.80280778748875,141.97570231268617
83.28770708859709,106.85032459015714,148.46190489067143,141.54854901055361
75.75444192522673,107.55833058253744,148.755343901189,140.79758228717608
83.5597779832586,108.17542496225985,148.39273391891433,140.76445501492913
75.64079201071368,105.88146337206167,148.31478083806422,140.5932467637459
83.89513364830529,107.470626079727,147.8269601422267,140.39054233344638
90.22097673883982,108.51142732163561,147.60860163602337,140.65564123321985
79.19070060353805,108.46550834185248,147.5920912998154,140.57765019672382
86.12056193647305,109.36933511924687,147.50437466879646,140.81138801461572
75.61910012071333,108.07855757048898,147.4550922608872,140.72469970392837
83.12288625721298,109.68457958516709,147.20789214975312,140.6845015875055
90.42291047915107,111.34835662450998,147.39483196423876,140.86044892407241
81.1223291468437,115.40269834200998,147.58659559626074,141.19455838152845
89.33922851774011,122.89273874592769,147.06510173270277,141.51027778273846
174.41642026856948,175.00671002340604,151.85711410506744,143.62942690258643
168.72445339791196,165.83032633334707,157.13206528336372,145.3302415391741
157.2627192561586,157.82085477323227,163.1172114996097,148.4094282659711
140.07590902631387,154.2474700075312,170.11712132697497,150.66003576429216
123.89105962576208,152.29230908618203,176.34444418203358,152.8767178517415
107.6069454424597,148.44125729429913,180.7805962852106,155.71115232997747
92.26556977190548,147.22046780508225,184.76944847165598,158.2545400053965
80.8095487238087,145.283629715343,189.4564558541044,161.17108861376903
71.02527815144467,142.91639498654615,194.543447735832,164.51850613139845
65.06684895640926,140.5552998337699,198.6335763514277,168.06443453509547
60.934822425703615,138.34501314544363,202.13506380004603,171.69586095196638
57.727899651264394,136.28309703983507,204.82531134553702,175.00140716150122
58.08216413019396,136.00184951070173,207.34787484068082,178.04104550742656
57.82150475945812,135.8617771362051,208.86658051452554,180.5494615023763
59.364174393131705,134.58563558657536,209.60001117897158,182.84243879666786
59.978529094821624,133.96184405425998,209.66970670761384,184.0347487084108
61.90061128761245,134.39899621530617,209.56539784991,184.5688387230189
62.492078852409776,133.68426935311487,208.84115238014925,184.5755504382386
64.48767215067912,136.65645806277445,208.38696286345981,183.8617461962571
64.78291819102496,133.7073882929792,207.49201857210338,183.44338125739299
64.64409759965572,134.22062602477087,206.47992860993676,182.79820201125116
65.32631346093672,130.97930157344808,205.6583694354781,182.95642855443018
64.53860686672509,132.0784489044264,205.32071087230682,182.33952284282142
64.4826274211458,129.7260457163958,205.02787307371662,182.32453923704063
64.5867742509838,129.74175497163674,205.45893644443234,181.96394167802052
63.07784770716907,129.93195848161287,206.19419580494997,181.84867018472542
63.4076450398033,129.60845816074715,207.06587784256237,181.86699089529307
63.61085640912414,129.8931116201798,208.0416310263145,182.21681388451262
64.8870597026629,131.27605982168552,209.39811087188468,182.71763634594208
67.3781396181869,130.74349312149496,210.73338201388964,183.19262988044792
70.45306295591811,130.37474818835912,211.8940140257136,184.13301881531362
74.71975540885866,133.5954584922713,213.0297308349204,184.00553730203276
82.6060901982058,132.38242176252948,214.48158480053763,184.90083044611717
89.6599521755167,133.26734235004665,216.23124362026888,185.63614483443735
98.10383188890297,133.36185498003022,218.16074684303246,186.07606707088436
107.70257074390581,134.3120747847874,221.20196809237737,187.46047638982157
118.58067333517411,131.9888604711315,223.84104184050483,189.97641829037255
127.92731078843461,132.79911735626212,227.1426437955561,191.9539417630007
143.98327690181634,132.97954679543778,229.86521855731806,194.465647915701
156.25057376878434,135.34449947880145,230.89315343361153,195.80809734252222
168.54689896870437,141.22533890855317,230.69880129732127,197.4750187942981
180.8415449395988,150.74251643407246,230.5500572986476,196.96424810910426
191.1136647272473,159.1153911391421,230.3423407793809,196.70164727379407
221.0330800908663,161.96294632471614,228.51378303187926,197.77238267825024
233.69055902260524,155.83391249147016,226.1447613714043,199.1414780623325
240.79573024778045,166.31811063953293,225.42358231979654,198.75711573227142
247.714099950359,161.2618949730911,224.10151710134596,198.74015062655647
254.54147543612422,159.58425825943633,222.36528514989612,198.41260325689944
260.3427240264225,158.62137372935626,220.30577674646023,197.91279610703756
266.45031962733407,157.45233675544722,218.71668608479817,197.25634629119907
283.62032193310847,153.93126127965962,217.20649256944083,195.42153458103112
283.1813040508778,149.8719411587502,215.24220050072643,193.3118556547591
297.47673609396094,145.35488962593655,213.15964101050744,191.323315631092
294.4633741084008,136.8357551409938,211.93672690103082,189.17897122817473
303.6855563774771,132.33971660751783,211.3010705537962,186.84390748702123
307.5642154452996,130.08527895346657,211.1737692218926,185.70865971773117
311.84995058405366,127.36326921902909,210.7609216860837,184.35005209996672
305.0630140648683,128.7323022975851,211.58201762484512,184.1875484199665
302.90155051672025,121.09524935679572,213.85655218688524,183.61028253640856
313.1353888408428,124.05621824656795,214.2464042251636,183.4023569028602
312.1287935912823,121.25488193484917,214.6332406259645,183.9416678815529
311.83637913172515,121.59419700904212,215.63452761535697,184.6811558524068
327.1630307830523,123.67633785110566,214.8030607842603,185.89028200900847
326.10673457270815,122.10114132519189,215.00405046942922,186.26487173327558
336.87241353109994,124.30450815633819,214.955673280795,186.79285858718782
344.5296793275021,127.37216701472622,214.27587393438964,187.00556428502358
346.5439542082638,124.14293821703743,214.12592834652648,187.9477221558223
356.33703576379526,126.3714505112464,214.9143360820213,188.14020175212727
356.6657287476422,126.54273638066964,215.5486070853051,188.9351072919902
363.4024066412653,127.59379418133487,216.28325434218735,189.8409174394848
369.82291820389435,127.56895319701658,216.74188045551568,191.08647481438663
374.2779274894601,127.4410342931999,217.35362473228457,192.24821596140598
380.07884030490015,126.06983479367962,217.45831918197092,193.67776233936806
384.84919075238935,126.58046744235403,217.00430251398225,194.52301816209064
388.3263514697103,127.6727342796522,216.9935583689216,195.09380599017985
390.32925761100756,127.6334060703506,216.93151244184165,195.4835532953759
389.2887876028503,127.64539498705886,217.29733023525577,195.35901249459937
387.9238679760889,131.22741112435142,216.93461682688286,195.15231187742393
384.376477409235,133.48844586149005,216.99845790474336,194.45660596668424
378.2244465732776,136.78337997563932,217.90140988122369,193.44257201267772
372.8884286743398,137.5112225467645,218.37329805031501,192.69253344492458
369.35707779103484,139.3901739406968,217.64251989749135,191.99858954034548
362.1131547291649,140.9421869292911,217.63191192729826,191.36109984664995
356.1516205898562,138.24758703315626,217.1978635066969,191.41356534402823
351.5841908005674,140.78584155415984,215.9219669741294,191.17189946074305
344.15175380857363,139.96332426739207,215.22403578233576,191.5127151459958
339.924977174894,137.48432495370034,214.00759851014408,191.47638479770177
335.6538945474509,136.52912221472496,212.80960091560416,191.49304366119637
330.0289930825435,137.7679161240867,211.96971459065816,190.92608916804963
325.46925787289223,139.4052756621129,210.8768036470457,189.46934072550403
331.1970259229746,139.00468040630065,209.23067096637553,189.8676330149205
320.4922676518396,141.52616359406267,207.46416974741507,188.8838087521284
311.179753414078,147.93315089964983,205.41587936002324,188.12120094698435
322.3931013099372,149.33735357045828,203.40863242084393,187.96044942349795
314.20999482834833,157.0426281348972,200.93183352794256,187.52319741376073
311.00154558335356,167.12254413921983,200.61493303721917,187.43335556319656
310.18607389341196,171.5179267407587,200.63944755548434,187.3745153707999
307.88108638639653,176.15164536308203,200.6578231050987,187.33160643883636
308.8969730188058,176.62747964935693,200.65967091304933,187.3278838783067
302.38871326259726,177.6655314357167,200.66026597173106,187.32697514125
291.7577435500023,178.6513599167391,200.66055721882034,187.3266842270644
277.13426195511323,181.72772411639775,200.66110431667957,187.32619371989796
266.5068940031927,187.95487807189727,200.66146476275696,187.32583764453125
63.679721960540945,129.47913566754417,199.26350171915425,186.64299933312026
59.913667928254355,121.8470472823567,197.20882065256288,185.3151694201456
57.767862493538985,135.5834676806147,195.27268598900412,184.621228770114
52.47639989055499,128.14871635372828,194.83169399679096,183.31615371087412
47.185200619407794,111.88221747014954,193.31502199007411,183.0891951181683
63.252429803513536,129.33523551721257,192.1316992572386,181.9522973602239
58.918928035798814,116.16777118239703,190.8099122805831,181.49521667621727
53.690081120232435,129.24438276854497,189.78246245021683,180.68524187123097
48.88213311065269,111.46880371350936,188.56773388899302,180.768035265726
65.27414785564213,127.3458082255427,187.18736612691941,179.9753280452482
58.71024516626444,115.838897038012,186.3273976104111,178.75394763100294
56.382117424494695,127.68966097215684,185.1274943605827,178.4527951289242
69.77441120790212,115.24227797043136,183.92509063165846,178.77601648515838
66.83098955962537,130.9698503998715,183.9070925051773,177.77790478362675
63.36404887518344,117.42719596425145,183.46450473877672,176.5461379254967
58.893858512395695,130.93735605115586,182.83858602587566,176.16051471213714
56.04247055964373,114.96903400330173,182.16218150001362,176.1178649846032
69.69592054829617,128.35456225091713,181.39318435474,175.91391092162337
62.60544561095408,116.99265178331781,180.6323570001151,174.96528465223216
59.67658990913283,127.44039158168299,179.65211531308987,174.91543570125376
71.93323582427404,113.74706526522037,178.92736146193343,175.15321786603934
67.41699993223158,126.22585578656829,178.99659357621854,174.14948089377808
57.71693352092635,110.6965374904681,178.57470300710537,173.44119548890814
70.27323528274624,121.79714324406834,178.62454455182495,173.7773680149108
62.69075353955313,104.58295542799699,177.61461370532544,172.6635378365066
57.04605935276467,109.23333193495726,176.60509670628272,172.3670477467804
70.91282783816372,119.00380421500559,176.799234982677,172.09695241458903
65.44352535842502,131.02390063412125,176.14986348646593,171.88147042230497
60.65417921735457,116.04390974518915,175.67746838915127,171.35977991318185
74.22064189555151,126.05522409347995,175.1997535277525,171.9626299611071
65.13053975362072,111.77189057375666,174.78320183016876,171.09487736859566
61.905101056462925,119.68048699578495,174.2975348061494,171.03933747101127
58.363506794347344,126.61654137155926,173.89673981368745,171.6824455468552
68.32719142439703,110.86571581546137,173.89940137634198,171.53862127147775
64.51814684642534,119.02351418325962,173.19979682195822,170.73597638677236
61.08010785493488,124.61678692231115,172.85263776728044,170.90277582596667
71.20895239834842,108.04984247839586,172.53337946658618,170.7655732526156
64.32453352549913,112.84145713390095,172.0975367694747,169.9301390465859
60.15951147764619,117.77108756545809,171.53544333771475,169.97569385729975
74.14722094414375,128.541158498112,171.3725339414628,170.13886391215792
67.09130237368089,113.51917271738999,171.3244398995272,169.4611290832211
61.328744279962095,119.59823489316493,170.99396908134955,169.05083321525277
74.46695751594585,129.72445837634945,170.7865733711008,169.5073896973701
67.18794157126538,116.20894523536161,171.066493802637,168.50013930698245
62.973425527296214,122.86088547739895,171.01175647376627,168.59765843533452
73.02650821262681,104.48193577867626,171.7537184682174,168.39651242262366
64.70484778232823,108.60764589071883,171.5881117928038,168.15381831853364
61.04332667963101,112.98758726561677,170.62889977914307,167.85981977741696
73.07708512731526,119.48184754386902,170.2097173869484,168.2697100180316
67.52486195554991,127.08459436268525,169.635325954295,168.52003932504024
61.59716915179658,109.10320357968075,169.3126758257177,167.95155944695745
73.0525825709855,115.15497906572821,169.46161194205175,167.93233521894211
66.85947086688394,119.90368014241227,169.04536132834326,167.7809270612405
63.84843509184701,125.12241308086658,168.86787843505775,168.10047927362632
72.84105561637335,107.21948657610527,169.22176015822185,168.52425983441847
65.3647945070594,111.53490787474875,168.51988155134927,167.69924962314835
60.49723893112933,116.77878452026411,167.66335032344867,167.20658490938814
74.05628386607079,125.76052680062038,168.1557131055433,168.003876868451
65.64494478883879,109.40410730325982,168.11518821130124,167.1246862916389
60.77525251651812,112.45834777722936,167.15613315785907,166.74083808372058
73.83478942799927,121.87979261879553,167.74228623309014,166.38616861543198
67.79322495851652,128.2423865125724,167.27062753625242,166.83573497063946
61.696513453946466,109.59298537573241,166.7315743109565,166.21270039129212
74.5133578992597,116.97671170696061,166.88994245768353,165.8214684319607
68.56497508891268,121.30578759917161,166.75249024390493,165.56317989064175
64.6586741163538,125.7477673566507,166.59790764541307,166.06082075562742
73.78492656011342,108.7726941255292,166.8718328878987,166.1897239317376
65.64632874397917,113.52540528227877,166.57795498806271,165.76363396992303
61.5133112710774,114.8824257558671,165.69059428109526,165.7725761446183
74.8348407494258,124.24340715129306,166.17341842681546,165.763095806159
66.56227684897786,104.97375807757226,165.43950684477676,164.9364920065791
77.3789987483811,108.45769835798302,165.79038464020857,164.6890108254878
69.18793345614658,113.11311817576953,165.77083332465318,164.05889628757103
65.09541112721854,118.22814526910842,164.78983756197704,164.02857392767547
60.82713814703173,119.5166270212039,164.25748818238483,164.75638613835878
74.4068522287649,128.65616658753555,164.4794496368384,165.2688280780832
66.21175561980687,110.87683491339229,164.3489786396666,164.58097043027595
76.945024158131,119.02957043466641,164.52260498464918,164.62126926992985
71.12801729225347,124.3195258318007,164.81922114102582,164.50065660951137
65.49580936572278,106.67531794704882,164.38853525611114,163.41308055772606
73.48625514297913,111.37130171520684,164.9764665623162,163.09144459489636
67.38184030147798,116.24581282406692,164.23098105977164,162.5595387330722
63.58058607801816,118.55866641136313,163.36920270249206,162.5961984255452
77.80029557057559,126.34425789467568,163.42725075839283,162.91726265893232
68.46002861026811,110.42376522014563,163.45486490972067,162.40953127215258
79.16462002291053,115.26923821304436,163.29600442635478,162.27742603800306
72.31018843352285,122.32397760972273,163.2318115748567,161.74078602791047
68.19650614097891,126.95120276215425,162.78096780880932,162.54201409066218
77.69499526754906,111.61298159970715,162.94367850525398,162.79402747573704
70.41720098029566,117.8500221634342,163.1704048895142,162.0825873013469
66.94683541326674,119.87417174806892,162.66858441071804,162.26277323949935
63.62610037790367,121.02744611829401,162.56939476769907,163.0417829135084
75.44912300066866,102.04868587187049,162.6490003095226,162.66483837949997
66.90602079826463,101.644015034539,162.17975999692342,161.5527722353687
77.0009881338654,103.76850132445749,162.423018532509,161.5031509662617
67.66176787326123,105.1365311916536,162.33056595679352,160.73768742613674
77.17285757373759,109.94643903223604,162.2823970233701,160.51991031919061
67.83255976163488,113.32683733269252,162.3172178062669,160.09585993409797
79.18682401770478,120.1462587594411,161.98407457855095,159.63841070395287
74.49983367443906,125.55210073800531,161.82281032337096,159.76283915069408
67.6852588207494,106.77266734932397,161.2952055370369,159.3157092239552
77.1439336188867,111.53278299307422,161.26679102987362,159.2954560019454
68.79040887620519,113.60385012643853,161.55486468515852,159.22251557524365
80.19456874588857,119.1264624533391,161.267207253531,158.84620380901575
75.38286247114699,126.30350388868726,161.43563895279445,158.99173756124424
85.29239100322465,109.7183551170788,162.18700501485984,158.62566959542795
75.10954413829057,114.64069770531248,162.58004630942526,158.37558414277652
67.9052440109385,120.72362353127858,162.44542985880713,157.8554548800655
77.42066283962197,102.16123369548373,161.98030417653786,157.7279152157177
68.31342320684595,102.00579161855075,161.87522053010258,157.44386234308297
77.87056809485054,103.54957783110203,161.3349511398356,157.29835491851446
69.24488892870168,105.10991876962416,161.18572239022413,156.7145246859862
79.44543055345454,109.64831349745197,160.69392945443911,156.67655072868263
69.24861025666596,113.8786153280992,160.5839670664489,156.36874285901413
80.26662267016566,120.09911523078048,160.26259906928348,155.73535928747725
72.80163033650958,100.75463887354682,160.32609432619526,155.2712205712805
67.57877928650814,122.19645557721344,159.84376545848573,155.77590427210157
76.60014074391447,102.50233556143027,160.27717207553343,155.3684022687558
70.32744713322869,100.55823316205696,160.40500634890694,154.24679805032102
81.22473209614415,100.33819005490143,160.08832262302718,153.7689227267941
74.61808847442107,124.95269042492383,159.80687605604854,154.21051524846806
68.11021890154564,103.84921461613641,159.65692859443857,153.57416700032024
77.47508448981154,104.27419581010133,159.531226119689,153.30467147888362
69.65407773765874,102.39755318517132,159.37747946927047,152.68676951866064
80.08293904052081,101.94498111363728,159.19705827040667,152.49304302669606
72.01326910756246,99.91469336189724,158.95509625644056,152.29938278569983
82.55707190282668,100.4213361716746,158.30037106752346,152.3280312987211
75.2557889837109,126.43669208335338,157.54097649468324,152.85203749294166
68.06341493373071,106.47919105511627,157.676229088357,152.49694753891782
75.98784701478331,107.15356349823453,157.95748806467952,152.19579600786014
69.13276797626344,104.92836669623881,157.96601268835013,152.04524938434304
77.60302932401757,104.27685148313817,157.99912662003914,151.8055655723775
70.7456309851058,101.43876287922103,158.13357623670544,150.95256177664123
80.84003933487237,101.55441281518074,157.6037236942768,150.81713970113333
74.12962028511433,127.59251411784132,157.27036467312638,151.30180059068522
83.30794460127895,113.5044349119787,157.57155867690554,152.01073678866533
74.71890597602508,121.580903907765,157.64902519438104,152.16636965890913
69.85290020065803,126.21847010292649,157.5022907124003,152.60231972708226
83.24431585803042,113.82409941023985,157.2356527875481,153.25051240640084
199.4051756862143,167.73127853335797,158.97611269661004,150.90388182129746
200.35069311758542,168.90802345313102,159.75603110764098,149.65486223474204
222.4845890658204,169.5367853549198,164.3689307394914,149.4234157016723
230.1008067983032,165.97627994509378,169.49741141222103,150.69948395159167
234.12813865544072,161.8653425939857,174.73838006031173,152.7560401647331
231.09642336163895,163.30537426492003,178.4555720347866,154.80128409672918
226.9021885130847,164.775058858619,182.0763501196515,157.53173903271386
220.91962034779547,166.81158274737186,185.30365628818157,160.34949840700259
216.23134595354583,170.1385358358629,188.74874564980098,162.81923133677097
210.05777502323144,171.86391729189535,192.1809810086597,165.9961463421865
204.4517618206054,174.95938129774942,195.65093340115544,168.55668603525132
198.04565401425856,177.86394455160908,198.8858098414859,171.22675226129667
191.93988757354148,180.40123241293622,201.8884451322828,173.40538136118266
182.05464961796054,180.80658237259053,204.94458464818106,175.19493240127042
175.17313473402143,180.5228277619372,207.1967005671823,177.01346300776996
166.24523853544582,179.3401623857664,209.40781484848875,178.6824149330165
157.1347881091025,177.83643934977658,211.76195067889765,180.07885140721783
148.48546471110166,177.4872168556538,213.71949964317318,181.5708342506117
138.80092454149525,176.05474108904554,216.4957168995003,182.87631179243417
128.37966783496083,173.4254477187706,219.1389753229451,184.29907356655337
117.6493151434949,169.23884697807728,222.16001777252734,186.1610207373321
106.11795848267619,170.37577695777708,224.19830940227024,187.79670977581156
94.27915834972895,170.8627653755305,226.21037088032293,189.42686034737872
84.79964490991634,168.89188046159973,227.80159990838564,191.1695087000205
75.46390426148379,169.98623919911017,228.5333991984148,191.93612445787926
65.82663668833513,168.47350774024068,229.31441933006369,193.38344139478326
58.97567827004305,168.10526400416904,229.68027182796376,193.89170947701112
51.92672049444593,166.67891211143774,230.31127606324003,193.84387601004758
45.91864449553091,164.58837288401372,231.16083355576,193.09628119753106
41.77383215899131,164.09362859238837,231.15613240028696,192.3360442005663
37.00391431635062,161.79669501617775,230.4744066536836,192.31771490752251
33.30229499853252,161.1475629447703,228.4513414257944,192.2001781212679
30.417881578785554,159.44409894328055,226.58475891012475,192.4257089246166
28.022349459597976,159.5996758639326,224.88596499801773,192.77241506437258
27.07686609837269,159.88457052472165,222.93024797985245,193.22044467055935
24.76760161644539,159.66424350722664,220.96594985249,193.72542593063844
25.393110681992198,159.62334270827373,218.20431100816245,193.79419358436218
25.940086173133793,160.05219038796346,216.06873524140966,193.6728612186999
25.96413713988254,162.69302818125144,214.2803426661275,193.02967344798088
25.118814666141887,164.36149929909416,212.39369469444986,192.50088436476125
24.815231636215984,166.7039851676358,211.59779852991355,191.51251521060948
23.79685935260865,169.2106382962045,211.06303540479118,190.23089959868997
25.040984603823773,170.44628870799522,210.14225294950296,188.92675725956744
25.292002303657455,170.78893035320561,209.4022881907572,187.84886148206894
25.749655833804155,170.84250685098363,208.84307131849022,187.0676363400972
26.368144416878508,171.74955290374095,208.70235589207235,186.33565165931864
27.00731873416545,171.63432644100658,208.19357403186675,186.24078150973128
27.733043671525962,171.70628593517512,207.9494567682297,186.08343960195694
28.55036932672448,171.6014001448059,207.94101876998172,186.1179821846304
28.83832536066899,172.3574597388096,208.8215446474586,186.2190988278836
29.79271653788399,175.54438404061537,209.5577899305103,185.6262365333236
30.07773645212417,176.8766317074349,209.85977398251165,185.9587845708851
30.887003050839425,178.86250455291398,210.65539197679257,185.76462796264485
31.815008376526762,180.3865024544935,211.61988169925823,185.8811159451151
33.03464448186779,180.51829966030425,212.17541124829603,186.2183083982511
34.03101273108973,181.09061359865123,212.8948663315782,186.93741274029952
34.532007956773,181.37055010078342,213.87154373547443,187.7057208836105
35.28505028340288,180.71809589860408,214.7776526189731,188.58914270163686
36.079475795267456,180.75931233846498,215.3645513739915,189.37563551256602
39.103478718705105,181.01356741318128,215.21569589866772,190.34023687341022
