336.5,165.5,26,61
336.0662933185459,164.17977200498422,26.770939728665212,59.63902476330122
334.8195422373342,164.68921828899624,27.149687452688326,59.35846494369028
334.7970284966196,165.30948613125855,27.287644595391484,59.51462439618953
333.4728101489899,170.34863017546814,27.243693709779347,59.317224292999846
332.7315706934568,172.28205193458808,27.341265256000224,59.20939585807301
332.64272214519957,169.89157000881053,27.34141732656998,59.21238748825356
332.8705350737106,166.9742415146448,27.34258802625913,59.21436377437558
328.46610271578436,164.1331115333512,27.372853956711147,59.26301158104846
336.23170758148717,165.5906265313424,27.74697011489292,59.202875507871845
332.88241811542434,165.01106384503868,27.8340392470614,59.244433102845626
332.1967317775821,165.0936327490603,27.779053103738,59.159207867901515
330.5836416901987,166.0231653700447,27.958806505433472,59.123538116579105
327.328848691152,166.79490135603024,27.902239930894957,58.58022588505598
327.0155720998644,168.65621938698138,28.029701994896115,58.23716555252386
327.6606537502537,170.3432680474468,27.675626540873544,58.81770385171019
326.29906047453403,170.27527134543325,27.95218142231471,59.26337655533023
327.30961837028536,161.40954153812154,27.614357066053707,59.45310719656497
323.02756523484686,173.79842537463927,28.11169945906204,58.747769180511945
328.2085981226972,167.23060686876767,28.233595742382384,58.465926677179475
330.42345519353864,165.19848028310025,28.611810639700877,58.371641983829264
330.6309304908547,168.68741457748024,28.19563608324604,58.360170203693535
329.02434214982793,165.78363882859372,28.550324920832534,59.00138945659351
330.00891004969003,163.82924142342927,28.733999456267647,59.106824758408024
328.2497157466125,164.3936510243481,29.078677954619334,58.82165118883737
327.9573624314077,162.8039900879242,28.9099234625161,59.2534187594696
328.8398271747012,161.53705277760608,28.549033597282264,59.104853576028695
329.3297520166014,160.66942178227197,28.52140977741543,59.26160814329601
329.30416850216835,158.91088119470322,28.687648170028677,59.28672426296785
329.77798192974745,157.72973707368945,28.765270676862315,59.24329179424097
329.91763982486367,156.48904427454187,28.934487050726684,59.06458027034374
329.439204933434,159.4749525889546,28.760301955351267,59.15779421631688
330.63525843705213,160.04295927587717,28.25738323775726,59.283432239223124
329.8775365231195,158.8194326348686,28.21763888660644,59.34676703063969
331.59938911657304,154.7672814674225,28.609053423973002,59.126450072318995
331.0595767329113,155.60580055534913,28.661379740826476,59.4546900069699
331.51908161494816,156.25871706446668,28.717272189372558,59.25785576421694
333.58297815396486,157.74463720283669,28.48287787308843,60.12914369182266
333.1173570548579,158.6130314387003,28.652409963975817,60.07566465593986
333.9131817974295,151.0950129856963,28.5293618248486,60.09324510290249
334.63394706083386,148.430963361687,28.318845788167405,59.681167673217224
334.7710087002364,155.89857083431056,28.452741903044895,59.13253510254282
334.463592445828,159.54813034451576,28.113511234752828,59.29437027143299
334.9534160200006,158.46224185114875,27.537309479254777,59.619742586497985
334.03727580626355,157.838314932183,27.45575140098387,59.38980404218916
333.2894145086222,154.28669624635467,27.44007866106911,59.59527482372745
331.85567611658917,155.45491676174248,27.283534534872178,59.81273498847794
332.4355747871327,155.60373341831666,27.15559873744055,60.144039933023784
333.0047147522419,158.85178707634077,26.618970058538107,61.017268745210465
332.01704674720804,160.34408474494109,26.81783445376828,60.90211157939654
333.3179081220189,151.19531956104865,26.796528145110262,61.033637766273216
337.6417704747913,152.0544072975094,26.789726939626487,60.82374161692957
340.480951833878,153.70892638198058,27.072372770189652,60.171409304310465
338.5202159702936,156.59098051086934,26.770865905439603,60.658487417382574
339.4659995957136,157.7812236500782,26.548216787381516,60.889615604678326
339.0508546507549,157.86397452979364,26.479884641318634,61.11285125555442
338.5745155873786,155.98833510320082,26.273169934361558,60.754681198980485
339.1423240127305,156.0506317336094,26.03872590041116,60.706568274650614
340.19988766979145,158.0989965004775,25.641725121704855,61.110734717934676
338.23534885050253,162.00852437025458,25.846716237226687,60.60720355647506
338.1271341390575,160.70331982962836,26.04905759568468,60.5444666282823
338.2543356652373,160.3934500419753,26.137963796779182,60.498981889852416
338.2511748653953,156.7968058164282,26.135306046134822,60.22758728506898
334.2342598385513,160.58494830186245,26.06294160366809,60.01999566594605
334.284406774885,158.3366723658601,25.852432417268027,59.52972636332917
333.2213081710698,156.5304148007061,26.04671326881173,59.03506137507642
330.22081055324657,154.67114993468442,26.008583538790337,59.114344166506925
328.641237900887,153.71546294778852,25.765820445834997,59.129479336435196
327.1003054110804,155.12018274945999,25.624498217272524,58.998686535994516
328.449708655337,155.16624022466482,25.627461080718465,58.796290475775
323.2697412451717,161.76898233576458,25.755401272142823,58.5793221074573
324.2859642074246,160.0324189517643,25.80496347103491,58.42966020777901
325.21950601548673,156.95596672967784,25.89067035364422,58.16917878387943
326.5494316937073,155.1178709702079,25.955523739634685,57.86658764901071
327.7411727334225,159.36173066214533,25.75993290509252,57.59746567724522
326.0572003351382,162.05185371823916,25.905293692490638,57.859720442437926
328.9918393287998,155.02631490498158,25.88651199728162,57.77435493083057
328.03201121220116,156.32761606225563,25.601279886667946,57.387821122523285
327.5001730470447,155.81373518295047,25.49444222943967,57.257552967231334
328.69858180050716,154.81988186808024,25.453999939952535,56.858116461901005
329.5885880086502,156.32436181036755,25.493767038932734,56.48032470438632
327.3006293284339,158.44644520733183,25.700552834271388,56.139405028453936
324.1043551853536,158.50988358753648,25.727372265299003,55.62266787642781
325.9639199225127,160.897831001563,25.60134023932985,55.28912820431962
326.2933671330278,162.77569813114363,25.488592449540434,55.229014243544
329.2055321182132,158.55212727391483,25.553118890149822,55.26469698888539
327.50003102267743,160.60675999881286,25.623149372923677,55.83092239525997
326.2648252679955,161.26063203966967,25.380284019189393,55.8769433243801
328.71613733093886,160.63193256276602,25.537215423850718,55.999489391987446
332.28086314221173,160.07962810163542,25.518287502019103,55.63175665756375
332.55713121053424,160.14675243759996,25.488692179869233,55.40304530034768
333.80036316694066,160.08890052257644,25.530323989254793,54.9614679342773
334.2425376708892,156.60315722439614,25.430132615139183,54.8606626795942
333.7148078291733,162.56388508747978,25.249306492868783,54.48927104034103
337.64791426770665,160.92239538707162,24.99091698768925,54.25798061236093
337.0924740872809,161.5187850940447,24.88607872156481,54.2133988493242
338.57763625588353,165.14957552409703,24.76086694653905,54.13121986376179
341.0883330090522,161.43947106673488,24.69331131175333,54.160031302289795
340.2562518794308,161.517068073216,24.136681754284666,53.89862791436332
340.87675600365225,159.10937004018663,23.68070637422703,53.857731255812666
341.8152116645414,158.7310590402679,23.73841674415253,53.41919596614512
343.7435990595487,157.86815037361043,23.774520486547523,53.32229873227563
344.5260870543554,157.9383022023076,23.854333000581036,53.09372183276533
339.0939293353788,162.54612101204194,23.57810640819984,53.257698089639405
340.4242636659049,160.8390680598927,23.339572623398773,53.251869721171765
345.90408657189937,162.4873869182999,23.347194801522118,53.29202256603339
346.93263137317655,165.2507815637564,23.34547409926688,53.545019385044746
346.95862433458046,158.38554657906414,23.49398288308976,53.813383603391614
345.4397869571355,162.03391800218327,24.024627389337798,53.45663604600226
349.6730520196535,161.30373972098832,23.794536015522503,53.87388486036053
354.4137137318763,159.30759973915198,23.79365463819592,53.91990866329712
355.4601334249776,158.90619136418394,23.841347507166102,53.92312993803636
356.76607684677214,160.75507438930146,23.90734261967749,53.566486038222486
362.2731093108929,155.85231227356206,24.112307118010666,53.349894562303824
358.16658598956883,166.3611223349038,24.458124298988828,52.124506953048055
364.8258783295011,168.93809770904716,24.462768455183884,51.959957545245956
368.2625486827998,161.2817439945283,24.455252924825565,52.148751209330065
368.96038833745075,166.49181666517595,24.80685564372183,51.99827921550792
370.60164142859844,161.04657573023778,25.054101239075365,52.62848619829929
370.9036249044867,160.297624552695,24.833250741184916,53.34427380919848
370.1488169364738,163.1463363974513,24.443932670519775,54.045739661311806
370.76901138761895,162.32740780875693,24.24061749965193,54.43527566312531
371.4174935194054,164.03136963591166,24.23830784385172,54.414868984218685
372.2677489721878,159.0311523322828,24.3080258010494,54.37720525621029
373.479411526789,158.33014083667382,24.414148962644713,54.440412319922785
373.85919664051994,156.88534310059597,24.266103853533853,54.47602510508199
373.17419464661066,163.86500020231728,24.30218330941577,54.56807103194947
376.90045486535035,160.06631308500593,24.304481597522322,54.875942645875114
376.20698765705396,157.191125851274,24.100754130760954,55.03498992293981
377.7575963669581,162.46541284589904,24.285260874008028,55.63741881760086
377.319234316931,165.14823233101828,24.08252637974015,55.87979586146149
380.92086579487284,163.62810253412175,24.104604267057123,55.87982923416997
380.9354273127806,159.63793640626173,24.185826818375915,56.12210483019152
381.84441017365174,166.7326355373203,24.202048246635187,55.7760331366779
383.7292117684541,162.4335834066345,24.464677818413556,55.44345235471454
385.55042173628004,170.16385547330128,24.659209853815646,54.46226689447667
386.42424556270913,173.35579137968531,24.659689065390843,54.27095623130577
387.21566277740664,166.50501021535692,24.57086424998661,54.251052495509434
390.1836982868506,170.13402202416614,24.598277995197787,54.32586359850257
395.19087056986893,168.1374766541767,24.6124378008042,54.52252279703857
395.47684260503166,169.18905018702762,24.517461989098,54.30029065786566
395.4039339091914,172.03245222033,24.35353773472723,54.369423213880566
395.58469503217077,172.49909666605953,24.178453333998505,54.633829220073174
400.86930943206767,176.9058866551167,24.281476235559666,54.446418446670734
401.49900198437433,178.48652879333292,24.26589034054104,54.054293010417695
402.4957709899278,183.3630183236124,24.29701601618654,53.59972722653114
408.52720704085294,182.45708652168955,24.54594105636502,52.993892923882704
408.9619012172822,176.12292488647927,24.532103827125514,53.120134361417534
409.8444913674362,174.9105268680076,24.570898751312484,53.08365911235013
416.01289123288296,169.81040495420234,24.456866850313993,53.15381127278532
416.88215140525614,172.46957533465778,24.278642087385293,53.195670916995304
417.7510916210051,174.1770836839087,24.22271019848218,53.42251589566324
417.0393877819001,178.33881465260754,24.037231515570195,53.11295471510155
417.83716836281184,172.3405433201451,24.04259532246612,53.12229759670123
419.00891597082995,176.7681149668408,24.042801469039738,52.368053999659885
419.4184040972502,176.42624190967854,24.582311153317885,51.453104001351676
415.0928588097443,176.29110816973002,24.267601442990195,51.28930560285746
415.5925455925451,179.58988428072905,24.14046687103342,51.186230176055915
417.1705680336872,182.81474235624574,24.039004107737217,51.23106854467584
417.1132140397992,173.2620282657586,23.98605455626483,51.39597357806715
418.1302551159437,172.86940764885313,23.918154635878718,51.59586662300095
422.1743356030674,170.11363164308457,23.893949922312608,51.49520406926098
419.5616327390472,174.54014187425923,23.842180700707043,51.78335124759768
420.24979675939244,179.41152760359498,23.75304560072848,51.65597628856001
424.97962352469153,178.6139815242909,23.73810852368255,51.72925517373831
430.3646793614538,180.97414926394802,23.718693986083245,51.711553552151074
430.2217740116744,181.72925794414576,23.69241685176068,51.697438524824484
431.3216196777847,183.7928521676995,23.688735870721032,51.67043880986422
445.89987591349274,187.17045109544236,23.658772166394925,51.563674639681224
450.6228907296968,185.42788779605564,23.643287387197258,51.68080692998295
455.42925460712394,184.34009559706183,23.68492326454514,51.94325091182524
456.62336687193834,176.56571071759828,23.693981573737698,52.037651125769486
462.1873524153497,174.6232134537031,23.690609943702025,52.01384242899621
462.38962801658187,173.66438236954576,23.590479570056996,52.25100623572335
465.60685051533704,176.92790766004998,23.528341396277177,52.269927048300126
467.1597748600841,178.07111234216842,23.536269867427617,52.465431965908344
466.5935553642191,177.76488609954365,23.41713934965127,52.12254048944219
467.0636181131074,178.75378524477034,23.665326620810884,51.3872378550023
466.99712294021936,175.9117626871521,23.849393624657054,50.814597236443596
472.5995983607537,175.19922577703267,24.008171306842804,50.52365714829624
473.2122161389438,177.42906874099435,23.997935545422635,50.55430716168759
472.6815870693592,167.6203157609844,23.97972650720078,50.92181502905612
470.74001138599783,167.0551083120679,24.256961850669043,50.65413408071298
472.593435020923,168.06675162191485,24.22883934659637,50.66210795143653
469.58579668759086,172.767307478325,24.727530186386844,50.326047317412616
474.41888411452993,172.1582813632167,24.548717240467727,50.493676044707186
480.2682550748193,178.408844982013,24.5568854532507,50.55996309086701
476.8895261331984,177.72587969805932,24.451293352514266,50.43123649992274
468.711025599003,186.92062646162645,24.861148958868988,49.7641569895121
472.15370166609347,184.04923969740378,25.004441863292794,49.11753003577975
473.7080842960395,182.64835432530398,24.88655494698286,48.58659075228464
470.6684082077965,182.3503423488802,24.84642889776083,48.770154676007024
468.00441497069306,183.46835081321203,24.733434460712846,48.84658958679035
464.75316878187675,178.3661528779313,24.691396923489503,48.9011613148957
463.32380373784963,177.14208901249367,24.758918982750362,48.81581674619518
462.7249476977125,180.37442867546713,24.620629070799065,48.9714234081023
460.2118631169197,184.2850677672011,24.559599021264038,49.04520767122858
461.8980702099403,182.75549354432923,24.53513600900517,49.05053956004179
462.89144207196074,178.90271289667598,24.815448034857496,48.66337224054117
454.8500516366213,184.4421585165246,24.727669976093047,48.597080945912275
455.9852514126098,181.02762455419048,24.77420810912882,48.35216234027655
456.7808268598073,182.07060624610466,24.82283690166162,47.64517089076671
460.34926461174985,180.9419170679979,24.612916620859963,47.75829384727627
447.8629821129898,197.42815419858806,24.30545995089961,47.534709509191686
442.34266022705964,191.42238841911194,24.169961030194077,47.396687769193726
451.83874687686813,175.62611326628277,24.276512095811448,47.047383597923336
453.6666559808319,172.7857914480206,24.44643088739565,46.61333883799383
459.16655857021357,173.68508456240076,24.422185896925736,46.48427465627632
461.18833526966114,173.3665849937777,24.46764893556114,46.4547815697828
458.57653814964004,170.0004892124813,24.269286159612058,46.80787233281507
454.71753063329766,169.67121107907036,24.120504698766563,46.767096779625824
450.2733968590283,171.5484269273276,23.772149436941543,46.834725429714766
446.52058214764065,173.48793478950788,23.860286946874968,46.29723478317404
452.63773304954304,172.90059886536307,23.898478505497035,46.15050133990635
453.0378445710169,173.05251443656036,23.85940552463352,46.22206987645729
450.58238035285507,172.8299050931492,23.849445060200267,45.80995633366536
446.7856924976418,167.2065438256559,24.33491538274848,44.90717516076623
453.3449415939628,162.26206107538454,24.453387137921418,45.04744242675081
454.08539288781367,161.74850327285202,24.20750614140612,45.54905254866537
452.11138450261717,169.11837111132922,23.875813572657282,45.704717872687525
453.00776114920905,170.37057688661025,23.846130862817105,45.44995250895406
453.2876198146615,168.713664345361,23.35979502291749,45.72680745290281
450.97358655927934,167.61610311044427,23.580656428853974,44.724427071250005
452.72979686257145,165.29350999541018,23.21627277905689,44.88936437324816
453.6135023071425,162.79770232582172,23.103821210936868,45.036771948753184
455.4887881493265,165.00702039368446,23.101469493457255,45.0439275534452
457.8640063515792,163.29564863560867,23.09396636226728,45.086479743455435
453.92419923437956,169.9225029059483,22.928549049120207,45.1261490790579
452.6086739081886,171.67663924543916,22.862272564508615,45.07563744934681
452.01156930201614,168.36105373458247,22.83676677765466,45.06678047118227
456.43001850679826,164.41511931371272,22.792806600512336,45.05733219332335
457.54677875636594,162.6158645181477,22.766492350614016,45.06703038690089
465.5595772098454,162.49775390701058,22.59745328972451,45.37172950056071
466.60389958045647,164.59495326934228,22.298616821817735,45.374941630999864
461.02806782749235,171.52041810609887,22.49652018065127,44.79623256905892
469.2712514938206,169.22354543467404,22.184406311739888,44.81031225105047
478.81104556974543,159.37337135825658,22.097019011330637,44.921325915970336
480.0157370991151,158.24978034920468,22.063033157944076,44.955628514747325
490.40369274718006,138.16016731027403,22.514798253415755,44.891614236163335
500.18972607875565,148.11913607530911,22.452455253594675,44.83684351517521
505.9074748110351,148.1010574200027,22.41271737155522,44.81327818616776
511.3668472619477,145.7788497222384,22.33675925867044,44.738608842011296
513.3995160428562,148.21896935621393,22.324388291549553,44.735803827752825
514.7137485005968,146.53657547488297,22.321303176864866,44.73652761221953
528.0315792208626,153.40780900247114,21.937642545049123,45.25997928873267
528.7287109086311,157.02318616280888,21.719630104112763,44.89462957392264
535.936887625677,148.97506750605692,21.64104427103439,45.05533908591293
541.2893396080772,141.88794061531803,21.571815736531708,45.00716836024959
542.9119347398936,141.29637013734742,21.565981990690684,45.01716092255981
544.0939768946291,140.33210264237547,21.56505233095411,45.01813796725224
540.1178708914099,147.0719678120072,21.377788514943763,44.75956374828914
539.9647085150333,140.26852012606003,21.37068671349406,44.77046226349398
534.8152302436886,143.84480334698256,21.333754393573567,44.718814114648175
534.4953617179003,136.36951785049826,21.27671326693498,44.72049918995322
533.9655014134142,136.7192745675928,21.306297171462397,44.689897272430514
534.0895762761954,135.16491698788002,21.305848166925557,44.70058877882573
530.623866656268,143.05030813953286,21.12230530579762,44.75827193725098
527.0652274184177,139.6068163577187,20.713939479129994,45.34555047234533
527.8718497118736,135.95469201782734,20.55947279672879,45.518241210691315
524.2181620109893,138.11599794285587,20.499273029887817,45.50385594602244
520.1019969616885,132.6302355273297,20.515756113108434,45.55258738870809
521.3516656897915,130.19630105942773,20.524833163814698,45.54366341679717
520.4402835571889,129.7167929817261,20.52486903355784,45.54371194610565
519.9710544691959,129.4679091721549,20.52495155770739,45.543821789369154
512.1999519422646,131.81767152788117,20.522724925168678,45.63952889706942
510.6245424801585,131.12157387183436,20.538774171265107,45.670432323787075
510.1595587613252,130.07070294388737,20.539506508185617,45.66897422087974
506.8882621582853,129.3496697134636,20.524111547456304,45.685442775614604
507.1364315912856,126.53343887693043,20.517488287429835,45.71199510114677
503.6429891410502,128.7519241065899,20.497048015476345,45.733591784314385
498.674303117183,132.0691997667109,20.47097344608425,45.669115499167596
498.7408983027576,130.3624651056108,20.461044556458553,45.661365234041796
497.9160977070772,129.27554469458238,20.458183861413442,45.654178882102656
492.1396183462238,128.30686096311803,20.462038846242713,45.64957444695243
490.88629220568816,124.71539168460768,20.491529719843378,45.667057662634036
485.96553518596704,127.41292652291098,20.682559674202633,44.94832093661947
487.9269941760173,116.97608502350373,20.671480940851968,44.836370085336306
487.076172875941,116.05465618395468,20.624117865688696,44.766903931922506
487.80300728261926,115.72921810755277,20.615484390734018,44.763376338598256
488.93464556700275,112.01496039561796,20.614092511298043,44.76761588737631
490.3253997015076,109.46731217498657,20.61303363269977,44.77421012679581
492.8387490709321,110.22421332494389,20.6001240707916,44.82726301906565
492.45139426436515,115.85483559067661,20.544574837642553,44.79612102666269
492.33954521943537,109.00366412122445,20.539061731198785,44.79082903972474
492.53940301621486,105.01784651446714,20.540618315336026,44.84915324860068
493.64234515382543,102.19351864653919,20.534541207168076,44.87113767021709
493.4479767728312,98.80779131020034,20.520081306492152,44.89745226721118
492.15160737695925,123.4083149490548,20.229816386535596,44.44249873950226
494.17046329504996,119.18923938731517,19.977500411026185,44.01303416321347
493.23268927563595,111.51164599650744,19.710233575205223,43.70332302612776
493.97767901702264,108.06631413675093,19.757671385026722,43.574102636143685
494.96088392256536,104.94795289581654,19.75174476733875,43.56584716696267
495.93786112065766,102.22287197252888,19.75118573782285,43.56507603395424
497.15031631726066,101.87526952559436,19.7514424283571,43.56716831605266
497.6951281240947,97.28595739383894,19.747493577414847,43.58979625693167
497.53274847121463,96.64471416467083,19.745740159013828,43.59402010006404
493.7630500327057,99.61403160234663,19.776441433614707,43.700059621227325
493.32545027395946,98.53186176121993,19.77715361065696,43.70327769665394
492.77994623271957,95.9437931241376,19.777250304739443,43.703322346154295
491.3066928813977,95.60573845702203,19.777264096998145,43.70326210612471
489.9573188966628,94.89441552899424,19.777262285812963,43.70329171881786
488.30578146764515,95.1428071189516,19.777261353442963,43.703309319199505
485.73158492184285,93.72493047017328,19.777249369974378,43.70331966631667
484.71992309711493,91.03464617290615,19.77723923151217,43.703438012132665
482.66146837122596,89.95562197121383,19.777187680940212,43.7035982414603
482.8303733869333,93.13652494065045,19.7771441478528,43.70365543887857
482.5906737906413,93.37066997777107,19.777069660179002,43.70364958414073
483.16642734935175,92.61429864878431,19.777048343501214,43.703673206965604
482.0245169284624,91.12368548491759,19.777051894020083,43.70367571305904
481.20480014989283,92.46900779552968,19.777060292658625,43.70376094832595
480.2787355317978,95.56154454421863,19.77706376495556,43.70385190254716
478.88333945459,99.74406130799802,19.777051056395067,43.703895393726185
479.87033892350183,101.70564607447854,19.77703576401056,43.703899288346946
481.06949228180247,101.72011518794852,19.777053060165656,43.70389377251649
480.9582746519236,103.75183153699146,19.777074526717062,43.70389758260932
480.00041191862834,104.53059476830501,19.77708906725172,43.70387589312219
478.769976058391,105.75032176242472,19.77708909125422,43.7038266309112
477.89300756057304,108.12088561328463,19.777074060522935,43.703787796378904
476.0277061224108,108.74562768723163,19.777072288257354,43.703797605050745
475.05703628772704,109.72058942680657,19.777068173292616,43.703779521408684
474.0084161465257,110.61196982552148,19.777035344351948,43.703800563349574
472.72833847387255,110.33535351733836,19.77736503085998,43.703449676946356
471.8427154535626,109.27693961297638,19.77783324993902,43.703001532377456
471.8494107243397,109.11745075769161,19.778245783452533,43.70261809268226
471.9665890585815,110.03868249144381,19.77856514822735,43.70232104897546
470.47716131791503,111.27947108909794,19.77856573492232,43.702320057967135
470.2311232407954,113.78103720370575,19.77857189971867,43.70231349632355
469.32616954563167,116.55424588437852,19.77857662204686,43.70231527865476
469.0223835645824,119.63338340952929,19.77857704188239,43.702318216787056
467.94437019896264,122.6695964119975,19.778566919331677,43.70233426659918
466.81447789964733,126.24530379835596,19.77856133584857,43.70233388826091
465.4800397076062,128.43981259490164,19.77855344258718,43.702336261295066
464.0398617702375,130.99260919370698,19.778547045061927,43.70233769869412
462.7196941021273,133.89941365916508,19.778542053065838,43.70233502998497
462.0295220439235,137.13148581691257,19.77853379158186,43.702346388470666
461.3164411154723,140.72600807455632,19.778523868851707,43.702353978133154
460.8160199737806,144.65850702935137,19.778514878698342,43.702349640778145
459.96846451442497,148.21582280048713,19.778502720970785,43.702347367152875
460.35911962518225,152.56889390127822,19.77849536877613,43.70234854478214
460.94626067209015,156.07665480750572,19.77848485851747,43.70235111968676
460.4339985177744,160.08235860059213,19.778466477825585,43.70235043201245
460.61810249177967,162.76544574526687,19.77844491425445,43.702347502678826
460.3936357211317,165.66259583420697,19.77840992584914,43.70235407986459
460.35491297682165,167.00325350670818,19.778897361655286,43.701872789809045
459.6745446301216,168.95173309227147,19.77889708892229,43.701875784514954
458.8888791924148,171.75641400711666,19.778886568957795,43.70187464970984
458.2973105033047,173.9028794092025,19.778885695873367,43.70187683275127
458.23408024537684,175.8991634263778,19.77887947553151,43.70188349017315
457.82563418245485,177.32194255067395,19.778868248638116,43.70191464091861
457.41971334395305,177.67025491552678,19.77928620671245,43.701533912601526
