51.5,47.5,25,62
47.927531674682086,41.26618839777893,24.96558055246078,62.37045618936645
38.183177540467696,38.13567092027894,24.705837587979403,62.47813888377683
32.366340952027585,42.839847379049935,24.799697723172606,62.15924061711375
39.050654626507935,38.197441622376765,24.58851818915332,62.21847954440052
31.37567013007942,39.49245037132804,24.565432677615817,62.229174822682054
32.49968753528294,40.03972947115023,24.827421699529946,62.443872938268996
36.062862906317136,42.30798294838932,25.00731103924867,62.11197728521293
40.73887175219869,40.800898335278106,25.319502713330287,62.199894146323054
40.6743173545642,35.96798982608732,25.14357949375246,62.59871478103765
43.419040200482726,32.252187708679855,24.950289254643675,62.780415813795685
48.116782898788685,33.612268588844806,24.91221428893997,63.19745893894857
61.39840707733411,37.025928734822976,24.630576420740717,63.41874456587651
66.8773199595172,32.65751043704407,24.56665438867434,63.73864428704467
65.03937819104318,30.726084411191348,24.962871024987617,63.47210943689465
84.40715196829233,31.97328502038989,25.462339339629942,63.14481031696253
99.09249354975155,33.711472732340496,25.586784808303303,63.007457052637726
92.17085348923446,26.95601093052026,25.665598643631906,63.09182502273328
83.53326664000683,25.440555281406862,25.773803042770755,63.46328078316406
88.91912388982071,23.81517234782145,26.017847057547307,63.71059339563518
86.5359193567518,24.48626497115924,26.019271515988567,63.73822373695703
83.36002396750122,27.20565034004998,25.628383175379636,63.31062481695509
85.67945578622474,32.939126657605314,25.516955794341296,63.19782200026484
91.01250304478188,39.8329854105561,25.642917360906207,63.453644495278795
77.34591201784285,43.382248219346145,25.5350612830704,63.271618969251435
75.51430997363643,41.541754278378974,25.55142384545176,63.29344599875352
81.36615988188251,29.851744139738894,25.20307833804162,63.63466889749365
80.21389073640941,24.199494040430373,24.93165241657023,64.36685960209213
71.78856137037432,15.872073717939664,25.107420630451912,64.74958644702473
62.131419566905194,14.122776514835593,25.443098967004435,64.84931825290633
63.29521972303419,16.554945225770773,25.64814817180577,64.57409168232381
74.29217004162732,21.616887294758158,25.949695837842174,64.51424295999846
82.22632064905343,24.441387673065876,26.14042515582686,64.30058022370773
90.76248924689965,25.6759634245662,26.151894951711576,64.91879124855437
106.34712878601299,21.671293682275525,26.143836424022,65.34535323298313
120.38912709692528,25.770454524731818,26.26335962336441,65.34897685294115
114.75457453207177,24.2490190101023,26.16789508906997,65.83359530918688
115.09789438295117,22.498861753725357,26.014655803685383,66.26440675301681
131.98530704247793,24.611824886297498,26.474270334485364,66.02704927067893
140.22105054047174,28.162868274466007,26.45899252123701,66.31189772841174
148.82024257810522,30.951993749438408,26.613364946214183,65.68407955587172
153.12217545874356,32.39886246096015,26.877053849549338,65.07466201045274
151.99456366141706,32.26432389881874,26.60845585187137,65.15699974960755
150.19414366969355,28.45921773538194,26.968314018072938,65.62641016989545
151.95727174640996,25.87261196825132,27.228048579666943,65.34100783162862
150.98293384188923,31.45642114727484,27.361668899168286,65.14527801575687
124.3204629941058,34.00107891750951,27.333259001717597,65.2149256787177
105.51016233395302,33.303965679340024,27.209437409425497,64.86218698515006
103.36455725084899,31.572842068637456,27.17332223154786,64.37897126443178
103.23474070215073,34.14305059273724,27.072371218922793,64.94427273353568
108.18523600734378,26.649764944106167,26.398148148514732,66.06775828403269
109.13677732302347,11.976295668165214,26.452343888012596,67.27388300839995
109.36775422497675,12.035061134552492,26.65372433455616,67.48564318089578
116.49099279742842,19.28349205508657,26.47696364320508,67.69218767375096
121.25656424396172,20.57538428785442,26.92436403169365,68.11387109990838
121.63625085981997,29.256412684591012,27.321352856709314,68.72715419596156
112.06304908175383,30.39970771695627,27.284752033569124,69.53264877745602
112.15689659606869,31.125828068231385,27.31951676822791,69.76861212496988
104.19351637016236,26.998399274151453,26.93325842121245,70.70994212905381
104.2688104914303,24.132793933804493,26.510892101789427,71.82637429107098
126.67346647440888,17.00499010624491,26.66283807040258,71.9535496723254
135.66663999438614,16.465364637419896,26.814316042655072,71.64192801228103
129.33952778558952,20.48867685792522,26.913301736493437,72.24273780588952
131.11604229291024,27.96879494584075,26.831329183186252,72.66595213817614
129.92566151566584,33.71953468603054,26.908789164875362,72.06032379305046
129.9457609062186,36.043628630413885,26.95550591403426,72.35542089268709
132.07917111007987,55.379300718753115,26.847769826380045,71.57989351898715
140.66619442351166,53.858190051052,26.822488763481335,71.67715735965366
137.20413822494123,57.18727027311891,26.702952440834583,71.53148909539044
125.20561886026088,67.00188046027431,26.502836171415968,71.59144909522516
126.8756680078588,47.00632579060115,26.47942546014345,71.91085891064569
121.41009185381193,49.430009153686704,26.495187753588777,72.38996112902414
108.9515148016376,53.68026390297654,26.496196533230407,72.6305481270265
101.21211616165574,42.416448940608575,26.647322762168734,73.26746912842259
99.44811339585299,40.75220472968799,26.63066724869978,73.89110449240243
111.28893048070455,43.61556204725315,26.593280134050357,74.12725616357704
117.47570411607381,60.338467208768606,26.34243164718635,75.08791327829027
125.26671573649415,63.154495660483185,26.217093472568816,75.78970818913113
133.5922714300224,61.17068837035639,25.98737071161096,77.05628798506771
147.39513312530636,69.81884595901423,26.260006161985444,77.28481220899717
135.317586109543,70.06235033630034,26.17920122195455,76.60947062852581
146.93388933291448,60.543699974520976,26.223043978702766,76.80861369827593
158.77116595663813,59.16529549939648,26.36113759710021,76.33397828969925
165.60359086295264,58.96832866328733,26.47409120549165,75.44985605562177
172.8385670812253,57.96105091704623,26.457876027857505,75.455339244332
180.41529266382497,63.89130897505988,26.400823216234826,75.28750444086573
180.55535846841613,59.36953277329446,26.403890589529706,75.2540028206539
175.63303776618096,57.24297968097705,26.45336788572365,75.87387426598512
176.43411442031902,58.13393798570603,26.593647290956145,76.7349325100428
176.57400904949947,49.62497917583903,26.67542254961641,77.1780973221596
178.3097149869967,49.094295668184465,26.67543763842808,77.17804187023698
177.0449082712926,48.72430432951976,26.679228668789573,77.17410356568239
176.87413550083215,48.96558591498132,26.682416731330267,77.1710559174777
178.34149836230475,49.86239512163304,26.686795088585257,77.16686275804236
178.93114416685214,49.38580381582345,26.68680199957866,77.16677469590971
133.92311836544957,43.42577480372002,26.81648580453227,76.68922968514343
134.69072567981942,49.94236660122166,26.902433947971165,76.21188276769142
149.00153975855523,53.073804272288896,26.981691563204667,76.0401100256546
149.5131597673512,55.46603365160196,27.08110038079491,75.69575050637783
144.08094614796727,54.85195152719491,27.085828370295186,75.77146395524991
139.81029091485962,58.39610376953525,27.044494373925055,75.82958185673867
141.7622622667449,52.847287570978125,27.04358588035956,75.86214982361611
142.67203917294157,49.74506479301851,27.030249023151175,75.6656153838078
134.98332119748318,32.93395338889094,27.135108641975624,75.14814779289301
166.86614913928315,32.111711445572226,27.091677947584696,75.4602072772935
178.9004467869123,32.72120869069596,27.10620299839573,75.3707434553047
178.87220433357137,33.11081107569638,26.917129449491163,75.40467168663137
184.859576503348,35.09518825012495,26.704592141187902,75.5885057052364
192.16331101336772,43.82855981261201,26.747695897942876,75.47057277618512
191.05820579615298,43.54860954861315,26.747665968297685,75.47062070408519
179.5036914538083,36.726663733095634,26.784970714998728,75.37434280997374
175.3449227199359,42.88595209970471,27.196624393681013,76.31267735452658
169.76128090362135,45.441478719371226,27.40767881641024,76.5997359354145
145.05865628594367,56.149320955321414,27.21832355957811,76.28085512867526
133.9090752880995,58.45513056930345,27.176173146819178,76.153236583542
122.26698262590875,68.82593007330433,27.154099315927215,75.69061783066716
123.80619355278152,57.13427088854287,27.015631027779232,75.9223534822946
124.50794596263579,58.3543814095153,26.915919757608357,75.93973136498659
122.50542525132211,56.00073937168027,26.901380816008402,76.4622939707775
127.06443529146988,52.71952196412389,26.979912058649887,76.9716777910172
140.73275378079825,55.849690226917176,26.95334130313765,77.46563709138888
147.25730370853915,57.28817829737906,27.02348506948203,77.66463422278872
147.85584943044233,57.1392327006501,26.995901606022382,77.94505298704564
141.5057293833612,60.15584879121127,26.94890735570223,77.67555848445113
148.98008757839384,44.09102789572344,27.015207521423047,77.56803291702835
149.51924980292398,35.69905800071967,27.22011683415018,77.24245656323707
175.69389552079346,39.81009955649652,27.426294911350663,76.50167857405886
177.59321849823908,38.17378231140044,27.642972118538307,76.8710180241204
178.24223562467822,40.43923930987931,27.948369686529457,77.31263725317584
172.4624796309593,41.89736306321488,28.086507352983393,77.60793545229998
166.36379113175894,40.70345944259767,27.961539571415845,77.92146791516832
167.2489516767021,48.23571108501551,27.743799791801802,78.10560087606018
173.8955410344603,41.56271308202102,27.650825925528547,78.32462468356283
160.87737112339516,35.76422054682374,27.77802039243419,78.14368521629869
147.73334231895777,36.08550029417242,27.78682308797891,77.99226465669045
134.91900294613197,37.68891958996153,27.350600481701832,78.04034773984063
140.0834255376575,31.423417037968967,27.439443668401754,77.82572448689216
132.16332456752735,40.206308563985274,27.40213076948963,77.87248644828728
137.70706241894942,34.517407737305554,27.37673735729495,77.8264237370227
145.53109553884985,42.80432333842202,27.183527036378315,77.86061903930636
