150.5,53.5,40,148
149.1144469465421,53.305048772434475,39.84782539097341,147.28142212084913
147.4889248978294,55.60435462025001,39.86471526400307,146.17894566005083
145.79281079558154,56.82459034939754,39.776386503624494,144.33472032506967
144.30960571683926,59.361403779096406,39.7418720738593,142.6703043860058
142.04655568174434,61.20244791000883,39.840693148535244,141.48447772086064
140.0860084657171,63.396360957881484,39.096295045952246,141.48959548421567
138.48960035438864,66.17015386278757,39.03499258765524,140.69870446810467
134.93459640718604,69.57103822405446,38.79415562198352,140.43234567293905
133.33186456409354,71.41725310323281,38.91245371406758,138.95409662251387
132.6874272022863,73.56708707634544,39.77809564387407,136.1126018320732
131.9393748755656,75.91165448397794,40.15789101215162,133.69094190656347
131.03428256665038,77.30196629011289,39.84065544298558,132.09033385825842
130.65676400303354,77.33156152506727,39.35779672385234,130.9354033084699
130.527781686992,76.08363839432765,38.8852061792005,129.69081635385416
130.35946530215202,79.1122581963619,38.61940324083454,128.35642373464893
130.06571132106836,78.05207607273985,38.271644708250875,127.64419358720919
130.03371793009748,76.43054999659432,37.92580264850637,126.94235929350111
129.25890334498172,74.83937160960475,37.759525794758716,127.12385799901406
128.6321442252014,74.37280349441056,37.650525366144635,127.37137344464294
128.33779779522516,73.9396888486537,37.65184049906537,127.47908862988301
127.27628865554321,75.94433099959778,37.393406456423044,127.20557622244979
126.47214188719347,73.41822038524217,37.125283190716196,127.33847543730606
125.01048615409599,73.53233776470938,37.00181502434281,127.07947751420899
125.63455366144387,76.88130315582902,36.7873546073872,126.6747972927302
125.95225067964343,75.93405011365874,36.711480577167926,127.03325353423628
126.6423137258198,76.31783363318763,36.75191949393229,127.21465359436826
127.03108256172246,77.54241629184187,37.11921431400168,127.13508237419724
127.66049769471627,79.00143420605568,37.337673724680315,127.43723826291746
128.63208894233594,80.04247905310191,37.227458391573236,127.72004129000113
129.52995995512396,79.35264041912023,37.02873162764731,128.42457847512833
130.33908439710933,78.66574353101207,37.55179391234721,128.35838530714605
131.25602445613538,76.99159441617545,37.76799957729989,129.10813798551925
132.27949632631706,74.34843728419975,37.97657165076403,130.47493401712507
133.88610640043134,71.17449048377536,38.208230795977215,132.36555699572042
135.23864068010192,68.67113584001495,38.71608480972564,134.26998352071377
137.33612502965275,64.7304606653251,39.24938091927882,136.05193811814036
139.7857348541366,61.9874413896564,39.726045326402385,137.67039315621787
141.56248331744246,60.40713133237227,39.90409694753545,138.13054377692015
143.36870483945833,59.8912823444459,40.039650472183496,138.60588836255607
145.22122766846954,60.71549356886371,39.9285815502298,139.30737164301428
146.0098843378804,61.05026476083317,40.07671527008574,139.5369991213457
147.65572164376835,63.175118222555625,40.053424876525796,139.19790525789836
149.1911818628149,66.63144893743723,39.91768128779796,138.66540845139565
154.39770806956028,66.169586034106,39.30300877237846,139.02014557721856
154.37465363883294,67.8679070570264,38.119641301168656,138.80326994792745
159.6069972307843,68.8775399602576,38.110654991594586,137.24339239753806
159.51310823163755,71.20694893513914,37.004112287335246,135.7062840329648
161.24105980652627,73.10907183918832,35.872284359573214,134.13428557746653
164.33632622412472,76.94752607266571,35.223598276543036,132.57774606803127
166.92358332044176,76.71581457806386,34.58497895466699,130.97596014533923
168.2106259648779,76.52128017135935,34.1941071381611,129.01198707146492
169.91332941436295,81.17800127645914,34.14797963334077,126.88952148098579
171.57541294182934,80.08974814191325,33.67621359655068,125.06005011946235
172.92398493196254,77.51888861471568,33.27548041531077,124.17711144756963
172.84759853014936,76.76996410175603,33.16223932843228,123.38819084496416
174.38173908117045,75.89210757459463,33.04576095695039,122.95889751920578
175.31348942383931,74.2939743419911,32.948798653189186,122.77387068759887
175.3192001071701,72.48986661720369,33.00412641224672,122.71944389664941
175.45878391800522,71.41226486786118,33.08127297285799,122.804574744425
176.4976416321699,71.49136070006496,33.112189870654746,123.18525758696782
176.30019619732377,71.90179735632253,33.2714070296431,122.8146464633641
176.9882488128742,72.51163733597161,33.36551866885017,122.89833042332407
176.39380475495693,73.99466692790993,33.410492204339555,122.32156395642741
176.2992652218662,75.82163191203894,33.438425508911976,121.70922873189804
176.6783484999601,75.90717735854838,33.36244466220064,121.65556655142599
176.71724181393196,77.21586374126622,33.20337712477824,121.33326777204378
177.2052898431055,78.06839793885277,32.980360778822046,121.22963408451228
176.73907557828377,78.36317399780702,32.90514668170313,120.61133380823826
176.62933361118604,78.38284135495775,32.89703066725397,120.29985486571682
175.8715992204472,77.93400364113116,33.20830359168362,119.8246227740295
175.07253526021583,76.80241988839214,33.708076338081696,119.74132731449596
173.69624369744412,74.52816503483987,34.35998411915793,120.45848717189956
171.13862648184386,70.84336265182228,35.091207281742754,122.15716155234514
168.72789548144328,67.44802598832965,35.567668538677935,124.60901442187189
166.3865437260111,64.23535163772303,35.82546531889048,127.18410763373576
164.45434524494033,61.76619930614723,36.7818529903368,128.61244496976946
162.39493379464506,60.780394957657165,37.367080090527566,130.22557929293214
160.77360591899418,59.148921714504894,37.622350807268134,131.83052626370323
158.55234418715332,59.80032586550692,38.028925040755794,133.38741482678097
156.26250572218905,61.16146059833467,38.20980493546705,134.023293697536
154.43938080972097,61.56562746133923,38.53195045132117,134.55581580839515
152.29544301513752,64.20958380991782,38.90025607131081,134.583182118196
149.43656317975925,64.59201011403803,39.37441632724192,134.60252928422085
146.3798044854272,67.80161760870037,40.00319155129418,134.20011374481683
145.0434859128897,69.58218280887817,39.955343009113314,135.25437698307206
142.15514095689144,72.89599541855947,40.673529770169914,134.53262553919166
140.50756314933096,75.16860783252699,40.912733789984486,134.0002557642046
138.55176248635766,76.94027661775468,40.96969153263337,132.8496245879448
137.47568388964316,78.62225813882438,40.74596228578524,131.42098526101535
136.11727904221112,79.18890465430283,40.63805898893483,130.30282249194903
136.0571042638797,79.39262882393278,40.03093224678864,129.55363694193855
134.8394067609263,78.02166762761482,39.05462414295424,128.72169940453603
134.69820620807212,78.26357243391661,38.41813006366888,128.00656297346626
134.52452997275816,76.5162466300103,37.73001383674884,127.61545284345537
134.16284055726604,77.56418070240065,37.172971172295505,126.76169411659005
132.7838384886135,74.39322869975055,36.585921875228635,126.24150419641416
132.0698815699116,74.99527104702833,36.18116490479399,126.39776605756843
130.89406000307702,72.84611728114706,35.853652927150264,126.88279229164725
130.67953907590405,72.33082113985702,35.32586124010294,127.49905102210523
129.7270674843348,72.19969683772925,34.94788620844345,127.67388834936465
129.49159569400845,72.80392332384613,35.00824784272315,127.49983977414168
129.41801323026658,73.26092837637103,35.06508179693935,127.40743767604607
130.08588657851362,73.64832298147502,35.008445770535005,127.24456572314703
130.8477603107002,74.13873054289652,35.11587656601135,127.42598729082529
132.022133818703,74.49642283212485,35.06076205733001,127.86423153850998
132.418639727443,74.89499270312233,35.29148755121324,128.49589166414503
132.46664014130045,74.78747364380197,35.50883752019783,128.74985762471732
132.7639146851734,74.8330069265854,35.70973190769838,129.09830754388787
133.6151362287355,74.89285466258093,35.401054389307376,129.7187027997029
135.06612488683186,73.87446399988818,34.808064213770194,130.45943715281362
136.7020164870829,69.88604037829379,34.515036010521555,130.89567217523825
138.93558806147382,68.52707133725923,34.131539636031675,132.47527717510826
140.49787235395863,66.52213917636061,34.094371725882,133.21665237451475
142.61580940881043,64.88813476231378,34.125486370450865,134.04182801741248
144.93106412026626,65.09008859765657,34.19404740118303,134.48620965765906
145.49511666342013,66.18387011129082,34.34735694290413,134.56482380781978
146.116520020768,68.83323052007228,34.39918850430851,133.64269991789968
146.66719274447968,73.01007573416867,34.02224548455851,132.53332988231554
147.17428573137624,76.00229091843572,33.486001947698924,131.52214418083466
148.51101711900927,78.60580271620216,32.835760426781654,130.20600593839015
149.6678884000143,80.41021850307492,32.30855384308883,129.06597419412768
150.64077969576414,82.4707999927571,32.15199373045574,127.66819726403394
151.86725128388284,84.55209526571883,32.00332320589071,126.22576076512279
153.18426427297177,86.1659211097011,32.134273967596236,124.54329368943243
154.54025901065512,88.67391681464562,31.86907447216427,122.7256231451745
156.2874342361235,88.87459071162681,31.803948750765493,120.56767592494258
157.47437574108764,91.03803435721369,31.92181645800024,118.39197176212578
158.69046177695256,91.8346448616361,31.805981494882456,116.3315783988212
159.32940513425365,92.54387017491014,31.701262008979025,114.47829981869606
160.8444045247367,93.7062072175539,31.52386046464627,113.62666643336735
162.1467228439801,93.22544806796856,31.452116530169473,112.83153786097124
161.74772159037164,105.84418348232545,31.4417325923409,112.6047996830143
162.7120092607929,101.95777118860076,31.450896146914612,112.35278010084699
168.49213700986513,102.32074854711692,31.643928917813135,112.1490377103413
168.7854811362987,96.07745126717148,31.538611263023753,111.66950487460231
168.79420208470876,99.67944687684479,31.626543203257448,111.86720461518608
169.12004809745528,93.48271731232471,31.891282545161694,112.8057973349245
170.4770858823639,83.6317543064694,32.12712190759545,113.88652469246031
170.90468894990704,75.14965694294565,32.29975340659578,116.10218235590919
170.32258337241043,70.59438878160256,32.44300136960289,118.78606147873576
170.063433359335,68.21355654487752,32.48108015404117,121.66770712188645
169.99850870411544,65.22705601389809,32.51550630994742,124.8940896745527
169.43157556266428,63.61520895576585,32.72228200761792,127.63014013170235
169.57356972510468,62.135457162880044,32.96125380913715,130.19096764988325
169.09162981469433,61.081339226061544,33.37476472489041,132.2563787932432
168.8426590682087,60.0990110536751,33.70029476115751,133.73793526018176
168.62541846431742,59.34393442322218,33.96628764525158,134.75189955266757
168.4760066611527,59.06157938413777,34.07848568152217,135.60249410058393
168.44294970838243,58.716731050197524,34.23222941193951,136.3708295530518
