176.5,75.5,47,102
175.34233482263267,75.10466452898049,48.50272318558336,101.9033636930294
173.05439066460514,76.9815702005097,49.09770477670864,101.73626780979461
171.30914383173976,78.73810283319355,49.335045356730724,101.7457969963312
169.6608194156831,80.33302366528255,49.63906990600713,101.29908649288927
168.826494285911,84.62679554176978,50.52646772176091,100.54032005314725
167.41342798510846,87.92727651277399,51.43771694819815,100.16444146227408
166.17546451599864,88.11513834967957,52.23321454700892,100.16870374680069
163.6480571182047,87.97086236291247,54.61719289392738,98.79132759495344
161.25608576156338,86.07710994491966,56.17410962149221,98.12031726370273
152.59998908183942,82.52578559071603,56.91674769834738,97.21374298779604
151.766157115772,80.84207055094862,57.33096898540929,96.64969361329031
148.8768803982031,79.89696186724265,57.54526432194479,95.99241537714083
144.88668316773405,80.02269486696352,58.00972574607867,95.26362918345471
137.19351665662475,74.30158847741909,57.99308559324843,95.21018690272913
134.5153396594752,70.3038588914892,57.645401921226785,95.41945508795563
134.66137144832973,67.97562839819281,57.05591438473933,95.04330422762457
134.0466483880034,65.85354118058936,56.41111772279917,95.00040886531559
132.7494703640215,63.06157460774382,55.56944934334906,94.316463478597
130.8898086712071,61.91575859085513,55.248994973240535,93.40082560537671
129.51747784037542,62.08155672540595,55.06184148750398,92.79159325529476
129.93087202376586,62.62914174410549,55.16244530545745,92.23932717764681
130.6737594741919,68.25427380807567,53.49035406344365,92.34247472420597
131.18858871222864,73.44971979130464,53.35316499349812,90.43329605273092
131.47061763090454,79.34293917504102,53.21762253080683,89.22215654825865
131.62286905443824,83.49608085638775,53.08876057970212,88.67908109801026
131.5358768737475,83.44501411042805,53.093003608552614,88.49906751022347
131.86077107930217,81.83210788477736,52.68729510021144,87.92488143972005
132.99004067527224,75.13001310027394,52.354018597861746,86.78264423565558
136.96470011416065,69.45216607536102,50.719612516105414,87.31835575679492
135.14441871181202,57.63537194979739,49.67504138678167,87.68770755772687
134.0296142600835,55.86381386722926,49.10353334687939,87.36447807886593
133.63427850529712,55.52166639892712,50.05050489455138,85.74280973765345
133.4322226667958,54.730343608370596,50.48064898956667,85.27628077157105
136.4231971384227,57.82953662317738,52.095749759447635,83.69928985304146
133.5443098019639,62.29053421994797,54.71250270384961,80.8483815430452
130.62488448874677,61.36472037577814,56.13936793294501,79.1735640810095
133.87651720669538,64.36966826891727,57.628911792702056,78.04750551778423
130.31232823338667,70.1870249828901,58.52172789163271,77.21623218383272
137.73515916239487,66.26455368472793,57.8708645031598,78.53635540607256
145.16108156538064,68.57006039266673,56.947972867964616,79.03483953734462
142.99033018267033,71.23431201812356,56.37065286803489,79.88251951015533
140.73825750317167,80.48149114947914,55.977800298412824,80.73785073108675
136.7684575810375,86.64987062587271,56.50214030457693,82.30956479313116
133.41701721368727,87.27329902589221,56.38887848022587,84.42163786560496
131.12698253185005,85.54425668206942,57.64525909840167,86.14374788379408
131.02582232320194,79.41213577147197,55.73024872613182,89.74977513589718
131.08713565961475,76.56469450558062,55.07001509873162,90.8323424897624
130.20465442994492,72.74497441462529,53.28058903496949,93.42212866471506
128.96315048470424,71.46145561754052,52.50816169710307,95.2161700716745
126.38926260663295,72.11737481487398,52.38615109536599,96.39203905348766
123.52748750742099,72.96485891877774,52.57115854629237,97.46146369846339
121.7974025245636,73.707784600619,52.7838240392746,98.22357433276672
120.11371531015442,74.37397639936925,53.14807303893951,98.96619316713569
119.84476709048688,74.579684599334,53.87823302188039,99.71618864865304
119.50062901054798,73.83064846388396,54.509946653744,100.91399194167265
119.75225746640106,71.83279329957678,55.18431885523519,102.13042685295912
121.39240271748729,69.57313003347097,55.60504024919615,103.44106584130171
126.07726764403796,67.00779278569652,56.38067420377303,104.24055451913209
128.40488665005617,67.18075360036893,57.309236507593525,104.3734919865528
129.88607678760582,67.63431668704837,58.331249590724816,104.76438736814083
131.42117580007712,64.45100741527035,59.46126928962865,106.53127542005868
136.94621337595464,59.079311284013706,60.83969908172125,108.09116453163203
140.5377052072614,53.85586818883893,62.270345713907524,109.47678954491859
143.22964097799158,50.67414961142557,63.563864271019,110.53305249396529
144.09586065598654,48.2648779577046,64.77768417520666,111.18823663621558
147.88933876534873,45.64953771856949,65.68703723687783,110.86143153404146
150.05842085651054,43.58484194952266,66.07781735615941,111.23271660202708
151.7279818905469,43.84103737419385,66.38726391830518,111.86539928574287
153.3001355428514,43.41768880012274,66.82547686020195,112.76000921408057
157.18644208038629,43.398212811567795,66.99314326892733,113.86503425122616
160.18937965133102,42.42414102789018,66.70312849385911,114.96795612029725
162.79232293570826,41.61873516190778,66.42133707891327,115.32114108033517
164.37171549930633,40.340823285948254,65.89886920482988,115.44021155924396
167.958707011734,41.17595342994137,65.76580834489158,116.31267874165567
169.53739552689495,40.80611575055658,65.79880950365657,117.28316319294693
171.22544634466874,44.91616058518106,65.62836678076769,117.75864637678634
171.81300289920233,49.214357129157854,65.14231376367286,118.27888670405493
172.4970255257557,56.10660864405569,64.16772851608789,119.16855416833884
173.3326521252839,56.520746271963375,63.29867319062392,119.45850615594694
173.23951284801598,55.574756801186346,62.787391792423804,119.98316694411965
172.7458554582563,55.88930174641709,62.45516130293071,119.41177295654217
172.5117307660239,51.16201762517417,61.988257441469585,119.09265669738005
172.62091235631377,49.02280918788609,61.78525673316329,118.64928754976994
173.76282242961364,47.949369066868755,61.934311981384745,117.81456917615824
174.54734445893462,46.41428897358847,60.971275081499016,117.99377963661408
174.42000427297262,44.10630717093933,60.78628658941123,117.9242278381648
173.89448376567435,42.47423654632126,61.168592874717746,118.36642508906415
173.50761092062982,45.43017310419128,61.38431463521093,118.84151009557752
171.82598198427135,42.30697621628452,62.97375520713131,118.07333649620794
170.48263510356975,32.53965719359428,63.54046028864869,118.99356604854643
168.49632556273278,33.80895072088674,64.70973464376009,119.03604870183199
167.15655356814653,36.62896591027135,65.69071767979233,118.5991738406409
165.8132151373225,38.72925950563357,66.83565567368072,117.46302594663887
163.20509295030087,41.253120419294625,68.52849091953487,115.75074356290501
161.8664080297009,43.44531487487053,69.81902733139825,114.36950583011318
160.54747334697697,43.31058657354958,71.08667329386911,113.41228620709286
159.82835429489688,44.5978869523665,72.1898338738441,112.85160766396707
159.54394255339457,50.29905897476218,72.31361811434269,111.87898735879973
159.29487362222716,52.90358719651126,72.43629463672701,111.11644504494025
158.68877379722522,56.56860907879661,72.32407621879874,110.58076907059171
153.7550812173109,60.18147234021745,71.06047802596623,110.51029309706645
155.7185856019932,63.03661037450309,71.01006999894173,109.79826942031035
152.57012807342733,63.5881116956184,70.55986086097457,109.3125110813062
153.86950280966954,62.33132965276242,71.02538498430008,108.19894394333957
148.3800378724722,59.25577500227654,71.30652852751805,107.15034621306133
143.82313969541917,49.79174206830012,71.67349298770316,106.80762198091652
139.8263258233206,46.603266894632945,71.49618891579927,106.46792422644423
136.82708478985188,42.263180070110685,71.29447757758534,106.60704028881882
135.4215715838176,39.81964842030989,70.40003628869563,106.68833319123414
129.78905708638723,38.68997907923302,69.83692502476734,106.44996426802594
129.49191831659388,42.58054165373906,68.99692562591558,105.88104834371478
128.81713221662642,40.932850140217354,68.28069620536712,105.6278085241548
129.01263102833295,46.44408508298905,67.56273909117802,105.12014157135067
129.54639994041787,52.75490058315247,65.6670485508483,106.08422014286221
130.9086272939565,57.84966899229102,63.89922365648851,107.45710130859389
131.72030199981634,61.86329326817861,62.62769373019476,109.3640444606151
133.08173325290758,62.08933010750906,62.14758997492785,110.99482767549362
133.32989712717318,58.52011609636969,62.04321006208042,111.11333344130264
133.97501337994018,52.43674024924482,61.54653073008849,111.05247550115297
134.3309301265408,46.131569468799796,61.224511196485764,110.83354479184038
135.47095492165025,39.743168719965226,61.40719678235329,110.13541838728784
139.60423473471792,27.848041287179733,61.67113470718232,109.56505656889887
137.12577997137268,27.28877448447443,61.74399577195876,109.48404157220529
136.1105072652328,27.77206187194058,61.7500222175637,109.47416688386662
135.06579580067773,28.619302946889967,61.75270512973658,109.46948797665125
133.4054422710443,36.825637892475804,63.06358171414991,107.85027702407821
138.59229971700256,31.1090334602153,65.1913011484053,106.14730310356504
133.53217807651873,38.72901854093536,67.79652978093544,103.74628214561614
132.30953931587658,39.03106790333525,68.33149476884111,103.7532713390979
134.80652751727496,40.498612877824854,68.39570442027413,105.11339699680815
137.5670302482417,41.678153099752684,68.20567306036088,106.14226768858786
138.3341779122311,50.13045042269248,68.38167507849724,106.50931382029616
137.97262714976802,53.2074729769188,68.32012293978815,107.05251621703151
135.33130288960598,68.53050152478457,68.48962849288806,107.1627571864855
131.65892158184673,69.38386193034118,68.71744298066,107.97055988153684
130.64956084001722,63.94618905329305,68.61600030835893,110.34514174250567
130.42200483314173,62.2458632753959,69.80220018555522,110.85234971385783
132.29220242703602,58.775027706884096,69.38257335408986,111.69777460835824
133.53076618666313,55.8903240380247,69.67860057040079,112.83188321713416
134.41715196153467,55.62156764905111,70.7528763496067,113.50943414265005
135.33098541106597,55.83286307696978,71.24182336312649,114.94445768481533
137.12625669019596,58.75796332087073,72.12974779247641,116.18616898976856
137.74258441961612,60.959785430778,73.48610352595784,116.35542125051433
138.67290514311918,63.06099228030098,74.72066977014438,116.68455843571519
139.02761829876562,63.95804786838949,75.58110940085282,117.43668139039754
141.13056223795252,62.99009060301225,76.54884889903539,118.4183622747592
143.1422029810995,61.988648220957415,77.31731879747659,118.96153167250534
144.65746439653537,59.19072607156131,77.65858518360005,119.95979649208003
146.76371028105348,56.56512723862809,77.73578390910117,121.26469985023773
148.7687553789661,52.107180404663254,77.83624220952234,122.5691433228549
150.7745044063773,50.21621996388253,77.95967858005388,123.95962619706161
152.15447495263714,50.00504708354943,77.92308372090216,125.1910226965393
154.22152654957475,48.38525596514599,77.93066601286675,126.73907089098779
157.27246084700042,40.423347149235184,77.84984644068999,129.14572810715998
163.31534157822216,42.12209368267611,78.19742981924993,129.6429961257884
166.85253081744827,38.365576468086715,78.26329010269957,129.58803071518446
169.7587872140765,35.085135279358425,78.09657933046971,129.50821227553288
167.7456474445163,28.926563175934263,77.56708608821808,131.56619357954918
168.00891041466065,29.117826857604825,77.02542793491799,133.5383369792238
168.5532164435653,28.49204888240446,76.17557351723201,135.48249359710118
169.87643707867278,27.02094419255893,75.39596962933362,137.2204127059869
173.0998293633535,25.36312373047616,75.12161509842434,138.59259507302352
174.49079215980456,24.456358778331108,75.28897239012001,139.2857319395176
174.89159260783634,22.748942523509527,75.69634740519689,140.375341241687
175.20131317902167,23.471660518679315,76.53944581646851,140.60868640311898
176.26083074856962,28.35447361606046,77.36268620151202,140.11959905723364
175.8196937676192,33.52349056173746,77.67034611540866,139.7081990007185
175.60062110551297,38.76872322815109,77.90736830631943,139.4264595971515
174.21991142685522,43.61807088098823,78.28662962263459,138.30831067056658
172.17603679144656,45.25269490280948,78.78876850374242,137.93883598622278
170.89087213127252,44.69035043103298,78.68831168174125,138.36975630928475
170.45010701668502,41.50321424617697,77.982974697667,138.52276431666158
170.28032055179787,39.21803993701016,77.60886110161965,138.5218386544471
169.8702988595635,35.29747326569151,77.28007502594437,137.57525894624212
169.28186819878994,32.60475942623212,76.65836917162633,136.69886201731177
169.05657393479137,32.84290776731683,76.50358759531053,135.85274900208685
167.91465397663404,32.95807004703164,77.08690818827617,135.69986973363996
168.25585260638732,34.5738725007692,77.94903404869608,136.2116541942221
166.37384328489506,30.162977297603163,78.81285637782258,136.5107423834521
165.22152793739352,33.09125292374149,79.53338313090825,134.75013744312614
164.8786368474405,35.70025976375297,79.67422752137412,132.8724042959401
163.76965202250955,28.18935158899035,80.13893953898051,132.98533278230616
163.06746790607906,32.998595923657234,81.21298547641416,131.387166912655
163.56331885976238,35.094473000320306,82.36231960267789,129.99101508095362
163.67727186786794,35.636100126856505,83.29456792911807,129.00464197162998
164.1142187194385,36.464130147077356,83.84849300115403,128.0912426920678
164.7115725051246,37.671767739225885,83.74812933046238,126.96087711375066
165.68717266175463,40.33167113016683,83.047045842306,126.47024246626818
166.01900501975044,44.52517548962352,82.63472005525234,125.1500701044715
165.30116674908766,51.450603007396424,82.12394993939708,124.21457170497305
160.94985720727712,56.54754411243976,81.22686046588927,124.97624827174185
163.03301804603421,57.162897704540654,81.59335281425402,123.97122748866883
159.09567646508793,57.39232544851164,81.81324271366486,122.82880185416619
158.21023047867396,51.020087020819744,82.47536121656788,121.37687329878338
155.3595021295223,47.54592473162848,83.00663568678286,120.70106190609657
150.31979530927134,44.58267204277048,82.5993311494893,120.14069890231232
145.95525366671734,40.407331593340345,81.36837148110615,119.74488455428539
137.27560185336625,36.25574064023578,80.38950410255929,118.35033258140517
136.7393849688949,35.77026478495555,79.20648976855091,117.07761597417083
133.62675679756376,37.122564192869646,77.81956492453722,115.787566032244
132.91819001493903,38.37861843692099,76.46439061701443,115.23822204571297
132.1595799634673,45.01336454546239,73.86816400746395,115.81354985121318
131.8665163701017,48.104887394152634,71.90851506542631,115.65634157524993
130.44846919398822,53.7336607679354,70.78638774368781,114.61767548106575
132.3295338513284,58.632544916467445,70.05256086011403,113.49176120316669
133.57841343120947,63.73835046428006,70.23688721442042,113.13180034557857
135.81459995315436,60.4421133349735,68.3529893978866,113.28958746658793
138.14031276428153,52.858071981790985,66.32650321731317,113.7900466530555
139.3991060081301,44.940558712869624,64.44562820784938,115.32470583555154
141.38460926632635,32.947919859108616,63.71375338052853,114.81201296201887
142.78271991209678,31.146340642384402,63.90673125051722,114.02591587178566
142.22378601864943,26.92687088061509,64.04658170724221,113.78842373944049
142.59469233402388,28.17392545094495,64.14189568915663,113.6421348807632
149.3021554278428,23.444233893174555,64.46915509417018,113.31946500252957
146.36330714494244,30.937802745720816,64.84651882763447,112.7639650614141
151.59723221294416,34.878999825590505,65.74846449088635,112.02188261966178
149.4955126217672,27.29724298089507,66.4797955475536,111.69281780258292
149.46887762342683,34.035576861485744,66.90669690238103,111.21009134846945
148.78512462834755,39.22118715996248,67.38558305239448,110.69707750047837
141.62067553985776,44.07570710549536,67.57838332135407,111.14221241410011
143.04181363527016,52.28453087994169,67.68248178529919,111.74389775094964
141.44317740819517,58.38899817848518,67.43854730738127,111.10423900988073
130.3393046191033,65.54919280921824,67.40730973126813,111.10244277362213
129.2476872041727,66.80848224911318,68.28351650593828,110.97039691575914
