177.5,51.5,21,129
176.76948182945227,48.5425464007555,21.25018495490599,127.52849982315331
176.92799896557005,48.638967969427554,21.43665412448105,127.01838095305354
176.3229927764254,48.850598301648226,21.741428828057217,126.4624726699608
175.92123310259495,48.53448623577858,21.854503408242962,125.66515688280056
175.57979927440414,49.16394876148607,22.093663956127003,125.26676065809914
174.98815394327647,48.784773902385325,22.25409540264594,124.77934647840482
174.69226737532907,49.15282131452073,22.497554014843843,124.36791591905138
174.37427950320242,48.99851913963376,22.48912361924653,124.33120978942279
174.6310601564863,48.38065262640053,22.355318524913255,123.92877340804469
173.79663696425789,48.61195348284506,22.504368299491535,123.48516152450217
173.26328341817447,48.670954390457474,22.676353645213705,122.97924400860329
172.2258611301086,48.22053744389345,22.903855134149065,122.52384466255745
172.25424453514364,47.96983335046618,23.021723168143694,122.35495051796438
171.80959232413906,47.06328307065485,23.05206439864362,122.22316165135567
171.32634355538653,46.4008022436463,22.962522841223773,122.19083589845138
171.3296354981255,46.41193434446112,22.86348140796195,122.26079726332812
171.06293434264214,45.84408459457114,22.842535607776043,121.91198657977372
170.75022516864004,44.99250194815323,22.88634065354936,121.63736759660094
170.0041704307642,44.665305974063834,23.013135764867805,121.36195128576942
169.1626831583443,44.13093338965508,23.269699277030885,120.90367850357528
168.8969582472156,42.48031437897533,23.459981559930167,121.14175896649361
168.12059659283767,41.73590746019705,23.620307584178228,120.58757615907642
167.33228628182295,40.37575688013945,23.859398308517857,120.67926956925265
167.41719430937923,40.60088079184629,23.816575611540568,120.18879732034429
166.14115705450436,36.04788747001969,24.079564733106682,120.73317946418061
165.89271559940772,38.96761903226177,24.145552612801474,120.0618543668876
164.99393800187298,32.11919142066939,24.27240177416429,119.61066405021641
164.26761520730207,32.01185108023029,24.23767472651105,119.27820455003001
163.25422425447513,31.07625902949613,24.289580466774893,119.10616455520011
162.05581242135003,30.322527263036555,24.40158286112877,118.29036754238867
163.1575145031794,43.192936928087455,24.162708807829155,118.5740805304021
164.6032468636171,57.76452613825288,23.92737940761723,117.62505112740523
165.56794509597472,63.56771543917585,23.452877008758954,116.10532146659934
165.22123675000967,68.80319169682332,22.9001755127847,115.45806318043036
165.00321624328595,68.72928690357051,22.457441346845975,115.3131010698916
164.6977460031718,68.91113651459784,22.27389947672489,114.90584693830967
164.06732829802098,69.58763276455895,22.36038605584977,113.49352302502898
163.43932626511656,69.60082141150217,22.487496984680455,111.78478532045224
162.38694111440577,66.76314747812947,22.654828559676844,110.59170066537759
160.63853669572276,62.84765464685926,22.750958285562128,109.51018499277394
159.90637179932904,63.478034926200735,22.843283569377437,108.79102144279614
158.33143699846877,61.7640568070474,22.874070481812698,108.48446439832692
156.87576878395333,55.819282090782195,22.87742575354069,108.47155468626505
148.8590485210701,-2.2617856437659256,22.943052787485907,107.93045071444332
145.92769183060298,-5.256271415498084,22.910661760155975,107.49147139883782
147.1844892979148,-6.8777476353706035,23.176248782777154,106.67608567329965
147.3471417907252,-9.523927306228778,23.241463982388563,106.33318395620863
147.67761649522734,-12.155561732209193,23.36632081203555,105.98877439477835
144.81250249566725,-13.083425522873988,23.53317572231905,105.23356938753066
145.65125894744133,-15.481512563822989,23.668024178367162,104.96068791217769
146.1966280183152,-17.79104791865194,23.734920294889644,104.20027015366543
142.63873728954155,-18.335839994325077,24.013654652369826,103.32364632390208
144.1674109515698,-19.6103040416507,24.245405591100198,102.70474871970079
144.76777597310988,-20.572804376786692,24.362475950661356,101.84029039987573
144.84089617516992,-22.406018796740263,24.396194843721435,101.21635163648087
144.36335146812326,-24.82852425679546,24.45259921972499,100.60139494337105
143.66526454419363,-24.50862292330266,24.41750747500919,100.34625198393168
143.22168448172187,-27.42780805526651,24.418195017135666,99.66986079995289
142.83366715184567,-27.15044572918763,24.39091069953207,99.16924449926417
142.1811892147673,-28.31757819039602,24.352702010509816,98.95165361914493
142.030092588165,-32.2267094650343,24.344036805433852,98.75565110799668
141.67488247154063,-32.029851774462756,24.321100026410697,98.44987662837147
141.1474611018933,-31.452509059365404,24.316280662052428,98.23379579145374
140.59002960717365,-32.03429528378097,24.30296124029788,98.0742992638826
140.31453035357583,-32.368719344574984,24.282450565040328,97.81280900274967
139.77065549867729,-32.10126631563459,24.254306791675525,97.56718440253147
139.30786500693176,-34.54766766513568,24.24435818551351,97.50764363763594
139.70128339350768,-35.25099091332825,24.23757616042002,97.46163529545908
139.41927113244535,-32.86811162756588,24.227898883628814,97.31740487258546
139.0747874270289,-31.26594677467321,24.215160540658495,97.16635313616047
138.43389858658142,-31.695125796298306,24.197592966655332,96.9284052130334
138.6634957562337,-30.633818678249575,24.194232509444223,96.72467954581411
138.93518740531937,-29.906637482937207,24.19595800643892,96.49180098182664
138.3746584467199,-28.711181639346698,24.164711393494063,96.19489273359521
138.20251001002705,-27.814818944457286,24.144748129798625,95.89721467467271
137.3958616596189,-26.19182245269719,24.074533692652587,95.52148860552019
137.85769754600224,-25.307631180951972,23.993680120474128,94.97590047559635
137.691573067071,-23.840655665202064,23.983484956499037,94.48356383351609
137.4650399446217,-21.001878219857645,23.890975523049057,94.1301323253956
134.11926730807338,-20.062399959646335,23.98132689126902,93.77511458003555
135.63264367647878,-18.93662052770358,24.006745623192934,93.5428740583589
135.6099187826558,-16.32893410337949,23.835438605061356,93.5014299473511
132.66183088143717,-14.009637029963066,24.006956871945665,93.05100814091132
133.78515539823167,-11.718163298722757,23.742531706726737,92.96757048983207
134.90952100006027,-10.421414089301024,23.52117572432195,93.28067445364852
132.15671001971052,-8.675177759534016,23.40091172158151,93.63257311293164
133.1837119372256,-6.067324741374598,23.282989653633514,93.79320603535304
130.3723923221043,-2.151883613127424,23.22633048299727,93.93342506288579
131.9379776789573,-0.5222773755768699,23.078505754703826,93.8467730411996
128.779206120409,2.174602622659741,22.902860967442567,93.98634539259625
129.36757658962946,4.854807597054339,22.786524091272707,94.22377909081023
129.89672882255755,7.954908334281171,22.644396123352802,94.8714799143302
126.55920454420476,10.655172580037757,22.634986901127704,94.85035262978724
127.60836306028263,12.21269862856343,22.551674980666327,94.86671280042083
124.28185988272983,15.274655562268919,22.49012893327558,95.11906827352499
124.52991248403032,17.417895708764163,22.320559611240252,95.31086423328108
124.294037623874,19.345084236796218,21.969581591741914,95.18400716623064
124.3040100804083,23.214423388723077,21.80718673346191,95.28041473121237
120.80363232154156,26.094852925800865,22.023351053227895,95.27735528245353
121.21979728520766,29.189461090342625,21.899954121691874,94.79274167172328
118.57554061379533,30.92612354543298,21.985056362221616,94.60747623458029
119.47044106794253,32.69029434742636,22.016823108536887,94.72012703362392
116.25951772531138,34.94065408411723,22.04186355371742,94.5896272677312
116.71425866859711,37.286618141394115,21.879799653538925,94.13311079715936
113.14527749958489,40.66189807664814,21.80547790342858,93.78420421644623
114.6432077065796,41.909352709064116,21.907599180799647,93.81232523268118
111.22536230202022,45.066410562238666,22.06941799589987,93.8048658869583
113.10977929512786,46.46643831362283,22.099474838770885,93.91167025891531
110.03424533008669,48.939924951433255,22.26126302184394,94.03236256022927
110.61041143563547,49.74181891660341,22.23213635331077,94.27248341666265
110.8337904151166,51.2820016276659,22.206689802629846,94.49241334747346
106.72490803878628,52.20084921632159,22.295754298942825,94.62742436885439
108.32970973149256,50.99624890347036,22.44613245039552,94.49551161793943
104.5370994825192,53.70104726703265,22.56400628009882,94.51371077780826
105.26763288374181,55.67507406012504,22.630859366149977,94.55208187614801
105.05723361445085,56.69418874505782,22.52771901046007,94.3950968080784
101.2541111301255,57.636043390607256,22.590676225051936,94.52247374248918
102.92248918976003,55.94555041096081,22.664049891320595,94.8116270639952
99.13875731095725,58.31021029767886,22.81265369027747,94.87613100958377
99.79733646673255,56.65232449663194,22.91736346458807,94.97332737249609
96.72524711399657,59.89932629808604,23.119951860916956,94.6101054201311
98.61681558602608,58.035564849299185,23.233352220782518,94.78056020819248
94.80669217541522,60.467556060343334,23.271590680187803,94.74789759506415
95.78486730890361,60.20538020940419,23.274287134669464,94.7768227017314
92.30664150035828,60.92183174517444,23.26545249687731,94.8937129928084
94.74690804649073,58.815357879196476,23.43347001038635,94.86624038327263
91.92920116910449,58.19519560173913,23.533776152548963,95.26166850244971
92.07629832208877,59.879835381834816,23.39559749601829,95.01755202056644
87.88204503847186,60.545161766893585,23.328458502033868,94.82527179092284
89.83617940368353,58.81094767827526,23.431558046299244,94.70922683507233
89.88138944959232,59.94385527180451,23.30258297685607,94.57648640845085
86.98803062356987,57.32514433592495,23.402600284815275,94.58919447787231
87.83520414634017,59.01801625640769,23.337675665498395,94.4962498712971
84.92628831811264,56.92980447415462,23.470444436669055,94.56636783659059
86.55551463909812,54.81746226604904,23.49630928813682,94.75084200576195
82.38812944930456,56.93189264187117,23.587741082824035,94.84927512695094
84.35593802133894,54.99997716862156,23.65120674248145,94.75134173781784
80.85923523651944,56.14443139330125,23.65040016154673,94.63200278079856
81.95314066181665,53.73031871608294,23.67495279247394,94.55452506745563
78.57163448621714,55.55743346114309,23.781418074123405,94.6862781861305
80.56490899662666,52.01977942537529,23.857199299276036,94.82272774860238
76.97629415366086,53.887904915587804,23.90832224616345,94.87220379225572
78.55093764930436,50.71351598164305,23.91706457273227,94.95771271254391
74.48143276521785,51.97024978205669,23.868761261071317,95.23992897249543
76.42438931728366,48.794982170503225,24.00917385960694,95.35474117695613
76.66692001279955,48.845024500741765,23.752158304666168,95.67237838404039
73.28946191425938,46.76588703682987,23.969642307990426,95.92220628465776
73.92557616129415,46.84084549805397,23.858710658403314,96.16817944909882
74.40456651837523,44.505373107241006,23.840054203999134,96.40073397575038
69.82201898448945,44.78032352724753,23.76020851401925,96.65565415014163
71.20873275327213,42.17509227520262,23.813791131177986,96.74346984560718
71.41554953483906,39.86721041656934,23.727534470147564,96.83178252451314
71.87530617258817,38.259660540965484,23.713355250073086,96.94611967005375
68.21840604287362,36.88585191323382,23.955199828654997,97.23593319932078
68.69904332926689,34.93119709703716,23.874670368764452,97.30764736891503
68.98812149254482,33.27183970379126,23.811852284262546,97.36456901881016
64.45453863990092,35.48669986258787,23.727950255785714,97.24530116245961
65.31959765615771,31.144064662485732,23.668511196470064,97.40987587632355
62.098841471469555,30.53908066144237,23.769024916249215,97.74280116762918
63.67394637626296,27.999911959586335,23.861874026569005,97.86352319582245
60.175067699669405,26.693132249634317,24.027665456446798,97.97990978323747
61.29655540595439,23.925125690480122,23.978819749305895,98.11751591912399
57.407158939043306,24.89076421074487,23.927204109977442,97.96766852699385
58.439986113048505,20.704849201018398,23.899794247822147,98.06835558685206
55.28348828517361,17.775450704241265,23.934202562263337,98.23290771880355
56.429004556648316,15.609385592602344,23.763394733593106,98.55372688785165
53.584784994555775,14.177106803302017,23.928979529622666,99.07926492948026
53.72292384355747,10.783482680492014,23.88793223277761,99.45844642552751
50.73278662422088,8.453195940381732,23.895906141970816,99.54653112095804
51.70147307083279,4.844461489832931,23.88561972125828,99.67287167275144
48.63820455273786,2.3472495339841544,23.914483341310447,99.40063775516433
49.408740790835964,-1.1284156643618957,23.73484139089397,99.53189263992405
46.12759959205188,-3.1701296886557913,23.688835977182837,99.57156420352649
46.324651086708535,-6.716859356198931,23.54860371350124,99.74985191538279
46.21157505084024,-9.837105866713209,23.384493866931475,99.43887751774069
41.57336446279205,-11.498506395696722,23.48926224914358,98.85991656704073
41.43739344110464,-14.193606514552009,23.402857919675608,98.20913837304964
37.23697499840448,-16.97574293320332,23.53130348580104,97.24182360964426
38.1222299114451,-19.698665847734063,23.539396140608147,96.6704374974826
37.79523000139766,-23.426921291703522,23.50472615994467,95.83602812785315
36.71006526938307,-28.780968389603096,23.473319889034276,95.43021355595211
34.08701571182012,-32.476115452756645,23.463305951792012,95.3710037836386
32.1675140741785,-36.10007406630851,23.45450968750922,95.31048175598158
30.543870606549334,-35.85082429538882,23.44829806853781,95.2894577678932
29.71508728617362,-35.096344872396514,23.447274154098196,95.28800493482515
29.122754009128524,-33.09468456818392,23.44593463900504,95.28610577796857
30.18692879384365,-3.710251341907707,22.83549173537679,94.75365137375599
29.95157293492559,-8.794048860725454,22.58704879727953,94.47041595179675
28.60142741026452,-12.637529605018479,22.52019921969432,94.36291094486889
27.12304674578328,-16.826392504078882,22.501974949138976,94.32437316266743
26.731120181833937,-18.52608552366751,22.461944483955236,94.19334819682454
25.247087946496197,-22.051726916645606,22.459749526606423,94.17990796794919
24.248326158081326,-27.298753446402877,22.458636261662182,94.16814170678502
23.493598022616595,-33.24001213633921,22.45831379456979,94.1652840637695
22.392230195687535,-38.4314623634392,22.45812090533709,94.16360772048414
20.159891893010474,-41.09650427385669,22.458020994730518,94.16302309191725
19.003266960305016,-39.999992824679076,22.45795189232222,94.16243283554506
17.908836877217915,-39.94272379608258,22.45786247353548,94.16162488112955
16.924133955818107,-39.226313145495006,22.45784514147701,94.16089767709185
16.463961176979993,-38.03700324640021,22.457834902339272,94.16041904368193
19.07611082717974,-34.951192821481605,22.457918956126786,94.16001182070629
21.375086742108515,-31.935717010927505,22.458045853991404,94.15907662186981
25.00313026019211,-30.625768656186295,22.458047551497316,94.15844737607148
27.36743534625822,-33.649573896655006,22.4580054564525,94.15804989192101
27.95036070074371,-34.194111633851236,22.457999068732438,94.15787587462188
29.06442284718595,-31.46316733148298,22.458004401168388,94.15778355360729
29.944081455694953,-27.83423996634351,22.45801519184844,94.1577236803535
30.79790195331362,-21.338311911957895,22.45803081854409,94.15760493730492
27.3040937635817,-18.77336484216758,22.45806308393322,94.15741193526702
23.496298990526732,-20.924829390158017,22.45806968708051,94.15734630315951
20.79265954084185,-26.861090266842574,22.458066710839923,94.15729992603546
18.83131619926707,-32.30043611833792,22.458057041984475,94.15721698608182
16.531228968740287,-37.006003500854135,22.458048969773888,94.15707207276952
14.432938500780555,-37.53880847175399,22.45801945494872,94.15686656580824
