118.5,69.5,114,162
118.49684000175512,63.36144039949659,113.24819847620893,163.337223571124
119.6321803962949,62.27029563922095,112.6796704161638,164.9010934444585
119.63350234410248,60.44781884178778,112.13523555832937,165.8644684031554
119.97578319232395,61.000028043336926,111.62237943568368,166.72245842348087
120.27245312040412,59.78746877357494,111.2024117289908,166.89367262035347
120.22054631517882,59.17236523523721,110.68947837737093,167.19270327300245
119.47891728110363,58.06847738680233,110.27909998044868,167.44937420970223
119.40700908782969,58.60902016645048,110.02337194913845,167.5500518225556
119.50635982998531,59.20219817400471,109.9614174376265,167.59656018732994
118.96255088841593,59.599976084911575,109.96386111784624,167.7940417085414
118.66058227288445,61.6472674821797,109.78474530840477,167.87542756100834
118.19705823420067,60.97570660790663,109.57378216865501,167.58524554807224
116.93403037428101,61.73253647540466,109.60590254189096,167.81691078236787
116.28594787101802,62.6296453968302,109.59428632893449,167.65742470907855
114.00011418104222,62.89318872789934,109.32632739663025,167.2551857868752
112.22615437542287,64.29229685000251,109.25454919864958,167.08258990781167
110.08822171318542,65.63461705338484,109.06102651500682,166.99711494065272
107.05215109356962,65.75678175848049,108.93321944338636,166.82429706729806
103.98777912338038,66.66067481340373,108.8610885783144,166.4075393616874
101.15589607232047,66.99973477759153,108.90499260081383,166.34755613727987
98.71481109832337,65.29426590444154,109.0886380737104,164.54167173621045
96.66098452910036,63.368957816725924,109.3064501324445,161.89462059901962
94.56092888296084,62.38443298072232,109.54010596512882,159.00561801730368
93.70226036529795,61.66589530688499,109.78633444466082,156.35477842128327
92.69184947942716,62.13513987219122,109.92163265873944,154.04892536092228
92.6095340110545,58.57727131303744,109.48487156476882,151.54747021085825
92.87228786457307,58.809109158554435,109.03144604943739,149.3572749351685
93.91653318194435,58.688756966796035,108.46515957538514,147.4841184731195
93.83038336954712,56.60903803426379,107.98402599648237,146.00827334486735
92.22587170173412,55.43815189934472,111.18980593744668,141.46025078819792
91.5655205292163,54.781380552569146,113.79530988484592,137.9339058627305
90.92286896576977,54.938174635663884,115.67696177425121,135.07846999069997
89.75971814470553,55.31960851329987,116.90227812775967,132.66640751802078
89.65325119447743,55.025624319472314,117.87207860250328,130.81092354743004
89.48673559249292,55.60088248833222,118.48251322072174,129.01446237595474
89.96944863698447,56.4589843552313,118.96052470803258,127.492489049633
91.1442578242015,57.00600088962423,119.24390670743884,126.41252271519835
90.8808524695028,56.77323612750403,119.19838694198272,125.43312013628172
92.65071336475836,58.16181803452633,119.32185241686771,124.89442902235614
93.0739793828109,57.40275565646669,119.43573657853942,124.29709433633674
94.93834981538333,56.85342861179258,119.41487072674602,123.68255131360152
97.28278751320673,57.05146267225878,119.30216672926207,123.18869973145601
99.31223766375643,56.8318847017783,119.17217215364177,122.8564770360568
101.57143928857408,57.06423473604128,119.11318577030899,122.54390426326334
103.56458770396279,57.40837263677154,119.06363911310028,122.24872893210731
105.96091919772937,57.01334766735923,118.80423265632885,122.06799218021996
108.66689964407453,56.34642518783281,118.61330581362633,121.63870397105228
111.92962622081212,55.70641248126804,118.28962773415626,121.08403118395599
114.50059657142813,55.247410871817046,117.95192344497258,120.51802704430695
113.87075075508054,61.03434862773216,119.00660625796847,120.595784795111
117.1120936809229,59.09175213163444,118.61945043939532,121.12827040128958
119.76322572092381,57.81227405749673,118.3486485519289,121.09192110675495
121.75447250505269,57.3127643988626,117.98828728500173,120.614521928845
121.04614816213366,63.4742115334608,118.98789580160073,120.8981731079518
124.30127471287796,62.61613084739476,118.73727290335923,121.55356659106107
126.67087633677991,61.640190443573445,118.05081309046132,121.84599507955849
125.51688434879752,67.58952464357644,119.2156690289734,122.22472383531422
127.50417700635495,65.35620557223939,119.04473027834216,122.89481241934881
126.08847343101328,70.3482420341598,119.94201689317497,123.454609467737
126.03088036121292,73.18953158184064,120.94869593600828,124.1099767873228
126.08558083091756,75.40345867886018,121.6884861258066,125.48948276555545
127.19347680166024,78.1159798849526,122.06046059324154,127.3879667358169
127.57495892388835,80.28230130983246,122.5738990606536,129.56175165094976
127.70303701956482,80.38039248695209,122.90505979959472,131.38231414877654
127.80933022723266,81.06651585396659,122.98432946455267,133.319470357405
128.01069526172319,81.17849119293682,123.2807997277364,134.804668920912
128.4371943016501,81.62255058183698,123.44743172238364,136.6359686688075
128.6902817901477,81.77448212437102,123.45331452660788,138.0161408849479
130.6042775133634,81.50925662098612,123.22117950832282,139.96617294735887
130.26627364047403,81.48879163177722,122.97615726915055,141.61022051095887
130.86231826299857,81.9267802887961,122.75385276073479,143.03188232846713
131.99239548162942,81.21264012030923,122.54286524127399,144.24061050613147
132.2981554818835,80.1998750395164,122.53935773819089,145.39183410815446
131.76595956665756,79.06827734432036,122.41027742165491,146.00787516733925
132.43832907195292,79.0452365029976,122.48091519348142,146.8229781226441
131.90112724348063,79.20914307126134,122.58496488943514,147.56949471996518
131.07500303653302,79.26050608188451,122.60575967002191,148.1568900513914
131.03077592073697,78.56204905996756,122.71020403221736,148.49075704379555
129.6497744398782,77.65835202142644,122.7644349774096,148.22028146717602
127.95479648691756,77.81110182141143,123.18545634735067,146.8582147943377
126.8323997455878,74.70896540989648,122.76173343253403,146.29843951784977
125.28152394385052,74.90991391386709,123.56528204452296,144.16954537283885
125.20552445923602,77.87792165075956,125.57022741439435,141.987562987738
126.55776125169346,72.97778148959549,125.20646756887461,142.00486715955344
131.1506324098858,77.65168564731763,124.3674001716184,140.70356191112575
133.3326351147507,77.87304579234537,122.86489359459117,139.57715834489383
132.1393546703756,82.44654644623881,121.58599222786346,138.55970510992188
137.12679491223932,79.34992279850395,119.06496916601104,138.00139600890722
134.53701828176602,80.57350498800767,116.73008045994716,138.17055724673634
134.2093016133433,81.06433496905265,114.63819719790033,138.43891278185401
134.2136723350377,81.46690511486348,112.7309439871242,138.88717269679822
134.25038258523506,82.12963043670516,110.95155951749882,139.11841787201593
133.13137443405807,82.30515635882281,109.73490396011157,138.82724535311087
132.94237050475323,81.94165630538552,108.35567354986904,138.18879221672984
131.84375218426246,81.6235719433138,107.28217015865455,137.52150689939225
131.497769486943,82.90766789605645,106.38839033787745,137.52296254448984
130.09906232467915,82.9419963273219,105.79056530922526,136.74322119690493
130.86167311876102,83.72682987138347,105.20519935622767,136.37428359810826
130.39347469586468,84.39357815637584,104.59798765576333,136.1459527481095
129.7174544505766,85.01816330439641,104.3209288964997,135.11302171071532
129.3954404287491,85.35526216357007,103.9487612852856,134.82636540567518
128.76540199728004,85.74263037784958,103.67608277331531,134.44408351188522
128.5214477079869,84.67305794015121,103.44576056796224,133.93989209120042
128.0609231834168,84.81068097798419,103.04150606256754,133.73834741956955
128.11927633034992,84.31338414982788,102.97776648633189,133.37711052568838
128.6819121092977,83.74524375277767,102.869960519867,132.64711529401671
128.4054473979004,84.85816684361977,102.28326653911247,132.7878567511875
128.00534993544483,85.62497152773929,102.01409214792253,133.01181705362563
128.53339162427295,85.60572414415839,101.99058878830976,132.60665716437722
128.5659368821595,85.65333220296004,101.96907057916967,132.24114897328568
128.47189432547276,86.0641747331222,101.7749792039052,132.41226921510446
129.2006714008093,86.19479500611948,101.7554842640094,132.26931435488757
129.377160103515,87.01641218058045,101.39580637079062,132.11943468411962
129.30162466312174,87.26084540610763,101.16514150948504,131.47815739803755
129.77875016713293,88.1536502787466,100.95995631786506,131.56212732557304
129.4723700977246,88.8370892884056,100.80342171791223,131.510131823116
129.85835276457075,87.93543758593876,100.44055024103142,131.44291380184882
129.69914001648453,87.81124810012162,100.51592456590105,131.16432071804792
129.8359926459185,88.4258156431907,100.60768643817096,131.0636554567007
129.01700003255374,88.63391706850143,100.69661573094818,131.30097265374388
129.85084925802622,87.98535146966077,100.55008849219958,131.11348101531223
129.43527530994217,88.18059993587089,100.43993087021731,131.2382720186258
129.55318378364868,88.64750340395844,100.36832132169577,131.0594637067755
129.2735935536569,88.87463712938685,100.34306518623941,131.02494012164703
128.99806535128442,88.37784456969557,100.23489964379122,130.79795729936396
129.05848447409076,87.94013229567383,100.29511198189874,130.76233117010793
129.35596093478628,88.51395622560949,100.22717158749668,130.91567651435344
129.48840576977517,88.07328750384876,100.3007456113761,130.6131385163237
128.4601430784502,88.63858188929093,100.50887338145438,130.43692566811924
128.43954351425657,88.37433177863672,100.37061752756087,130.69246463053943
128.48764309456436,88.08687634035684,100.36355923662236,130.80681855295376
127.92857540037923,88.88802095280599,100.62415354070303,130.69915179700382
128.1559651881339,87.26921614850264,100.73409757607168,130.93781068577715
127.41948740887904,86.71759001830351,101.18401808514294,130.94188522801286
126.73642043199484,86.07972670809167,101.5542519444022,131.65233617933865
125.91917021516073,85.20965042469192,101.91524382933385,132.81925156542832
125.54064708718008,84.83522660046283,102.60998095426892,133.87245143775962
123.68742801709269,84.58245114488915,104.09543296659028,134.16296623981714
121.09721471429133,83.81236682613911,105.95777247121035,134.69671688758638
118.78317040462937,78.60075334171498,107.29959023367697,136.435935258107
116.9073606670685,78.07265691019694,108.97378041421253,138.1859634392316
114.28735573267103,81.8230974065934,111.77129612903101,137.43483973632516
111.80588727004947,81.37488305420977,114.41220012580735,136.25421084107106
108.7977487956253,79.48864114159372,117.39385726645868,135.16818846360542
105.70900060622789,77.89032581390205,118.8237435530904,135.7167587971809
104.47704661290784,79.09947131415731,120.63437694399303,135.90124766193526
103.45398373830741,80.96325414351563,121.47278372480247,137.95260360737512
103.42113055434152,80.96160019400544,121.86143583653347,140.44443045971886
102.67754468288099,80.01403868462884,122.42693904994402,142.16508615326148
101.82897546720167,80.02891187699126,123.07584182647173,143.4950908738452
101.48670689134302,78.90561507888813,123.6643510898314,144.2275864218413
100.89227915949462,78.58986715690583,124.24988875634419,144.9630203610775
99.91273944943563,77.60112761915397,124.54040063820075,145.27407504292734
99.88203012869909,77.64837588798403,124.73464745569544,145.94620617460163
99.6240378316447,76.4700340871905,124.81038528895903,146.2891425609177
98.57063311574998,76.67276958201342,124.63630067968705,147.02117650653645
98.7736039301292,76.37046083105685,124.59574276536611,147.47200621672062
98.29053647017409,75.88140349587631,124.54611440250044,147.87703504256493
98.56670276308591,76.8080447573747,124.57998616667146,148.06339914508695
98.04383615094383,75.65595037834046,124.70538505181379,147.55335030855093
97.98040164721817,76.23285501342903,124.77575920487449,147.6480546177424
98.61365824827033,76.01092122526845,124.52748430881569,147.61146265298117
98.97132662433899,76.30241760295499,124.38385492457543,147.82938716540747
98.22885622584175,76.26858407331133,124.36455866579138,147.89695999539026
99.06158247899486,75.72511679725486,124.11300581959561,148.00375708011887
99.39546492372074,75.52132197643908,123.69576002699523,148.15932803164117
100.18195190258544,73.40384366904212,123.16960217987679,147.164216439648
100.3807419865952,73.63128884450455,122.86389373538995,145.88508969574826
99.71130494722037,73.03925454611246,123.1541268477242,144.599697089911
99.62365672882387,75.48826263994994,123.35757830961195,144.79587674497895
98.55019412502077,77.22064060934827,123.61356285101942,144.5957394413599
97.57502206946262,78.0944210536801,123.3301997725758,144.9956640473099
97.16067195271418,73.78341443122955,122.59392450596584,146.7062078326773
98.14333912362241,74.13943008105062,118.86568993088063,150.2707292101897
98.05405384007005,75.55232564648793,115.77780580133008,153.14556969781484
99.30420875885898,71.72136731516977,113.39636350262164,154.83060294904368
98.08967112241932,75.41920846665144,110.16344193407028,156.43640456331667
99.06426056958793,73.1235509268418,108.12467938950168,157.53827038031693
98.79998640318826,76.97925952362337,105.43340746129944,158.61870995250086
98.92788686996096,75.36481720121118,103.75480956310865,158.74393401382915
99.54402307335128,78.77441450220533,101.5284610831583,159.16392283774417
99.283967989009,78.17022675246822,99.58130135438194,159.2504309189292
99.33522697220529,78.32124274548134,97.98513116344864,159.13002151259676
100.24380057192144,79.90239258225387,95.43032301955452,159.58889617453144
101.53721300541204,80.67196029349569,93.67797688849707,159.77192323717048
102.47716689939686,80.41802953372604,92.11868817701784,159.654374795963
101.74419917318707,81.6855013068608,90.72357803045365,159.6414916439806
103.07148936847653,81.02210988183484,89.74444283888748,159.33949591718164
103.9066668606913,81.69556511882537,88.89194458348857,159.1676738488097
104.62499272276064,83.4152444188714,88.1220779207093,158.98228515647827
104.12925643051408,83.47112514137761,87.09923823789896,159.12231211903
104.56590427073309,83.69096084281668,86.29570531637161,158.97285442026106
104.92386476704993,83.4637660432227,85.69982693092614,158.45408464664246
104.97462602885247,83.10101989434682,84.98476906272037,158.15975673107636
105.94384717088604,84.02910600931281,84.69138135743435,157.97359530627438
105.23598556042012,83.44404604087089,83.94539765392771,157.69617984753597
105.82811639387532,84.17321566973433,83.6651849662997,157.74197548322644
105.72964440626394,83.9028051483968,83.29007288645349,157.431617522186
106.222539450552,84.89219960439318,83.0219187870665,157.26280936027715
105.62620144814758,84.2387597783526,82.19784707878635,157.58829579431784
106.3412415407593,84.33165727011797,82.14352971380677,157.30696012334528
106.9836545323299,84.28666384127892,82.01370274838102,156.9646644736038
107.26961816467208,84.81981978174203,81.83969257554313,156.81119677373837
106.83335910088643,84.73356760536835,81.48847608588116,156.5948681401309
106.5482679209472,84.67536371130873,81.10313710062107,156.4840548267277
106.29111110494009,85.31416596370462,80.80422540371302,156.6156619575255
105.81955310738311,85.37668906740195,80.56224954568518,156.5635489546029
105.6595686928055,86.31553726742705,80.48576779567402,156.56994059395092
106.38276685424026,87.56990535687866,80.71597908159964,156.92843816825203
105.38623574897503,87.62018217000693,80.62381857103027,156.75084587389944
105.82887636754538,89.65014749674397,80.84062030164773,156.7497879201629
105.92753406987282,89.82572709103698,80.94870851699748,156.50566201409526
106.17333932949899,91.90725581735998,81.19830172308315,156.13896958410857
105.50611479743574,92.22207079996235,81.40889221615708,156.15662299416704
105.14279293431562,93.41879595327254,81.382785009227,156.12639981652922
105.54413372547391,92.63376584528652,81.46873369786837,156.02277662757876
105.90238441657579,91.6353348147903,81.49262660992656,155.5985168528626
105.14913681278526,91.84894652762837,81.46397426978574,155.45778049989266
105.13858628945971,91.35825916578065,81.21298935175713,155.42494189999496
104.58228207275312,90.43914933385281,80.92477526491429,155.80252053735376
105.2592540261732,88.7381288814633,80.96623164379494,156.1234266459902
105.80772881278457,86.42082482941946,80.97051507609586,156.3076715908982
105.45975823904404,83.0069511210254,80.59722495183317,156.67472612514848
106.75375187345405,76.93223481590908,80.74569383879012,156.5441408825979
107.76921559390372,71.50106869180331,81.21982063334914,156.81641289673962
108.51981480365947,66.41615443767449,82.01483154916481,156.95789629696503
110.69927140368591,61.11199679264794,83.43964218028866,157.56875885111725
108.95252787671774,55.985905104580254,85.31641380301164,158.07778484047284
112.62374342120711,52.55871022820642,88.37851323924043,159.04529228807525
110.21932510741803,51.08667098826902,91.97272045512119,159.46432275044822
111.42234917149412,49.110975544005925,95.40509271805179,160.06886443586467
111.75247229045286,45.413751621041754,98.26425136828739,159.3965627090391
111.56607635906383,43.898788914752856,100.87517594629064,158.49473305569893
110.0770228003714,43.893109515262694,102.71699871232666,158.62484602551427
109.91332375350521,43.71988533427927,104.38512997656834,157.9384771429514
108.73229838050847,45.06647531383507,105.80763556799032,157.18432723507118
108.32499469464744,45.88446451371567,106.8931347551363,156.8365314515438
107.26463725690391,47.41437220570292,107.6259840872579,157.2545200131107
107.439013257282,48.04692918816906,108.26245305522501,158.03091376912568
107.94648908816484,49.68202449842646,109.10404708018113,159.94316056850224
107.86095501638536,50.94716582170045,109.49027364156105,162.50658500661
108.41566436931295,49.28500665664906,109.72256848341246,163.77523379058547
108.77266595180663,49.70635428680737,110.10483564122478,165.3156128138687
109.87118908058696,49.847303164623185,110.23391667438983,166.54196493712044
110.03105586172123,51.000978058050464,110.24611526939935,167.20259791927833
110.2297368189066,51.12222082070227,110.35198213863609,167.6440017830128
111.88859560203527,52.281934984490704,110.59191871475852,168.1275524478981
111.9213790954417,52.68078345741469,110.40374892245039,168.0863875154664
111.96336187156851,53.204548953558955,110.41585629731411,168.31664337410714
113.28324526025924,53.78260840608263,110.46920570798198,168.1597248131455
113.12533767214735,54.58410859817607,110.6667380743522,168.4166219232747
114.20748749986313,55.60227158033729,110.64887701755343,168.4484553007644
113.24336218402348,55.889748956649015,110.68796749298276,168.63127895428414
114.18545401947165,57.62203833605486,110.65962092879114,168.99337537209294
113.78446402378052,57.832052111886355,110.6434187497823,168.87838546791568
113.0416241808633,58.30823654130022,110.61585857508209,168.70814625443555
113.01407251005938,60.05072362493998,110.61376083666569,168.56967582174465
112.90092157447182,60.67485090764302,110.55892124789892,168.29900061157844
112.82773199195654,61.20718930727014,110.43410380915446,168.1560276277844
111.94342713265638,62.08339010726178,110.29856661804102,168.0739509494091
111.946220368229,62.98421681421664,110.37530967343942,168.01623002107982
111.99749510135726,65.18546178433742,110.2614360809095,168.37966310406213
111.7687576433103,64.92597877072271,110.45621148237596,168.5201746248943
111.8476973781415,65.79263445776166,110.43455400270282,168.72999195584111
111.95651018293162,66.17667092511653,110.52677881765072,168.5555396194476
112.1013408582403,67.03505571598154,110.62153726588437,168.26931119544003
112.23377663374806,66.56704917191158,110.71205548871453,167.99125646684564
111.33765856080498,65.76817740208045,110.86345110420518,167.5465660293808
112.09262088127386,65.98759775570153,110.85678349947653,166.59812557686507
111.67229353901988,64.92057161973962,110.65141195412609,164.66640674588362
112.02685992546057,63.9013244306949,110.51970698571479,162.02779522034757
111.40519194246681,63.84506192163778,110.63931884872837,159.32865804134877
110.84516446194522,64.08606856441088,110.88660415597441,156.97467314859432
110.02394620616697,61.60767831750361,110.47609457683265,154.33192199186564
109.21977812203927,65.94428708605022,110.70897631927627,153.0398537467646
110.06048631995057,63.68990917466502,110.30775301389252,150.8940857200477
110.16158055112471,64.67060601995266,109.64311619300847,149.0593693488799
109.93944637955045,64.38738035208172,108.94413514364753,147.41505460758015
109.87491935886028,64.44420107121027,108.1556166271017,145.75549625438316
109.60897967168535,65.41598256708043,107.32746058198744,144.48436121493242
106.91034316418077,66.21202594172505,110.4926619588893,140.2204323674071
105.40413354567323,67.96375311691727,112.88989164359724,136.76303724550252
103.38260744957508,69.44406367375603,114.63861896091564,133.9552733162351
102.11794331602931,70.707698538904,115.95747118716702,131.64361489475226
100.88324960748095,71.3980466765594,117.06031125814863,129.79748379998153
98.6457068509583,78.4315116059349,118.99748225665228,129.06814225147224
97.73780477034512,76.64251386409663,119.60848032847741,128.26392938782823
97.47552919178963,76.09802372551204,119.90825378707156,127.6599782513469
97.31344338683186,75.40261755686407,120.11013754988541,127.05027488925622
96.52296756134946,75.60874394869246,120.34813134657927,126.56402556916575
96.14381786027957,75.76117457710964,120.3736439144791,126.17050711199492
96.00898950054085,75.37013731521577,120.40879189603483,125.64032041198963
95.42383505388099,75.82291194721878,120.3577613251669,125.19991864325338
95.54678472795199,76.83722528448779,120.24266237322891,124.72166766871234
95.8034810378311,76.39018660273966,120.1662318513539,124.5919253472263
95.47497173545537,76.51279967527746,120.07786474968066,124.52869653114735
94.97741389841752,76.39494575645716,120.09813900787425,124.38158105054491
95.38825951618844,76.21899427889483,120.04926079446909,124.35852611635113
95.76906252793277,76.54494366254642,119.96850599206502,124.05042786398441
95.82420396951431,76.94808497539138,119.93553245659108,123.75114848603235
94.81607960815509,76.69891512119874,119.919560577274,123.41467525525061
94.55592382571692,76.59080956596213,119.85534631855721,122.84488468344234
95.04998777812037,77.03461174387755,119.7192067293326,122.44334532790714
95.01607749098189,77.39890528367548,119.5420084041688,122.33966884134414
94.95227103704295,78.07886900446869,119.51183720769944,122.10477287101014
94.67020388331683,78.65864677371852,119.46804139134568,122.0244875761552
94.83542291152804,78.89512186733276,119.44649466111228,122.18113588727113
94.25057891607035,78.21149426155328,119.42767783692605,122.36237871155438
94.5101803505523,78.65011468960267,119.6816502671298,122.6742614859793
94.81722172717414,77.41753925116312,119.79183058589997,122.81671973018322
94.42848872278134,76.76731082083919,119.83288150650885,122.88817280379037
95.3119279671223,76.80679063293034,119.76918333093728,123.0631145420272
95.03856611671023,76.4810267879584,119.76039239810585,123.11188954642422
95.78905848397761,76.71026162103468,119.60004594348594,123.09238421738219
95.35951283876628,76.72156616608808,119.33474996965693,123.17735081206122
96.03288633133945,77.03460883043505,119.09900054215065,123.36832339094862
95.94013535062876,77.21374947531498,119.03497528761436,123.86412140731437
96.59924534143536,76.86438000800864,119.00361732172534,124.26716068591739
94.9227119263389,81.40964009870268,120.43535918358025,125.25802325599415
94.66964642525639,82.02347160842174,122.18076683331303,126.01355291882227
94.74789098779752,81.99186162075227,123.06512322157461,128.02848121096417
94.51513337234519,82.64792480764288,123.5470890755296,130.8123917481937
93.95073460031946,85.39596557646547,124.82813136626605,132.89337043317425
94.39257023564272,83.86499086340731,124.32631078526911,136.4561259525065
93.90281474137838,83.63674474966356,124.26445233562643,139.4473138052992
93.62018579873137,82.70201686545153,124.42662275396528,141.88879952195782
93.06840012381562,81.06911795090122,125.07232999809531,143.27326304624887
91.95191408034752,80.13605825471562,125.5859602109089,144.61762078281257
91.52919888361728,79.53115137180497,125.90183760821077,145.5097320168193
90.78285316852794,79.04894388389894,125.92358213039233,146.4715098575336
89.22997941892275,79.16067167880679,125.86788401192692,147.29624939139038
88.38627839640662,79.06436803214967,125.87268079038813,148.029362988015
87.82732397925622,78.25558118187989,126.18721002940923,147.90384713186054
87.5288466951275,77.67102135062476,126.29648750034613,148.27528659522454
86.14498472735997,77.91381218586186,126.27644521769575,148.6353595315695
85.78116965710683,77.11192200813693,126.22538257627684,148.49232849709625
85.05648730675578,78.02918732171572,126.2476863152556,148.79752260138397
84.27064284721274,77.57739315955337,126.29604168484217,149.03077843431083
84.1091440365414,77.23695111558884,126.17685306980334,148.882648697777
82.71599491096904,78.08570840135917,126.07307158423843,148.64565415530433
80.99266681427198,79.16406096236574,126.30166919151195,148.3363212075542
79.92155213566002,79.18266425656067,126.22030483688287,148.09557766166196
77.35500811015083,79.33816532134402,125.98792057115928,148.18397975982887
76.01414300703928,80.3123283878898,125.79831288675742,148.62560533266992
73.99914279395563,80.01286366807241,126.07323475877125,148.69502332058352
71.89338417260723,81.15571730049217,126.12490092724933,148.12472879168303
71.01564057723014,79.54416400682682,126.48630819437372,147.4781201652381
69.24122149601303,79.22475860090555,126.54823148368479,146.12627781984645
68.55620694639128,80.7526017846373,126.69603861237009,144.95169925954235
69.22713332458457,80.7610306871596,126.17043457090739,143.77280432032723
71.28901879831977,80.81937784384755,125.23969851075083,143.0906464640131
73.71778399695208,80.01059976866271,123.65396767784779,142.46949721773055
74.80522988724624,79.421834640458,121.97907619528269,142.04233215401058
76.79038806563216,79.95896604680152,120.17432366030347,141.96665241970794
79.12975842829368,80.42727346442769,118.2158526150036,141.70111108079732
81.09199955270753,81.37601037206827,116.43779203708958,140.56885653669917
81.81775158199457,82.44553154336519,114.91883401297083,139.95178518142527
82.75097661690631,83.04384865551981,113.26857252294506,139.89424328328028
83.46037210650043,83.36493881460638,111.78441774919165,139.32823814816493
84.83944120685734,83.17174665813891,110.23721180326909,138.72546752621673
85.17468361942562,82.94866340904277,108.80157303364017,138.14702326658127
84.76136434621246,83.41333400120601,107.77707894876463,137.87399711092223
85.21499496071218,82.51050805550523,107.12396065980961,137.95551121927326
84.97873685457233,82.55576059930962,106.65567930472174,137.99487983955498
84.8710706155284,82.34775510570138,106.54343007914673,138.1225406916835
85.62939216640024,82.41471961995015,106.37551670705545,138.3607639022702
86.2470071282047,81.88808617513422,106.39858076976704,138.55798030056906
87.35275537554571,81.07456776081854,106.1626369531932,138.51256467940183
87.42327689389566,80.89342687358268,105.93207902767028,138.74783785185042
88.69663187200456,81.62046624984953,105.81273747393358,139.18727289803041
89.70970417113423,82.26654054055022,105.73600915546702,139.13575327437744
90.87163619835394,82.07858988121717,105.74185534616002,139.06839627771876
92.24775704973445,82.02944008977133,105.73865281652525,139.3510565286736
93.3769674804386,81.21543811312378,105.66843528992528,139.24565906423646
94.34754965750605,81.98178631946234,105.54887018086181,138.9707311633315
94.60250128605149,82.54191525234393,105.39849764090539,138.97489608618832
95.89353166945558,82.21143401932669,105.3286884896215,138.89401598430211
96.09470067821722,81.88962913907656,105.15496608388983,138.83113785074414
96.8251456925141,82.12078709787978,104.96053790450871,138.74805639611415
97.79163379634684,81.95568218214768,104.84532788641843,138.88896601829452
98.36581095534541,81.03020443433752,104.77837682388396,139.04673105847814
99.30580333397853,80.00085241402336,105.0322118851144,138.4784919876868
99.99646626651851,79.42846643683592,104.79565354284634,138.70058779603124
100.6072801291932,79.07263140648737,104.58134800968904,138.94504589498212
101.44522456304733,77.11730194953799,104.59710845972218,139.0737245327731
101.49572876382456,77.30323676152179,104.70037593445137,139.1955360117966
102.160911399084,76.9157253666158,104.8275528449475,138.98290620179702
102.64276261481962,76.73290630561269,104.6912413226712,138.91059687173492
102.9967785852227,75.89962831591174,104.97253961400844,138.48560011676182
102.2624399520624,75.50158415153867,105.22881703997413,138.0065083441133
102.93771361985937,75.39371223412122,105.3480338178064,138.02456121520308
103.64119079554091,75.1386432172819,105.2868877340367,138.1769470449404
103.94427165798126,74.26845095007123,105.03107731297183,137.96403312984543
104.2441125454474,74.47543049307222,105.27893079061069,137.7701382964584
104.43604738537098,73.78987499200352,105.25924450686448,137.79228520348016
104.57642092678375,73.34626648220154,105.2646698438254,137.89735767657533
104.10887770410099,74.49582233127816,105.61027594871014,137.64403450495712
103.73054603726351,74.37136615119195,106.0674877822077,137.68101539807327
103.74028415419222,73.71986539957595,106.54729971988004,137.9265738785773
102.83578471324105,73.81238788715353,107.12724295870072,137.45483398931958
102.41768323362996,74.64152282248583,108.05787194635339,137.43284668186453
101.86393261471588,74.09998499238728,109.18495342361159,137.92006352972948
101.13025164549217,74.75533872879777,110.77776767190592,137.74800003693474
99.55410493737799,75.53485693312345,112.58373151831768,138.09694490479552
98.58925034104743,74.17221694000492,114.21190343566447,138.02650479062976
98.24449683794649,74.41934855556201,116.04443691300435,137.791343486796
97.53808194009645,74.30004496006545,117.71128841290137,137.74445131365147
96.52648892791512,72.77658446655542,119.78382164421419,136.36162138132948
92.50931290859157,70.5387942235813,121.15414360778806,136.56180170553455
92.34560637214412,72.55103318746777,122.13049325037365,137.54372579344766
92.34403953721196,74.38209770240331,122.75024281169458,139.75012846752554
91.41275760519345,74.01462683920607,123.3993240573997,141.50546356550205
90.58060419014231,74.02045038391084,124.05994314812973,142.98231516383666
90.57078317360667,73.522567133736,124.80824332090666,143.95775528636239
89.85662924827554,73.0031521941024,125.32994366290957,144.7649946264126
89.53399827358979,74.19900704471694,125.37350518713305,146.09695969935345
89.30327311165183,74.78963590746244,125.52871367088481,146.4107465629051
88.57727717617212,75.866128555812,125.76078967499245,146.8452205919964
89.16971871358513,77.4131912228199,125.89224919240583,147.59645887492394
88.71051370165114,79.2135876800856,125.96550403677323,148.10588543899974
88.5474336250494,79.36845137055371,125.87090132324123,148.22418825091552
88.0490826015922,80.63724250949215,125.68292088171417,148.21415285566803
87.91822961562217,82.1030773358229,125.76013968963369,148.86725435931757
87.75386344767918,82.57747952516812,125.84982487073547,148.9628521031247
87.62227720037987,83.25315450060292,125.90727533135657,148.88012049751572
87.30687276468427,83.42652755050827,126.17584591482203,148.4969264852504
88.38176167520163,83.49512257854985,125.91940891982186,148.7457236513619
88.29502069425723,83.5357144683594,125.78269698541702,148.83078434877643
88.1636911601891,83.5425887531556,125.66150202199049,148.97961825115078
87.7775381121487,83.07456269029106,125.60851481553529,148.87934623347013
87.3840248055627,82.03211892405095,125.41365969099823,148.48355377708927
88.20531749529484,82.99640861268219,124.98534692982773,148.59386976840284
88.03643251452894,82.41252051753692,124.39658235785885,148.62424187448775
88.35791093625977,81.10222127614018,123.57971982885319,148.81613967178012
88.62661926856507,79.82004861993914,123.0219710140813,148.24018590237984
88.62310972194567,79.91829670023102,122.96555581941443,147.23394758910518
88.91942005934868,79.246906686787,123.24945148677148,145.81069134394428
89.27267696231999,78.51299388002919,123.48472337399751,144.4662086459975
88.43597620152943,79.45400183107861,123.69644031096101,143.6451932102454
87.9350296751977,80.2936982286312,123.85989741572942,143.23705781565292
87.86896201984726,82.77313064628096,123.51950113954484,143.86989782578186
88.65087801243139,78.58632339823775,123.03033911153753,145.1473252071527
89.5139119710314,77.54558063878112,122.92396769225466,146.4842494710878
85.20610367132926,78.38141464222923,119.8971072561365,149.39196006908048
88.80923911058882,77.80905472228223,116.83176750707295,151.91120998595508
89.08997638713024,78.41833368919501,113.97504158451382,153.8386390859735
89.9280839300616,74.17879150055114,111.57453958477929,155.27603025265944
89.0560336188421,79.05648462574302,107.96234414474883,156.78027802022
90.5723011513328,76.7437496566438,105.93375752985595,157.19721324085864
90.56301456989911,76.0248795691337,103.92877612920098,157.62531534481866
91.33584345310621,78.68912698615479,101.40858099019766,158.33719192877575
91.06528607041591,76.51574985242979,99.35775392208215,158.76294857659684
92.27854906303816,77.66968054880728,97.10458473810911,159.3549857128946
92.12868208537031,78.09542978931502,94.97095549421078,159.95744693532455
93.48901469383414,77.31403091738896,93.07835620908017,160.435640415871
94.29222089035778,78.09022333651644,91.50609252029345,160.65106890254432
94.31135990751412,78.51441933039075,90.25564972634487,160.76576828823931
95.32157260227402,79.05421284082209,89.08625677271907,160.69379087316582
95.80406804378936,79.23438324611543,87.993632720395,160.7950676217737
95.33594478083268,79.8283779440821,87.03663867528634,160.61789372705343
96.40974896151855,79.56782337411806,86.3559139732774,160.45461428904343
95.40096175847245,80.35339606722196,85.73647852028449,160.13467887712457
94.80491588767393,80.67752292747424,85.29176639644878,160.30220537903594
95.9441673279398,80.25008508152055,84.7415149731314,160.76474136452242
96.2175867346075,79.33668791560689,84.23504289510537,160.76560140546383
95.56491470309427,80.41806600314342,84.028451724062,160.64250759153578
95.34084148927188,79.72564483394258,83.68220926144036,160.50012836945925
95.2961166901681,80.99237591115288,83.23966916600624,160.51834058103597
95.87695115524596,80.97754540533069,82.99407165079803,160.5715574190761
96.14985035250021,80.6412054256424,82.69813524173458,160.5147671850666
95.99865716466704,81.32399810594153,82.63924305366304,160.17292533471462
96.42031650941263,81.48492923291975,82.45042478903376,160.23059288474948
95.62123203406549,80.7371251372063,82.20948110030089,160.2028228231933
96.06739687345636,81.92135296390806,82.09718059918484,160.39988459532688
95.9017048075502,81.65440969289372,81.81463915478712,160.28480768597007
96.12486319887509,81.37026373184152,81.52109682530052,160.5465241011489
96.2620146901837,80.66455862280753,81.29896474517389,160.66684037371363
96.01355768621416,80.442503067643,81.28195481007023,160.61291465242533
95.94415084768505,79.6666584745381,81.27055026856347,160.88124776811665
95.90982536726544,79.4299596037066,81.24125623215164,160.9347009552123
96.0574196178437,80.00498489742677,81.26258979281991,160.97322313216864
96.49564355849049,79.59184745920331,81.12896163799348,161.26440094602782
95.86891126440673,79.27738522757095,81.05844863655376,161.26862677037653
96.3731563489281,80.72450248934086,81.0866651535309,161.26629517042068
97.04864096403487,80.359220503384,81.02163597439616,161.20993668750043
96.59922753788922,80.72954274626649,81.24442038913405,161.08968667004294
95.90815413976563,80.7095529457045,81.06831973836738,160.82645094628822
96.67134374090332,80.88943355063475,80.91793331105539,161.10220488983578
96.38069510113752,80.91080636140316,80.74892052722487,160.90340068861565
96.79651229084791,80.60380536996684,80.62222497674924,161.12156745067455
96.58629605134016,80.71960750382542,80.64950426515196,161.02524932041905
96.34394355055252,80.74263149758198,80.50970422369744,161.27083815751377
95.64484409085463,80.7377357234521,80.54247076146328,160.99867815910451
96.52012182209056,79.57340204222552,80.51070904880069,161.1168970180634
96.25424958240981,79.34025487778337,80.46770930361386,161.11636347753245
96.29247071047467,80.49756274425977,80.53510892506381,161.0829617433742
96.10315006470043,79.75644065524077,80.40425805772254,161.00445412564346
95.98003998632637,79.67291924645406,80.45824286386181,161.09978161809977
95.76026546131412,79.77270691626552,80.58947407378699,161.28226030937208
95.55931173958324,80.53518575278527,80.47967421134055,161.3856198732329
95.47288625114264,80.28278272695039,80.46475193072777,161.45711872423243
95.49599865283693,80.5231571433353,80.43589786356561,161.35926747709303
95.74150183902583,81.81329552319114,80.60285280014396,161.16616460844884
95.7486960593791,82.28501567060846,80.55400856832168,161.19248926150544
95.55473323843746,82.3615997742221,80.44436590089785,161.2699007583244
95.69524985219024,82.3938375712311,80.4282881046152,161.27603838464046
96.3523287626265,81.95348756979901,80.2190343393381,161.2983228434716
96.24832515528169,82.29653549709002,80.19128064172855,161.5417687555331
96.62894184581327,82.09078874000534,80.23336254253337,161.78182971498063
97.58285471694556,81.55705539902048,80.3901062735354,161.96160174010143
93.1516743456685,81.16706190892735,80.12354455362615,161.23013986011924
96.25086774154997,82.79463025627022,80.18547842531535,161.1222392742134
92.5873836727193,81.76874654884422,79.51916329118714,160.58433436202378
97.10808088231633,82.37934495900178,79.65600297233487,160.3522807940814
92.1389123324831,82.35236476924796,78.97481606992613,160.1062822590707
96.53305297521433,82.79706999894292,79.02838029685381,159.84838098451812
98.19710959382323,81.45207434711887,79.25529120666972,159.62621594470613
93.54673345634637,82.33420782566282,78.88994774798086,159.5193766561897
97.92908101202025,79.76601448242717,79.14955988760964,158.98289413718615
92.50909432446177,80.6205256140387,78.47976573037798,159.47481582080147
98.08018960974627,80.0229514867881,77.97722931935486,160.03324687502342
93.68256950341166,79.22941050171134,77.57147599412126,160.3017715827563
99.58057222282045,80.27408543973809,77.36687070178805,160.55376320221671
95.27670513495949,78.82537322933662,77.0644495811843,160.80979276942773
101.16270271517803,79.3507029626535,76.97325962704603,160.91523786746072
96.36519713765941,80.37186342164125,76.72026357993484,161.05945040056554
102.48131826837565,80.81464638589144,76.65590995985981,161.15558453481694
96.76667013039233,80.72564185798234,76.4219486369495,161.31341298714585
103.94819305062627,80.6984656398165,76.53286558029507,161.19799282831036
99.54447274311988,80.71185215447343,76.6652716722976,160.98020388491398
97.1991508195536,80.19258977080065,76.69678971452905,160.8390620138852
109.71502026071778,80.99911123211402,77.02055963652197,160.534517950664
103.52566167442083,80.86905985231388,77.13135726871057,160.38893820608718
97.1706876936702,81.0185640065661,77.00457713420353,160.4671724925401
94.82493709634406,80.80655505712942,77.0022049233993,160.34200904928852
102.49342360572187,80.76209880634043,77.1275198074757,160.15686881172311
98.40224085989377,81.4063680654392,77.19694260351423,159.9400514897002
95.9312413108722,82.46975801332286,77.20351498952124,159.7694117544935
103.57819664411835,83.31634999628787,77.30586267721593,159.67634058439324
97.22406974045109,83.13505581295391,77.11760349932098,159.82058156553546
104.22746414847057,81.11943280809199,77.30195390447341,159.67125315814505
98.6140038869953,82.72242003042383,77.4047851863961,159.38299688555472
95.9691104987402,82.06715524587906,77.43384694154402,159.16352111883646
92.84601841460403,81.87615478031452,77.39197712040595,159.04755501538722
99.61377164629272,82.85438045880102,77.50467355314673,158.8324118706945
95.9934410736808,83.66821544137659,77.48875482242454,158.643092344615
102.51174633135614,81.96026792661436,77.67646471875598,158.4935605476624
96.70556550102745,83.67663646034765,77.72055760347342,158.23203090817435
91.95348506205909,83.37816244148492,77.48839131008445,158.38734125106416
99.34428728953998,84.25569933884398,77.62498162593567,158.24181924372243
94.20745688857687,84.62362042995667,77.37874878162167,158.44800951789506
101.09040094534257,83.73457385915498,77.5462598685297,158.32377738693833
94.4258266800718,83.82470578804869,77.30965732332665,158.5394837842874
100.89904326328991,81.91440657631189,77.43630421975662,158.45967346294898
93.49724250684494,82.29053247132289,77.22860564567145,158.63750917969807
100.40110066479556,81.6567497609063,77.37042279229463,158.51236677582423
93.52703720182335,81.95956266323063,77.15811003623222,158.68511689480914
91.00888769853688,81.91523165492706,77.13394799849361,158.52470261949753
97.01208428441527,83.62137494276301,77.0124215412144,158.63462878758477
93.23838179171169,84.27057182242865,77.018616352061,158.3842612323627
99.59361250179384,83.63497494252876,77.18016325556611,158.27275192629028
93.00032653422417,84.97784835280574,76.98408386166493,158.43956014228112
98.18317625143905,83.70449426893408,77.13990790288217,158.31155708260744
92.02230754693247,86.01907868499904,76.87953490692708,158.46287578786155
98.07836246942855,85.40058704125492,77.06816911863653,158.25586598376654
93.64834284042274,86.05379473664009,77.08829214740014,157.9690104532257
100.06742326482251,85.69008679880515,77.38950507789745,157.73709571051407
95.05435645462961,86.60716020339653,77.47878910416706,157.45202188221205
90.18407330777687,86.74664094793839,77.15362911766013,157.545976614747
96.458335189315,87.9517021808506,76.91038794735732,157.74923052793562
91.62813832481851,86.47212737319765,76.65130039888449,157.9216200514599
97.46486175912725,85.08361745367164,76.80174707732512,157.6145007818541
92.80910744212346,87.460309012021,76.55066034390104,157.73290092168614
98.78966250733096,86.216558778706,76.7169897123874,157.5374570905256
95.18944344691825,87.56025588596141,76.7047770573034,157.34439995792397
100.43253293345836,87.50423475003136,76.61821527935258,157.57517184350544
94.1113400833106,88.84732215008108,76.4066199615817,157.7493817460885
99.57836804603609,88.84905945936765,76.2634976451395,157.95956400002626
93.1767638708167,88.48416871722254,75.93792372323941,158.1583729439379
97.71434932900414,89.14107390781868,75.76838196488457,158.38983658198697
93.06403030495795,88.43172892802149,75.64348099625329,158.43203177629968
98.74793505069297,89.94517715750509,75.94532539730032,158.10243980456087
94.65168807806072,90.34502997741316,76.1307373570912,157.73067620232712
103.00492991560493,87.38883530266865,76.47150442968345,157.55960903555027
117.83500805734676,76.25065428480654,76.9799730241295,157.24742813304206
118.74409274088313,69.38647496170978,78.78902309560958,155.64096412451147
114.48916702397884,67.92204966164313,83.07286468368456,151.39502768011963
110.35912803948145,70.54093291067498,88.53498618600452,145.4914099466662
109.72677170736269,76.871555537149,90.59761395129337,143.20093610179921
108.51160967190191,80.92980992229354,92.52541072567179,141.80261466366346
107.93592172303342,85.7391798728069,94.31368138592481,142.63839975653323
104.66701843207191,88.48417141729516,97.40612849938773,144.47364726600642
104.37651101701499,88.63177838382063,99.66530673873466,146.458230648553
103.34985592624346,89.71184446076967,101.58941522495473,149.20228760445718
103.05876038507432,89.51946295162764,103.13638163116083,152.6445507467189
102.4738254824736,87.96201975792809,104.46501618612766,155.7908375799667
103.22884570662328,87.07380396910239,105.48361338545708,158.2849475257097
102.78040879062684,86.12829794644037,106.42775288864358,160.17562596654358
102.90815518147555,85.63374314705459,107.24632781877628,161.39369584096517
102.5294714389398,85.0826538565107,107.9179515189433,162.32498900816782
103.03444901228306,84.57230268623199,108.65667565253784,162.7896865860757
102.63665268037747,85.43996834668718,109.224233387908,163.6978393807659
103.51611183161452,84.91526698925587,109.65818188764943,164.09809696928576
103.35252432137057,84.44748818410925,109.9229881761916,164.47807575172104
103.06680472325894,84.77149649441003,110.23544080992441,164.6282674870231
103.69133358184183,84.79133912259101,110.37426282202956,164.90431891188405
103.96730258113084,84.30587911478155,110.42103208215288,165.21635028948342
103.73436141527259,84.19128154111388,110.48824347227809,165.61328679509893
104.22711853739077,84.19795568589674,110.64517407705604,165.26968782508658
103.5940068868465,83.42803286421321,110.5615219280103,164.57159363385892
104.37667785072323,83.04714894505716,110.6929222964757,162.9153471842224
103.51662127267323,81.82678196159155,110.89443486949922,160.93113579669196
104.07937764058511,82.12984615710008,110.97719411396109,158.8281289009218
104.18641361619581,80.71303128380714,110.96989747039505,156.35259841496372
103.88000261925995,77.32417904449969,110.43433870788859,153.78876255696974
104.98060757106575,77.24319560606135,109.88370515735011,151.55083209688658
103.0797939945138,76.68827852398202,113.15962160851154,146.60959652456452
102.0160391832388,74.93502352541088,115.0722165813366,143.03145266733668
101.55300560026393,74.00256416234944,116.48277074441388,140.1951408674891
101.7291420706599,73.35980889922752,117.41715477936808,138.14923883994572
100.33867391720543,81.54283731497436,117.96332126511005,137.64090905923328
100.43913877351619,78.97942595661328,118.58208857492657,136.76415311308313
101.01206398984095,76.13580153099205,118.90313825252177,136.17017437567202
100.74589411196258,73.55971910754543,119.28489679742685,135.07231728805598
98.6037185563607,80.59220004948251,119.70034451011682,134.6008946421579
99.18360253466247,77.59322053231398,120.2313725711601,133.3418188979
99.24462744998957,75.66811525561599,120.4852142769801,132.58311698333944
98.98216293710703,74.52022722454089,120.70497437602931,131.73183956534132
97.45790331144497,82.05536294118696,120.8805912340124,131.5578550964657
97.54544626557751,78.14716913864783,121.04916326637347,131.14795295239844
97.97056891585447,76.66000394499716,121.24459515087814,130.434719205102
98.25022038821797,75.06159905811401,121.33292325530732,129.87791526846485
97.20511253840868,81.53038484207215,121.44752798347508,129.76947864164964
97.87222699405211,78.26736399315348,121.5461426381291,129.49423554944792
97.9947611307862,76.51902961788437,121.63865185665958,129.10117813802935
97.65485658400351,74.31367179200905,121.71843505796727,128.5265455651401
96.0630917990465,83.27780169733052,121.81057234921,128.45952423411143
96.72021614878541,78.46078574842679,121.93761688932571,127.97998973329827
97.59389676754387,75.8251281993233,121.99040211234193,127.51727887630506
95.1183671125907,83.22767990244841,122.07238373975314,127.46729574745962
96.3023535850464,79.4517697861252,122.1717000042076,126.90966373248642
96.8209933043075,76.67568518600604,122.18842082413111,126.35893910337903
95.09993802721272,83.51038521988043,122.26171381049538,126.33248337156775
96.54504579716783,80.31901672535037,122.30142204339704,126.04533186422897
96.43154314624337,78.07091332584541,122.27638675042975,125.4849581197208
96.64700621857526,75.37429154410846,122.2277125538842,124.99429484191663
96.01671612050214,82.74032065963716,122.28941052785486,124.95607663771469
96.17106965528433,79.51855846512112,122.30292133997001,124.76110748884396
97.06236235307392,77.52265173570947,122.2703271229034,124.36658605157959
97.8529692938647,74.94009803479555,122.25873623479106,124.12866639575972
96.24237138221085,83.10148992623856,122.29779886031434,124.10536495845477
97.78526751848425,79.98194335852949,122.27379228570456,123.8502707388314
98.50178205864258,77.21139287143956,122.22177373776705,123.27724693807839
98.20671717591784,74.28963117830892,122.18405702380062,123.01920687066537
96.62425004855032,83.78988992192663,122.23681986702138,123.05773853198951
97.25298006476297,80.1726979671983,122.19592329780716,122.78748090854822
97.77134683375292,77.16991012025353,122.10450386915267,121.98919021602418
98.87643579765893,75.08860659154152,121.9217648203537,121.17612741260837
97.17053669010362,83.23941085539536,121.89791983935837,121.16792441773761
97.25955618405112,79.35889737754098,121.6734857508102,120.54563437973296
98.04104995588531,77.28901765664486,121.39550115399545,119.75161029033627
99.88044352786606,76.65586124108401,121.126969919,118.98844004154768
99.61150796204421,76.04624944474017,120.88705461694694,118.48092851918409
97.98990133260409,84.60828873185882,120.92574860397661,118.72026089465382
99.64899932802349,80.57949699740391,120.70070918929443,118.49360173355878
100.90556029183551,79.64726620748166,120.28284359025315,118.02000221911918
100.35713006585502,79.0626201900433,119.94273571564553,117.6205242029934
101.2020325398293,78.96637982909544,119.46468985812054,117.05385215484671
101.37772753036123,78.55897859660993,119.01462876112186,116.62584377444269
100.76175981410465,78.12012600492329,118.57476393785956,116.04739330004769
98.49717381360446,84.92927450740522,118.71761487104986,116.40256698295005
98.25716372900018,82.23401177729707,118.54364971873666,116.53198309105454
97.3576107241179,81.78005619983483,118.06904333187953,116.66295002591296
96.85799764096453,81.99663143306412,117.71440935833948,116.6825509575409
93.37980550559479,87.70369367326924,118.5206285480548,117.71192794960383
91.18180077328617,89.83776061405916,119.64945303990898,119.24163704745514
89.05553558373472,90.10720868247765,120.32511369283081,120.93632149991258
87.69656243979162,90.92450198591231,120.6027297137645,123.01333758087895
86.53902960574568,92.52757796737527,120.74306198151154,125.373172728091
84.81607187708919,92.90441938095708,121.22014971436775,128.00027155147058
82.24267734723301,93.33391708409889,121.48100680539113,130.78912498971516
81.37861681680732,92.63611605960068,122.11196466586408,133.06530227836993
79.11822092477342,92.13922035827173,122.98094032024746,134.34198841159576
76.23758070268929,92.29873003152377,124.2502764513664,134.60083615579373
73.78295267056785,91.21832356287857,125.49819871624707,134.095886191778
72.1206924077276,90.20180938454824,126.46673169309946,133.4675688281475
71.72263180519013,89.32725563718049,126.50828658633817,132.9924665374216
71.46941288376848,90.12590747483304,126.63685974054658,132.92504398184457
71.25634922480708,90.79002864173927,125.95664128572618,133.60509313095753
71.05353718442143,90.95123792212802,125.19083012956663,134.45784391889677
71.24287162365505,90.32542401185742,123.81128172496108,135.1651900779275
71.52684943558444,90.09507218532914,122.19735303858704,136.24383159385712
72.92940743834708,90.01626883750153,120.43447812955833,136.78584354483004
74.5254144213377,89.07178344235774,118.88778565195754,137.25715791345624
75.69371661105188,89.30368668901602,117.6643310346828,137.92479539749564
78.29589493013268,88.80017502270782,115.5610180976931,138.11922062086674
79.63647814759139,89.27111532246789,113.77520730461755,137.90057604572632
80.78236157470035,89.87685987360737,112.2070535337622,137.45507547217585
82.60039976840096,91.61618197013568,110.82048481199514,136.9232751416528
84.47514214678125,93.1385812992197,109.20196600333942,136.34273491587308
85.73360562811587,94.42286674609193,107.75771057330108,135.70524519793275
87.52114106262715,93.69590976138144,106.21567450576167,134.93811796480855
87.44274810180383,94.64968864979335,105.24531179917345,134.46828287093763
88.35737519529232,94.42029808754523,104.41728093792584,133.82161789519887
89.30577514858976,94.0737343704339,103.74325959006207,133.47719762186387
90.01065520358118,93.47824234369065,103.29709278423647,132.85014333096711
89.59489652560009,93.78857936216065,102.95691264283079,132.63706153102282
89.33307777125269,92.98772510872445,102.92738090103731,132.23206046224215
89.33977699645769,92.41052077309622,102.7895831685891,132.03661752522223
89.69254872886128,92.20999777647103,102.56523321646006,131.72950848250002
90.4647238627729,92.17036657572262,102.31195174097998,131.28431104512964
89.86368407700891,92.00576677089096,102.08568944696837,131.2166835232832
89.99941675074822,91.70456041502035,102.02817605969581,130.92402139066405
89.80399626831304,92.24223205945951,101.9404036181464,130.48988430667694
90.45484732800381,91.70853517647069,101.68886357571495,130.2321030257338
90.52756480056125,91.95607170589085,101.51922168865272,129.93115581292182
90.26409512209796,92.4191315945392,101.32882117226542,129.6877100263516
90.93298986407379,92.1148141691093,100.96484647379425,129.43201315495187
91.05753192250862,92.23556824735307,100.78781353931383,129.21083210458252
91.25642567786898,91.2648345204189,100.76510709091002,128.8100880735418
91.49033790148556,91.50358211454241,100.53905101871597,128.71794579485976
92.05289323161682,91.35293101317262,100.21598004131857,128.54721783478806
92.60656017314327,91.91699214085139,99.9450927415367,128.36845946674055
93.44133781780658,91.12592379880223,99.78137107800352,128.22338241049005
94.05163839951244,91.63005448965593,99.69221115013411,127.75375026261977
95.56865894935046,91.2950803022502,99.31426340945158,127.65666440481483
96.62026748620525,91.8594302460963,99.0546381450148,127.62977199221265
96.80826234037042,91.16991685033872,99.0923337584923,127.72829706043832
102.50423577826406,88.25567137994939,98.02886092750484,128.14342072979363
99.47731000418013,89.09215929559218,98.20378047646616,128.37788329591558
105.14288763474583,93.94059300470173,97.69656549243436,127.51881113526485
102.43712081630505,90.65575769813235,98.06580653440624,127.5524619463101
107.04676241098853,87.09510863197987,97.6680575018386,127.77305474109065
106.5364621466866,88.80119722555816,97.78412893574642,127.96585468482398
106.910868199963,89.55388294017666,98.02985936831332,127.89285677929911
110.9913379965039,85.58660733824519,97.68451730941123,128.12907090506758
110.26713067867291,87.43473184638347,97.77372312282284,128.57100166784375
114.88578394634186,92.241903209626,97.73437076534138,127.77906761750614
114.05144198376905,88.14712767649392,97.86131856454097,127.73982458586991
113.93511964891678,86.95618312062797,97.81430011850568,128.16945630281117
114.18828149146529,87.52451185245513,97.86551375068466,128.1455249314954
115.35379400806195,86.8614918322015,97.75353435652941,128.3346179362132
116.37092148872622,87.214386408103,97.59056852922647,128.18107833522959
115.19873556063101,85.76058791623838,97.77707748372926,128.30148368954903
119.23372236449387,81.1078157474004,97.48917355907848,128.41843702380703
117.03648441663802,82.39065356848786,97.28645525999652,128.5772110161841
116.10469302125969,83.52576809182062,97.39444916163116,128.62205236021987
116.01414927390667,82.71105667634377,97.55011482271773,128.50645313268663
116.42642838177906,80.27216808510784,97.59812199565245,128.90868633932843
116.41002011224487,80.72606691956932,97.67264081640452,128.78065052123935
116.25828670485996,79.34446044144921,97.86066385015606,129.00504678703462
116.6179866381054,78.18445298644338,97.81719031137057,129.3183752479954
116.28704093848927,76.65961981680047,97.8412105047961,129.73756940405366
117.26559022284351,77.00814624068414,97.55354398011684,130.05207485058258
117.12831900718098,76.00822622874006,97.57727447697079,130.39719337598137
117.98441971706492,75.8372291303562,97.25682160475691,131.1235474987344
118.08060098280328,75.42527213625077,97.18441777948033,131.58281013477816
118.40367306409416,74.95890936028022,97.06952778922367,132.0996110482095
117.02134257107798,73.48262935353029,97.51015003128326,132.5682326061277
117.41307716177369,72.83098644743228,97.29560181985494,133.10938344908925
117.91356733024537,73.14497075879791,97.37483336073443,133.11453053518596
117.38853056471538,72.64326523509443,97.65690593144437,132.89286872187515
116.99500820511734,72.89555457215201,97.82829397673223,132.73561689269064
116.46892165343283,72.68008142820834,98.21498432062556,132.79888352502607
114.57290140513757,72.37351385564094,98.7467215583202,133.23831745835076
113.14539753627446,71.50832719695285,99.57160677750697,133.60383036026826
111.89033877221124,71.38276084684139,100.23765875864397,134.11600023137817
110.41635655553443,71.21077989513324,101.37703015725334,133.79456526561188
108.688169710294,70.85809700868667,102.70324184707806,133.6408893476786
107.11554658139116,70.94601701656796,104.00910402590428,133.2854723091251
105.29001242033472,70.17555083171024,105.55734503745501,133.23298584224693
102.9354872724621,68.8094137238904,107.6463584927614,132.62185051961757
101.58437095707237,68.86812521254393,109.78150490375327,132.26415284476832
99.71424981867395,70.92593356747818,112.17770666751146,132.28505795115348
98.29628787109903,70.38030562925724,114.41268693768804,131.99412228878464
95.76152504145568,70.24982915364907,116.78194647415673,131.8761114119141
92.78142763121227,70.46885172190166,119.36818604485717,131.60824380963155
89.9413513590174,65.17363560059746,120.82281034904305,131.9458484078918
88.89965100121191,67.79193003571294,122.62120436270779,132.40833809753633
87.46001391765537,69.73735571524128,123.86076941479246,133.11546962193302
87.57090012878372,70.12239459437575,124.45049748224753,134.34249901183455
87.77705829215827,72.51618173135167,125.48079690295019,135.25729204363833
86.61168304394914,72.63871086078473,125.54132473548906,137.94247870741015
87.76508989472687,71.55484072456991,125.19781209651754,140.7980747003598
87.6530109030785,71.70682444968595,125.02752892223488,142.70920753851883
88.13909485550249,71.43038529388654,125.34885846058602,143.68161108600899
88.35392829184039,70.58414976225862,125.68074672316031,144.43535137295487
87.93935104031544,70.36339677899343,125.84910160367451,145.13674718056495
88.95719968508487,70.13273283087233,125.60621201238547,146.0825430302507
88.67982711309301,69.823577129049,125.83600565666865,146.43636001479945
89.11599063347427,69.20668480924803,125.83725358805884,146.84846881736144
89.37422503039596,69.34030768421368,125.90923886192252,146.81502505817758
89.9650540622162,69.67195956652864,125.85023475946369,147.1762694664984
90.31496476270542,70.27891249300973,125.97364499596311,147.2284830936693
90.17187770513058,71.15125501272792,126.3424112557213,147.440645721927
91.3291388885041,71.44710422404343,126.46672713245873,147.6964123972002
91.60621322143372,71.42649863593684,126.45614975995355,147.56965562807608
93.09625512154966,71.4648428195153,126.39015873888121,147.9613082538467
93.47933804393256,71.73522378977489,126.37626192373274,148.01486720661518
94.25980589255519,71.62323760939296,126.53688598944218,147.90700876779943
95.14369065367765,71.11826719026274,126.77124506827148,147.58214054119475
96.7117534748424,71.54642193624856,126.65454505651144,147.55712582423226
97.0739937800106,71.40845323930421,126.39221916242832,147.704139220838
97.83549011017277,71.08632718383578,126.20442907683388,147.67456028614725
98.66627266399382,71.1195469329341,126.26027405677723,148.35236423096285
99.2004387656485,71.18181717540872,126.28981637567703,148.6438454804897
99.5946340409157,70.78506297178282,126.20451512196044,148.68004248399012
100.28154231078472,70.9256066649879,126.0376033511662,148.7291878072262
101.17355876159829,71.35831464367928,125.94009805936416,148.739512735578
101.59990622568307,71.12728791436207,125.80794854230452,148.98952761760947
101.71476427967696,70.71928386510993,125.4203130274259,149.15679774909944
104.02213369638784,70.22958027119975,124.62607480626303,148.9734920052868
104.95167404592183,68.58719117128622,124.14481805605521,147.83056300983188
105.74617338581496,68.71270597323252,124.1415167887598,146.1894375759756
108.45465301195118,69.06924178396676,124.92138113344171,144.1772095271237
111.03480103788499,64.38297365849513,125.25383572625792,142.40814326189263
111.70842009576415,68.99307488461426,126.57973122217867,140.83105680696883
115.81697706782445,65.3345252695807,126.79626634116843,139.11866079777815
116.86222470814656,62.787498745273695,126.89552578502678,137.32123578471612
119.86516459498827,60.33199051105103,126.88977857207334,135.39274467335798
121.71485912242304,59.43583260447667,126.70749056662703,133.6580052229874
123.69708552087755,58.08163953721298,126.5369270538519,132.2755309906935
125.5380801689412,55.86256900871622,126.31335803436644,131.20188081843898
124.35237249534352,65.38179864830744,126.25635355314691,131.13246336359737
127.47236908553401,62.155772533729106,126.1634999220213,130.65113165110364
128.7722140828698,58.49727728124466,125.94642334783616,129.7987104968318
127.80078268907974,66.91974293970583,125.89120099423435,129.92396732077862
130.41140446667208,63.6194712710336,125.76756076012506,129.68427780900197
132.26435451573994,61.13556641065661,125.6523312476217,129.33701976165904
133.05718483741703,58.050983086406546,125.5155679660229,129.01238481637864
132.15880734045902,68.12309769379442,125.49956511024558,129.07218087015758
133.0818137051589,64.99909067405262,125.42275079850943,128.97672385937872
130.79609172653915,76.36027424997937,125.41572309513495,129.43435510535238
131.3725344573762,80.04738692087821,125.5197071879805,130.08267080969728
133.6951603142921,74.7175430697253,125.58749487234199,130.52285701664178
132.10265131259217,79.76876614583303,125.64917822951693,131.0897099900977
131.8146870094033,81.82336314022506,125.7425959413577,131.61552099856706
133.82462465408403,74.564646297996,125.83074954069859,132.42935189219264
135.2170754070206,69.9258618712273,125.83339586159248,132.55954659259285
136.49007221214708,66.0541536083457,125.86399207410862,132.4922708080228
137.45783838698117,61.329716095614714,125.80130155946247,132.0547770819589
134.68948525842225,72.33427064827457,125.75889719417428,132.26126512934914
135.871116068962,67.56287725845277,125.71577355069482,132.3356318803062
137.0971370903298,63.2528054891345,125.67947462052334,132.12360588616687
136.42109698930176,72.6126955996977,125.70172238792517,132.4128951077895
135.98240969417526,67.58195969111307,125.71731597708721,132.43006016989284
137.3355747961818,64.17537136260849,125.72355381773664,132.19954519177017
133.83647783514886,74.87748491129992,125.71533857155909,132.55408999074962
131.89073118776412,80.29529729147094,125.8405004320787,134.00238075012192
134.50818779176558,74.61457044204064,125.9498717585301,135.17218501203183
134.9845985611105,70.01148733449268,126.00328021652149,135.36954881318732
135.07647954674687,65.80006994986837,126.07806078293795,135.21331921323429
135.26705509169622,62.825288187716865,126.04829406455833,134.5642589849433
132.09376673873896,73.56619997751605,126.02414132406173,134.9027402759504
131.95893192276898,67.20516976272157,126.03855361771622,134.89653971158185
132.41744780315054,63.274250084033014,126.04170885341307,134.64909562169333
129.7970773613007,79.93311989465279,126.25737954668305,134.84607310250456
128.17381444322874,80.93398208784113,126.47454246588056,135.08939795433284
125.52463081904375,82.08723218668473,126.70681054738043,135.37168936545606
124.9040542163077,73.20010647423904,126.79951111327276,135.78360749261796
124.00473395435625,77.09316659634767,126.88737399683293,135.92874688051128
122.10962911462198,79.57388982376237,126.94784949394369,135.99098683467847
120.8529965397366,81.07772656213685,127.1331820475078,136.1928317905467
120.0876945257022,81.67611995395453,127.48151972101573,136.67818964878757
119.01609383625606,81.16857243023493,127.75849013524737,136.90355581629817
119.04058195333464,73.1803603660959,127.8807778640743,137.58293137585065
117.97224476684748,77.11497395289238,127.93585800830411,137.68863925703673
116.4895968010387,78.45674004087839,128.09462632532816,137.87014166129543
116.44222228602854,70.23674627177797,128.16313807617178,138.4731130938444
115.27100206658632,65.32902411151535,128.18705105495795,138.42252099926955
115.44152705489651,62.5640759609162,128.23112105295075,138.28933565450228
110.90761369660768,72.47559133535376,128.19724698675253,138.8853684737424
110.7834533972015,75.60488962802297,128.28293994817858,139.0628327938605
109.28891583187476,76.14671400221951,128.37105439500942,139.12103296724325
106.98816468360329,74.72682168454256,128.55861101665613,139.17763974996654
105.90616249657009,55.004240885181076,128.57956328958727,138.54968886089654
100.58467646801168,63.0131863336577,128.62503168459472,139.19030626472454
100.25102215197143,58.22428369344263,128.67676244010738,139.22026951939785
99.26176819302975,56.094689336690436,128.78793873395966,138.61044826128358
98.3584442966206,52.6154106904273,128.65123430433533,137.42503601798222
99.20537862159352,52.22265275127896,128.29173078386032,135.82930294532065
97.76057564602075,59.94133638882201,127.82361659836339,135.5249780057448
98.0709321797506,64.10554809800038,127.42466217965689,135.82417623808385
98.70164870025252,67.18875164041782,127.15219065646386,135.60137648357124
98.94867069499279,70.23564840802598,126.68467438283021,135.64088659062787
99.72714107389825,72.11445200830109,126.36020437582802,135.93451172802932
100.07315482796596,73.62785002149411,125.91373925718558,136.77596917111043
100.41284495154163,74.28279388386868,125.33706933157984,138.06041867132163
99.88606858204022,74.88442315410745,125.08723335579232,139.12601045738216
99.4796598044772,75.31691179041178,124.94694796463693,140.56877387309748
98.71355252223958,75.86746013097452,125.04431863129265,141.08385141301082
