58.5,100.5,28,23
58.6130433931059,100.29045039744338,28.547897646008664,22.711233341074774
59.867268891024224,100.36860452115839,29.13637667718007,22.455676453405513
61.56154912234936,100.95797239936682,29.244043002096927,22.350945585523203
61.5727943180802,101.24541792369193,29.65414306545208,22.20889294701206
62.68579447026923,101.62547435800697,29.950774167858075,22.055960018128854
64.36620444382278,102.35505710006099,30.326496445635,21.942354488664055
65.27580004567088,103.0734974947237,30.661927796717855,21.908925261266432
67.14896120664993,103.56766465212087,30.892108370114975,22.035846898353505
67.65181066524727,103.77911049749682,31.13562696314369,22.076886082664544
68.55376256389633,104.23947789727063,31.31248528990715,22.125324416490173
70.01909951763005,104.69145675282148,31.439398767617305,22.18475902268354
69.31799815455537,104.78960918201437,31.24500203411856,22.253391237290078
68.52325029276753,105.12960728535283,31.222664304515828,22.206821637268302
67.63659013168252,106.1062285395053,31.153333617126208,22.08745883820715
67.59833722768049,106.14197270544261,31.07966942672292,21.97975354697526
66.2870795274947,106.07650819628914,31.028650910621106,21.944500166486115
65.61404558868574,106.27857032006033,31.11460840997363,21.83424598057971
64.25913591188579,106.86110235055112,31.36064473783197,21.80546770145848
64.87112409464387,107.43468142445685,31.49990754143657,21.701752041363672
64.02723613275663,107.6377714123178,31.853194358079136,21.845188342859633
63.627611357478,107.79212152076116,31.999748968069355,21.841386566810804
63.62761554614293,108.66978316760908,32.19953312485244,21.845388658208627
65.45390306509806,108.91399673281423,32.12985861108158,21.842090019915283
67.51609521272935,109.33371904866071,31.804036365684716,21.793557062721806
68.1713622106161,109.38889625380554,31.529060951263467,21.862463994123182
70.7340389108706,109.3545428099226,31.175423191776186,21.763290540478394
74.26520807817342,108.6897969259609,30.830442492668585,21.43962555104707
78.59353165801022,109.66466035781161,30.462104430285034,21.172124272329498
82.92259876416486,109.50489913555333,30.10443294075407,20.885342548144866
87.03944630575208,109.94576524415929,29.74668008780423,20.497428673618657
89.84726727865325,109.904427698441,29.641710711276787,20.142596582695553
91.71963759881577,111.29032693518627,29.24766067420799,19.780674455793147
91.72394647585847,110.88971071681247,28.831937384853802,19.555192329170985
93.38997732162478,111.17064257701077,28.547867445945673,19.37597564628048
94.59992124647081,112.07973532866185,28.259884198304405,19.169664842570924
94.96858525978314,111.80571738074681,27.99131782438781,18.9915186948486
95.82824594299731,112.00144610228492,27.812893231297785,18.831601872099377
96.57599672002256,112.70228491580302,27.713594956742536,18.755963797751765
98.60946959771007,112.94108665746727,27.94201644227326,18.676412738615703
99.13658862466332,113.07306866168629,27.798698412284907,18.686262365288506
99.6540407102567,113.21222990628388,27.672229645398847,18.681006665005157
101.78686397665213,112.72154821854284,27.60987977398495,18.653394534658375
103.51003745029702,112.84147393499782,27.50374278763267,18.708065655430733
104.92353294233882,113.02340465729941,27.313254307897814,18.640395992586846
106.31921284846135,113.21458431729525,27.45536641375883,18.492708891156326
105.97504345891346,113.49379178976221,27.490006748488153,18.35752375979815
107.80679659505692,112.31066920523762,27.61012035687751,18.442589739165314
109.4914852144406,109.82517583937346,27.553309160056553,18.487036572974944
109.33509912501265,109.06353212802509,27.462037992269007,18.529122704587408
110.1628643975665,106.83674734258298,27.47967729846442,18.47794202370158
112.19366011106081,104.56533105191593,27.529425440567596,18.446723224878205
113.67413858264007,103.10769229321846,27.632606909884668,18.4518552211092
114.71601102515861,100.9650638266096,27.82769136101397,18.407358278594522
116.47826950784238,99.71489439032813,27.9744609785932,18.355696151706773
117.24788729267283,99.76364760199657,28.155232828518486,18.335327429583263
118.84316497323444,99.19052924506165,28.30205811505457,18.41161845043703
120.14842362652355,99.77679426914524,28.547962755955584,18.706186280725973
121.25306051650908,99.42101634974571,28.702939397508572,18.87861971685702
122.11010364719867,99.49574043994593,28.67880813223841,18.90323423553609
122.9639712669707,99.57338245859549,28.661135296373242,18.922023953978098
123.8179792394449,99.72113976647246,28.6144785423657,18.90291607340597
125.04634454545285,99.91448752815376,28.526964610876533,18.994031677944463
126.92778330032284,100.32351857338125,28.43476094833502,19.05523573033463
127.76768568638191,99.85588728937569,28.161255886490625,19.074517720876873
128.21863196453305,99.8039035616949,27.93073496896325,19.132915119352987
128.54714991913906,99.91488064932567,27.98832662370462,19.080718638097398
130.4628947639732,100.30542544608548,28.146810717529352,19.065782141730498
131.8662558759316,101.12147542221435,28.436870701101533,19.152046428211776
132.91734260049554,100.79791851559641,28.839312081990773,19.195930480324
134.01144993962802,100.963300241931,29.012348519524775,19.2592685579683
134.13529071352923,100.97118834804691,29.123697427073253,19.331195134149052
135.18035112772418,100.64289076212344,29.125824084797838,19.382393200779013
136.9305428429709,101.20343417948618,28.9841585727004,19.37989970120519
138.86197935991763,100.9576338603294,29.055848937168133,19.24584093333363
139.8047366923329,101.15116361032553,29.144488267851486,19.21369797610984
141.89579715549277,101.3086004930647,28.892220542444274,19.27278512285912
142.13680879575773,101.75564947414895,28.48147088681134,19.30138375111421
143.9897559191228,102.25739894675422,28.44614725203492,19.387587173686263
144.61284434855597,102.72025918199736,28.275089054095435,19.35327031867469
145.91642291081547,102.96884531950181,28.141832247722192,19.341699856266857
148.0248044869867,102.6761437349768,28.438839198834284,19.238703889250452
149.7671585220385,103.47444639467777,28.33474040264119,19.314915323235972
149.2260037183199,103.41524672831639,28.27704704415131,19.368373078345385
151.0735061208478,103.63259802532701,28.248601220037216,19.57554700305047
152.27123864807066,102.83930447697763,28.143055780383428,19.681612540033964
153.5765654289221,103.72250898628626,27.936379612784567,19.745851347611488
154.7916640885584,102.59973818409175,27.806482653237893,19.60152564624489
156.18551171531058,103.98119169766048,27.827285067046166,19.55429635729711
157.53045973950216,104.15080145013718,28.38966019404753,19.228145844056954
157.7656772934139,104.46594872916609,28.894147385609156,18.990366110866375
158.87443474595744,105.06605580630156,28.766786889930597,19.247300746954906
162.74870801931846,105.7957500148239,28.61069573032403,19.4296139090042
163.51344401689326,105.61031620743523,28.522699484190245,19.82779003812321
165.00655520456317,104.41491837601517,28.29481722916597,20.11902424809775
165.77193649789209,105.48558589037447,28.17972456056844,20.323150587939956
166.2096321425145,104.62797731845069,27.97228700095313,20.43961606762581
167.88497529426118,104.81327564840652,27.8470025758167,20.383973628962778
169.66826920219265,105.25848553589591,27.470828234990396,20.18105915879739
171.5713879035511,105.64553272725131,27.18831085828967,19.978767451810615
171.17148558234527,105.7429857922524,27.030129026664202,19.814122180865745
172.87395700609736,106.02249840007492,26.821676705359383,19.620413982060672
174.19596959533519,105.92871488544871,26.907193067029617,19.610219505470894
174.83508513510358,106.19344890384697,26.907543129918313,19.707284321324074
175.46832743254413,106.46543057927147,26.922437757907105,19.791224908768523
176.91895878745396,106.88889841672872,27.03679742548311,19.900644447972972
177.17983105679096,108.15235603249056,27.123018415774098,20.178901659839205
177.30599198146962,108.92453619524933,27.259432337595957,20.437152327706976
178.6662610140969,108.54130739918145,27.496093845858223,20.4642308118906
178.7611214469995,109.38573428675701,27.694290617878046,20.64304530780423
178.5199814879049,108.89866519115836,27.728068263699818,20.724590830468216
179.34080808042788,109.2005021442786,27.935412671579876,20.807916841258077
180.00846229773077,109.94590387532725,27.705140853299444,20.79907105318727
180.93822402127688,110.41164542852407,27.409090988474958,20.76471748246869
181.78883986996533,110.80387537360664,27.192333950064125,20.576828799350025
182.4426923983331,110.74730741452034,26.95680272717567,20.40262622226813
182.67888855618102,111.19291001896494,26.716583049657704,20.262422967457624
182.99336095820033,111.71794358522342,26.502303974426543,20.236066085795127
183.70408244972015,113.07584972030294,26.351359267143717,20.45600692270702
185.07620920855604,112.3826166077534,25.910921591146725,20.36583697646514
185.44945982893452,112.56874144176238,25.44967074592622,20.408709608833618
185.4035297071556,113.09397746178365,25.08896120675012,20.47736341183918
186.13923952702595,113.26362175089592,24.557913438004007,20.561332393152526
187.23933413163903,112.98477897201019,24.053452173151925,20.561147622497643
187.37930322087925,113.28893013604045,23.651319212772048,20.53591610904665
187.7305676553107,113.26379412709642,23.2988041066216,20.470854301584893
187.43166613619852,114.58860344072235,22.97195009805109,20.576564091157373
186.65249719239378,115.3306677231959,22.865944986202212,20.729774998980954
186.44343133637832,114.91459977922618,22.8222921268239,20.88848282829613
188.07174625528918,114.45302355484104,22.644765043595076,21.016143879685586
186.92863302838686,115.9705869456894,22.543286886575178,21.089920744457984
190.22303576031726,117.6397319888569,22.466543018631135,21.17184769532392
192.11193371812737,119.73786506547312,22.424521858488795,21.191711321907157
191.26689261865042,119.7361257055996,22.4035115853663,21.19767242842576
190.90340889559116,122.4668148641059,22.503154033106046,21.18426593224447
190.5853381651222,122.31190290914745,22.576324378931645,21.188653618416012
189.65622541299882,122.39874121198191,22.85675974207277,21.01192892271573
189.53559338549763,121.99359697188213,23.12551874356984,20.766705928305928
186.7907629058467,120.97490883870952,23.150074169271875,20.271877805078972
187.33943252206925,122.03132816330867,23.19148715888794,19.965339080731162
187.02803693580915,122.91174114387509,23.134408620009033,19.721062349220205
186.69254769403864,123.20341118459294,23.101198101036196,19.663360550083546
185.3712973274386,122.97113895650497,23.305378435905563,19.637168253511007
184.66121263779405,123.55900389459627,23.545118475785788,19.579614241548068
182.9384474809346,124.80929750712052,23.842524094680467,19.537859042027527
181.83127683144,125.56291695188457,23.86934608176477,19.69412427618715
180.45952736760495,126.51068760541901,24.192765062916898,19.715935407091308
179.06567112045724,126.93505105486156,24.666421399146525,19.641777661991895
177.89074117185822,127.43906395016695,24.8983892694433,19.707655312810267
177.24260325286951,128.04095729260123,25.122043642691438,19.781111765301326
175.8389934350815,128.15551429149372,25.213446780464707,19.959612505265472
174.6729808389402,127.9930691691919,25.531506127639325,20.205259834953992
172.68513839857843,127.63946121099805,25.84222347143658,20.429907606543427
171.2067951835967,127.94874902968598,26.027423857469945,20.659501534368374
170.73766557249348,127.93045210084665,26.07951603026844,20.791419878541085
169.1637332190648,128.03400661938795,26.35231970196957,21.007080417769608
167.20946741668382,127.84975479835201,26.62984292011961,21.161670812852233
162.66621208053684,128.10205857440297,26.963381943243647,21.27838291235401
160.8041794454487,127.15311369751808,27.33095683980842,21.378563916352686
160.339625475111,125.25168714863285,27.69254714227737,21.474637057305507
160.3975932371255,124.91468572093113,28.087230602947603,21.53014289866323
159.88453111420202,122.20871770587172,28.311814176015513,21.68390832407625
158.8530813113387,119.2929731283462,28.71254062977219,21.858080794404366
157.6910303989565,116.79740489430185,29.160707496078647,22.08741792701336
156.04048482948087,114.05368211323432,29.733099904561215,22.464566286084448
153.19335753034363,111.94299313712267,30.423239398160362,22.886561790111344
152.6019911626792,112.06002431756657,31.051880143495147,23.32937597417591
150.42922373784552,109.70162896047144,31.593719076033043,23.59356859342601
147.89412933276517,108.16434784721667,32.19630706374502,23.604128067631436
145.28570907746996,106.5617493587317,32.688648348719,23.576541488616883
143.4930857259997,105.98036034224825,33.28295090454952,23.40117247740198
141.67196015427942,104.01998363539464,33.37358156459162,23.333214533992514
139.45715957747817,102.66982088661831,33.363990899956846,23.183228752248283
137.0399097260798,102.12225814089223,32.925394041321695,23.10270662731404
137.31813741625746,101.93128731687054,32.61759748195311,23.011377531272107
135.92963437545347,101.42123691323447,32.49989135385951,23.123709671800025
151.24736996981747,103.63299164863031,32.943058241913775,22.3956087836957
149.72228788131127,103.39304217332082,33.258540812633456,21.969914577500116
150.35346425310712,103.5895237090302,33.26382532184938,21.952908399048557
150.98452606439895,103.7859300981978,33.26904069043085,21.935964060387754
144.26975205335464,103.09155914637498,33.44235835821043,21.570462232534673
140.1809491979876,102.23025117987041,33.58053154330973,21.21117923785522
139.2885518914748,101.61015707142874,33.57218324156325,20.869161086292205
137.81567306794628,102.30568006490802,32.922340998865096,21.189232247733013
135.52703060698724,101.47020750564504,33.06595444632636,21.01510426235424
130.9966416659631,101.61615246842678,32.52152393146302,21.45032025233717
124.81642572682543,99.16299158539172,32.11973161235069,21.820496808141158
124.10134274863034,97.93602197633605,32.051329391517655,22.03015592638373
121.91141466184104,97.54369242085106,31.94079907904279,22.237657122715202
124.7032224242849,97.54073699326325,32.124446966630636,22.43027680073724
127.46416588369951,98.04878511693765,31.928345207866137,22.456127083730532
127.40870077583783,98.90931780140379,31.805871413055204,22.48499150052673
127.85086744252222,99.09715395299348,31.66283115238692,22.51986943404929
127.74834651895804,99.26697047041068,31.377955154981347,22.47828301791492
124.59645820509658,99.236094481727,31.157027803212085,22.54647776797251
124.97539366667354,98.7595125520502,30.863792431033957,22.6685334148551
124.82768424886098,99.22080116857678,30.845292378090225,22.524948775090348
119.91324004740028,98.41679391313322,30.775162493352934,22.34505234771453
117.90516212403321,97.69530893942476,30.69050018289103,22.312017694606553
116.06210480198818,97.76450084336392,30.401231306854733,22.150414820987535
116.54116016980929,97.62381954151283,30.039620550708516,22.22476307260649
114.86600397381886,97.74346549213791,29.654089761079273,22.319554996706135
115.78110619994737,98.24313565408114,29.310406076034166,22.283440335527963
116.03412256755213,98.0641188014518,29.014210881808797,22.3284405494136
113.55722449011631,97.5523032904504,28.78436703347609,22.349704194135196
112.33070027126934,97.16382027697114,28.513630547616575,22.407368222478464
106.07569762961703,94.55908297985292,28.442575421375288,22.533712933902407
99.32403421330415,92.22429403787278,28.789985086337484,22.477901337271838
98.95726904010044,91.49613803629353,28.763996094137088,22.397552430777623
98.37137459188628,90.33528331490321,28.899911696688765,22.21769069512199
97.25640809961826,89.77825468627543,28.856379047832483,22.23095876303888
96.51626089072579,89.68058519209688,28.794198122866888,22.12403017017153
96.14903472461019,89.21543452890944,28.686428002934374,22.048059895823155
95.58316277416176,88.48707301668301,28.441160485488627,22.00677609959728
96.34485141727038,90.0975685409654,28.20217543693468,22.29447326247357
98.52255116076925,89.84976116311465,27.93745750282389,22.473278214927596
101.1258950200365,90.44737831974635,27.577349335986174,22.587117707473233
100.01265844342299,90.45117482788494,27.319177837800215,22.451420943232147
99.21724709215798,90.94690794965645,27.07141003759131,22.337781390362956
97.59142920429555,90.58167799153141,26.9128173224867,22.11590135938938
96.25415834470165,89.83564054300194,26.839437813265665,22.051553784448163
96.36912964155478,90.0414055806091,26.8796849816749,22.012795002158743
95.25087906714094,88.33711372694346,26.73382734105861,22.117469407732216
93.91061125554745,88.1613299706121,26.62210041007689,22.286997883048098
92.67355180960405,87.22733972664288,26.574165344978212,22.441095924697468
90.80923785321974,85.83521280367214,26.464929574046266,22.53875599965813
88.34297273497216,84.53539122360708,26.260536020563393,22.526361501096822
89.06781265038865,85.36957626621242,26.231410589220783,22.659996110824803
85.8181516249344,83.55637615417339,26.14105912099475,22.642102072970484
86.24794561220226,84.05877924728124,25.789915634507583,22.836707994222447
86.78139689234615,84.39143806543817,25.60900935632047,23.02504569619594
83.63440510535665,82.26534314426569,25.322746481782644,22.99430182653529
82.67858186344435,80.52512189584745,25.065310085587107,22.839366677879205
82.59551909564904,81.07409623731377,24.927644247209606,22.77727161929045
82.73287269090405,79.88581004709854,24.606231814453196,22.7754215010179
83.13394495660489,79.54627953163231,24.214244367516514,22.730892277166745
83.38612359220693,79.498221507239,24.039981552985118,22.784860205252038
83.62392428322643,79.46396785211113,23.893640311603548,22.811325926933147
83.47285140595896,79.10472208625256,23.88441268333171,22.723482843896548
82.85052993719648,78.69926460588684,23.876222254462625,22.684634828458393
80.86733017860514,78.34309491222626,23.679442374062294,22.687138269219652
80.47647350968118,77.90575219298147,23.614202021858176,22.66083620179645
80.7006045061551,77.99048982201839,23.495544654612235,22.601933646905312
79.40468846292191,77.70652173860059,23.36676230779007,22.367393050015647
77.90901307727911,77.21009023469722,23.245933322911103,22.215403419577736
75.60605732779045,76.02903362363679,23.133372341114498,22.100323762975435
76.692214547791,76.77864964738112,23.08310413333693,22.127582165392212
73.60297760049727,74.9271837340692,23.10030264111406,22.152050771419717
73.74683714602051,75.42163174483446,23.10801471695488,22.172410278339218
73.48590793389207,73.74328471964165,23.070757433337466,22.17637143192001
73.3765344535561,74.79997839459429,23.028824374153885,22.175320956022926
71.0636176591472,71.49541913373338,22.97616494005299,22.14953986150328
71.67655947119962,73.12761235213269,22.918630462791093,22.148286712134468
73.16901123103369,72.17646729108674,22.63084689437112,22.16846635773254
71.60187130496803,71.14136516046382,22.383386414852694,22.177814276662694
72.87226564980573,72.68209583167274,22.200205805087563,22.217606901530015
73.9615185719222,71.87905171822511,22.149507578042122,21.90267438219418
73.1093903529051,70.72361972145049,21.869099456712,21.662637439616717
74.81116496473739,70.23189727788363,21.739492703597968,21.332502767424277
73.05416045324309,71.12616349825342,21.58071668287013,21.19444070269942
74.26545173061676,69.77608201098569,21.517463590174177,21.08249253793738
72.51269460410083,70.24647548612228,21.413190379064197,20.89865316466387
73.70823744969415,68.7199336739935,21.262408681102652,20.927686076336002
71.46153556451817,67.89084817591576,21.1074650736775,21.020421424526983
72.35412289872309,68.82927019144822,21.027223333353007,21.02367525952041
73.24281037084927,67.70650340662934,21.01418783612213,20.96256129001938
71.05479990334322,66.66400029846481,20.999726345444518,20.90197290948564
71.70684404503919,66.20547313984126,20.945640446238382,20.69009260492184
70.07389196265385,65.87236934299132,20.789987661393578,20.398080968446685
70.88382820312017,65.83979868226317,20.64068145319652,20.12636371932728
69.30286302088975,65.89276379395339,20.545677890121357,19.855049620576818
70.70168527348429,65.55516439063601,20.477883438719505,19.787223362743177
69.38213524182682,65.3473116395955,20.432703344945217,19.789435261356257
70.54153546667851,65.38485269154381,20.394128410607433,19.772360475986137
69.58630334743037,65.02739833815356,20.35634307062775,19.80525024708626
71.30256553468251,65.0115297075319,20.390779841524477,19.786073973271076
70.19017435225089,64.71370393498863,20.323736196637366,19.751645593297354
69.41863458545959,64.68497701346764,20.251215859538217,19.696179897126143
71.49928605637659,64.74139314557462,20.170091655344567,19.629873282638595
70.72968814106365,62.37550891664339,20.002887568367925,19.583432054221742
69.98419148063662,62.21755551641691,19.964468023583226,19.55953030121745
68.8343470295684,61.49970057516885,19.929709303420474,19.522082301023136
70.18089185544066,60.87601294366824,19.791091859699044,19.34997938600005
68.90534614504882,60.11954576992199,19.686575103297645,19.20401454545087
69.35900559405049,59.35856027635886,19.659844379160603,19.196220522697082
70.27918795913416,60.70104043959983,19.652213995383033,19.190389558321453
68.38885474216528,60.315760698044244,19.61822941690012,19.12933341462064
69.15323391308264,59.37802270769443,19.501332852371007,19.091167227275243
66.32768560624098,58.11967643479207,19.424928073689852,18.901654881875118
65.97199009611293,57.29236956673891,19.420779280904227,18.717445299499985
65.97533592018618,56.615400819766094,19.37792326332361,18.56322124864581
68.6368407807489,57.936787645375155,19.2356481765976,18.2043135260776
69.16885781038248,58.32993258080008,19.16974420041455,17.94352824430855
67.5197113904688,56.98040407648709,19.121431024082842,17.83237025659664
66.31138495484156,55.88961583209543,19.094095333707077,17.809544298633135
69.41050537800066,58.50042443037288,19.078430190056096,17.72564291857604
70.11844990707272,57.12616352460837,19.078178863464135,17.724795585665355
70.61823894760195,56.433143378505825,19.07763399506739,17.724794832681553
68.7795052286928,58.85318199225331,19.092963209237634,17.635545871330386
69.2170528350771,58.85378256596397,19.089746024384983,17.535178159265687
69.80016354448364,56.891809823982285,19.088619338810126,17.532341273615394
68.86375547799747,53.52150233018196,19.05379584909418,17.528134712754138
70.03381359402294,53.06475078565844,18.94871146022865,17.556460964356873
68.72960493071311,50.91322859892704,18.933819651411316,17.551697892293546
69.66541932045907,50.906342697184336,18.91984115191817,17.546571430342667
68.58813984625878,50.29545360042249,18.89409843405897,17.5294141532853
69.57511923307726,49.768311963388854,18.88089858490627,17.50485395296445
68.24606594540077,47.67521723442759,18.875110030101766,17.49071839867995
66.33258301316845,49.01070757668474,18.86182397195902,17.492026370400396
66.63902819948804,48.20521733400179,18.850121960964568,17.492999212066643
66.84895466167656,48.77431173874324,18.81507826238519,17.480090067577024
67.40663068809965,47.83829244255722,18.812599763768727,17.478937660918014
65.67278345456502,47.21373823135885,18.742896130938714,17.45510509000572
64.36837295161695,46.907989499786495,18.577865980600095,17.346602107307696
64.95293489693805,46.862456684373,18.486183663100924,17.212090040976825
63.77407587250188,46.549166397001244,18.37617524293333,16.93961799578625
64.3726302235111,46.593845498689966,18.340714575964327,16.71837997098909
64.42119403189709,46.8263592944849,18.261991578960625,16.6109982784566
63.46587951327466,46.10910000366228,18.10543640638187,16.602004062746197
62.22879706501597,45.62690223578247,18.00963689402473,16.53589513340268
62.915614233095155,45.379372008193805,17.93391265212753,16.511196470023023
61.528922488179845,44.85820019245245,17.808111914968404,16.46286593959472
62.340530056169925,44.99263028246801,17.706845474171047,16.351195844020992
60.940719768630274,44.490377901315526,17.586918014582373,16.244813317278734
61.84120543339753,44.38927996704747,17.49486668703151,16.096560905241944
61.50995922422982,44.65798111943675,17.591325742024644,15.959648735417838
61.61495243136261,44.27929644605623,17.566175402468964,15.846917583979417
60.87994933547993,43.95495816667636,17.6469440711554,15.763181208435862
59.849797660015525,43.25273956121217,17.737031505450595,15.720388080313969
59.053122010653595,42.82035491090412,17.886769632597,15.640946374765509
58.48734798645931,42.50346845984435,17.883915167481547,15.608465769747756
58.75335448658616,42.93530122201658,17.770185629752262,15.493235385059357
57.511540940057344,42.4917039300152,17.904628448136435,15.466299162139206
57.445984880088716,42.846112145791686,17.986846315445597,15.294724070269764
57.19769959713937,43.33641918859105,18.057296182892298,15.043865028654489
55.753067523154215,43.41791600052136,18.173997350210747,14.777535107818261
55.54702594975457,43.322379314098114,18.329731976492702,14.54610933062699
55.36576097516486,43.20441547927363,18.436586281989626,14.360646854258889
53.694516102583634,42.589316912325664,18.455479311224963,14.28019840786307
52.02448451744928,42.78931655897712,18.543712380480493,14.12614742922691
52.116982181522935,42.6516950303463,18.70210423886043,14.104817235002715
50.59952267165396,42.77033660612878,18.762399816902224,14.02533870668395
50.771585670255604,42.793404872461586,18.865336669697395,14.011012792955361
50.025630749938195,43.0126960784687,18.887097827737918,14.028521635890703
50.097737911092736,42.36894006854044,19.032414140308894,14.109304601296223
48.601516509960106,42.034290417493004,19.148232596794745,14.160544983484488
47.45080060699132,41.998804153436424,19.170658398398807,14.233003184726277
46.02536259902942,41.60893767107649,19.125418872864493,14.232597001210825
43.826718778834746,40.93235280923277,19.15449762806097,14.271786860777786
43.06077136849721,41.61533441051315,19.166993997884603,14.410846184004372
43.3402845572643,40.84024607949964,19.238745277382428,14.510804168510635
41.30114511235315,40.72700875399103,19.364628728056783,14.426014364209413
42.32253021093378,42.0538823017756,19.458438998119643,14.515364097100955
41.25243732395325,41.79208351953175,19.5209823312848,14.505413187276824
39.3132582681784,41.453273848651584,19.787295393167135,14.4972649976422
39.030007868587575,41.49086493527949,20.16431648367722,14.51024825660113
39.677020760224394,41.91685038832428,20.04488295694961,14.536707776632316
38.25976576659821,43.71361110720542,20.116572461947946,14.707484777895901
35.688262345559345,43.39132775231869,20.405888202951463,14.868796905979536
31.622718775528917,43.573510878099555,20.811204869532087,15.02452177084618
31.650701673601652,43.55009342062231,21.09771544133706,15.184101620657554
31.517810313543432,43.994165597594794,21.306767969298853,15.375864326382082
30.329628542034172,45.199361022456365,21.36608701578112,15.447988334904792
30.228955601141042,45.906592627066345,21.296560572862255,15.481922881307701
30.774968691317802,46.18095242374362,21.230201702269778,15.527923472756163
30.506793185637257,46.51741440727197,21.089998987434583,15.570427381218254
30.32684611337607,46.613583752493064,21.029547169909378,15.550680242914392
29.755344843436507,46.871498741404416,20.898290023318474,15.517728741472988
29.648901263842394,46.80253718849345,20.767329490493914,15.529314617089389
29.53484620197651,46.74127639544334,20.65267577307349,15.525897206516976
29.542053311270628,47.08845447735768,20.384973136430673,15.451831322076725
29.452847473890802,47.75492104793863,20.01534448078032,15.379996565772007
29.518238333981216,48.80086373902731,19.65117502213323,15.259605143021533
28.084614263731712,49.34559966322356,19.1601837503245,15.173207106160088
28.784223348976,49.74880620521827,18.80413257488445,15.104929121581678
29.1889298098449,50.31540266447777,18.541254251020334,15.18536997877373
27.847794560288317,50.49237364593611,18.112935245891556,15.161601091056186
28.56305969728438,50.83518777386453,17.766531444372575,15.200482193605412
28.951155177784923,51.42615317594495,17.420430076305145,15.37051634000611
29.486053978253384,51.608534613477026,17.128999994746884,15.46516311908242
28.07398787899138,51.568742409316,16.838732521716324,15.43097730325047
26.860047038570357,53.0278858939635,16.728270534574364,15.318441419236848
25.406146796751354,52.46281621085812,16.56331997298532,15.15083937233115
25.99148840231328,53.625836296606316,16.381367609697012,15.17642035180522
26.826873398354714,55.00384441634841,16.253003461348882,15.176836168748043
27.444291918711833,54.95313040226278,16.198372361834902,15.133224131869175
25.92498029114217,54.4603308040372,16.09364501577794,15.093694725338763
26.204112973706355,54.43997190694103,15.976419183072585,14.98214612145886
23.910075957002977,55.67431160950603,15.831888236010592,14.963578820744752
26.27422694738584,55.31634534981662,15.695058404140125,14.950822027188691
26.677899967819805,56.69277057227208,15.612812522917281,14.879993438585753
27.0069899222243,56.35338076690123,15.559916053267681,14.811379918071351
24.98261560997721,57.31854213989981,15.590427563809227,14.838260917916172
24.470308303199275,58.288497636062786,15.648105589077748,14.744520470214555
26.437339194142435,59.009750041861,15.629921864671282,14.7463234627258
26.539236609244348,59.75231029880374,15.614311459702254,14.747015493663001
26.7319598315333,60.60919791730593,15.599547761296298,14.742038307539064
24.45384930422515,61.22371171756881,15.568762247003905,14.761691656224412
23.249375702423478,60.13067412599871,15.569604792480419,14.754982053140257
24.252703457259365,60.76638005629054,15.567043883486138,14.760222886305074
25.855161741631,61.50897325514787,15.56390501135236,14.777932439861459
24.695772307406322,60.70522599952769,15.592414981791462,14.759308410337969
25.189083303789225,61.41203744336876,15.669488896618434,14.808448116878857
23.899585103878984,62.37852960139415,15.781430452536327,14.782984452645401
24.146257115477994,61.90998046543519,15.937879517774435,14.68114002989931
24.490898840936012,62.8974752294028,16.110875183965785,14.625372976062296
24.848797860862526,62.46154021558331,16.21824655434149,14.554635064457948
25.328774215786368,63.70188945431458,16.380875922473848,14.45208705009967
25.37083708524917,64.69303894949384,16.702719117845803,14.447584971934441
25.30122681786666,63.82263248622202,17.00655976896386,14.428969158930355
25.597440637538188,63.48760809124465,17.290991019677413,14.448012561578878
25.71367374036446,64.8246286210388,17.44614648498625,14.88492173354272
26.528701404563193,64.94586842574985,17.590810037242164,15.283414321176426
27.08531360530036,64.54325058027811,17.59728392182435,15.541131937607425
27.70861833586638,64.49189856305254,17.596313665671254,15.692207745271709
26.143361216514137,65.69606358520768,17.705177590044688,15.89734324852307
27.318612046755888,65.58478937607242,17.669805209651518,15.959819012307886
27.94376863686142,66.679775901536,17.65657534528975,15.804904698181883
28.86794496421158,66.24220673459556,17.65931169129134,15.745473732841736
28.920480847012676,67.39394153133179,17.623298746294424,15.876666958277955
28.860928387026586,67.98620046962118,17.700975413211985,15.937788525096686
29.843581904559954,68.32243359077779,17.676080065042523,15.844828918449373
29.163116176010995,68.54260913573088,17.774903673019352,15.803665721218582
30.52009154798024,68.89221404131017,17.667240408481497,15.86948241982181
31.020656683786594,68.85936400644856,17.677303889157606,15.90945715093702
31.678900055187334,69.27215184022722,17.64973874097588,16.006145820919357
32.01803586314048,69.394331351127,17.62559245790191,16.039946119474276
32.766848147488986,69.96633262600902,17.69249480475515,16.105029511024913
33.440752559035055,70.37626192564296,17.731557796390785,16.35691201588302
33.83582395450702,71.18647030720498,17.848583393813563,16.473355647236815
34.848333871288816,72.11633125908936,18.010516866448093,16.59526156539036
34.819342961299924,72.31863501271252,18.21885430859823,16.654474455997892
37.29927853551041,72.55144271014314,18.35219719521144,16.76004041804355
37.73891092969774,72.99002577130668,18.52052003996971,16.882147357468796
37.82248794344328,73.08177997341336,18.67049511780815,16.935034789131894
38.124652377381054,72.78599494728653,18.926428643884005,17.06178979102203
39.12175267855656,73.30241791840433,19.039826823118688,17.21467025297647
39.16499863639898,73.82949561253294,19.057139279684893,17.26498881319796
39.86443340716376,74.5727336968378,19.027907108264877,17.28279547673392
40.48012009686205,74.4278775954671,19.04187348011189,17.23525616527893
40.840453279593696,74.9369263963857,19.026816793870708,17.260341174907182
41.873848217465266,75.15415009222455,19.055075345709355,17.234125905889158
42.61702095665856,76.29430810157143,19.04878841815743,17.460703283572975
42.85512379951402,77.17060032424313,19.168388735063395,17.555223983683984
42.78215754142779,77.77415551744585,19.368101993225444,17.67170518720623
43.23885490149716,77.7714673698992,19.54209626539628,17.702287548967547
43.84838757649191,77.51459416857116,19.702981796411123,17.85992817698257
44.382013917316456,78.54216035642406,19.854793350449278,18.084092914695372
45.18839313313168,78.59325076273659,20.110027915988326,18.283166463938215
45.573891840754904,78.38292113792679,20.36245834478943,18.55430862442932
46.53170384057081,79.02769042337476,20.605469723041526,18.637120865491674
47.28800022494431,79.77865950193603,20.839085026003207,18.729512542353532
48.10820359034277,79.88380456384138,21.125155131410814,18.778339097972825
48.49128787764598,79.7770321423132,21.390388787067153,18.786979846690766
49.473880318398216,80.41096983775599,21.599277601699164,18.729586814737704
50.68266560818162,80.45623808686527,21.878060696067273,18.587377258098723
51.257602027001795,80.82298584664248,21.948875724637873,18.62385501658995
52.97777696737357,81.31905774804778,22.02425527123196,18.658208100986357
53.35938869831604,81.5059249644772,22.08359313298976,18.675195525675285
53.58951512126309,81.90420355260638,22.136579730397806,18.788009129408085
54.67955017867253,82.05951578740225,22.22104003588228,18.92484265880737
55.451788558240125,82.34987512153555,22.204524411657665,19.144712896352086
55.38465692488653,82.70463125454934,22.14095336544906,19.37579280008614
56.742194932420944,83.37663583725025,22.47356559615354,19.548182779810674
57.6227840642193,83.23318929052651,22.587445983527285,19.75400854957345
57.86436609184938,84.09534533385627,22.894533779348983,19.7701081021275
57.81276401493773,84.63968883391996,23.109689142777032,19.76771754117094
58.542522085662995,84.5727649490568,23.278255157507825,19.810244572700903
59.21644583413601,85.12979215037691,23.452414649087196,19.9460473573318
60.2904211611046,85.84329831971523,23.568858040026115,20.299091137620316
60.93714156263524,86.51821500786102,23.58618643728984,20.510464102118526
61.54136816301696,86.28949814716977,23.63276565668478,20.62327840035001
62.433171504730566,86.03848586236317,23.716206163923776,20.726040035040036
63.12174106252486,86.85207819486173,24.058377093577494,20.66984581327259
63.62940615540194,87.0659132804076,24.08636768285539,20.7312298452143
65.04263461491423,88.03442780540277,24.74523514661276,20.76472892098689
65.17035420201717,88.60267743575005,25.28035282045607,20.81584159781521
66.13964726451749,88.30607317223892,25.64237413831127,21.059173273994055
67.50446372507037,89.26486740156633,25.83413628060576,21.20355576451221
68.3962805943861,89.61549591443668,25.880070689633616,21.282278683000627
70.11993483303388,89.7738948735569,25.97763378101785,21.11515488232536
71.14326539201042,89.67104231605231,25.80839773764212,21.177680983009395
72.23391213118755,89.89308353296246,25.66537449434949,21.090446938099376
72.45378701916219,90.18853753033956,25.461050920816625,21.041382119233248
74.34992531932545,90.46223196141915,25.49434466541503,21.079451058892907
75.58240634358137,91.27829782609737,25.39566913309278,21.077182472503686
76.72722442952221,91.6852182587496,25.5152581866597,21.125714661226805
76.76226089328502,91.84323940701071,25.612102151066576,21.1406192572045
77.85847644042317,92.43510310821296,25.858130214733986,21.176675041712528
79.15399174185086,92.4620357795332,26.127178661942697,21.198703943087274
80.5519999819426,93.61441936557023,26.503742185497632,21.21186746940798
82.06051643353979,94.15030622360345,26.873213455582064,21.299791405204655
84.25987084883886,95.18935281585975,27.0767714134666,21.488432582340614
83.57160509885254,95.41683517875926,27.31439428879016,21.640020040169674
83.98038388285386,95.40205129416724,27.811405359589124,21.581542234629044
85.0220264853226,95.94243346020205,28.366267985614773,21.558076682047016
86.02868513286336,97.00974274406471,28.861759780193886,21.667897716219887
86.410817489389,96.23940070505438,29.400150525592927,21.59969304893262
86.91933271992427,96.77146365313448,29.743119244362475,21.671558368478305
87.73883612014157,96.55635528983595,30.401752529148197,21.645322844594716
90.22073587461368,97.43585006291272,31.14983465777723,21.715833258386855
90.17675726640805,97.42339459439856,31.457635589617798,21.793051633520534
92.2158918036343,97.71361951984561,31.74453651714894,21.912696065253517
93.47714146555174,97.81802113867757,32.26101767732284,22.103531867821307
94.61031808180223,97.78834953328793,32.26816917886116,22.18110464325245
94.74387824980062,97.82987457148494,32.39504746575871,22.18764377522291
96.42612563934796,97.93859974969182,32.68078261754169,22.309113654442996
98.0357442688053,97.59673861781118,32.733049760787644,22.445077696577993
99.05397025540725,98.31301599831527,32.709829303468155,22.678868174255427
101.40459821286169,98.29232436778682,32.9210728163547,22.77544923302798
102.42440871333274,98.67653201669954,33.27038809661681,22.902732124937963
102.45205578025627,98.7842524173611,33.58093332491422,23.02870032138895
104.48944176586176,99.70380266781801,33.90905871164391,23.235978432993456
105.88128482059949,100.02377228698808,34.17853732270375,23.452887851784524
107.99153355166273,100.42773791224741,34.716869931072864,23.62314964592832
110.13032329489506,101.33333745725834,34.954396645780065,23.631410709486186
109.9817620634616,101.23446772332825,35.002110193008065,23.623204342828863
112.09066869208442,101.56930990290284,35.09242147799875,23.67111341515246
112.81989759198231,102.18210566626287,35.08383569510971,23.757539806065477
114.18807317492889,101.32823978748584,35.28087800761013,23.689614029020206
116.18614094544624,101.42518979590223,35.605892769462365,23.65887901524874
116.68122637642355,101.22685785000314,35.810159768950314,23.613492807674042
117.36930436447747,101.50570858078768,35.877170525630575,23.63068017152153
119.27447446460093,102.24364563091652,36.11614482428501,23.52051680658491
121.34923646884076,102.08735235120258,36.16125239234346,23.610344745035388
121.94014630187871,101.60586945601767,36.08592274225113,23.61913041398339
123.72207512488015,102.1871885446325,36.19271247898443,23.595671228071474
125.41017874324513,101.69442199882667,36.59964161005236,23.605889642921497
127.3846934912834,101.6583956625058,37.09517216494015,23.603562469109594
127.2057926043731,101.8453089111524,37.27626682001113,23.51474788916907
128.8311900029672,101.11669158079619,37.351082660487734,23.49088306353046
130.34372759531038,101.1874924997422,37.40176474089233,23.368872866319464
132.66376962768015,101.19494107881489,37.31011588733439,23.206537703561157
135.36260135542275,101.32339888727894,37.27871534459946,23.210190019954073
135.5992350521177,101.14431072018863,37.24253423537016,23.291087036755712
137.92447898330573,101.59552120510688,37.05241309891571,23.385741028581485
140.1393728352714,101.97745332906781,36.81311468712917,23.430927877098977
142.945465646593,101.96510164735707,36.70645465347526,23.510076175693268
144.82042452411267,102.5037246351924,37.16494000894005,22.973407134837064
144.98561713747654,102.73644245070712,37.46697627574255,22.538187340869033
146.26447154474283,102.542487591374,37.60416249027796,22.296088779258024
147.54408771528463,102.3894098626775,37.53802077877202,22.053637185278482
148.99721394370548,102.95915531780011,37.364167785583916,21.889949531068105
150.64200713237938,102.90087399574622,37.47853782150515,21.75361956176492
151.54958170643516,102.63385221656073,37.82355469855533,21.66084213863339
153.1299985982156,102.04093404616978,38.01247429481623,21.604050739508992
154.79103359897297,101.87702593962295,38.38161027169504,21.536656597082374
156.08107105529,101.56326772270425,39.06931780878324,21.586521649427176
156.30337418931836,99.18856867585667,38.99535736182105,21.445730095447775
157.21322148255413,99.94882122983383,38.93004300148476,21.46079250954242
158.16058792816355,100.15492391957028,38.89726599138471,21.45672400450684
159.60155437723324,100.47952963436342,38.954122699339706,21.471050613651194
161.38155642141962,97.85223276409852,38.41448408757518,21.633882288293524
163.50038217832574,98.11497527033738,37.86039652144056,21.820616692910995
165.9649074914545,97.97846430386626,37.368428185832464,21.765619453900033
167.05565314415705,98.01245546292745,37.094363476115234,21.652271630857186
167.3565806912381,96.23278502584638,36.98998412524688,21.557967943251732
169.45654115652474,96.82801309160052,36.83674221460157,21.52080518294401
171.22818336963837,97.26578663597525,37.068068069364955,21.53318598401847
172.68237746957982,97.29600183148412,37.54474304086875,21.605789896785094
172.95308446076052,95.27991672750139,37.711932023385415,21.781378655241884
174.52474834510576,96.10408826278895,37.75911905762767,21.915473386027863
176.41091504402692,96.65479529944497,37.58051086425314,22.02394538678196
172.22495465028402,94.18654060714594,37.29629132428532,21.88036520228822
177.90525907496774,95.41094929024844,37.1948911541171,21.875134185570538
175.68447978956667,95.83428905584806,37.170637518650935,21.85567640558438
177.69011422528592,96.21349987493747,36.834191692942994,21.84381546019274
180.44675508068084,96.25170260228391,36.48181963486312,22.094661261012067
179.2406583367199,95.8976391833555,36.30756826804874,22.236329933223328
181.52665009900625,95.77705785275882,36.27653075025089,22.259184458549548
180.1883068672222,95.48674094261929,36.23446530647038,22.289268294850316
178.7917334823221,94.71020806408923,36.196061716544655,22.31929816800696
181.29653785686702,94.80023362062289,36.1297184055346,22.368668670540202
178.83788047698312,94.09756879670412,36.02315983613984,22.449269114199897
175.43039868316797,93.60172080809654,35.95088253708192,22.50861934346735
176.14465890408098,93.13225442186787,35.91511414660931,22.534599990852225
176.90706815877192,92.96444901867312,35.85984088239801,22.570213586739097
177.91224760364628,92.70953482619036,35.795143775867714,22.61431437422957
178.27843949184904,89.900355483232,35.73179597062689,22.656498324123348
174.83859290441342,89.52912029216306,35.69407638762462,22.691925296913684
175.3138793118721,89.23764594946044,35.65956813312056,22.720269869216963
175.41796153627973,88.79851005925383,35.591220549630314,22.77336135750069
175.52166592719462,88.35976966955496,35.52360787580795,22.8257843323139
175.1526583108478,88.04665857663218,35.50247308027283,22.840819834981524
174.63618058707792,86.5148043908375,35.494063381175636,22.84606773255659
172.96533159142686,84.61965299195127,34.7421029252121,23.173773160181344
175.45190138349625,83.12467317338503,33.85090017731604,23.31180098693479
174.26804507600775,82.6049924158658,33.37159526566643,23.39642615000642
176.54185919991042,82.07679122702692,32.91699747058936,23.485461117024393
175.75547032496732,81.33376269490648,32.44752148779429,23.512720607221976
175.6316286652077,81.09244022057432,32.253841621669366,23.513804520968474
175.16242244494083,82.27880398697015,32.11654388478158,23.552676147417554
174.86942454699542,80.9131327533283,31.534696100426395,23.56486330311676
170.67037812916865,79.7976654951403,31.50827130454915,23.430751795170274
175.51393419617344,81.73236543363748,31.196821020515205,23.4073447217495
175.1401694697658,81.496134926767,31.72214687590408,22.76811688318028
174.795805605126,81.03459898019021,31.65481215715892,22.572257482846315
173.25530971902435,80.64418682463997,31.84908660987368,21.90240201489405
171.34338868635365,79.97141732548411,31.8465043149398,21.66069447599722
170.64189958528493,80.99571546834314,31.740584497286562,21.65262410351769
169.84421139851452,80.52453324534247,31.550026303375954,21.39118381815
169.29662165629676,79.9674148715145,31.373354963455395,21.178391933641933
167.1944042467607,79.28265095831746,31.321379183772564,21.126861939715894
168.1705039246989,79.77053044124385,31.177656037536728,20.953192724629872
156.67763244361515,76.1959030918444,31.506628293527477,20.720232400387992
154.44114808807998,75.817773299776,31.840344818776256,20.426802453198523
152.39443950964537,75.23722616372922,32.01603092896886,20.27104236757265
151.52005891321406,76.80430764421645,32.174407400075495,20.158426962521652
150.88482501552502,76.01016554698867,32.369298294017696,19.851179144991413
149.13622244390768,75.13090304967135,31.696829517574646,20.011846306717455
149.02379007972687,74.69372688745307,31.23842647373857,20.19888173662275
148.4991823009897,74.06093366728177,30.84589281608686,20.41839414418182
148.47831231866184,73.69095809253237,30.318779044818818,20.511422943750837
148.84124749740016,75.5366310066267,30.264505452860377,20.555663520362582
148.58174365725594,75.0487918761289,30.283192460159906,20.404522886018224
150.31886951324512,75.39574072536735,30.235174516644687,19.920622290159557
149.67047023300736,75.19070872506828,30.07297237044753,19.68880339433434
151.76571962654123,75.79316074582074,30.14350235001188,19.437851486484956
137.77804311017096,72.88511321823869,30.058720495057123,19.450726746422017
136.49966101956488,72.95232015544882,30.103750190643012,19.32606882987344
145.58636590215664,75.35819684249161,30.48882736393608,19.018662780159183
142.8098971673801,75.16701222324542,30.406405069390058,18.859792637815076
144.45648245507618,75.80278182484116,30.605659935739798,18.65619116636647
144.7730657724402,75.51248645792549,30.559823105909143,18.43642920759374
141.22300940435036,75.44975561599745,30.416773210100256,18.228818527119515
140.43697037003037,75.11090616835952,30.253136723953578,18.05573121328895
136.94205871834387,74.42391719481444,30.100236943830463,17.906666481546086
136.48500826496002,74.21811146233402,29.896363092449974,17.772590151821554
134.99788787413894,73.98848538138353,29.971422984962487,17.67808661313433
132.88177424700746,73.36706828368845,30.02778268169982,17.612357337684024
128.51713861499948,72.64875309944527,29.955943678076626,17.582552035317725
123.24032641128439,70.86997562526257,29.99436460955464,17.44136387874843
123.47649101763648,71.0740814347514,29.93106148318088,17.459081657115334
127.54391782436252,71.74596905199822,29.472365821083777,17.386452958495152
129.73644543990392,72.33071071580247,28.967891015263458,17.267637274433696
128.91704594913801,72.64984722757328,28.617218799666926,17.152732490294863
128.86558635967248,72.7789321907511,27.98395868639601,17.08643302981386
128.1176528509414,72.88740794781471,27.644016711472318,17.017258953850416
125.73183439207641,73.0677354135657,27.603372974295066,16.980669290388143
125.21985634788064,71.64024835529597,27.572138022647565,16.950414773046994
122.63482404882276,72.0026324933294,27.46406541373205,16.858562887875962
121.37247166038229,71.7357876303839,27.479638759033413,16.771400620206194
113.789876827939,68.87616106522559,27.5124870390323,16.64180731497592
110.24080661426022,68.19413383152367,27.563784891316605,16.535784625359184
106.93014392044947,67.87986649366985,27.73440951905042,16.389186883388
108.26043006314337,67.59975950960005,27.894150687336925,16.280358681479832
113.44289845622662,70.06588273685907,27.823908801683128,16.248377443789195
113.48840101697148,69.49499388891941,27.72029969784167,16.237578931553877
109.32807514857492,68.65851023390394,27.608931247256862,16.21159010964969
110.81926409616976,68.28739604269734,27.522166783997733,16.195718161233277
110.2827127032518,69.7889867185997,27.452510008294954,16.210979678614965
109.46305353492203,68.92328828960176,27.43569803108121,16.208091301205876
109.29843369923394,68.6260796207528,27.387178126613584,16.200224267050913
109.13378583119454,68.32945774521357,27.3391875775304,16.19193824107934
103.50362707469561,66.38688315530773,26.951691293531194,16.394590396354907
107.74202652473832,67.14128288550452,26.362957254743385,16.867390862909875
105.75900161328241,65.91366573498473,25.66868107362688,17.371004704392867
104.90827732897944,65.32170694858813,24.889217195257125,17.75438481018321
104.32742346187659,64.8772690111228,24.1824975336422,18.10982051244159
103.59133415432827,64.06112519736246,23.69785566076278,18.372853312462894
104.41604523810398,65.05961742544966,23.36715133054503,18.368259131290003
102.80476669075583,64.62172383952033,23.14069280787071,18.322786363478123
103.15635215206724,64.72443301572936,23.026503871293716,18.190164646389782
100.50705215643922,64.09338563806388,23.037212474610314,18.123636345308988
100.37866424748172,63.84735068349184,23.044537325809507,18.07431190154017
99.63674087838392,64.23196659078258,23.10996887521573,18.0064766714695
97.10170727978192,63.229278219527494,23.12783813922273,17.997125821511407
96.68296788917435,62.2977792912651,23.10459181562906,17.968690200634462
93.11500522507177,61.084941998310235,22.95171213589963,17.96121306458984
87.79156328688124,59.11794982095078,22.818643009351014,17.949100999020672
91.66088027468598,60.66172380096154,22.3196459317823,18.00861009542615
93.02786560135262,61.082702534031746,22.024692812705013,18.108982989698333
94.32515017299446,61.533834162822245,21.935935360705518,18.2609809396979
90.19490562018525,59.57410303761773,21.64589784736639,18.252013586530268
91.2174366973987,60.64839190829994,21.468598735389467,18.19337472417891
88.33526919273588,60.33880645764711,21.36937974386061,18.163890806949727
88.36283940907202,60.05402889838309,21.406939114600277,18.248708439830562
85.25181855252467,57.75083227340889,21.37884111440765,18.17351017900625
87.87505559266765,58.13356708357717,21.312785048648053,17.926817452285416
85.87874819068529,56.95126581340861,21.1568135794194,17.865998754676987
86.42603678022134,58.14595981139691,20.947254868250432,17.8167031792784
87.24756051694845,57.030115009396866,20.63547677822669,17.895804654234897
85.63256065033364,57.625724690330436,20.452125929333516,17.957862594156083
86.54691730429275,56.8662313645791,20.236161959565337,17.816505121818423
85.20569123395948,56.908995209056776,20.085385512127612,17.668589925454214
84.12191912881698,56.91256153105118,20.140755211456806,17.510333981270655
83.1906380687945,57.09259316939968,20.19496009273223,17.158903259246323
82.66175096935274,56.91585004173411,20.352702367367996,16.787617538106513
82.85797047628208,57.15604549907017,20.337865900916483,16.48307485415397
81.18401734440864,56.60027761312074,20.21545241673855,16.25683336908719
81.9620177261171,55.92517985008397,20.195175339539894,16.188472562572528
80.6783235349363,55.667350885831596,20.140576617485618,16.281399657785276
79.67964838979805,54.86948645270229,20.173809499963326,16.443908495166628
76.50818589588731,53.61825718896276,20.039507276786292,16.513177630555838
75.28726209857572,52.25705066333656,19.80656687321,16.523675427215345
78.94706567048839,53.66939121657981,19.897387776564837,16.5588568867231
79.52421874230193,54.16074810196038,19.897478882159554,16.558002084696714
78.49648254583505,53.577137442850415,19.93280848143791,16.685511093079302
77.2845809174735,52.47010426975505,19.938649902299808,16.785950959167494
76.51366179917181,53.03937581581734,20.060885625589883,16.869333483307255
75.85079777312988,51.53660044624873,20.09786553257029,17.09293875544924
75.08745065789181,50.60874000278422,20.018691542717157,17.159184559027125
74.05829641424819,50.22090407634009,19.827831872426877,17.19968527267512
74.6395587450696,50.695288157895476,19.71719722638617,17.17914304406981
73.2065816871121,49.77113187657308,19.541817428498057,17.269002595201847
72.87595198700937,49.67666140463469,19.55292551635231,17.235316987092872
72.28202153583372,49.64979344702727,19.55898116567474,17.13127697869798
71.22069751005075,48.60380935459921,19.470461404893257,17.06303789197819
71.14619586835275,48.67174129590079,19.4029985296608,17.02095890789454
70.0599812832712,48.75640069232662,19.44181768967681,16.9850689866745
68.98949326059248,49.02106710401755,19.43193271017767,16.748250785504098
67.95387544453722,48.64417146860975,19.47013020294494,16.529607714412197
67.6583035860402,48.20568599085617,19.578921394943166,16.406907389535295
67.37447868250311,47.756350658716094,19.66447131130844,16.306430400235726
65.9984581356155,47.706587957532314,19.64227644126226,16.314501505299134
64.81886800203847,46.68521852807535,19.679735631450974,16.34272901739604
63.870866353430074,46.95716855943586,19.444914839617475,16.500281150319402
64.89004516685037,46.05250974866399,19.53417767137977,16.598935810856986
62.683080547483684,45.379378792043,19.389737273577513,16.525426887268814
63.25621786014986,46.100815756849556,19.31169411167747,16.57555894863777
60.94029310132922,44.78800391158856,19.227117256790677,16.537438189544275
60.806808315462426,43.78183550081328,19.11143746643701,16.448958045991688
60.90054346366504,44.15290484225527,19.122103857310535,16.447810776700997
61.05387908859417,44.16047701028557,18.940142027358398,16.354796682630493
60.817771812775305,44.413882571738235,18.810425066640327,16.25701343419492
60.5149585722609,44.2779942955286,18.620402972840036,16.09302418375392
60.35164376399723,43.58917228469308,18.575473595312594,16.00448108594103
59.44112246677324,42.97604640343641,18.481737599558237,16.05323546152198
58.53348676587008,43.11089026100695,18.577310691466174,15.978866028031447
58.39658666784224,43.272208254397285,18.578337353462324,15.888554194435665
57.87264525335926,43.355214512929834,18.564696268091144,15.734859782807426
57.51752947621867,43.50193378703051,18.593984810134767,15.53827092200356
57.01976347747383,43.15846037833575,18.671781707831975,15.349099496652457
55.33516044413453,43.50356351931758,18.787894293446726,15.096882568822393
55.60384007152376,42.99643655597891,18.790890005785563,14.970292031197674
54.72582172390817,42.85349661719295,18.802249991841656,14.851278391275386
52.83500965965963,42.89986181734374,18.92685688935118,14.811799831148008
52.40781583204593,42.94240494763842,18.812960652900735,14.817391100132092
51.93187319896254,43.09385428177932,18.781974088604088,14.799238601894233
51.59903103472326,43.05453624619251,18.85992544636808,14.814594902753155
49.96852926476339,42.71513476066547,18.81729100487302,14.826982778477952
50.403878391193984,42.39475946940088,18.789736930402338,14.840459503413594
48.85216005463895,41.61149733526601,18.83769741485274,14.77303175008452
48.44314316452102,41.55677946018783,18.869485908623915,14.700390152008614
44.24709272429804,40.743005150572024,18.99040282147953,14.724823808662412
44.11387709754732,40.09222526676075,18.961061433083785,14.797978696714951
44.299535638574284,40.18537904200315,18.97909443748042,14.703554649130757
44.194243425324785,40.13472265170107,18.948661537266823,14.625164700748178
44.10460404298807,40.849252804321225,18.9287856567357,14.524586427330057
43.80368884580659,41.04016829605114,18.830941325566133,14.308664138137505
43.51244759939781,40.65539356419002,18.811162394319055,14.22918048456544
43.64226215478035,41.216718977463735,18.77960243996229,14.100356524167912
41.54033874269064,41.17472235113857,19.219685597988743,13.692943544699624
41.540950013182176,41.08945106366061,19.5551489827278,13.366208889631205
40.78135377045126,41.8353595693131,19.853584937427915,12.993711674888438
39.70695008619778,41.83829946498265,20.111271752918213,12.745441429733871
39.382971279596376,41.74999180570051,20.170266334352227,12.526201887753938
39.42666750756124,42.022302108461105,20.29175740236353,12.358072769258968
37.845898352819944,42.28953896265601,20.486319307656053,12.271566143131203
36.86560023461276,42.37971161654448,20.813992656268304,12.342116037514133
36.12371063539041,42.313684716264916,20.937109990432297,12.336914437654023
31.694907928727236,41.76278468032792,20.812063693248398,12.408991222899303
27.938097071772432,41.54276494144612,20.741323377128708,12.631036815384189
27.126296683453443,40.51303289003947,20.59714921422964,12.898539367484913
27.745311478439223,39.9987792215441,20.22785261309246,13.407003212158456
27.48669128418198,39.63230286963961,19.992579712155347,13.85779128269336
28.022937611763517,39.34565535518589,19.78212608659051,14.271570692322836
28.407391112244383,39.153021809464086,19.52405979960659,14.584898874176204
27.914531804385984,39.70835973562642,19.38727775728811,14.866991047249789
27.666448452696432,39.09185587748197,19.28607598189219,15.065255096889823
27.926005500657258,38.399676024487704,19.25729925779671,15.273440519850702
27.80268364420649,38.53061926829205,19.067700807516943,15.43764966694088
28.476137447182985,39.56407328677151,18.940993382571335,15.56229760684964
27.486958087713536,39.91576839505375,18.82403807563133,15.688164461303378
28.18392012694237,39.26626790355587,18.73030146570241,15.784689181252878
27.566308344983675,40.37271394386282,18.62724029870854,15.704272715186708
28.321850714155936,41.779499606982895,18.387498195518745,15.559609508148217
28.818498556584988,43.06067749602528,18.178218881433956,15.622081353430756
29.867200372114542,45.369899636034404,18.11709302137094,15.588694808855616
29.091267026311726,45.35487430727473,17.88272414206898,15.414298390650378
28.311058058787033,45.32166903204217,17.61264612355849,15.301778643621544
28.5567437011584,46.173153244631166,17.340430433522293,15.232625387777967
29.558355352778854,46.32404416011961,17.110798529474195,15.113059247413867
29.556390035586453,46.764594481575806,16.96560008606683,15.120294070886372
28.106323791920037,46.85217463274181,16.61084189308655,15.007814683552422
29.3977418461815,48.594447197038804,16.312641328386867,14.892549893245778
25.79903144633571,48.010064152626875,16.231989294063553,14.843167392935426
25.42859615072683,49.25617486188627,16.02408089835047,14.792952085561657
25.439684250305103,50.509708355033005,15.748177948581661,14.675763849115592
25.547605342729693,50.993807561506564,15.433483896712355,14.675314495368763
29.228391128008347,52.15493524087509,15.31511930399928,14.724811398747192
27.674831395817414,51.476040278652185,15.227554024499927,14.687687649792128
28.677258876604725,52.73150167274115,15.243048088651623,14.624239818126634
26.475990228601038,51.70024129906213,15.222130623153864,14.558710953439403
25.583258007987816,53.980909796318194,15.236342432239198,14.54368772159207
27.2767520615389,53.028674508549365,15.201046286425484,14.525459084101763
26.127256782175145,53.293744511773326,15.21530235761942,14.559178003950077
27.25240342821944,54.04640405948124,15.186118694208199,14.578794750094621
29.019914371465124,54.74855750573484,15.131972776649938,14.670461683042133
25.636351715071974,53.79925850695882,15.257536104420367,14.675435970915522
26.251432470796217,54.43182474969684,15.319336501312337,14.700845134304226
26.8962209334423,55.19919897661636,15.379582216439179,14.715950243773909
25.64880558926084,56.28790569200547,15.388227592530978,14.719340827201615
25.90886904593954,57.08231691361386,15.409411704793083,14.737623400693204
24.631474238871398,58.00169704746626,15.569898712346731,14.83930271485944
25.64853619724191,59.03034344191478,15.62825211723046,14.835960950971561
25.940317658497708,59.84263013130495,15.761062817136315,14.812245664499256
26.152281703134264,58.662312640612036,15.805637159971125,14.83093809713326
24.62635879077624,59.46422175882356,15.855141714240396,14.847010669769345
25.401584033607065,60.56499803099349,15.969769749353592,14.916406058626512
25.6615755416853,59.52400789465773,16.167743276165872,14.99179739544599
25.834874641739326,60.47150138495003,16.44044997145882,15.167983129094779
26.030672582354093,59.88345011529334,16.69533578302027,15.343445276104685
26.267714978103722,60.82642601880512,16.79464618414415,15.421100780329912
26.125540268217005,59.97629955018581,17.0408705694959,15.441949935677664
26.03547965622152,61.58559749011551,17.334875460181042,15.369959070619288
26.30727918384961,62.98610339412697,17.62083757884072,15.35626120073724
26.555363161613275,63.929403862424685,17.773484420714816,15.426709991581683
26.78403446325894,62.90724027803135,17.875845167490624,15.53652573725739
27.093058956686157,63.41694506587518,17.846694302946833,15.658586236223355
27.45998991986686,64.11431955806873,17.87045438014072,15.828397665196867
28.306709189063255,64.67879818600707,17.84530514552753,15.984733988421752
26.856550558026377,65.71471622405141,17.88828946273129,16.036397067377596
31.14674254676424,66.30995730442821,17.759104063136427,16.111994690063657
31.733875927191857,67.00192298545272,17.655817851139837,16.16412566398264
32.024535611843625,66.02466452056899,17.598843283739072,16.175208832153416
28.280932516746528,66.91259720265326,17.598293698481605,16.190155006681174
29.322491616968456,67.83402131726652,17.571291125326564,16.279869724727916
30.790202825583254,69.0154627726508,17.48444358488225,16.28232919257566
29.243762897848725,69.6732098271366,17.571554187574208,16.325849356293894
30.5188419735588,70.39016377262541,17.550243015295294,16.36013654607341
29.080304450301476,70.82044232268346,17.741618598919317,16.37765045607008
29.44232518274996,71.2735321903246,17.874466024288765,16.39031875850754
28.170308467890464,72.08398929191947,17.9778628191811,16.450393105503963
30.893436424652492,72.39661308320652,17.9970467021048,16.49097005543872
32.067950547364006,73.12809433167818,17.98334035991053,16.47732155671772
30.12168937082304,74.27164832917289,18.12273823751333,16.42269361086161
30.47540656129833,75.20159710381151,18.17601767225185,16.43231589133443
29.001610258542573,75.82349133733956,18.230597277275074,16.4143054079438
31.291507703340805,76.86934765846728,18.24524809309243,16.4803471869225
31.376302150204417,76.20885564487241,18.27604797364098,16.48921184937377
31.39098967060848,77.12498286755462,18.30756406935992,16.5153085154214
31.34741340879058,77.6188567512472,18.33527056363066,16.54123691457066
31.69611706331961,78.49512140059228,18.345409905935973,16.5865980406089
32.094649162233296,79.3056937815238,18.3488017551667,16.598913681234556
32.70045311458486,79.68926724458505,18.332592777198503,16.623144120701195
33.589787689052116,78.20142545067733,18.323841831617877,16.634204257283713
32.972009948854364,78.5668636683224,18.316989870874153,16.641030787729985
32.3171994363975,79.35978371289504,18.315729757939977,16.642323271712456
31.456569788014342,80.77323797683577,18.31247397425433,16.6456819347642
32.31857361692758,83.48226552908696,18.330345541205077,16.64722350231995
32.33058724907711,86.98127595159751,18.359090385371445,16.766837907390396
32.54045486782593,86.49967168348884,18.377217514311724,16.928035251762783
32.45589084094581,87.29572330970768,18.492943397533047,17.02449892246659
35.85556600218966,86.00804721796791,18.360790779360542,17.17848775221689
37.08851884890508,87.01509365111914,18.36494972597486,17.169820100681864
34.904130160111734,85.81699116462131,18.54453385481279,17.171228702217586
34.888883761200816,86.68374833141833,18.686167134762293,17.164576203149608
34.868003713623416,87.26916186492267,18.874818257606066,17.204944962671398
34.94051889662328,88.2636782770037,18.95772003183747,17.225370918798003
38.77542035912074,91.76991740612522,18.88126751730398,17.363840231355752
41.93433369003552,93.16481893403122,18.810078199834766,17.48366485155391
37.71363386462573,91.91870833899736,18.94426788208746,17.64776652524891
38.88797631458452,90.83232626196532,18.976229210960156,17.765286471930814
37.245411207005006,91.77552436234187,19.125900479891158,17.859251255979956
38.089104870596216,92.58106691927746,19.20672964345429,17.916274128558975
38.99740658288986,93.02567261602675,19.203207006525684,18.012234172323886
37.34151271144806,93.73740159633144,19.24315417705211,18.10016212937807
38.836824723345984,92.93952491136008,19.256396587353542,18.207968392959405
37.42988211788908,94.70263692643206,19.270813757801044,18.22347524355275
36.84284323192484,95.31248200685361,19.259390311887426,18.23787004650816
39.62395137917379,101.57821937144854,19.2904862808783,18.339252640011185
40.572109888332136,102.62199087601664,19.24398153177242,18.425211599258787
42.20395374769278,101.72758189731738,19.121544900239858,18.56957519664906
40.79050116903423,100.9143127197497,19.15339705233845,18.725033606220144
42.685239968596846,102.09525015905855,19.1627671285367,18.807832981066188
41.09489175154979,100.75533614664937,19.28050103058736,18.845896603495017
42.38938688196423,101.61797911848028,19.42298016253497,18.83619064640548
44.59413461546472,102.29293184491249,19.37429163752007,18.872639282324315
43.2748431341973,101.00550525197677,19.594024893405134,18.665119039851014
44.549645230975315,104.09364923116851,19.589595536961525,18.681032695847414
45.66439555315671,107.26101848321512,19.712819683171862,18.727047708905083
43.876875264925204,105.66325855771974,19.855257615668194,18.73567433517966
44.52944549725976,106.42079144718869,19.96953512833215,18.717773401708357
45.237754499211086,107.26254538738063,20.057784916559015,18.86719107941471
45.965384654927085,107.89611259791528,20.074732032151854,18.82922650392645
48.10055351208655,106.92503869933965,20.07942636128996,18.82988377010999
48.12518535240307,106.78535642380811,20.109780903668412,18.84830127250899
50.75737216616608,108.52485562733341,20.116709499347955,18.851738807154558
51.19264771391961,108.58378693972672,20.113670629945624,18.858240528633733
51.48416177644926,110.42654746013805,20.120828504756627,18.846806296969387
51.80109625054392,112.77800107900627,20.110740343558437,18.840027904447783
48.640185923652375,113.37986633994787,20.419540005062476,18.831143178196008
50.45724671273766,115.64434489279724,20.462550079723943,19.138043463854707
49.37120389399164,114.97254940245628,20.641923696341948,19.377928919138355
51.229445279775604,117.0618313313884,20.74408091844163,19.70868198250824
50.66922740224993,117.2948112851723,20.904820976662215,19.940964679672966
50.041604037391906,116.84605288105931,21.144559531482027,20.11077052560341
49.476887083230764,116.35584394084569,21.425434298645264,20.24050388244821
51.19650019119145,117.67708572393583,21.648299814749038,20.38149738421529
52.87862097468099,118.78264634801695,21.79332367059099,20.329043700445148
55.23109582703547,118.65877446087771,21.93604309048531,20.280224624248305
54.05635480088269,119.80001370711906,22.17471200192174,20.244875810491816
53.216089739776734,121.55047947246445,22.59159206443362,20.239848248612077
54.59688265355954,121.98821143828059,22.737923497991673,20.295522772847576
55.04443534808571,122.91193036110766,23.21075638904491,20.30100212155986
53.097262912351034,123.72515313923958,23.833744439454094,20.41989583970246
54.221122790228854,123.33274695448311,24.341292542203707,20.632242849050755
54.90050550212544,125.42880220488043,24.846989255632828,20.893380849080092
55.7628733254077,124.91013452687447,25.196248007185357,21.117757964582978
57.527296971498075,124.85708615900475,25.314849254738505,21.51877448915986
55.698314096083955,126.63579229108885,25.59461709716525,21.79488788264547
57.036617485934286,127.70441075336065,25.69623979248595,22.248111020128835
58.56682482841367,126.67136037681216,25.662270734739707,22.67843048507884
59.82857681615645,128.5406403588543,25.752616875983886,23.17765872137299
58.95693361628905,128.29196131465886,25.851510070075992,23.54610284096239
60.2889902815841,130.64170381833318,26.230878804686693,23.75779403829513
58.829306319426,132.45335117590594,26.680611957655838,23.87389231898397
60.00465345912542,133.64721225672514,26.96986008586503,23.99553237810974
61.042952641888895,132.8429498596068,27.058933545747028,24.220362165975846
59.92016908345172,134.29173324085332,27.351628505524513,24.262182009699227
62.34966146811637,134.02384626054481,27.274886034321423,24.445417950897554
64.49661859600828,135.13294441461028,27.39188095441042,24.532059346471442
63.13284892329768,135.5716601858138,27.589738855663526,24.619143966936715
64.85523620082441,136.70148932977398,27.679888092495432,24.679568581924666
70.8717840192137,140.64666514664344,27.604126020475142,24.99001021448215
68.31289728864522,141.17299221465214,27.740205260115545,25.12134298070171
68.83410080919654,142.41253497392591,28.070530619907053,25.323999653468842
69.737616619446,143.7856648619374,28.245157100489994,25.38874165509481
70.40208575263767,142.66936702441186,28.310569720451557,25.47878686170106
68.40483639857902,141.7463738784883,28.490234072260872,25.389669498686704
69.67122367015715,143.55377401688708,28.589124520483413,25.650940198146472
70.5272842242867,144.59923814648153,28.726014118172177,25.929920987038027
71.63574614620528,145.8540525529644,29.016989320279247,26.3445434920502
72.58529712677931,146.5925006448624,29.273157935608232,26.63406302347175
74.24816455603106,147.97284126320244,29.509034491060415,26.705070190874938
71.52340035795372,149.27454121614167,29.85559419443555,26.941681881676168
73.92294744817626,148.6229195564641,29.74489169947631,26.983552992436064
75.5324962645867,150.721634574972,29.84416059421282,26.879758514502257
74.53695256597057,150.25199508813108,29.89787673747779,26.78011482068078
76.29769359186112,152.72883873550853,29.959371503781387,26.745690411973207
77.62533029056833,154.5516928647759,30.113004423124178,26.56542814876929
79.0955417424933,155.00224708000474,30.008082236437325,26.424561047981598
79.96842602773994,157.1448623326597,30.162975849705642,26.598928130257097
81.04439913735642,156.65918743716696,30.014041333963885,26.871106139702633
80.2017708368935,156.04450097072362,29.88062754285328,27.185376829165875
82.27217506090919,158.114305896227,30.154796168491334,27.38578572739619
84.07326214229371,160.45315351536593,30.547479078552502,27.362440293042862
85.62728540745799,160.23427862972966,30.92103664749762,27.419235262279123
87.15927566903575,161.73195929132166,31.103168947828436,27.45296052890838
86.74072656110525,161.93183001977093,31.438394504959888,27.383671663190597
88.98181777715897,162.95298866304756,31.828712969306324,27.320077902638353
90.94327672849433,163.42730758619132,32.092376201431726,27.054838541534536
90.47567185600639,163.9004582276041,32.38107588180571,26.749861838424717
92.63106778242935,164.494970947455,32.40848936648419,26.631391012790015
95.13511199253843,165.27774096496833,32.274217436439386,26.454573397502067
95.32872881562855,167.81907489094527,32.44477001653172,26.645313481644394
97.22418467667642,169.92850309060267,32.449071516939654,27.05456415325246
98.24098709304768,169.4154398418794,32.438501972054176,27.26088258480776
99.85403906834581,171.5848311016966,32.47645804190469,27.782069204272425
101.76186612044935,172.80970877050203,32.57390704133532,28.137530417488623
103.77052254021379,176.22752540523126,32.841100522759795,28.601945499318
105.7227104714224,176.36217980995826,33.374785897677796,28.715040749035662
105.59540071424243,176.28909561947754,33.67278376515664,28.976904383011707
106.10283205209205,177.4472205658072,34.23499978952299,29.255156939387955
108.26049600675901,179.15719268597718,34.84276949066271,29.428466311566343
108.38090324718728,179.00488443566894,35.63222606312038,29.938298817627345
110.13246582048268,179.63125056546863,36.11443888917057,30.61587191977572
112.5784770615337,180.98322359173883,36.42286158223941,31.325155094301333
115.56756770887341,181.92475505580967,36.78487975808001,31.7786502697211
116.55075897561122,183.11636504794978,37.26519136027029,31.8418008870949
118.48769222213438,183.84828430365846,37.66441618344711,32.11007680991978
118.19810122508383,184.01080795241242,38.415634035583295,32.38987646675757
117.9556745182901,183.8102192771222,39.11684080600902,32.75698740101486
120.12025928306147,184.28650814979616,39.66780538214863,32.88458493623788
123.73182631916026,185.10366081771213,39.813094771865124,32.885339433932586
126.56636694625384,185.64551821016522,39.5474325354697,33.225839250543146
128.4712191594634,186.54541312649934,39.53562473266202,33.60551685752637
130.65681500867294,188.99554323522602,39.58842566806255,34.16151875173681
130.66179571428626,189.06423575667003,39.941232757879234,34.21930770255548
132.3997217939762,189.59502612688726,40.31580011983114,34.53906293586064
135.2374735787599,191.35235544747582,40.692104907502504,35.0732624604245
137.70015139549787,191.95431173803223,41.20771397281807,35.534939211892265
137.4491224512555,192.26775630348956,41.593280968236876,35.94744493647687
139.5346649823389,192.80988074853562,42.061819071200645,36.27387741330524
141.91014640763632,194.04176190706346,42.54584157216833,36.548598286786046
145.3000997409075,195.4050104285769,42.94322486839454,36.5412660920868
146.70564498300115,195.69811376754194,43.500383800558524,36.48520458246114
147.3555432012899,196.54496538838123,43.975255819104945,36.47541767112014
149.23349444422436,196.23455715973398,44.62127460551384,36.46763281577729
150.13323693478605,197.56483154971252,45.2055684348916,36.22630925173207
153.9298396445742,199.90759739328024,46.669611130854804,34.68941319043584
154.93579302972074,203.0383519703576,47.76001668699303,33.21092119478945
156.85688490980647,202.6496397403954,49.22952087314114,32.03132501434064
159.33649756053472,203.17745651929135,50.660760831236615,31.160419870368955
160.0288419151541,203.18661947089458,52.447033025165666,30.47769714470994
162.92005403040147,204.07156482699693,54.06152136943892,29.991051519175166
166.44699928073186,203.98590347486328,54.74934582315439,29.733803684683238
165.62472938824493,204.28000988629506,55.443829055241295,29.567224939845502
169.10591180565777,204.92003810692196,55.578721834551324,29.137119825438806
