51.5,53.5,87,290
52.92270055612062,56.3898030383732,89.65659254391721,287.3909342560478
55.02726999667194,57.05492090100904,92.07134692377038,285.21009238730153
56.35311691081206,58.31832725939219,93.8119680063788,283.5303981078254
58.876509198880534,59.51337227853668,94.69235132269792,281.7095847004149
60.936927398863375,59.82527128876552,95.27351220285308,280.5121503269413
63.88879072448318,60.77517437040257,95.13767981964936,279.26331164241935
67.72255654952261,61.261387159446144,94.80298289018207,278.20498195038385
70.02696974042641,60.99394211624485,94.9522427129033,277.22863215050256
72.77996637937869,60.45666380388309,95.0860771632702,276.51525602166316
75.748452363457,61.84459253268727,95.44827711970463,275.01987346525414
78.5684178315989,62.40461288059396,95.5126036716716,273.9729056052438
81.6129635297278,62.679813016459434,95.37846689958978,272.99623767980916
84.78195827941016,62.98849951086237,95.14241564790574,271.97000081871363
88.5162299047432,63.74974173118011,94.9797233799057,270.6916481517884
91.23723762704176,64.74315767933632,94.53816093060885,269.239340755846
93.99596827288781,65.97718329195334,94.01913227517774,267.7933362158308
97.72112905966229,66.01766690202791,93.60188794161903,266.6382168836745
100.82428527126035,66.882606885678,92.96305560570316,265.5142220644227
103.99683851055491,67.82001102061133,92.41648733512186,264.3354181852726
106.94072534686376,68.59955066528991,92.2130245755901,263.2172628251299
109.77227382311237,69.7780653808648,92.021957309067,261.73376086123096
112.4538337295097,70.66279042293755,91.98406904839638,260.30850676884
115.20896909733521,71.95150844767886,91.96227220495726,258.768257341977
117.17223977578963,73.05869024651787,91.94693923923799,257.0007660084458
119.87681306460017,73.9584439317243,92.22059009356272,255.42589626563455
122.3865519311208,74.59603588785083,92.59740552382102,253.8314260963529
124.8335908204631,75.17525060593603,92.71936759346406,252.86089180917506
126.50326851307776,75.2311177816447,93.2649654686565,251.65132740061355
128.26677425337027,75.50129320831365,93.45393570994952,250.88836775747404
131.0177740899591,76.08347089236776,93.36195257348453,250.8786484147946
133.26465615743584,75.10229618913131,93.50426345836748,250.30601919310894
134.83295089428185,75.80150396725337,93.54520522704604,249.66761519062916
137.4993378676538,76.34909151410068,93.63173040597356,248.85565916617702
140.19089083193285,76.72736832551617,94.38087144854582,247.47852349922144
142.77999562470308,75.88349298997993,94.67465054098388,246.80162153662693
144.0230825216159,75.25768669703781,94.79044050562686,245.85110308956743
146.14997698451947,75.58683288244164,95.07879397102452,245.17541945432114
148.02428925625532,75.67602299920796,94.99543188826144,244.4689955334449
150.60696873712521,76.49159144959118,94.28244547748602,243.46559383022256
153.19045419339542,76.51707503571278,93.85238729230157,242.86098331214654
155.83736061162875,77.18092060833442,93.23640610561517,242.38996987791324
158.36329854433245,77.97322385240368,92.14665840259183,241.6890614955868
162.1841987200475,75.99147781545649,91.05892900071613,241.48782254378537
164.83437014604513,78.256603872986,89.93885014484518,240.32068526255813
167.6917142032997,77.98129433894341,88.78185837280428,238.97204500180115
170.05399284821243,78.85359796238463,87.15933350599823,238.41031827573934
172.33550113331037,78.1268568284434,85.84172690131747,237.56464316256407
174.85550502502855,78.87523172858819,84.74338834357387,236.5630626144317
176.89133740198534,79.32414879137772,83.75270365214504,235.2641930012008
179.35996076471656,79.68358357253781,82.93168455348317,233.85852593922394
181.8010252887818,79.64619820878889,82.32368108137193,232.19171296177336
183.65180946300097,79.27162141307298,82.05943296532496,231.2153179282128
185.2348963079832,79.32403493080982,82.4067299250797,230.0055953010033
186.67118400573156,79.66466714078668,82.73351156235891,228.30001194756264
188.93267784284185,79.81231099321,82.9066360440526,226.88538000824943
191.07259440712812,83.93963785218278,82.62403630628822,225.15203852708976
193.16314111369792,81.89721867114719,82.6432497855436,224.07212345211872
194.73510968827605,82.07037145797328,82.62187957478758,222.94901545785038
196.05479655905734,82.55276239355416,82.75785282762507,221.68141457309304
198.75278964320927,87.97821397124018,82.29911250511589,219.6103833583338
200.41649683161148,86.98271639070578,81.93253739985688,218.34672697292433
202.16280502310627,86.61808673705497,81.3868366433932,217.19436456181927
203.49803105583598,86.12699885366513,80.88725631255288,216.5131173864374
204.46746229341568,87.6696454069824,80.02799774783963,215.26155628873687
206.4489645029716,88.69045730546515,79.9180244871751,213.81962012766996
208.03161607603167,88.81285615133828,79.44609978954126,212.880522857257
208.80439632921602,89.35292177647334,78.84861159743497,211.83124023117162
210.1792273130701,88.95267657263085,78.23446388906518,210.44222005497903
212.2437017879942,88.4522075330676,77.76578300753053,209.15079401362215
213.73821916217906,88.65499069881696,77.27479203471933,208.42821415020012
214.30212263367645,88.89537220134257,76.81050828889862,208.04356966236892
216.07799404495267,90.18791993481754,76.29854012264198,206.92978194993557
217.6861769484533,91.10187471001149,76.24220587272384,205.30257582674324
219.53345571136703,92.54829652512319,76.0772465829804,204.51134595651433
221.46278149960827,91.88931600690454,76.02415058854439,204.0283437103665
223.80402730646762,93.37430350657465,75.75092687719996,202.51565316155728
225.01619160373355,93.72157723357589,75.41560113033961,201.8080595639783
226.5834355041806,93.82508388351556,75.03469342282929,201.22921019785292
227.02689642044942,94.51148321704436,74.72070347601093,200.1898076079514
229.29810449296787,94.63194283023202,74.36608535419792,199.08661677465392
230.83189710188378,96.40619672674956,74.270470456114,197.20991901255604
232.1612293995897,96.94174571913487,73.95822471827664,195.50892349293815
233.20053843405077,97.11389054830536,73.91960279651029,193.73513504290253
233.6254886344638,99.20648135219466,73.50969026375482,193.6450867397199
234.4423088180501,104.4139441124996,73.46738006721367,193.27935460137317
235.95181387898097,97.11148277424523,73.0216347826169,192.19099419682723
236.21704961785645,102.56023655867911,73.02857737881004,191.19562629165577
238.1281765757933,98.73537836245721,73.06228478572075,190.67169575721968
238.7174989430897,107.33007174763965,72.6771292092815,190.2993084222796
240.2079767024316,98.85465172412847,72.2542045343324,189.72125213751485
241.83121897374207,99.04836274852137,72.17073440363778,188.26764318382183
243.10638627780102,99.79133466846964,71.96863301848128,187.04744242072658
243.93861210098788,100.13628123475732,71.84378746646792,185.90477610456702
244.52801064808082,98.47534661543659,71.659142918211,185.83384715785996
244.9525658366735,99.89748479243126,71.35295128272864,184.82260090850778
246.97182894635569,98.65814276659039,70.93310601734376,184.45681922761506
247.692472149137,100.53610240879942,70.9993079817229,183.54413925060055
247.96943196561415,98.97266854301155,70.8687146920665,183.34279352888345
249.4565588739776,97.05915766307365,71.08752008134852,183.15425323126414
250.69342596761538,100.03114289881195,70.76923456922859,182.63391871941278
251.26344224142596,99.00897487556324,70.64310146714121,181.4494480318251
253.46327705991558,101.77912481168411,70.45472600435627,179.81669658716515
254.66952316291474,100.83431164023095,70.02612147078227,179.2645797946192
255.98335837034932,101.71209228394085,69.86998578491702,177.63279136677278
257.1333205835378,101.77777139948486,69.37091902169468,176.67734790008905
259.1578390338843,101.77955280964203,69.24280535403395,175.77313189631448
260.2434439693246,103.32036031525183,69.02677052530575,175.10734821253322
261.3854916060478,102.00963025171498,68.56887573708883,174.7532638869397
261.8762888431465,103.69327732586098,68.11402282716529,173.95093450991845
263.36771512643804,103.050176331909,67.80116509166741,173.0879415419966
263.78886836043165,103.76501485042591,67.48556472319032,172.36939929633698
264.6869540460171,102.958109184612,67.1400870785591,171.66757852309115
265.2193028076445,102.03682161095394,66.79069232067368,171.2350410414705
265.8271639034094,101.22300649811369,66.60423541368203,171.07360113775647
265.5656836181869,102.77530278213978,66.45686426758965,170.25999129294038
265.65432398968903,106.93821915670718,66.09384484183855,170.91191027567814
266.5535135914971,102.01271251467162,65.8786333103796,171.13094075640453
265.2142322909685,109.47403433274243,65.67337871554462,171.05317340963057
265.467780129061,101.8828725572624,65.32996074667408,170.31626936049298
265.21422119313024,107.52090434927119,65.06760929776141,170.11954957225177
266.0127294176941,99.90639577188357,64.65842174706353,169.90412779270085
265.7888627800759,103.32890353927523,64.51256219974837,169.68726272102177
266.3055097893651,97.91213691752071,64.58142279371116,169.76802744799028
265.85832310149755,102.34805944351193,64.40530080239606,168.65070567329056
265.37147322600674,110.13396533654502,64.35198021818024,168.1307928435232
265.85911260473915,98.8088869298236,64.19268070304022,167.54378420591624
265.83772387730926,100.93903335911999,64.18241535121504,167.2730533819304
266.7350850240464,96.61010883749458,64.01684702464443,167.11512750757868
266.741857513692,98.50464615304013,63.80120440591162,166.94142005063614
266.442005437666,100.91325217150288,63.814377872538955,166.91548971384492
267.6315568779862,96.58954516350627,63.62903824797147,166.6061671652019
269.15257150268303,95.18803896582182,63.905281589215065,166.113194338708
268.6378968041958,93.5105390039785,63.31400882813901,166.1968474549148
270.0443944505128,93.70643500266894,63.33104183102198,166.16731955427082
270.6708382267717,93.52438026714071,63.06161857913658,166.62113881388814
272.194271455712,93.48576719046292,63.211060495660945,166.6435017266739
272.81120362876175,93.88463479517779,63.067043714258666,166.87696430357533
272.5775590157574,92.9659779698233,63.15818370311143,167.27818104762233
273.43105607725965,93.11547826618741,62.86205679430987,167.74995785920242
274.48126448321295,92.76703373917812,62.376034289539845,167.9869188476826
276.15803874307954,92.55675414489218,61.93393520217971,168.2482957708536
276.52048559714626,91.9954173971172,61.579528945599534,168.19276651810492
278.24967521620533,92.27081481070577,61.165670562431366,167.98331941512706
279.0648584529845,91.77687353310867,60.94131269006175,167.8917269251171
280.05680301896894,91.26996542007191,60.769137253618965,167.63617044954572
282.1102825418717,91.15657129000274,60.50084202426548,167.5250982446343
283.9156773205452,91.63799857170092,60.252254872847956,167.17534170655992
284.07538261409803,92.36950756497022,60.214079235569606,166.7897335834933
285.9287103630416,92.61088142324422,60.60073314014826,166.27342176504067
287.2284697085074,93.0456425327269,60.890005056669025,165.6988778666739
288.6222637714272,93.923103037059,60.97538250509402,165.22085309633675
289.580637501822,94.60766551659388,61.212243604866394,164.47247999502454
290.9104968723571,94.54200840597912,61.50115734251033,163.96661674890788
291.6480917797469,95.05917629410078,61.63140707145474,163.28168733424445
293.282610200083,97.12182061977781,61.67936775885872,162.21195116549538
294.5016420977351,97.36115705590595,61.57877568711101,160.96047570191524
295.6731832251778,97.24852961349181,61.29126904143274,159.64410341808812
296.12639591038214,97.02361164668724,61.36799266308568,158.5117571827367
296.5105564744563,99.38901174307388,61.60368888799532,157.53228355093754
297.4573590624119,98.89584033742085,61.76904152725434,156.82571795598597
297.4481434594799,98.87723451608967,61.662830703713695,156.41158001239992
298.40824516549026,98.09937798225522,61.547654180540405,156.38608997700334
299.22753025116623,98.20528200144356,61.34435861017108,156.3217119860195
298.80590821621746,98.75614609234367,60.98828605924184,155.74056993722252
299.3474364606765,97.4643373096606,60.873104454929255,155.5038206431526
300.0088020608967,96.74383838382947,60.6898713690747,155.3768970947447
301.16573675569174,97.59384430254278,60.227343942298994,155.1743716102386
300.69656964267426,95.71363152481094,59.982042933501084,154.34464680940957
302.16300198371204,97.31548913414699,59.351024278799876,152.9337823235408
303.1588001636721,97.95960493920843,59.04657720514994,151.6328753098006
303.28167117075236,98.54853968638817,58.56034839031868,150.42926213722896
304.0484890637444,98.71031563202065,57.924861379435335,149.54295847594446
304.91300249580047,98.72389577435763,57.30456053995092,148.919868628225
305.95504519100865,98.22947927696293,56.746001196287494,148.2271383648433
307.41861572060185,98.93128930846788,56.60832604133693,147.536952819217
307.6837366602916,98.83742815110732,56.43534441896314,147.06489445280485
308.87358487259803,98.33350573682395,56.07926764614473,146.59033695669507
309.24220154072117,98.35499152751191,55.99855193475345,145.8903003414065
310.2258863743938,99.4482854469581,55.84545252535801,145.29526189902901
311.174093991639,100.26259951119229,55.44161210184938,144.75688688526094
312.71837749373975,101.9569003061356,55.12453447943797,143.72166526020283
312.86158008336014,99.69829136130926,54.70391431780687,143.14047826551712
313.77487375887563,100.35105983533924,54.05177724505801,142.53449778737445
314.11853485090273,99.51954032904591,53.699311273142996,142.17378744845965
315.3670509817148,100.63645569598037,53.30315224340661,141.69778959937923
316.1366078336493,101.83017077533829,53.07195458472651,141.2987913712054
317.20431565424843,101.16217660189115,52.974161633729025,141.2055562998639
317.60508043549925,102.18586229914953,52.65048235938016,140.97556092291762
317.92803134620385,102.11483048278802,52.47385037988028,140.39640161853356
319.24124944469736,102.77122537030291,52.3362333052078,139.71457725516683
319.03007351966454,102.38094319366806,51.81983023908227,138.88801167698665
320.00541322878496,102.07155061059007,51.344738188852986,138.22012389335168
321.1300620857241,102.33995029210215,50.91975697659215,137.51737870236656
322.01302702205686,102.71004058013436,50.36931947167099,136.78805781132078
322.55742760263973,102.45418064536985,50.18266137166631,136.29855065963247
323.5516038269445,102.83839634831469,49.76227264242484,135.97783426796207
324.38424166206204,103.09599121374006,49.53842408381537,135.30421717943767
324.49656510105694,103.49379159793665,49.26703101518824,134.54545955072274
325.19421013546435,103.868649386608,49.13318789919321,133.7757593089846
325.27734072153794,104.33029302935883,48.788802031029775,133.1371277136761
325.51087746509774,104.66896689677847,48.5092837527124,132.75599300965195
326.8460111470636,104.38340841924145,48.268001984483675,132.17726043069126
327.3230467369771,104.87031228307538,47.801468427108475,131.99706810381457
327.5245993252431,104.87580405416762,47.48427868195675,131.58849094419082
328.5749758107017,105.9107563399915,47.499918323496864,131.21031246106693
328.0484196013484,101.49801980517518,47.95463265279452,131.48314938415416
328.7450516706869,105.3338866715454,47.616159010943804,131.7462897091835
329.97753460583766,105.89548110046854,47.501028059618065,130.97559920386482
330.3480380988669,106.4105799550581,47.418120546082356,130.13420492905766
330.4882162184329,106.75817952016293,47.60034862368085,129.46033760644647
330.5890572445775,106.21174070534522,47.53867846311434,128.8312296575449
331.23726777707924,106.0757151345616,47.48269728992606,128.19831998797397
331.0336354001313,106.10969677842445,47.230007317125924,127.98990017277676
331.30219003619897,105.42383786729201,46.87757722537423,127.81454880310895
331.6599173719909,106.0546753019925,46.56597379466365,127.70131632128883
331.63276113574926,105.73787115537262,46.188881676540326,127.17007461796183
332.7221482753194,105.69790134765958,45.95562708314526,126.7080084560289
331.94085017781856,105.18623254774847,45.67349528513547,126.09678284822476
333.005925970325,105.41374227407618,45.574199355792715,125.53063690563205
332.81151709317095,104.79705784977685,45.74152671205152,124.8358388879282
332.60127376581613,105.21115856257889,46.05227496469251,124.04356530190134
332.9914134434668,104.68328438378856,45.8805651122217,123.68026332359788
333.0971676773881,104.87105339826458,45.5182473414531,123.16917129391058
333.72881193611187,106.26551850300923,45.07763250240362,122.0169834378606
333.62193919045666,106.5039913256319,44.74493411410966,121.33436774878916
334.81925248505854,106.93605929863853,44.390703976856024,120.44363921844905
334.39560841569516,106.70629473412352,44.02208346899923,119.96229281723615
335.07811173651953,106.57398371568179,44.03285740977843,119.60712126023608
334.8198064510968,106.3325330599294,44.1639487741,119.18438691681457
335.07902345587377,106.3760801214019,44.20880053257814,118.74489722955187
335.314813182663,106.24320812713657,44.279442267544994,118.2023754128381
335.6425312035057,106.73220986458234,44.01307009080584,117.73227366609976
336.02483870003334,107.14240245414459,43.617381175831774,117.3093136318861
336.15873687222245,107.69990044256386,43.28842084348908,116.42396888264096
337.070715093697,108.27555735737911,42.91679427457873,115.86113630043552
337.1667207759459,107.60231692267917,42.39277478668304,115.46523059032188
337.0722340901591,107.4912646645804,42.18659561924182,114.90151241698618
337.1434929834002,107.26335929399343,42.454523820937894,114.46320288218583
338.0011201315098,109.73455761512264,42.382918268348085,114.049713062132
337.5497087921477,109.73861192358217,42.42393455440264,113.78498520039902
336.94072530090114,108.03289831741031,42.37091176123814,113.28831586084762
337.42347471541007,109.38304288825576,42.1819369395407,113.19845123774192
337.9893469907924,109.1752568911787,41.94245443034477,113.20324029866086
337.5905695746654,108.2922712827413,41.89925439599884,112.52061456118996
338.62914071922694,109.75479715148782,41.64062323530124,111.92171920148928
338.1124973920982,109.632591283694,41.430254565576504,111.4265249738468
338.1483995154815,110.39401726424308,41.25570448779723,110.82003100682823
338.1646271852935,110.51726926235264,41.13179750327577,110.24188989632268
339.1854752699101,112.36959436510737,40.91705426830765,109.85505761722007
338.0268121832039,111.7942774781158,40.87152309995367,109.04544780847769
339.4076833447335,113.00595385013571,40.46768902579586,108.79747124127198
338.463165395995,111.7677357752329,40.31607527079174,108.20418330813085
338.5815688707213,112.35456977439634,40.036136090699785,107.94288026952074
338.0944585850637,112.97622091824636,39.824619648198116,107.39298527895511
338.8872990507732,114.4024205113009,39.6160693444112,106.77262220658504
338.6623248998821,113.99345727413055,39.450948495268804,106.05342428555524
338.282600071021,113.69370499481415,39.3118658816057,105.28141511986095
339.3447502972344,115.26829036288864,39.181700570551726,104.48614696206587
338.58830117873447,114.12965069492435,39.081897510745236,103.97918438324528
338.42483743330473,114.30930534615747,38.93939741600286,103.50015262503908
339.43792179009256,115.56841532804981,38.808356714130696,102.88116636009931
339.4490098698218,115.88992446725031,38.64128437523454,102.67333595792283
339.17403484756454,115.21527205345026,38.73446897666244,102.17023440296218
338.8285254172092,114.92597119085815,38.78644790369164,101.69588014307713
339.24786516016303,114.73429808459602,38.60467418808581,101.26698003296958
339.4987357183925,114.8381345862123,38.6056250558036,100.82829145182467
339.4634716192492,115.83155521674684,38.64375910568076,100.37337443849731
340.02882271081387,115.26849954030767,38.6076531892979,99.90232342546224
340.542464853126,116.93395319435973,38.66192284067837,99.39376828830234
340.24396138741304,115.76277431725842,38.59287647696874,99.41133771051949
340.70462675284216,116.57523663504774,38.36896914460523,99.0406585945789
340.8907704526742,116.64948261059217,38.31150218356463,98.90097249587342
341.5755776211477,116.14560606616664,38.14176928105811,98.80269810078435
342.10196800473136,116.09841882002738,37.72177586073076,98.6654092914758
342.0843527865336,116.71915421735778,37.418755540862534,98.37952332090019
342.5470143279168,116.17853431206184,37.22584527319006,98.22339812409157
342.7452520716885,116.31162505573486,37.02836217210704,97.88511330029209
342.2757832378519,115.94608601686676,36.86050953559629,97.48845087567082
342.31077563949077,115.8972759060026,36.87425244226756,97.1440848047985
342.88349693871385,116.28817457258486,36.793655048174685,96.87854773793798
342.6788391266766,116.31396354539464,36.63448731958806,96.57011344022762
343.223709781581,115.126612531826,36.541576830816595,96.61278445578345
343.3913407644841,116.04013837306047,36.415458295004996,96.25375714636901
343.5165086747532,115.31329768114412,36.244005243216975,95.97299713062745
343.5995249370819,116.79500254987849,36.111089178405976,95.45890031849747
343.515613157621,115.32238875857476,35.93267853494295,95.5018003635683
344.2241785323776,116.58202530287386,35.86057821240876,95.03671147334961
344.1199385912853,116.42629182679111,35.561794851394986,94.69071904727261
344.299803656582,116.44496052873296,35.473342267684174,94.28281104335612
344.1182755827458,117.26068606355014,35.28020124891371,93.65878492432144
344.9671006119758,117.21045658210525,35.18590552528498,93.25567094638477
344.57636697185137,116.93528758976504,35.0532605356555,93.28036653604569
345.09389249686245,117.00159550361789,34.972093968017006,93.04830054479673
345.3653122050282,118.08411005262829,34.89260729149649,92.55455218846754
345.25852965593737,118.18700810806611,34.8224062988082,92.1332187679453
345.71757627412603,118.09779496159851,34.698428844215016,91.69065842042716
345.95043080653613,118.11924968046202,34.53220757880082,91.39181158522013
345.48928627190685,118.68028520173002,34.37640001987026,90.99766798904949
345.7509604763372,118.458601388723,34.299152352634465,90.68425630197608
346.3102946606349,118.50702322287204,34.25457529930854,90.44923905350831
345.9831531266605,118.60948843908989,34.181870588116794,90.15075413920863
346.2020405895411,118.11170084110049,34.171290853738896,89.84336512467718
346.31492523671415,118.85758087221262,34.18788295594404,89.39747441288627
346.07228507468125,118.71956070951819,34.063681885718864,89.16620315570981
346.1884094062427,119.19900334758853,34.018263132278214,88.84930025614459
346.01493492433355,118.3698384880741,33.88259769809398,88.71980665573834
346.7329684486276,118.80547274600949,33.882023045860464,88.39173904995896
346.0331210840408,117.86568266305551,33.801246998476245,88.43937331971823
345.8940348133753,118.36225132160536,33.73483474695476,88.03925137537168
345.9643371768447,117.89589343436398,33.769593277543294,87.84213619339539
346.13892485311703,118.96657600537668,33.84006627428376,87.20807226272713
345.4066935242548,117.83993804791797,33.83001325550977,87.12233197853259
345.86115774478077,119.436905347478,33.77243351259709,86.61649414111602
345.3224547684981,118.29641942085208,33.7585052414151,86.56013398409871
344.76463411662763,118.4898381595965,33.615984285100595,86.36728105982776
344.9306401391047,117.98836698848444,33.43428900009043,86.3902035942363
344.8287636093045,118.62766573508273,33.25480463817828,86.17455289745698
345.06049468186995,118.7401387400231,33.08930348967506,86.00244816723193
344.63986009027536,118.1056573640144,33.07963643886691,85.83367858034397
345.1418662824111,118.71797464343041,32.89085066907069,85.43619067087262
344.69225977900743,118.44303481230486,32.76521891021492,85.19024395763925
344.9814855356086,118.58572467860321,32.46665289768208,85.44238135541745
345.27248381930457,119.05946551330695,32.152607043924654,85.42219191375506
344.400550128883,118.57621348169369,32.16590685026662,85.1299628236384
345.4732935438022,118.67957338615139,32.06667250951831,84.68417847028367
344.66839138052137,118.30989887281324,32.06777393805439,84.34442378869275
345.10300961623494,119.72970477432516,31.808136103254512,84.08817218082882
344.75567020175856,118.84120993835535,31.848929865697986,83.76912565701345
345.1109355133588,120.08798168515216,31.609937368966104,83.65290817507754
344.83043497570196,118.90418543230638,31.612194132947096,83.28783037360968
344.5638470497871,118.78937542766859,31.63547054734934,82.95411454695156
344.70920844300326,119.44964864702163,31.63294265570765,82.3875963093487
344.2191064886821,119.32891007375395,31.625169536456934,81.88785798843105
344.2316667780981,119.92348523361768,31.57188277901108,81.29767897598126
344.670565889395,119.55355136152812,31.52455678732849,80.928435053481
344.54534398095586,120.01621700332714,31.438997062260288,80.46023387418632
344.8252790956913,120.81520584540694,31.34695561320213,80.02631046458575
344.5723493865605,121.01297875802977,31.235442816669575,79.6943284332377
345.01371190268367,120.31165345388692,31.109742907065755,79.63543786568113
344.6144297097995,121.03008981916796,30.97434208668789,79.21013260853061
344.9310556489796,121.36610937844385,30.62793851498349,79.5714701837044
345.14285655153196,120.3912905472892,30.593774742982752,79.29416292261283
345.84580969683685,121.42858368076423,30.489235854449728,78.83196860436273
345.0446527571713,121.84697280992388,30.425644854210788,78.39442988614351
346.02524224605327,121.3663070287144,30.36497976385231,78.07773188751969
345.412050775314,121.6111458558279,30.295906653504343,77.72450380871689
346.0454626040615,121.77623899445626,30.274025065062958,77.3722210819509
346.6060482106855,122.30217979921864,29.984331613083537,77.37885227931856
346.67584755645464,122.3732081710781,29.87944755700687,77.05477674893083
346.3433638077403,121.66941783998584,29.783550856227762,76.71060729953547
