1
198.2366,21.5690,71.2386,81.2857
199.8529,19.9889,69.1321,81.6860
201.2919,21.0818,67.4064,81.2463
201.2402,22.0396,66.4925,80.7273
200.9302,22.5771,66.0034,80.6000
200.2351,23.4091,65.6343,80.6334
200.1024,22.9521,65.5436,81.0566
199.7654,23.7675,65.0273,81.1503
199.2639,25.1872,64.6555,81.3789
196.3774,26.2990,65.5176,81.9868
196.2856,27.5056,64.7914,82.4544
195.5278,29.0213,64.1430,83.1208
192.6696,29.4661,64.2190,82.7726
192.7830,31.7291,64.2246,83.3031
192.9146,32.1680,63.9251,82.5376
192.2635,35.1369,63.2325,82.4888
191.4175,34.6278,63.6962,82.0641
190.0821,36.9534,63.3168,80.9702
188.8236,38.7612,63.2437,80.0262
190.0360,41.7527,62.2189,79.5660
188.0303,43.3729,62.3375,79.1226
187.4437,45.7184,61.7352,78.2466
186.8563,45.9447,61.6175,77.0215
187.5744,47.6759,60.7000,77.1511
188.2625,47.6616,60.0136,77.2404
189.0889,48.3265,59.5853,76.7416
188.3955,48.3661,60.0862,76.5215
190.2067,48.8544,59.2400,77.8504
191.4010,49.8462,59.1960,77.9624
192.6419,49.6802,59.1668,77.7267
193.7215,50.7285,59.3593,77.0351
195.0681,51.1876,59.3082,76.2566
196.6784,50.9392,59.1016,75.5101
193.4554,53.1332,64.3736,69.9660
195.9615,53.1765,65.0071,68.1504
199.0081,54.6247,64.3084,68.6083
201.8678,54.6066,63.2228,69.3502
204.3198,54.1727,61.8568,70.8621
206.2891,54.3295,61.2955,71.8363
207.6004,54.6859,61.0232,71.7826
208.0297,53.9442,61.5253,71.5292
210.0251,54.5253,61.1344,71.8692
211.8523,54.3815,60.7351,72.6815
213.1243,52.4165,60.5690,72.7907
215.8029,51.1868,59.9440,73.1905
217.9767,50.6095,58.9688,72.4962
218.7390,50.4784,58.4269,72.7167
218.9309,50.0728,57.6211,73.7493
218.5909,49.1397,57.2911,74.6678
218.2677,47.5989,57.0852,75.0861
215.7141,46.3068,56.9976,76.4641
212.6973,44.1735,57.0054,78.3237
211.6045,41.6325,56.8584,78.5438
209.2153,40.9751,57.4476,77.6668
206.4940,41.3921,58.0721,76.6894
203.3075,40.9202,58.8242,73.8750
204.0599,43.4620,58.1805,73.7605
203.1785,44.0328,58.1765,73.2749
202.4267,45.9826,58.4019,72.4875
198.9834,45.9418,59.5127,71.7563
199.0812,47.3844,58.7377,72.8389
197.5349,47.6512,58.6640,72.1106
195.9335,49.0995,58.7148,72.2909
193.6650,51.1189,58.9428,71.7816
185.4857,51.0907,60.6843,72.2460
176.6752,48.7729,63.3691,72.0478
175.5982,50.1550,65.3279,71.4996
180.5307,50.5373,64.4303,69.5363
178.0932,44.6588,63.0943,66.8729
172.9006,46.6914,62.8802,64.8897
160.3172,61.4502,65.9867,67.1496
155.8599,63.6337,66.9399,71.3121
151.0043,62.2604,68.0191,73.9632
147.8858,63.9437,68.9008,76.0070
146.5021,62.1280,71.8851,74.7456
145.0382,61.7297,72.2591,74.8653
144.1917,66.1264,72.1745,77.0630
140.1303,69.1645,72.0864,78.3323
137.7935,68.4644,72.3239,78.1613
135.9893,71.6453,73.1368,79.8251
130.6524,70.1844,74.5151,80.2477
127.6465,71.5092,76.0063,79.4981
123.6690,77.1152,77.3005,79.8800
118.2232,76.8767,79.9383,79.8443
112.6206,78.2199,82.2311,77.7077
107.7757,84.9952,84.1761,78.3266
107.1584,82.8830,84.9419,78.4756
102.5711,83.2845,85.6193,76.7432
96.6377,90.2843,84.9170,76.3642
93.5085,89.0405,84.4164,74.5484
91.0577,90.1943,84.5761,72.3289
92.0658,96.6412,84.9755,71.6859
85.2505,102.8306,85.5953,72.3238
84.7395,102.4462,86.7690,71.3012
80.6697,108.7312,87.5055,71.3826
82.0361,108.6972,88.3533,70.1980
80.0705,114.3740,87.8869,71.5941
78.4715,114.0237,89.0551,71.0680
74.0626,118.9626,90.7443,71.8001
72.9078,118.7367,91.8426,71.1350
69.2293,123.7587,93.5841,71.6371
70.5096,123.3593,94.0183,71.1565
67.9106,128.3015,93.6122,72.2735
72.3866,127.3446,93.1160,71.6119
87.1561,120.2083,95.8250,69.0870
90.8865,122.2700,100.3655,65.0716
97.9646,123.9736,105.0674,61.4441
95.6496,124.6062,105.7886,60.1588
94.9495,125.2235,104.8241,59.7651
116.2453,116.6439,104.3031,57.6553
110.0979,123.4640,95.4164,63.5980
120.5408,117.9815,90.8289,67.0009
123.0403,115.3880,86.2182,68.9775
125.4343,112.2651,81.0676,71.6824
136.7372,104.0861,78.2380,71.0988
135.9479,104.4196,74.7386,71.4904
133.0771,108.7514,72.2319,75.5714
136.2905,107.0662,72.8186,76.8424
145.3406,102.7171,68.3058,81.2366
149.8746,96.7396,65.8013,84.1658
155.1711,86.2854,63.5719,88.5513
159.3791,82.2903,62.5686,90.2100
163.2849,77.7497,61.8848,91.3245
167.8248,72.6948,61.0631,91.1004
180.9260,62.1808,59.4199,91.4874
186.2986,61.1362,59.7525,90.2850
193.2326,52.0335,57.8864,89.6580
200.5617,49.4688,54.4754,89.5672
207.5638,48.3915,52.2159,88.9355
206.3287,47.6667,51.2123,90.5038
206.5517,42.2881,51.1626,91.4412
213.0908,43.7832,51.9609,92.0250
215.1588,45.5946,50.8931,93.5759
216.4505,46.5130,50.8124,95.3777
218.4904,49.1604,50.3117,97.1850
220.2955,52.4253,49.9784,99.7503
221.0927,54.4000,50.7175,98.5903
222.8359,57.0867,50.6099,98.8419
224.3315,60.0345,50.4097,97.7160
225.4144,63.0426,50.7588,95.4065
227.3318,65.8304,50.0774,96.5093
228.5851,67.1904,49.9946,94.7727
229.4617,69.4455,50.2077,94.2669
229.1772,71.1632,50.1673,92.5813
228.8412,73.1137,50.2204,91.9457
227.5006,74.0161,50.0868,91.8660
225.6570,76.9089,50.4579,91.1356
223.4487,79.5187,51.2970,90.2422
229.1132,79.8471,52.3581,88.7722
227.3391,83.0382,52.8549,88.3319
225.5089,85.9430,53.4293,87.5696
224.5620,90.3186,52.7257,87.1529
223.3418,92.0110,51.9061,87.0812
222.1917,93.1158,51.1219,88.9315
221.9871,93.4376,51.3501,89.9492
222.5053,85.6058,51.8108,88.7052
222.6156,83.5162,50.4072,88.2344
222.8072,83.7202,50.1516,86.0167
223.0574,83.6928,50.7039,83.6841
224.1003,82.7692,49.9531,83.0135
224.4710,83.6084,49.3602,82.4498
224.7984,84.9777,48.2830,83.3261
225.5028,87.2044,48.8037,83.0417
226.6147,87.6597,49.0804,82.6696
227.6329,88.6506,49.0231,82.5327
228.6873,90.4968,48.5943,82.0930
229.7260,91.2364,48.8496,81.4078
223.2540,89.8494,48.0466,82.6908
224.7115,91.3159,48.5097,81.8360
225.8247,91.7014,48.0016,81.8691
225.8448,86.4595,48.0888,81.8243
226.3845,88.4882,47.9214,82.3937
227.1452,89.0476,47.8362,81.9710
228.3922,89.2722,48.6589,80.3642
228.9542,90.7403,48.4335,79.9712
228.9297,91.0871,48.1367,81.2395
228.8453,89.5763,48.2595,80.8430
228.5461,91.1348,47.7309,81.2288
221.2495,88.4258,47.4617,82.1843
212.1929,92.9891,55.6497,78.0133
204.2734,91.6747,60.9659,74.0564
219.0208,94.3304,62.5707,72.1503
218.1068,90.9074,63.7009,69.8017
219.4467,91.0395,59.3101,73.3164
225.7574,93.4226,61.0251,72.2911
227.5955,87.8462,56.5000,77.1807
2
0
0
0
0
1
157.5682,86.0879,55.9726,89.0668
157.2366,85.0418,53.2276,86.6882
157.2690,81.9777,51.8627,87.3816
154.9562,78.6748,51.4966,87.9436
150.2972,79.4773,51.4424,86.7811
145.5721,79.6100,51.7741,84.3423
141.7407,77.9494,52.6576,83.5177
137.1880,79.7625,53.1853,81.2178
135.4169,77.2801,53.8841,81.8163
132.0660,76.2926,56.0769,82.7049
127.5232,76.6650,59.2494,81.9518
121.8899,79.3005,62.2759,79.6437
116.0732,81.1943,64.5435,76.4700
109.8036,82.1014,66.4937,74.3626
105.1682,75.5474,66.0554,74.7169
103.4866,64.8372,66.9487,73.9602
103.0848,62.8039,69.1322,73.3729
100.5188,61.3952,70.5803,73.6448
99.0445,58.0834,71.2340,73.9086
97.9772,54.8328,71.7518,73.9241
96.1893,51.7583,74.7740,73.1000
92.0409,51.1124,76.9019,73.5921
87.5549,49.7125,78.9878,73.2749
85.0603,47.3806,79.6404,74.2130
81.7430,45.4901,80.7349,75.0776
78.8291,42.1429,82.3195,75.2620
73.8272,42.4574,84.9409,73.2918
70.6479,42.3195,86.4042,71.8399
68.3922,42.3031,88.8072,70.7644
67.8872,42.6531,90.3499,70.3958
67.8598,44.6967,91.9951,70.0420
68.7473,46.3491,92.0216,70.4732
70.0115,47.1102,92.1972,70.3051
71.6507,47.9674,91.2966,71.2514
73.3893,48.0845,89.2983,71.8926
76.2285,47.0040,88.3218,71.4837
79.8153,46.3487,85.9259,71.4579
84.5051,45.1938,84.3030,70.5826
85.9536,45.2654,83.0711,69.6147
86.2477,45.0826,82.6513,68.7832
87.8017,45.9585,81.8426,68.4943
90.1531,45.1095,80.7456,68.2483
91.1340,48.7207,79.9995,68.9947
92.7062,50.5368,78.3343,70.7534
93.6714,55.7565,76.9745,72.9207
94.6861,48.9480,76.2917,72.3221
95.8184,53.2901,75.8724,72.8585
95.4702,46.6576,75.4495,71.9740
97.2403,49.1432,74.7926,71.4441
98.5467,44.5289,74.6617,69.7576
99.8786,43.3260,74.0432,67.9008
99.7488,46.4325,73.1410,68.4124
99.5864,46.4791,73.0026,68.9271
99.9290,44.3026,73.1351,67.9319
100.9571,45.7857,72.2342,68.0304
100.6500,45.5978,72.0702,67.0104
101.3653,44.5763,71.1563,66.9358
101.7854,45.7488,70.4306,66.6302
101.9375,44.3679,70.4796,65.9912
101.5929,45.4692,70.7731,63.5948
102.4064,45.9392,70.4665,63.4774
102.3983,47.3515,70.4912,63.3242
102.5640,49.2234,70.0316,64.2887
104.0423,47.8982,69.8484,65.2708
104.7862,47.8709,69.2235,66.5352
105.2798,48.5290,68.9010,67.5440
105.3182,48.3405,69.2659,68.8732
110.4555,50.1684,66.8636,70.2988
107.1218,52.1221,67.5004,71.6303
124.5860,51.9394,58.6435,75.5111
119.4608,52.3871,58.3613,74.2497
112.9558,49.2006,60.7457,72.8088
129.6818,65.7722,55.9224,77.5416
147.6124,85.4614,49.6544,78.3761
148.4508,94.1637,46.5155,76.5776
156.0922,96.5366,44.1129,74.5895
158.4390,97.3383,42.9873,73.2716
161.4931,99.0012,42.0799,72.3647
167.9506,100.3757,42.2715,70.8365
166.7437,97.1662,40.3947,71.3915
170.5211,94.3582,39.6024,70.6721
172.1712,106.3591,48.3773,60.4834
175.7231,114.5816,52.6349,56.3657
170.8207,115.6812,53.2639,54.1385
165.8477,111.2119,55.9254,49.7811
162.4215,116.5114,61.8575,42.4075
160.5675,120.2260,63.8178,38.5950
160.2928,121.6041,64.0666,36.6083
159.5357,122.8577,63.4990,35.6131
159.4716,122.7012,62.5090,35.6540
2
0
0
0
0
1
242.9581,90.6062,68.0527,64.8901
243.3963,83.0992,66.1416,64.2700
239.8949,74.6384,64.2164,66.2072
234.7719,67.9378,65.4405,67.2352
231.0446,61.8041,67.5433,69.8082
226.2918,57.0927,68.7416,69.8587
223.5504,52.4968,65.5510,70.9929
224.2263,49.5944,62.1742,70.8858
221.0738,48.3823,59.8934,69.4264
218.3843,48.7939,58.7172,66.8739
216.6076,48.1043,57.5487,64.7166
215.0374,48.5871,55.7956,63.2159
211.3907,48.5076,54.7218,62.9821
207.8483,47.6255,53.6193,62.6683
197.5413,48.1792,54.9423,61.7639
194.3309,46.7481,54.0172,61.9584
184.7191,46.4150,55.5677,59.7375
179.2727,46.7543,56.5705,58.7369
174.8982,46.1589,56.3712,58.2627
173.2053,44.0631,55.2502,58.0866
174.5458,42.9766,52.6807,57.9747
174.5811,43.8798,53.1321,55.7339
171.1815,44.8685,55.0877,52.7479
163.9683,45.8228,54.2831,51.7727
159.9292,44.4438,53.8148,51.9459
156.6044,42.9134,52.8954,51.7234
152.4135,43.3607,52.6128,51.1868
150.4797,43.6257,51.9580,50.3946
148.2605,43.4496,51.4817,50.0236
144.9206,43.0413,51.4822,49.6476
143.0886,42.6308,50.7880,49.5492
141.5730,42.2748,50.6003,48.9408
139.6270,41.8337,50.5750,47.8972
136.6578,42.5117,51.0424,47.0255
134.7336,42.4815,51.3243,46.5243
132.1490,43.1800,50.9371,45.9654
130.6704,43.0280,50.7676,46.2090
