1
126.1568,334.9202,69.8199,105.1817
131.4905,324.3225,64.3525,115.8452
128.6506,325.3396,66.4493,114.6491
123.1014,328.5815,65.7643,113.7684
122.2956,337.3031,66.9586,105.1714
123.6395,343.3449,77.0340,93.9451
125.5893,333.7506,84.7864,86.0609
118.6903,312.5402,88.1055,84.7842
113.0237,273.3174,76.7274,101.9939
127.5033,247.6909,68.3224,121.2590
135.1435,232.7298,62.6500,133.3853
139.0894,223.5799,59.1401,137.2211
141.9036,215.2860,58.3207,137.0621
140.6968,209.3094,60.4246,135.6676
135.1388,214.3863,63.4671,123.6590
139.3254,230.6546,78.6973,104.5118
143.5293,253.8976,97.1251,83.9336
146.0203,247.4320,95.3669,84.3009
152.7599,235.9227,93.5457,88.1554
154.1339,221.5942,96.5833,88.7544
147.3550,200.3801,107.1275,77.3204
141.3348,171.9168,106.3412,82.1596
144.3867,146.7316,94.6971,95.8297
154.0329,128.7670,77.8072,110.2133
162.6372,123.7335,73.2024,113.0021
166.5138,122.7087,70.4804,114.1333
172.2798,120.3051,65.5200,121.5127
175.2703,118.2617,63.2219,126.2719
178.7853,116.0556,64.3381,127.6146
181.2070,116.1154,64.7273,129.0803
185.2048,113.6541,63.1615,128.0206
186.9730,113.6196,59.6012,126.8032
187.1143,112.6350,56.5774,126.3237
184.3766,113.9711,54.1828,125.2482
182.6815,118.1022,53.8280,123.4393
181.1187,122.3775,54.5630,120.4473
180.0653,128.0695,55.8442,117.2311
180.5171,142.7980,59.5405,107.9263
185.6048,161.9160,68.9871,95.9520
186.6779,177.4736,75.7396,89.1407
194.2294,175.1797,74.7047,87.7508
205.3607,165.0298,73.0656,88.1458
206.9676,157.3635,72.9468,86.9905
204.0380,140.5662,74.5460,85.3580
199.4521,116.0267,67.4959,90.1504
206.7975,77.5945,61.2628,102.1948
222.7728,52.6520,54.2642,117.4054
240.6422,43.7052,50.5174,127.0479
252.4402,40.4891,48.0113,129.9918
255.8926,32.9332,47.4223,132.7175
247.1613,35.2998,60.0833,127.5432
250.5688,39.1255,79.8826,114.8769
256.8591,77.1258,92.4334,105.9185
268.8234,82.6826,89.1281,110.0483
276.9994,68.5713,78.3071,114.9599
278.9118,47.4830,76.0264,116.1905
256.0004,24.8039,94.6082,102.4866
244.7454,-3.1967,113.3002,88.1097
248.6532,-6.1271,118.4361,79.8049
249.3267,0.0401,107.9459,85.4640
261.5775,-4.0418,99.5707,89.4629
251.0358,2.3545,91.8077,93.4732
254.0647,-4.2314,81.1246,97.9157
256.5518,-9.0667,71.4698,99.1360
258.2660,-11.8840,64.9175,95.5816
260.5285,-9.6835,59.7288,89.6943
262.4133,-6.3660,55.4046,85.6751
263.9831,-3.8313,51.1067,83.7890
262.1488,-1.5842,49.8357,82.6331
258.6270,-0.0037,50.8309,82.9296
257.5063,0.5851,52.3163,83.8621
256.1064,1.1128,53.2246,85.6550
255.3848,0.9423,54.4746,86.9430
255.9249,0.5327,55.5269,88.7137
252.8784,-1.5641,54.6026,87.6229
248.7997,-2.0069,51.6489,86.7299
250.5157,1.3381,51.0797,86.8840
250.0945,2.8373,50.5708,87.2588
250.2817,3.8933,50.5311,88.1367
250.6491,5.3678,51.4703,88.9873
249.7791,4.1288,53.6987,89.0673
247.5048,4.3605,54.3225,90.0743
246.4422,4.2732,55.5832,89.9341
244.3036,3.3438,57.4992,90.1389
244.5564,2.4939,59.6258,91.2276
243.8314,4.9813,62.1158,91.2630
240.9628,8.5399,61.8699,90.0374
238.3234,17.5767,71.3561,80.5086
235.3780,21.0844,76.5728,74.7425
234.3986,37.1131,90.0609,62.4776
234.0680,40.4235,96.3599,57.2404
232.9299,40.2285,97.8365,56.5065
233.3982,39.2454,95.8021,57.6336
236.4287,35.7373,89.8969,63.8346
246.0003,34.2780,85.7199,67.7857
246.2251,28.4617,89.5830,63.4686
243.3858,24.7566,94.2439,59.4741
249.8703,26.1577,99.6888,57.3360
247.7390,19.5845,105.2894,53.2616
235.9098,12.1993,101.7247,53.3123
231.6400,1.7362,92.9066,59.2751
242.1567,-1.0580,84.0776,63.0800
255.9410,-1.3849,76.0341,65.1657
274.8415,-2.5399,76.9007,64.6015
278.7573,-2.5950,76.6566,64.1253
278.4903,-2.4707,74.6633,65.0770
279.7668,-1.5407,70.4429,66.7103
280.1912,-1.4856,65.9692,68.8765
279.8830,-0.6338,59.4507,72.6435
279.2594,-0.6814,55.6727,74.6476
279.1355,0.7862,53.8391,75.2460
279.3239,2.2485,50.3880,77.9773
279.2574,2.4961,48.9946,80.7116
279.1574,4.3218,48.2523,84.1703
278.8693,4.0414,47.7236,87.7952
278.7937,3.8594,49.1070,90.7702
277.8454,5.0068,50.4916,93.3313
278.0507,5.2904,52.3910,95.5658
278.2481,5.0489,54.5232,98.0185
278.2970,4.6666,56.6220,101.2606
271.7377,5.0468,51.0008,105.0486
273.4905,5.9001,46.1844,108.9140
272.6602,7.8594,43.0916,112.3265
271.6534,9.8929,42.9347,115.6448
269.5888,14.1614,43.6345,118.4064
268.5681,18.0494,45.3649,119.5022
266.6770,22.0181,47.3457,119.3794
266.7234,27.6245,48.6034,117.4791
265.7788,32.4419,49.8497,117.3224
265.6020,37.1484,51.0651,116.5822
267.8702,40.7303,51.1929,116.0375
270.2565,51.9707,50.9254,112.3730
270.7356,66.5513,51.4077,108.8858
270.1284,79.6024,56.5952,99.9469
272.1119,85.3678,60.2000,94.0589
279.9684,71.0566,56.9249,100.6117
300.8340,58.3547,49.8887,113.7758
314.7029,62.2673,49.9416,120.4812
317.6322,69.4229,48.0502,127.0671
320.7340,71.8580,47.1462,133.1320
327.6724,81.0946,44.5526,134.4124
327.4585,89.0098,46.0618,136.1716
325.6761,97.2881,50.8729,135.5290
321.5614,109.8343,52.8804,130.8543
319.0131,119.4884,54.4019,126.4970
319.3282,127.4062,55.6615,124.5147
321.8974,131.2254,56.2761,122.3608
323.1729,134.0480,55.9531,122.4191
325.4845,133.9097,56.1048,122.6697
328.1568,134.2786,56.8732,123.7275
