1
398.3364,186.3869,28.2453,32.5007
399.1004,186.3917,27.2471,33.9364
399.4618,186.7160,26.9498,34.5544
400.1191,186.5264,27.1420,34.6372
401.0272,186.4892,26.6364,34.9945
402.0929,185.6737,26.4871,35.1422
403.0402,185.9578,25.8761,35.6146
403.0291,185.9414,25.2917,35.5840
404.3157,186.3380,25.1130,35.2568
404.2284,186.5644,24.7113,34.9636
403.9649,186.5848,24.5602,34.6238
404.3297,186.9648,24.7045,34.5204
404.6282,187.0636,24.7504,34.3335
404.4894,186.9740,24.4541,34.3488
404.5164,186.9243,24.4071,34.1337
404.3506,186.9031,24.4404,34.4094
404.6748,186.0695,24.7286,34.5447
404.4186,186.2021,24.6150,34.6890
404.3907,185.4119,24.6710,34.7797
404.1745,185.4467,24.7722,34.9689
404.0755,185.5388,24.7761,35.0818
404.0247,184.3569,25.0237,35.4529
403.7264,185.0131,25.1991,35.4030
404.0148,183.8440,25.0961,36.1152
403.5042,184.0795,25.3286,36.1648
403.1572,183.9167,25.1154,36.3712
402.8756,184.1071,25.0832,36.2460
403.5166,184.3315,25.5458,35.9854
403.3076,184.4582,25.7745,36.0150
402.6707,183.6882,25.9267,36.4414
402.2024,183.4227,26.2657,36.6919
402.7902,183.7408,26.2419,37.1951
403.0211,184.0782,26.3818,37.3611
402.9975,184.0640,26.2072,37.2832
403.0279,182.7358,26.1605,37.2752
403.3592,183.6781,26.1049,36.8286
402.9246,183.3439,25.9937,36.1799
403.2212,184.1038,26.0588,35.7424
402.7431,185.0386,26.0521,35.3037
402.2220,184.8513,26.4230,34.7390
402.7056,185.2561,26.8025,34.8477
401.8330,185.2951,26.9883,35.2073
401.7967,185.0707,27.0199,35.2522
401.0982,184.4801,27.2608,35.2324
399.9352,184.7867,26.7819,35.3521
399.2583,184.9473,26.5733,35.4275
399.0847,185.5311,26.3176,35.5468
398.8457,185.2191,26.3794,35.4532
398.4511,185.7782,26.3086,35.2175
397.8606,185.4037,26.0539,34.9186
398.4690,184.8084,26.0977,34.4302
397.5439,184.5053,26.0412,34.1729
397.3946,184.1676,25.8337,34.0641
397.6954,184.2708,25.7989,34.1551
398.4073,184.6118,25.7448,34.5255
397.3040,184.8118,25.6850,34.2803
396.8188,185.2838,25.8965,34.1716
396.5967,185.1518,25.8087,34.2137
396.4926,185.3193,26.0163,33.9296
396.7319,185.4388,26.6042,33.4223
395.7710,185.6824,27.3316,33.1545
395.5145,186.1238,27.9381,32.8282
394.9328,186.3729,28.7000,32.2110
393.7523,186.1744,29.2556,31.9298
393.4266,186.6319,29.7629,31.3626
392.9951,188.2369,29.5894,31.8895
391.8470,187.3606,29.5110,32.3580
391.0531,186.6232,29.4112,32.4866
390.4164,186.8335,29.3713,33.3188
389.7993,187.0570,29.0547,33.8097
388.6165,187.0564,29.0816,34.2826
387.8949,186.9652,28.9311,34.4761
387.4475,187.3967,28.8497,34.4307
387.0045,186.8592,29.0594,34.3572
385.6020,187.1857,29.3493,34.3139
384.7847,187.5271,29.4759,33.8287
384.1979,188.2214,29.6764,33.5534
383.5215,187.6481,29.6804,33.3948
383.1682,187.5784,29.8811,33.6806
382.3118,187.3460,29.5825,34.3443
381.4002,187.6890,29.3652,35.3837
380.5101,187.7316,29.0875,36.2399
379.7993,187.8734,29.0022,36.7593
378.0465,188.1403,29.5878,36.7693
375.8952,188.0046,30.4285,36.9022
374.3762,190.0628,30.3872,37.3354
372.9293,188.9179,31.1210,36.9416
370.9981,188.9551,31.9162,36.4392
368.4447,188.5278,32.7423,36.2038
367.6371,188.7149,32.7710,36.2453
366.3299,188.5687,33.3554,35.7826
365.5436,190.3342,33.4477,36.3576
364.3838,189.0963,33.8102,36.3651
363.6390,190.0984,33.5147,37.6332
363.2752,189.2016,33.4846,37.6255
361.3480,189.0215,33.9029,37.8416
360.1950,190.0447,33.7823,38.4394
360.0711,190.5616,33.0173,38.7455
359.3430,190.5512,33.2272,38.8276
357.7122,190.4934,33.5409,38.7192
356.8730,190.2949,33.7826,38.7533
355.3269,190.6962,34.3266,38.2633
353.2211,193.0690,34.9987,38.6575
351.4493,192.1694,35.0327,39.6899
350.9389,191.6918,34.9077,40.7305
349.2419,191.5102,35.3839,41.5876
348.1868,191.8900,35.7781,42.5005
347.7653,191.9355,35.7563,43.2186
347.6116,192.3594,36.2104,43.4472
346.5012,192.1533,36.5224,43.1449
346.9449,193.8517,36.6900,42.3834
345.4425,194.5511,37.3450,41.7930
344.2930,195.3020,37.7133,41.3832
342.1102,195.1393,38.1874,41.2120
340.0312,195.2078,38.5237,41.2471
338.6983,195.3423,38.3499,41.3799
337.8483,194.4745,38.1655,41.8347
336.8418,195.5129,37.9044,42.4117
336.1609,194.4190,37.1441,42.9451
334.1013,195.2791,37.2442,42.8294
331.9621,195.7097,37.2775,43.3056
330.8984,196.5245,37.4187,43.7438
330.0114,196.9626,36.9728,44.0828
326.8121,196.8171,37.8817,43.7699
324.2032,196.3908,38.6871,43.6547
322.0219,196.6962,39.4857,43.9925
319.4695,196.4533,40.4701,44.7607
317.6678,196.6011,41.4643,45.7814
317.2036,196.5589,41.7609,47.0177
315.3369,195.1331,42.0558,47.9016
314.0027,195.9240,42.2919,48.3651
311.9789,194.8787,42.2209,48.9130
311.8986,195.7129,42.1351,49.2385
309.6890,195.7210,42.5435,49.5500
309.0556,196.0865,42.5173,49.3885
307.6847,196.3412,42.7700,49.6485
306.1693,196.7047,43.1016,49.1145
304.2079,197.1119,43.5506,48.7656
302.1685,197.3348,43.9906,48.6852
299.3898,197.0677,44.3772,48.7868
296.4254,196.9017,45.3423,48.9428
295.6194,196.6877,45.0329,49.7221
295.7093,196.6242,44.3574,50.7011
293.7571,195.8864,44.4198,50.8985
292.0170,196.6384,44.6451,50.8917
289.7108,195.6811,45.0707,50.7066
287.5746,196.7152,45.5482,50.8457
282.6433,195.9084,45.2329,51.6288
281.3133,197.2970,45.7563,52.9633
276.4827,195.7211,45.8077,52.2537
276.3400,196.0985,45.5366,51.7668
271.0591,195.7932,45.5250,51.4091
263.5043,195.5631,46.5066,51.0673
262.7147,194.6590,46.4505,52.0560
261.9694,194.8089,46.9773,53.2435
261.0842,194.7198,47.2301,53.6126
258.6981,194.4444,47.6373,53.7407
259.5972,195.2414,47.4001,53.6746
259.6018,197.2220,47.6462,52.8435
257.3013,198.2511,47.4470,52.0373
254.5843,197.8694,47.3499,52.1797
252.4633,198.1803,47.6156,51.9064
248.7579,196.9579,48.3815,51.9229
244.2302,196.6763,49.6469,51.8527
239.2529,196.5369,51.0436,51.3403
237.7083,197.0694,50.9179,51.8474
236.3370,198.1553,50.5639,52.5764
234.6881,197.9096,49.8587,53.5165
231.7175,198.0848,50.4848,53.7685
228.7853,197.7958,50.8534,54.3383
225.7088,198.5451,51.5260,54.5106
222.7790,198.4021,53.0882,54.0060
221.0909,198.6448,53.1628,53.5413
220.2265,198.4551,52.3500,53.6536
217.8780,198.4345,52.6795,53.2263
215.4270,198.9785,52.7907,52.7768
213.1006,198.4890,51.3863,53.1258
210.6472,197.7994,50.5861,52.9368
203.7327,198.7577,49.5802,52.9378
202.1038,198.1468,47.8688,52.8795
199.9178,199.5117,47.3388,51.6256
197.4772,200.2387,47.1156,50.4793
200.0598,199.7483,46.9121,50.3818
196.7667,200.0005,47.3502,50.0517
186.5175,201.4468,48.3374,48.9712
177.5556,203.6505,47.0528,48.8002
175.9796,202.6149,45.4284,48.9434
176.8053,205.5504,43.8354,50.0263
171.7905,204.7474,43.0428,49.8917
166.4911,207.8138,42.1947,50.1387
160.5609,207.0390,42.4365,49.4359
159.9876,207.6976,42.6158,48.5206
155.0309,208.6309,42.0182,47.5058
155.9694,211.6483,41.3367,48.0674
156.1358,209.9908,40.2770,48.5670
150.4257,213.1373,40.4523,48.7694
154.0423,214.2111,35.2216,53.9999
156.1315,210.9779,32.1496,56.8907
151.4820,208.8823,31.7506,57.7341
146.1027,213.3075,35.4268,54.3944
141.4565,211.1376,37.1542,52.3770
144.8837,211.6792,34.2655,55.3787
143.6445,214.4886,36.2480,53.9392
140.6916,209.9908,33.6003,56.6229
137.6923,212.4143,31.4188,57.3798
137.9607,208.9323,30.3655,57.8524
133.8719,208.2318,30.1540,57.3540
125.0750,208.1911,34.8368,53.1856
114.6629,207.7157,38.4375,49.3282
109.8371,208.2809,41.1595,46.3842
105.9136,208.3592,42.3497,45.2808
103.5634,208.6882,42.9627,44.7881
102.4665,208.9355,43.0458,45.4335
101.8241,208.8372,43.2972,46.1203
102.9989,212.3829,42.5342,48.0035
103.9349,210.2935,41.4800,48.6076
90.0755,204.0158,40.9224,47.4703
82.9987,201.8465,39.4906,45.7172
80.3019,201.8367,38.6950,43.9227
78.0412,203.8944,37.7485,42.7495
77.7482,205.5940,36.2845,41.7966
75.6334,207.8825,35.7687,40.0652
73.5775,209.9884,35.0325,38.5354
71.6268,210.0860,35.0166,37.8804
69.9071,209.9415,35.1247,37.0871
68.7305,211.0367,35.4094,35.6097
65.6898,211.5063,35.1918,35.1850
62.9379,213.0426,34.7959,34.8928
56.5041,213.8401,30.4125,38.0215
52.1688,214.8922,29.4512,37.3444
51.3182,216.2875,28.9272,36.3554
48.0423,217.9033,25.7167,37.9577
47.0109,217.8798,23.8984,39.1343
45.3978,217.9855,22.7937,39.5760
41.6983,219.3969,22.0659,39.9545
36.8034,219.1032,21.3972,39.8791
32.9376,218.5301,19.8446,40.0420
31.2871,217.8874,19.2241,39.7018
29.7657,217.7080,18.9845,39.6319
27.2775,217.3957,19.4581,38.8308
25.1426,217.2536,19.4687,38.6070
19.6334,217.5092,20.1937,37.8226
16.0980,219.1771,20.1775,37.6443
14.1062,218.9657,20.5776,36.9631
9.7741,220.0669,20.2962,37.2851
7.8602,220.3066,20.3427,37.2099
3.1964,220.6321,20.1454,36.8404
3.2679,220.1245,19.5849,36.6971
2.8958,218.9268,18.0399,37.5705
2.9900,218.6255,16.7238,38.1056
