1
114.5498,54.6302,105.3625,98.8536
111.5544,47.8011,106.0568,96.8814
108.8729,44.2845,107.0817,95.1499
106.7225,37.9329,106.8693,93.5839
103.6091,30.9217,106.1752,93.2309
105.9552,28.2950,105.6308,91.5869
111.3182,24.8300,105.3297,92.5054
116.7889,23.6553,105.1283,92.5884
124.3396,24.6224,104.2906,91.6263
132.8011,23.9962,102.9968,90.6101
139.8985,26.8371,101.6410,90.1270
147.5743,29.0675,102.5160,88.6820
156.3666,31.4455,102.1625,87.8522
164.5419,29.8041,101.3866,90.2020
176.1387,27.0916,96.9191,93.5250
183.7256,29.6010,91.9791,91.4103
191.8048,36.5006,90.3199,89.6978
195.5224,43.9542,90.8533,86.1307
197.5171,51.3934,92.4653,82.2565
199.2489,58.4054,92.6649,79.4044
197.9846,65.1969,91.1645,76.0290
199.7205,72.5188,90.3074,73.6958
202.3492,79.9038,89.5586,72.2526
199.7373,82.1841,86.7557,70.4215
198.5382,89.3553,85.0859,67.1414
197.5669,94.9331,85.5659,65.1867
193.0742,99.4209,82.7117,64.7223
193.3128,100.5877,79.3464,66.9415
194.5641,103.4779,77.2600,65.5977
195.5990,105.8875,76.9891,65.9177
189.3461,118.9720,76.2675,66.5475
188.8061,122.2930,73.4724,70.1103
187.5435,121.8698,71.1130,74.1043
189.6484,129.8113,68.5566,76.1931
188.0281,129.8534,68.1155,77.3856
187.9152,130.6574,66.0742,78.5541
190.9164,133.0981,64.5870,77.6492
194.2690,136.7348,66.1043,75.2067
189.0320,134.7631,66.9151,76.3238
188.7883,134.4723,65.4377,76.7977
189.0116,136.5950,65.8184,72.9533
189.9474,138.0682,65.2665,70.2920
191.6093,136.9867,65.5057,69.3780
192.4678,136.1555,64.2162,69.3561
192.4116,137.5324,65.5121,67.2923
193.7842,142.1095,65.0524,65.7991
194.0120,152.3580,65.3443,64.5544
193.6052,158.6054,65.4356,63.2008
194.5963,167.0234,64.4295,62.7638
197.7656,180.5594,66.1977,59.8622
199.9137,186.7208,64.7994,59.6143
206.7182,197.7480,63.4043,61.2874
211.3560,201.2557,62.0571,62.7715
216.4183,212.5388,63.9272,61.4386
224.7696,215.2371,65.8178,60.6577
229.1309,225.2596,65.9607,61.5669
233.9898,228.2607,65.6971,61.4225
242.3666,231.4258,67.2067,60.7345
252.2090,233.2117,67.4551,61.8046
263.3409,233.0434,66.9412,63.2444
269.7235,233.9697,66.5649,65.1183
283.2498,231.2218,65.9607,68.4349
290.8317,232.8925,65.4187,68.9941
299.8765,234.1006,68.9169,68.8155
306.3388,235.0179,70.1881,68.3397
314.3145,227.1222,69.1521,69.0467
321.3911,213.7508,66.2772,70.9182
325.1773,188.9477,63.5122,74.3725
326.8401,163.7386,61.7536,77.4770
329.9071,146.3018,61.8957,80.3393
341.1929,132.9260,62.8921,78.8593
348.4572,117.6745,64.4327,78.4995
352.4574,98.3833,66.9233,75.8457
353.1662,89.6143,68.1221,74.4399
360.4087,70.1721,67.4207,74.3208
369.7906,59.7828,66.6679,72.7952
372.9416,59.4385,64.7008,70.5391
395.0596,26.9323,55.2815,78.5230
405.9891,10.7143,46.8984,83.0723
405.3615,-3.9302,44.1750,85.7858
404.2353,-3.4593,43.3865,85.7025
402.8958,-3.8082,45.8581,84.5503
393.6761,-4.1812,49.2043,82.2954
388.5345,-1.7425,64.2042,74.2319
379.6670,-0.1719,76.5167,71.3593
390.1322,1.6403,79.9674,69.3729
388.9281,1.4989,74.8628,71.7199
380.6367,1.7226,71.6909,72.4648
372.0454,4.5353,68.8997,72.3897
356.8015,9.5322,66.7060,73.3218
346.1659,13.6648,66.7172,73.0231
328.2515,19.1101,66.2105,74.0863
312.4326,25.4066,65.3601,74.9808
297.9533,30.5136,64.7805,75.8316
289.4113,33.3546,64.8445,76.2960
280.6002,34.6076,64.4793,77.1848
272.9748,35.1858,64.0316,77.8659
261.7454,34.9588,62.8707,79.6454
256.5146,35.1673,62.3026,80.8708
251.4151,35.3528,62.4988,82.2409
245.3049,35.1618,63.5763,82.1449
233.1421,35.0863,62.7929,83.1721
230.0832,35.4543,65.2797,82.6559
219.3303,36.0009,66.4077,84.1806
209.6596,37.6212,67.7190,84.7290
200.2156,39.3544,68.9119,85.8684
190.8269,40.6226,72.3285,85.6271
181.0383,43.6152,69.0359,89.9599
171.8098,44.6558,68.3149,91.5941
163.5132,48.3121,68.2084,91.7632
159.2297,55.2572,85.3027,83.1111
152.0627,62.8191,95.4955,77.9247
150.7007,73.7298,94.7975,77.0109
141.7778,80.9007,92.5537,76.7121
142.8343,87.1006,86.1051,74.7852
136.3270,96.7270,80.4857,73.1832
129.5505,96.5846,76.2409,70.3668
112.2880,106.0838,75.1722,66.6582
108.1924,112.5113,72.2980,66.5705
109.3293,118.9194,66.6775,69.2876
103.3322,122.1699,62.6435,71.4109
97.9556,133.4267,60.3492,71.5511
98.2521,143.1104,53.9385,77.8189
99.5177,147.3382,51.2059,79.4143
100.5739,146.5118,48.4582,79.9991
83.3674,148.5844,58.1666,72.9268
82.9332,145.9465,62.8601,69.6369
92.4272,133.7484,64.1079,68.6377
97.4404,120.9939,63.5617,67.1591
110.9465,107.8125,63.6243,66.7576
120.2106,95.8692,64.4430,66.2670
126.7871,85.1221,66.7673,65.3522
143.0967,83.7038,67.3909,64.1636
144.5045,70.5520,68.0602,64.9593
150.3576,59.0138,68.6464,63.7601
157.6805,50.4081,67.0544,64.6306
164.5390,48.9014,67.0427,64.0831
2
0
0
0
0
1
217.5782,153.4807,46.6667,47.5684
215.2396,156.6415,46.1489,47.5508
212.1369,160.0598,46.1371,46.2491
212.7019,163.8943,45.9377,46.9892
213.2073,168.7614,45.6795,47.5025
215.8445,173.8227,45.5895,47.8764
217.2140,179.2624,45.9799,48.0409
219.1335,184.4989,46.2247,48.3544
218.9428,188.7510,46.6279,48.0809
218.2783,190.6020,46.5009,48.9538
218.0085,194.1061,47.0340,48.2537
217.5402,197.0097,48.0091,47.9405
220.9176,198.9348,49.0932,47.8054
224.5747,201.4966,50.0552,48.1414
226.3674,204.9204,51.8451,46.5751
227.3336,204.9442,53.1087,45.3304
226.2714,202.8260,53.5633,44.9042
224.2881,201.2627,54.9352,44.0987
225.1086,201.4155,56.3180,43.0380
228.8368,200.8748,57.6286,41.8509
