1
81.2459,145.9574,24.7817,26.6849
81.9621,144.1195,23.1496,28.7160
82.3763,142.2470,22.2668,29.4595
82.3783,140.9143,21.6481,30.0169
82.0209,139.7127,21.6820,30.0172
81.0849,138.0433,21.3670,30.6489
81.0050,137.4004,21.6401,31.0969
79.4018,136.6376,22.1164,31.3677
79.0265,135.3611,22.4065,31.6320
77.3383,134.1406,22.6898,31.3556
77.5891,131.9946,22.8125,32.3026
76.7802,130.8726,23.2637,32.1381
76.2259,129.6145,23.3158,32.3571
75.4116,128.4653,23.3190,32.0491
75.2485,126.8855,23.1280,31.8027
74.6875,125.0439,23.3797,31.2223
73.6476,122.1315,23.1281,31.3058
74.0463,116.4049,23.1516,32.1552
73.0735,113.7483,23.1402,32.4298
73.4376,108.4846,23.4097,32.8329
73.5367,106.0651,22.9798,32.8976
73.5441,103.9246,22.7960,32.4728
74.2284,101.9365,22.6894,31.8000
74.8281,99.8313,22.5179,30.9028
76.4871,98.3832,23.1917,29.8591
76.9838,94.5758,24.1770,29.1017
79.3816,93.1213,24.3444,28.3568
80.9515,91.3470,24.7404,27.7105
83.4053,89.5223,24.8159,27.1081
85.3190,84.7800,24.8687,26.6129
86.0426,83.3988,25.2513,26.2978
85.9637,81.2039,25.2599,26.0630
86.1745,78.9013,25.2524,25.9419
86.1445,76.2719,24.6809,25.9516
86.5532,73.2593,23.8841,26.2605
86.8151,70.1049,23.9547,26.8223
85.6062,66.0263,24.4648,26.4572
84.8716,64.3011,24.7250,26.0879
82.9135,62.0133,24.4356,26.0956
83.2500,60.9485,23.9702,25.8583
83.0297,59.8601,23.0598,25.2799
83.6452,58.2891,22.2491,25.2141
83.4764,56.3801,21.5636,24.9518
83.3293,57.1359,20.9124,25.1272
82.4826,57.5651,20.7932,25.0897
80.9552,57.6545,21.3461,25.5757
80.3529,57.7834,21.5725,25.8666
80.9183,58.5554,21.1575,26.3236
81.8356,59.8639,21.0276,25.5417
81.5324,61.5291,20.8350,24.5908
81.2852,62.5288,20.8934,23.4106
81.4165,63.4148,20.4394,23.7270
81.5810,65.7668,20.8174,23.7756
81.3484,67.3658,21.9142,24.3643
82.8633,70.3515,22.0839,25.8728
84.7678,72.7212,22.1154,27.2235
86.5753,73.5676,22.3626,28.0191
87.8720,74.9899,22.6426,28.8458
89.2128,77.1028,23.1031,29.3953
88.4037,78.7815,23.6281,30.7705
88.9657,80.1011,23.9830,31.7836
90.0752,80.5798,24.6189,31.8917
90.9552,80.0404,25.1108,31.8384
91.9339,80.8180,25.3352,32.2131
92.9526,80.3844,25.8369,33.0341
95.0438,80.6944,25.7657,33.4992
95.1707,80.9108,26.2928,34.0969
96.1208,80.8223,26.5134,34.7549
96.4763,81.1658,26.7197,34.9712
96.1162,81.2375,27.1355,35.5082
95.4732,80.8400,27.3832,36.0858
95.7398,80.4093,27.7271,36.2368
95.5306,79.8044,27.4535,36.8041
95.7957,79.6857,27.1298,36.8378
95.5818,79.6221,27.0535,36.7499
95.1936,80.3982,27.1798,36.5232
96.1284,79.9298,26.9327,36.3606
95.4824,79.6817,27.1719,36.2891
96.3527,79.0426,26.9657,36.0589
96.9309,78.6909,26.9588,35.7708
96.5013,78.6841,27.1985,35.9955
97.1033,77.9575,27.3599,35.6877
97.2811,77.4606,27.1713,36.1036
97.5330,76.7543,27.2511,35.7965
97.8931,75.8936,27.0861,36.2823
99.6043,74.8059,26.6796,36.5462
99.1818,74.4180,26.4205,36.5192
99.1909,73.8703,25.9910,36.7646
99.7122,73.1427,25.7545,37.0736
100.5342,72.9288,25.4278,37.8428
100.8214,72.9331,25.5738,38.1205
100.5988,71.7536,25.8124,38.4941
101.7538,71.6708,25.8194,38.5097
101.0008,71.4001,25.3698,38.9148
101.7254,71.5093,24.9862,39.1303
102.0391,71.6295,24.8784,38.6823
102.3123,71.9975,24.7789,38.3560
102.9786,71.2056,23.1185,39.6651
102.5674,70.8014,22.5095,40.1833
102.9567,70.7471,22.3284,40.0727
103.0853,70.8836,23.1351,39.6205
103.9121,69.7620,23.5787,39.0734
104.4020,69.0724,24.1865,38.7407
105.1497,68.7119,24.7924,37.8092
106.3644,67.8277,24.7142,37.7545
106.4041,70.6183,24.9566,36.9664
107.1124,69.7601,24.8656,36.6483
107.3726,68.9297,25.0286,36.5393
106.4525,69.8053,26.4638,35.3075
105.8346,70.0057,27.9313,35.3197
104.5731,69.6648,28.8877,35.8072
105.2191,67.8794,27.5643,35.3601
105.4241,68.5037,27.6468,35.0800
105.4807,69.3444,27.6656,35.0431
105.7491,70.5346,27.2517,34.3303
105.9363,70.4422,27.1744,34.0412
107.4160,70.9171,24.9548,35.4862
110.5970,71.0889,24.0167,35.5060
110.1393,72.5085,23.7164,34.9120
107.0428,74.4891,25.8576,33.5764
108.6244,75.6145,26.5390,32.9606
97.9584,76.7408,27.1983,32.1915
95.2926,77.0940,27.9752,31.5532
96.2354,76.7623,28.6736,31.0921
94.2709,78.2215,29.3740,30.8660
95.3949,77.8062,29.1840,31.2242
100.6402,79.0662,30.0421,31.7100
101.3113,80.4276,30.7894,31.9042
99.1604,80.5796,31.6287,31.9928
96.9440,81.0324,29.5423,34.2800
100.6646,79.7741,29.5489,34.7715
99.6405,80.5703,29.4149,35.7832
97.2551,87.3882,27.3965,37.7633
99.0848,88.8443,26.4489,39.1012
95.2845,87.6709,25.5456,39.5441
96.2135,89.4149,28.1422,35.8014
96.6276,90.2262,29.4974,34.2769
96.7441,90.3568,30.6553,32.6908
98.3295,92.3392,30.6806,32.0873
100.0527,90.3743,31.1609,31.9007
102.3032,88.7758,31.2882,32.0158
105.8758,87.2890,30.6656,32.0994
108.0884,86.0335,30.3838,32.4653
109.4385,85.0445,30.7653,32.2495
110.3277,84.6355,31.4765,32.0252
111.9758,83.1181,31.7771,32.0314
113.0616,81.9571,32.4619,32.3519
113.3713,80.4933,33.3261,32.0763
114.3453,79.7551,33.8927,31.9146
116.0988,79.6690,34.4792,31.4668
116.5797,79.2059,34.1717,30.3675
118.2383,79.7492,32.8293,29.5424
118.5479,79.6160,30.6802,29.1526
120.0182,79.8568,29.0787,28.4484
119.8094,80.5455,27.9448,27.1211
120.9978,80.0393,26.7776,26.1771
121.8718,79.5129,25.1492,25.7082
122.2342,79.1061,23.9910,25.0324
122.2422,78.4695,23.1235,24.2552
122.5258,77.1376,22.0612,24.1016
122.4559,77.0409,21.5724,23.8393
123.3393,76.4032,21.6677,23.3796
122.6117,75.8628,21.5836,23.2177
123.2979,75.3008,21.7712,22.6411
124.3938,74.9309,21.6800,22.4291
125.4773,75.1822,21.4951,22.3927
125.3500,75.1760,21.3940,22.4385
126.4477,74.5472,21.0036,23.0004
128.1577,74.3485,21.0162,23.4241
128.4412,73.9527,21.0470,23.6843
129.6741,73.2872,21.3253,23.5958
130.5128,72.5304,21.5399,23.8671
131.7702,72.3356,21.5833,23.9751
132.5867,71.4988,21.3639,23.7462
133.4370,71.1438,20.9863,23.9708
134.0979,70.3005,20.6220,24.3325
134.6282,70.4188,20.3979,24.6329
135.9192,70.5110,20.3061,24.8366
136.2352,70.4932,20.1903,24.8449
136.6446,71.1581,20.2517,24.8485
138.1036,71.3123,20.2999,24.8936
138.9167,71.4581,20.1192,24.3728
139.3579,72.4112,19.7418,25.0704
140.7637,73.3546,19.5573,25.2122
142.1603,74.1430,19.6365,24.7661
143.3230,74.3594,19.7050,24.3997
143.8801,75.9466,19.8137,24.6251
144.5826,77.3517,20.4307,24.9823
144.6250,78.1896,21.4201,25.6181
144.9818,78.9178,23.0124,24.8661
144.2550,79.4153,24.2352,23.7329
143.7566,80.1340,25.0649,22.9625
141.9516,82.2491,25.2022,21.9675
142.5042,83.3890,27.6441,19.5221
138.7611,85.5347,25.9612,19.9849
138.9088,87.9967,23.7080,20.6708
138.0002,90.0003,22.5700,20.4323
136.4471,90.4733,21.9358,20.2497
136.6169,90.1541,21.0878,20.0001
136.1801,89.5986,20.4799,19.7133
136.1633,90.1368,19.9379,19.1797
133.5932,89.9017,19.5910,18.4311
133.6031,88.3527,19.1100,17.8877
131.3040,88.2530,18.9576,17.4701
131.4610,87.6358,18.7869,17.2165
126.7195,91.2305,18.1849,17.3431
126.2217,93.7758,17.6532,17.2116
125.6763,94.4473,17.2054,17.0159
125.1695,95.2109,16.7361,16.8705
123.8949,96.5247,16.9456,16.4208
122.7269,95.9611,16.9312,16.7244
120.6749,96.2114,17.1743,16.3430
118.7350,97.9368,16.5169,16.6847
116.3314,99.0451,16.2931,16.6126
113.8610,98.4723,16.0086,16.5660
112.3764,99.4123,15.4802,16.6065
111.7186,101.1723,15.3422,16.3120
111.6349,99.8165,15.0960,16.7111
111.2976,100.7593,15.1306,16.8424
111.8414,102.3455,15.1406,16.5809
111.9430,104.2396,15.2835,16.2215
111.4419,106.4499,15.3081,15.6192
111.7389,106.2695,15.1292,15.5153
113.0418,106.0953,15.0261,15.7000
113.9874,105.0583,14.8045,15.9842
114.3696,101.5060,13.5815,17.0123
117.2255,97.9843,13.6613,17.0281
118.2271,96.9376,13.7374,17.1182
119.3765,97.1809,12.8488,18.0354
122.2829,98.0964,12.2777,18.5981
124.7721,95.4573,12.6197,18.2213
124.9167,101.5012,13.8088,17.5597
128.0739,102.9226,14.2737,17.3144
129.3035,102.5668,14.8386,17.0276
130.6803,102.0827,14.8441,16.9562
131.2189,101.3131,14.9973,17.1336
132.7217,100.6523,14.9923,17.3459
133.8841,99.7100,14.9274,17.4238
135.0771,98.7046,15.1184,17.4919
135.3442,97.4965,15.2865,17.2890
137.6492,93.7015,15.6482,17.9310
140.0457,92.3300,15.9839,18.0914
141.3411,90.4010,16.4609,18.8751
144.3277,88.4941,17.2035,19.0170
147.2807,86.5158,18.2426,19.1993
150.7267,84.4538,18.8733,19.7903
152.7587,82.6948,19.4791,20.2423
155.0595,81.2411,19.7512,20.6345
156.8329,79.6578,20.0112,20.8341
158.3946,77.9637,20.3772,21.0809
157.8245,76.0273,20.3784,21.4829
157.6403,74.9587,20.2075,21.9180
157.6222,74.3652,20.1244,22.1319
157.3600,74.2354,19.8168,22.4816
157.3875,73.9276,19.8700,22.6922
156.8008,72.9101,20.1919,23.2623
156.4863,70.7098,20.6278,23.8225
156.7470,68.7900,20.6283,24.5272
157.4758,67.2244,20.6777,25.4984
158.0672,65.3197,20.7500,26.2351
158.8061,63.7496,21.1391,26.5357
160.4963,61.8551,20.5185,27.4969
162.0015,60.6211,20.5730,28.1539
162.9078,59.2460,20.6518,28.3788
163.7570,57.3840,22.4012,27.6437
166.1497,55.4278,23.3073,27.3633
168.2699,51.9498,23.5767,27.7168
168.8793,50.6290,23.9215,27.9794
170.7959,49.2166,24.4218,27.6219
169.6183,47.2675,25.2059,27.5062
170.0281,45.9873,25.9140,27.4410
170.3316,45.2889,27.1492,27.8607
170.5562,44.5217,28.1594,28.8035
170.6108,44.2894,29.5932,29.7085
171.5344,43.6157,30.8905,30.5685
171.8846,42.6805,32.7974,30.6974
172.7870,42.8369,34.3985,31.0099
172.6306,43.8097,35.6000,31.0724
172.7864,43.1691,35.9291,31.3532
172.6996,43.6254,36.3551,31.6126
172.5511,43.3990,36.8497,31.8750
172.6282,43.7503,37.0645,32.1531
171.8804,44.2681,37.1802,32.1431
171.7160,45.3412,37.1493,32.5665
171.0845,45.0141,36.8238,32.2673
172.4388,45.5730,36.3995,32.3200
171.8277,45.8903,36.6064,32.1021
171.1432,46.2447,36.7282,31.8328
170.8830,45.3510,36.4121,31.6336
171.8896,46.6803,36.2387,32.1014
171.2565,47.0021,36.7250,31.9460
171.4280,47.6578,36.6208,32.1160
170.8900,47.3337,36.3727,31.8713
170.4596,47.8426,36.3310,31.6682
169.8923,47.4855,36.3084,31.5392
168.9345,47.2666,36.3562,31.3172
168.5042,48.0030,36.3820,31.5377
169.2546,47.1793,35.5278,31.8943
169.0952,47.0026,35.2169,31.8402
169.2688,46.6710,34.9563,31.4906
169.5279,47.6080,34.9953,31.4892
170.1691,47.1259,35.0009,30.8958
170.1349,47.1965,34.8126,30.5483
169.7563,47.5058,34.7619,30.1170
169.8654,46.9885,34.5206,29.9623
170.8801,46.5105,34.2665,29.9739
170.4792,47.2021,34.0070,30.1511
170.6653,46.5810,33.6527,29.5988
170.6462,46.3578,33.7100,29.5880
169.5235,46.3442,33.6496,29.4602
170.3389,46.2154,32.9560,29.8922
169.7920,45.7872,33.0283,29.8000
169.0442,45.9900,32.5504,30.1593
168.3170,45.5106,32.5450,29.8001
168.0177,45.6534,31.8503,30.3539
168.0238,45.1284,31.6825,30.3420
168.0366,45.5880,31.2190,30.8412
166.8743,45.5500,30.8491,30.6983
166.4388,45.9678,30.7614,30.9701
166.3245,45.6937,30.2961,31.2471
165.5950,45.9903,29.7601,31.4327
165.5612,46.3237,29.4103,31.6444
163.7906,47.0389,28.6293,31.9779
163.0952,47.5310,28.4841,31.9476
163.2119,48.9684,28.3838,31.7461
162.2427,50.4939,28.2978,31.5740
160.9926,51.3058,28.3377,31.2585
159.5141,52.5844,28.6285,31.0089
159.4655,52.4754,28.6945,30.8911
158.4766,53.3771,28.4623,30.6817
156.7349,53.5166,28.3933,30.0845
155.8741,54.1423,28.4206,30.1988
154.7038,54.9539,28.1606,30.1444
154.2469,55.7334,26.9404,30.0949
153.9168,56.5593,25.4808,29.7998
153.2059,56.8857,25.0182,28.6087
154.0016,57.3711,25.6788,27.0391
153.3042,59.4590,24.9793,25.6356
151.9603,60.0553,24.0109,24.5440
151.1703,61.7093,23.0032,24.0141
151.0659,62.3588,22.2100,23.6149
150.4025,62.4263,21.3965,23.2223
150.0830,62.3371,20.3854,22.9741
150.2818,62.0490,19.8832,22.8381
149.4354,61.9831,19.8936,22.3960
149.3806,61.8655,19.6565,22.2371
148.9691,61.9607,19.7526,21.9632
148.7870,62.2142,19.6566,21.6670
147.6067,62.1477,19.8123,21.5602
147.2088,62.2656,19.5026,21.6160
147.2182,62.4067,19.2370,21.4623
146.9937,62.2826,19.0510,21.1335
145.9654,62.6344,19.1274,20.5471
146.2312,64.0466,18.7858,20.5715
145.7189,63.8206,18.7321,20.2231
145.4213,63.3625,18.4462,20.1110
145.0044,63.5618,18.1610,20.0763
145.5186,63.6136,17.8654,20.1186
145.2640,65.8490,17.7078,20.1965
144.9323,67.9912,17.5349,20.0748
144.7098,69.7816,17.5455,19.9343
146.1460,71.4267,17.5615,19.9162
145.2624,73.4949,17.6532,19.7942
145.0970,75.0715,17.9018,19.8161
144.2437,75.5996,18.1660,19.7641
