1
290.6241,76.7065,62.8391,223.2381
288.6922,78.0559,63.7244,219.1505
285.5951,79.3667,64.5368,218.3839
282.2542,83.0410,64.5049,216.8528
282.2859,83.2415,64.8108,215.8120
279.9158,84.1093,65.1772,215.9014
275.9227,83.4860,66.1443,216.5084
275.3392,83.8347,66.2569,216.3906
273.4618,86.1459,67.4079,215.7334
268.0687,90.5583,67.3538,213.8133
265.3365,92.8244,66.8130,212.5344
261.1764,94.4821,66.5337,211.5731
256.6778,97.2954,65.6364,208.3615
256.4909,98.9796,65.0646,204.1268
254.3549,99.4681,65.3195,203.2298
249.9848,101.1054,65.2443,202.4428
247.0910,100.7868,65.1714,201.5351
245.5402,103.6886,65.0063,200.8681
243.8814,104.8440,65.1873,200.8236
243.9895,108.4175,65.8504,198.3893
242.6932,110.6343,66.2093,195.8820
242.2972,111.0431,67.4916,195.2601
236.5556,120.2089,73.4126,189.6448
235.2614,117.8406,75.2061,191.9538
231.8757,117.0967,78.6831,193.2333
229.2580,113.4828,80.1991,193.5935
227.8117,113.7096,80.9699,193.4576
238.7988,109.0715,80.8610,194.1341
238.3918,106.1629,78.3383,196.4534
236.4427,111.5145,78.0576,196.6292
255.5674,101.1959,67.4830,208.3134
258.1717,98.8801,61.6987,211.4295
259.9834,98.0542,58.6036,211.4930
261.8558,99.0435,57.9868,210.2290
260.2798,110.4098,59.6640,207.2089
255.8495,117.3309,60.9902,202.5122
252.8045,120.1104,62.3827,202.8735
262.1524,122.3065,66.8421,200.5511
255.4107,123.3210,70.4600,199.3860
249.2620,121.3128,73.4844,201.0428
244.1765,113.1038,74.1688,203.7280
259.8871,105.1781,72.8970,209.3560
294.1494,102.7164,69.5863,214.1092
293.5434,96.3811,68.6080,215.0672
293.7329,94.3533,67.4590,216.3287
294.0748,88.9999,66.9560,219.2772
295.0321,82.0183,66.9033,223.6484
295.8792,76.7545,67.6400,228.2139
296.3371,70.8841,68.4763,233.8258
291.2685,67.7110,70.3222,236.2074
288.3712,69.7925,72.0879,235.6878
284.0719,70.4104,73.1592,236.5494
282.3412,73.0318,73.9169,238.9065
280.6795,73.7781,72.4343,240.4362
280.8574,75.2971,71.0542,239.6469
276.9080,82.9521,71.3329,233.9871
274.9228,86.3621,70.4180,230.1095
273.7329,94.7537,71.6487,224.3952
272.9027,101.3436,75.2335,214.6748
272.2887,104.3514,77.3361,207.6241
270.0637,105.9540,75.9526,204.3849
265.5641,112.0177,76.2819,197.7802
261.3666,118.1747,77.4103,190.6192
252.4773,119.9047,83.1257,184.3904
230.1608,119.5862,90.6108,175.6478
226.8885,118.3021,93.3785,171.2543
224.1639,119.1308,97.1710,167.1706
2
0
0
0
0
1
307.6447,82.4563,65.9099,212.4349
308.8159,82.0944,64.7968,214.1894
310.8444,79.9839,63.4030,216.9977
311.3138,83.2074,63.0716,212.4695
312.4279,84.2333,62.1163,209.8501
313.3564,83.3260,62.6566,210.3017
314.9096,86.1778,59.7139,206.7334
314.9577,88.2363,58.1748,202.7121
313.5327,87.9173,57.4108,202.0450
310.4953,86.5664,55.6186,201.3216
308.7369,88.7859,54.5052,201.2843
307.8685,88.2973,53.6398,200.5964
308.8408,89.0167,52.7018,199.2270
309.4870,90.4930,52.1853,197.6800
310.5482,90.0488,52.9295,196.2405
312.0259,88.0286,53.5535,195.8814
313.3247,88.7192,53.5236,197.2030
314.5106,86.8258,54.9106,196.8277
314.0157,85.7739,57.0795,193.9396
313.9017,84.9080,57.0049,194.2352
314.9359,81.7313,56.6238,196.4963
315.5748,78.3846,55.8308,197.9982
316.4756,76.9269,55.4067,199.5201
316.5885,77.5895,55.9163,201.0230
312.9094,76.9495,55.5578,200.2826
311.6033,77.7714,55.4087,201.4418
310.6977,77.9144,54.3660,203.6346
308.3709,72.3159,54.0009,210.8277
306.5646,70.3887,54.2505,217.0598
304.8336,67.3463,54.6885,224.8093
301.0095,60.9240,55.5975,228.6286
299.8681,59.0980,55.2267,233.6324
296.5257,57.7039,56.4214,236.3759
292.9057,59.1338,58.3336,237.1895
289.2311,58.1317,59.7234,238.4474
286.7201,62.1727,60.7007,240.2267
288.2161,67.9181,60.3744,236.1012
289.4268,68.3664,59.7056,236.1994
291.5676,69.6551,58.8713,234.6199
290.8236,74.1331,59.8691,228.4074
290.3345,77.5843,60.3314,223.2441
288.6367,78.0589,60.1732,221.3058
288.1846,74.7563,60.8035,213.7328
288.0138,72.5074,61.4036,207.2357
286.6252,78.4295,61.2474,208.5466
282.0074,82.7973,64.7185,209.2090
278.5484,81.5342,65.8645,212.0200
276.8854,81.6022,65.7458,215.6173
278.0491,74.8967,63.8322,218.7561
278.8068,69.7995,62.9063,220.2552
281.8644,68.4810,61.4912,226.3117
287.6310,59.5536,60.3377,233.3911
290.9716,57.0899,60.7267,235.9631
294.4872,54.9251,59.9181,237.3433
297.3579,53.8854,59.3476,235.6227
299.0172,53.4316,59.1687,232.8589
301.0787,55.4892,59.2173,230.5550
300.7592,62.7302,59.6321,225.8965
301.6253,64.3629,59.4435,223.8828
302.6508,66.4358,58.9394,223.7733
303.3564,76.7625,59.3379,224.2175
304.6050,76.4077,59.3978,224.8425
305.4121,79.4498,59.1684,224.6976
303.2652,90.3640,60.2721,217.7399
303.0923,92.5693,59.4598,214.8136
302.3942,94.1883,58.8477,214.8616
300.3619,100.6883,59.4953,209.9815
299.8339,100.4883,58.3444,207.7763
299.4291,103.7704,57.4989,205.3531
298.3258,106.4154,58.1498,199.3714
297.9099,108.7824,59.1335,195.3913
299.4036,108.6910,58.6480,194.8127
300.1823,107.0677,60.0556,192.6414
287.7224,109.4232,61.3624,188.0654
291.1239,109.4457,61.0566,188.1787
293.5297,104.0424,62.0777,187.6405
295.8308,101.5257,61.4325,188.4991
297.9201,96.2563,60.3012,191.2341
297.8634,92.4269,57.5772,189.2397
297.2708,90.7854,56.6651,185.6235
295.9845,89.4465,55.8475,184.3411
295.8246,87.4137,54.2540,188.8866
294.8196,85.7301,54.0997,190.6609
295.0101,83.5530,52.9367,194.8445
294.3578,79.4771,52.6172,199.3213
293.6422,75.6104,52.2356,204.1639
292.6794,73.4811,51.9364,212.0387
289.2315,77.6915,54.5177,212.2325
286.6132,79.4995,55.4525,214.3341
282.9954,84.4690,57.6082,216.0360
265.9820,78.3290,58.8219,216.3272
265.2762,80.5866,60.3218,214.1495
264.8853,83.3923,60.7540,213.6134
263.9336,83.1911,63.6300,205.8230
262.7427,83.1860,65.3350,202.0009
263.0418,84.6321,64.6460,201.5401
262.0703,88.0690,62.5360,195.7858
261.6357,90.2337,61.2491,190.6644
261.5883,90.9466,59.9061,188.0915
260.3186,89.4089,60.1942,184.9042
259.5212,92.0512,59.6647,180.9485
258.9442,91.4571,60.0329,181.9028
258.1679,92.2105,59.9452,178.1795
257.4172,93.3991,59.6342,177.5940
256.6850,93.2217,60.3846,177.0188
256.5406,91.3422,61.1871,179.1012
256.2743,91.7732,61.6395,180.2125
256.2297,91.2416,62.6413,182.9485
257.6210,85.6245,64.1356,185.0686
258.5804,84.2867,64.2569,186.7967
259.9344,82.1822,64.8199,190.3245
263.8263,81.9698,63.9743,187.9278
267.9140,82.9687,62.4757,187.1021
270.4810,81.1796,63.2378,188.0084
272.9224,84.8419,64.8204,184.5326
274.6426,85.4343,65.8263,184.3861
276.7743,86.6839,65.6104,184.7559
278.7165,89.3337,64.8672,180.9943
280.2672,90.4320,65.1196,180.3200
282.8661,90.9761,63.5456,182.9740
286.0574,97.8178,63.5302,180.4619
287.6743,100.8944,63.7515,179.4389
290.2346,102.9483,62.3429,179.7823
292.7465,106.7138,61.5597,179.8103
294.2106,108.4291,60.9933,180.0338
295.5799,110.7649,60.8348,181.2275
297.9177,109.6652,60.5924,182.6377
299.6697,109.4179,60.6394,183.5336
301.2173,110.1806,61.5714,186.2592
302.2742,104.2182,62.4870,188.9777
303.2696,99.5153,63.7299,192.7718
304.2282,91.4630,64.9785,195.5205
304.7322,83.5324,65.2939,196.0880
304.5781,82.9187,66.9087,195.4994
302.9565,83.8167,67.2384,196.0203
302.6425,84.1998,67.0172,192.1221
302.8994,83.8652,66.1593,190.8634
303.4289,79.1503,66.4220,190.6965
304.4301,81.3719,66.0119,189.5484
305.0677,81.3320,65.8852,187.9494
305.7899,84.0326,65.2183,188.5396
304.1143,88.6524,65.8020,186.0917
303.2585,92.1552,65.6260,183.4302
302.5961,91.5492,65.8679,184.1929
300.7915,86.0036,66.6172,183.9230
298.7350,83.7760,67.0364,183.0831
296.8134,82.2391,67.0519,184.3929
295.2015,74.6718,65.6276,186.7250
293.2502,71.3949,65.2347,188.2968
292.2327,70.7943,65.2935,191.0421
291.9273,73.9922,65.8487,194.7422
291.6824,75.5186,66.6065,196.7058
292.1305,76.7345,68.0269,200.9142
294.3671,78.1402,67.3487,204.4679
295.3245,76.2656,67.6224,206.0301
296.5577,76.9148,67.5203,209.6595
298.6524,78.9831,66.6987,205.8854
299.7917,81.3490,65.8820,202.7022
300.4632,83.5846,66.8693,201.0456
303.9666,85.8999,65.3422,196.5063
305.9756,88.5166,64.5826,191.7901
308.0509,89.7076,63.9634,190.6543
311.4906,89.8990,62.1313,188.4268
314.1688,90.1413,60.8182,186.3242
316.5022,89.6850,59.8215,185.2995
317.5559,82.4957,59.9726,187.2828
318.0845,82.1010,59.7598,187.2203
318.0005,81.1346,60.7455,187.7735
319.6569,83.6072,60.4535,186.3743
320.1257,83.6019,61.0232,185.3862
322.0270,75.3671,61.4616,189.1728
321.7912,70.2157,62.5423,191.1063
321.3433,69.5950,63.2174,191.6342
322.8326,70.8392,63.8258,193.8406
325.4331,68.2001,63.0382,193.6921
327.2278,68.1922,63.1363,192.3817
328.7107,68.5328,63.3817,191.3801
330.5115,72.2206,62.8891,190.4302
332.9503,74.7575,62.2613,187.8510
333.5015,74.6266,61.2952,188.2254
332.9442,76.0710,60.0539,186.4239
332.6815,77.0496,59.6399,185.3563
332.3342,76.8608,60.2011,184.4604
333.0974,78.1730,59.4781,182.7042
333.4683,79.3714,58.7701,180.4789
332.0286,78.3863,60.1188,179.8354
332.8940,78.2616,60.5472,180.2985
332.9713,78.4102,60.8461,179.4849
332.8629,79.2648,61.0924,177.2174
332.8478,75.2299,60.3331,176.1081
332.9496,74.7581,59.7237,174.1346
334.2213,73.8825,58.9492,173.0316
334.7757,73.9844,57.5403,173.1599
335.1005,74.4449,57.1736,173.1011
335.4656,73.4204,57.9731,172.9382
337.1178,75.5592,58.4261,171.7718
338.3163,74.4682,58.5247,170.2180
338.6384,73.8556,58.7281,170.6763
339.7973,74.1677,59.1483,169.6511
340.0407,73.9216,58.8934,170.9541
340.5552,73.7515,58.2870,171.7860
340.7520,74.1859,58.6765,172.0524
339.6794,73.6323,57.4761,170.2035
339.2192,74.0359,57.3960,169.5874
338.4155,75.3276,56.4009,167.0878
338.6675,75.8556,55.5530,162.9933
339.2396,76.7944,54.6029,160.3447
340.9923,79.0975,54.6436,158.5981
341.6590,82.5900,55.4710,152.4432
342.1464,84.2830,55.6643,148.3894
343.1917,85.0142,55.6455,144.6563
344.7061,85.1410,55.8271,142.4393
346.6414,86.2818,55.5828,139.8630
349.4428,85.1199,54.1930,140.6230
351.6941,85.0899,52.8926,142.2109
353.2776,84.9329,52.3569,142.8430
353.3366,83.4633,52.5889,144.8387
355.8322,74.4553,48.0424,156.6582
333.9062,75.8251,45.6819,160.2513
320.2615,78.2550,45.4682,162.3451
305.4240,78.1319,45.2543,163.9187
303.0652,79.5543,45.0730,163.9543
291.6965,79.6988,45.0094,163.8409
291.9337,74.0907,43.0243,168.7952
291.8914,72.7973,42.3166,171.4241
291.1123,68.9941,42.4435,174.0308
287.2533,66.6234,42.7390,175.3573
285.0076,66.3395,42.5234,175.3010
283.4221,67.0324,42.2974,178.9438
280.3871,67.5521,41.9711,179.0606
278.7608,68.3371,42.0466,179.8148
278.6263,69.9293,42.1013,180.0252
279.3690,71.8388,42.1394,174.7411
279.9524,74.0098,42.0259,172.6325
279.4902,74.5196,42.9414,171.3682
279.0415,73.0139,43.0959,170.7864
278.9617,72.9778,43.3466,170.5816
278.6730,71.8553,43.5050,171.5733
279.1101,69.8924,41.7833,170.9193
279.3270,69.5864,41.0803,170.8037
279.5984,68.9098,40.2719,173.0146
280.5059,61.7839,39.0378,174.0525
280.6053,58.2093,39.2092,175.2752
280.8793,62.0451,39.8790,175.0643
281.5211,65.0645,40.6762,174.1505
281.5968,66.1056,40.7724,172.5396
281.6351,67.4595,41.7076,173.1420
282.7561,70.1409,42.3372,170.3505
283.6025,71.9873,42.6230,168.1035
285.3180,73.4887,41.9911,167.1182
285.6156,77.2393,42.2523,166.1559
286.0046,77.4277,42.1309,166.0505
286.2682,78.6746,43.4220,167.0806
286.0540,81.6866,44.0955,165.8120
286.2456,80.7507,43.8705,164.2757
286.3216,83.9464,44.4371,165.3507
287.1756,86.5693,45.1075,160.1412
287.7843,88.5623,45.7211,155.5820
289.0114,90.0530,44.8557,156.3385
289.4926,90.2792,46.0973,153.8082
290.0309,91.6079,46.5109,152.1547
290.9259,91.5275,47.6367,152.5245
291.7889,91.7186,47.9943,149.7268
292.6050,91.6907,48.0134,148.6140
293.2327,92.5349,48.4887,147.1090
293.7382,93.9789,50.2521,145.8575
294.0823,94.7962,51.9160,145.1325
295.3520,91.3647,52.7998,148.1046
306.6496,89.0458,52.6079,148.8316
305.7847,88.5640,52.5325,148.8852
306.5147,87.5757,50.8643,150.1213
308.6288,90.9046,50.9076,143.5262
309.9052,93.0557,50.6870,139.5753
311.3143,93.5416,49.4084,138.2424
310.1796,93.6885,48.3207,137.3312
309.3897,93.6443,47.3482,135.8990
308.6992,94.1377,48.0692,135.7753
300.0127,93.8836,47.5791,137.5475
301.7377,92.2846,47.5443,139.9476
300.5595,91.7211,48.2301,140.8295
290.7887,91.7919,48.7849,140.9072
291.5255,91.2922,49.4651,141.6028
290.5602,89.9832,50.5544,142.2503
291.7621,89.3610,50.2755,144.7064
292.5412,88.9380,50.1850,147.3787
291.6360,89.1002,51.0505,148.0302
290.7593,87.3931,52.2838,150.5766
289.9678,86.6733,53.0389,151.5596
289.3247,86.5600,53.5157,151.8058
287.3736,87.1435,53.5813,150.6497
285.9080,88.4619,53.1222,149.4181
284.3219,89.5991,54.2035,150.5417
283.3422,90.4326,53.8706,149.1449
282.0031,90.8688,53.4116,148.0874
281.0756,90.5581,53.5581,146.8626
279.7119,90.2707,52.7128,144.4672
278.9565,91.2445,52.2570,143.1555
279.1442,92.7660,51.5755,144.1339
282.3449,94.6033,51.0623,142.6609
284.8999,94.8212,50.3724,143.7072
287.5634,96.2632,51.7464,143.9232
291.9111,98.9657,50.8304,144.5798
295.1160,99.9427,51.2553,144.7915
297.7997,98.8856,51.4616,143.7630
299.8790,99.6941,52.0681,144.2595
301.7691,100.2311,52.2685,144.7693
302.2992,98.2737,53.7879,146.4377
304.1816,104.2787,53.5585,145.3818
305.1772,105.4113,53.0148,142.6070
306.6426,107.8248,53.2854,141.1989
308.7908,107.4439,54.0136,141.9095
310.6148,107.6985,54.4805,142.0998
312.4300,106.7786,53.9077,144.5763
314.4207,107.2801,53.4075,144.9829
315.0929,108.6843,52.8773,145.0913
315.2554,108.5142,53.7555,145.6257
315.3407,109.6222,53.6849,145.9165
315.3791,110.3997,53.8054,145.8824
315.0218,110.5415,54.1245,146.3710
314.3208,110.8972,55.5240,143.1661
313.8307,111.6059,55.9853,141.1784
303.5889,101.3664,50.6667,149.0739
303.0776,99.3077,51.8098,149.0838
302.7691,98.1740,52.7709,149.7308
302.8164,98.5346,53.1359,150.3572
306.4974,93.9706,48.5285,157.4415
309.2219,93.0054,46.1941,162.3659
310.2415,90.8422,45.3146,166.0014
335.3868,96.1494,45.1283,164.1589
347.0666,108.2002,43.7958,162.8811
345.3760,109.7402,44.3893,159.2383
341.3292,113.0394,46.3900,152.7664
339.4199,114.0845,46.4361,150.6474
335.8626,113.8319,47.7739,146.7657
330.0883,118.0263,50.3139,140.0335
333.2670,121.5601,54.5956,132.0098
326.9981,121.7422,57.5717,129.5733
322.6728,120.2297,57.7372,127.1529
319.6498,126.3853,57.9124,126.5621
316.7600,121.7631,57.8529,128.0017
325.2317,119.9401,57.6295,126.5408
323.2522,118.6493,56.9366,127.5179
321.5491,116.7066,56.6944,129.5935
319.9219,109.4382,55.2450,131.1160
318.1058,111.9521,54.5774,131.5889
316.1399,108.2940,54.1690,133.0151
314.0976,110.4819,52.2608,135.0278
312.6945,108.5847,52.3234,136.7902
313.0951,109.4960,47.2483,146.3812
310.6575,109.1059,45.0799,151.2281
309.9309,108.2300,43.4305,156.0163
308.0782,109.8308,42.8209,157.8845
303.1631,115.1143,43.9104,156.0884
300.2167,113.7072,44.9000,156.2227
297.5986,115.6285,45.9041,155.4355
294.9123,114.9390,45.2966,155.4690
292.8560,115.5709,45.2322,154.9615
292.0710,115.4374,45.6447,152.6526
290.5858,112.8674,45.5725,151.5125
289.7119,113.0182,46.0431,149.8042
288.5823,112.2446,47.3706,151.5542
288.3835,105.7640,45.2293,154.3543
287.7778,103.8689,43.4925,156.5638
286.2143,101.9548,42.9904,156.5522
285.5182,98.2091,41.5497,157.8131
284.8846,98.6846,40.9745,159.9443
284.1699,94.3467,41.1538,161.3993
282.7627,88.7733,41.1555,162.0210
281.4385,87.1935,41.3774,161.8968
280.3470,87.0841,42.6066,163.0809
281.7013,90.2213,43.3211,165.2674
282.3995,90.4165,43.9077,166.0804
283.5012,90.5418,44.6568,168.2308
286.9681,92.4767,44.5057,168.2946
289.1136,92.8874,44.7386,168.6404
290.7103,94.4536,44.9245,170.7142
291.5777,102.9568,44.7570,169.0238
292.4051,104.4771,44.5304,166.6904
293.4809,107.5001,44.3186,166.8647
293.5356,110.1555,44.3310,165.9824
294.2200,110.8037,43.3753,164.8860
291.2976,112.9552,47.0651,162.0231
289.1753,114.5436,49.0963,162.3271
287.2944,114.9772,51.2061,162.1185
286.0363,113.7892,51.2747,164.3042
271.7017,103.7259,52.9028,164.5476
271.2310,104.6064,53.2825,167.8318
269.9018,109.3439,53.0930,167.3259
289.1935,116.5940,62.4408,153.8702
295.8288,122.7481,67.3709,144.7675
288.9333,124.0320,70.5130,137.9941
278.1965,102.8870,66.8324,137.2916
279.8109,105.7610,63.4622,135.9543
280.2585,107.7960,61.6122,133.6262
281.4520,105.1832,56.9405,136.0288
292.9852,103.2800,55.3387,134.7864
292.1921,94.8702,53.2288,136.0777
291.5916,101.3837,50.6360,136.8186
301.2666,104.4563,50.7215,134.9566
299.5786,107.6082,50.7413,133.8800
297.9442,113.1914,49.3285,135.8295
296.5782,106.8525,48.3902,137.9052
294.2933,112.0020,47.7574,139.7525
289.5897,117.5692,51.9321,137.9674
285.8514,118.1881,55.3418,138.7911
283.9728,118.1428,56.6686,137.4145
282.6514,120.1786,58.3009,135.8763
281.9096,119.4317,59.2788,135.9830
281.6065,120.5364,59.0350,136.8758
281.5162,121.8609,58.5040,138.6480
280.9640,122.1636,58.6303,139.5039
280.8417,121.4446,58.5393,142.4471
280.7358,117.5784,58.8801,147.1966
280.3965,115.2025,59.4332,151.1728
280.8632,111.8818,59.8961,156.9118
282.9842,102.1315,58.3269,164.0744
283.1656,98.6141,58.4461,168.1527
284.0147,97.3311,58.2180,172.2393
284.6997,98.7743,56.9683,172.0006
285.7654,98.5325,56.4168,172.0911
287.1665,97.6379,56.1763,172.3693
289.2573,96.5920,55.4995,170.7533
290.7448,95.4828,54.9417,170.4732
292.5928,92.5200,54.1837,171.1424
294.7405,94.2960,54.3920,170.6282
296.4170,95.3630,54.3301,169.6252
297.4160,96.0126,54.4983,169.5197
298.8242,101.3371,54.2554,166.2391
300.5127,101.0997,53.6238,165.8755
300.9762,102.3560,53.6182,165.3432
301.7180,106.8305,54.8084,163.3815
302.0150,110.9536,55.6717,162.0628
302.8690,112.5547,56.5138,163.8602
302.7814,114.8455,58.4164,162.9540
302.9214,113.7542,58.9690,163.9013
303.6216,112.9948,59.7073,165.2501
300.8985,116.8834,59.8783,162.3520
299.1696,117.7898,59.8931,161.8778
297.2520,119.6613,59.1881,161.8621
293.6495,121.5556,58.6759,160.4115
292.2386,122.4672,57.4830,159.2821
289.4190,123.3391,57.2368,157.1973
285.7156,120.9373,57.7069,158.5229
284.6617,120.4905,56.3676,158.9309
284.4542,118.8190,54.9877,160.0963
283.2418,118.6180,54.1872,160.2238
283.4123,117.9335,53.2977,161.9576
282.7552,118.6515,53.1233,162.1239
282.0673,118.5466,53.9355,163.5889
279.5113,121.9768,56.4571,160.8942
278.3471,124.0054,57.4703,159.6558
277.4121,124.6206,58.3632,160.0967
276.3907,127.2504,58.9643,161.7159
275.0936,128.8581,59.3500,162.5343
272.7759,131.8150,61.2325,164.3399
270.4890,137.5878,63.6147,162.1643
269.3096,136.6786,64.3331,162.3572
268.7085,136.5542,64.6977,163.2343
268.4012,137.7557,63.7421,162.5038
268.3779,137.9650,62.8697,161.0224
267.3875,134.3740,62.8461,162.6758
265.4763,133.0363,62.6652,162.1924
263.7824,134.3420,62.8162,161.6551
261.5759,128.2939,62.6540,165.0001
261.8093,118.0235,62.2956,170.2304
261.7053,111.9373,62.7312,173.8245
262.1356,106.9694,63.5638,175.6548
267.4870,91.7231,56.5318,189.3982
271.2215,87.8310,52.6536,197.4109
272.6499,83.7766,51.8253,201.8396
287.9896,80.0068,50.2720,204.3531
287.7170,79.6822,49.5176,206.5982
287.5648,80.6806,49.6050,210.2153
266.6996,86.4009,52.4318,208.8643
262.9431,82.8277,53.1558,210.3940
249.0886,85.1049,54.3859,213.8400
252.4887,84.2133,55.5176,214.1545
255.6209,84.5819,56.4044,214.8987
257.9550,86.0488,58.3375,215.4588
274.0082,86.4815,61.1782,215.9492
273.4900,86.1492,63.3507,216.8707
274.7032,86.6478,64.0208,220.2676
275.2560,92.5902,64.5726,217.2575
276.9208,94.0681,64.1702,216.6289
278.1791,95.4062,65.2477,217.4127
279.0275,96.3950,68.6952,216.0695
280.5010,97.0536,70.1525,216.2927
281.1336,93.6012,71.8368,218.7190
282.7853,84.9491,68.8802,221.8430
284.2971,83.3127,66.0249,222.3003
285.8893,78.0630,62.9757,225.6123
286.6099,74.5096,59.5034,226.1231
287.7632,72.7121,57.0031,225.6668
287.9581,71.9223,56.8711,224.6859
287.0270,70.0402,58.1730,223.2747
286.8400,71.5669,58.8217,222.8325
285.9992,72.9548,60.0378,223.2719
283.8912,75.0547,60.1853,221.7309
282.4863,76.0228,60.7485,220.5859
281.8950,77.2020,60.9457,219.2775
282.2271,82.8518,61.5680,213.0784
281.8006,83.6265,61.1463,210.1445
281.8040,84.7332,60.9834,209.3253
281.3374,82.2872,59.7171,209.5558
281.1174,81.5936,58.9591,212.2766
279.9374,79.5867,58.9326,213.1353
280.7837,78.2366,57.0311,214.1969
281.7596,78.1467,56.4244,214.6782
285.0378,74.9469,55.4006,217.8511
293.1987,73.4522,57.2215,217.8926
298.7091,70.1033,57.5296,223.4277
302.1809,68.3202,58.6946,228.6374
304.3305,71.8628,58.8103,225.6752
305.2049,74.4056,59.9993,223.5574
304.6252,76.1266,61.4215,221.9501
303.1281,72.7678,63.6681,218.9380
304.2284,72.1998,62.3918,219.0699
302.1997,68.4176,63.3488,219.8588
302.3074,63.4232,61.6584,223.3102
321.0069,64.1823,61.6380,224.0205
338.1013,61.5461,60.6544,227.6829
351.5516,61.1161,61.1509,228.8879
348.0155,58.1837,61.6272,231.4886
361.0410,56.9066,62.2956,233.9230
363.4855,59.6588,59.3520,231.5549
364.9128,60.9774,57.7620,228.9486
366.9676,58.2799,57.1965,231.8922
381.8419,56.6060,59.4658,227.1670
379.3222,57.7314,60.5878,225.0010
379.2057,61.7924,61.3466,227.2194
378.0659,63.0359,63.1632,227.7395
393.4726,64.1455,63.5991,229.1539
395.5366,70.2672,62.9722,219.2838
398.8783,72.9946,61.8775,213.5887
400.7740,77.2053,61.6768,213.5228
405.5606,80.2920,58.0071,215.7684
408.3076,79.7209,56.2448,216.1451
408.7482,81.0036,55.9001,212.8042
407.3327,85.2392,56.0852,207.7051
405.9239,86.0216,55.2327,206.0753
403.1199,85.4644,55.8922,203.7836
400.2427,92.1136,55.9417,200.5331
397.3351,92.2803,55.9370,198.9770
395.2856,90.8988,54.5487,199.5481
393.1770,91.1559,52.8704,199.1787
390.9900,91.3260,52.3807,198.5447
389.5214,89.3482,51.8560,200.1399
391.0181,83.0042,51.1109,201.4738
391.0672,84.3145,50.8071,201.8982
391.6764,77.3225,51.1525,204.0225
392.9282,71.3674,50.7824,205.2643
392.8453,72.3751,50.2860,206.4655
394.2303,74.4917,50.5871,208.8945
395.6110,74.9652,49.9071,213.4263
396.2357,74.0555,49.8268,216.2580
395.9315,75.2812,49.9679,219.6333
395.8542,75.0979,50.6259,222.8789
396.0845,73.9028,50.8190,223.9649
395.5785,75.7111,50.9419,224.4095
395.2848,76.8942,51.1169,220.3403
395.5026,78.0042,51.0278,219.3048
393.8406,80.2870,51.4330,217.7559
393.1383,79.7198,50.4448,215.8613
392.5741,80.3388,49.7303,217.0551
391.3417,79.0720,49.5869,216.5154
390.1400,74.3782,48.6854,216.8340
389.2541,73.7515,48.0138,217.2091
389.0281,74.3821,47.5784,219.8311
387.2687,78.9101,48.6669,219.4492
386.7645,80.9518,49.2306,219.2890
385.9335,81.7527,50.0244,220.6432
384.9226,84.9064,50.4429,217.8624
384.6610,86.5329,50.2594,215.6419
383.0665,88.6350,50.1075,213.8286
382.0716,92.1898,48.4759,206.9225
382.0739,95.5336,47.7519,201.7538
382.0628,97.8309,47.9009,197.7579
379.2021,97.9425,48.6909,195.2662
378.0526,95.7796,48.6032,195.7504
377.4221,97.1815,48.5123,198.9816
376.5114,91.4347,48.5544,199.5224
376.7738,91.4684,47.8198,200.3918
376.8348,93.4811,47.4640,200.6676
375.5312,91.6296,48.0371,199.1262
375.4793,88.9171,47.7044,201.7621
376.0488,86.2653,47.2008,206.1995
371.9439,83.6904,47.7888,206.2461
370.5965,84.4636,47.9340,208.5223
368.4701,84.8968,48.5676,206.8521
364.6202,91.1704,50.5452,202.6372
362.4748,93.9672,51.4067,198.7915
359.7773,95.4996,51.8211,198.9688
355.2339,100.6567,51.4416,191.4064
352.0825,103.9824,52.1560,185.8412
350.2036,106.7558,51.2850,182.4667
347.2382,112.7845,50.6289,176.6410
345.2041,115.0144,50.7243,172.5311
343.3191,117.9970,50.0200,170.1671
340.0418,121.4571,49.6659,165.0918
337.8103,125.1649,48.7196,161.4352
335.0555,126.9641,48.4788,157.1889
330.3261,128.8300,49.6721,154.4344
326.2073,131.1223,50.2480,152.2533
321.9254,131.4408,51.2024,151.0454
317.0688,131.6299,51.8334,150.6806
314.8062,131.6456,50.7463,152.1805
313.5835,129.9460,49.5078,155.8553
311.6097,127.0067,47.8074,159.5773
311.0584,125.7937,46.2085,162.4568
310.8099,120.8776,45.4569,164.7691
309.9463,121.0411,45.5970,163.9560
309.9843,120.7332,45.0910,162.8867
309.5386,118.4985,45.2927,165.3471
308.7344,120.0033,45.5634,170.6016
307.0863,117.0517,45.5988,174.7240
305.1607,107.3896,45.5582,180.6799
303.5080,100.7559,47.7768,187.0855
301.4985,100.1774,49.6760,190.0527
300.7453,95.6935,50.6449,193.6242
301.3791,91.6940,50.4256,194.4596
300.9031,93.2023,50.0316,194.6859
302.7663,92.3185,49.4358,200.5407
305.8124,93.8289,49.1645,202.7749
308.2365,93.8233,49.6208,204.4692
310.1993,94.6735,49.8739,205.2041
311.4283,97.5141,49.9816,201.6771
312.6643,100.5916,49.4263,198.8346
314.3874,104.4933,49.5255,197.9413
315.9245,108.4007,50.1703,195.5282
316.8810,109.0133,50.9090,194.6302
317.5957,109.5327,52.0857,194.5641
316.9804,108.5777,53.1275,197.3982
316.8397,106.9635,53.9700,199.1267
