1
146.0747,137.7673,80.2309,187.8946
142.9767,135.9238,79.7503,183.2375
140.1374,132.8670,79.2982,184.2487
137.2852,130.9765,79.3615,182.6667
133.9788,133.3580,79.9021,183.4868
133.9042,132.2199,78.6379,186.4846
132.2114,133.3161,77.8177,191.5539
128.4861,134.8407,76.1503,193.2615
125.0032,134.3885,73.3989,194.3193
121.2644,131.7838,73.2802,192.7236
117.4437,133.4240,74.0629,192.3525
116.1269,130.2881,72.5909,191.8111
113.2293,135.1833,73.9087,192.2664
108.4410,133.8227,75.2365,193.5574
104.6669,135.2530,75.7391,196.8812
102.9653,133.1817,75.7622,199.0349
104.2802,135.9123,73.7167,201.1543
102.5424,138.8805,73.0121,199.9805
103.1880,138.6326,72.2049,198.4238
101.9388,138.4174,71.9247,202.1233
102.7326,138.6407,71.2842,202.3117
102.3426,137.6673,71.0093,204.7690
103.0920,148.8535,69.8613,197.7913
102.6616,147.5161,68.7117,198.2253
101.4314,146.9820,68.0800,200.4168
102.8974,141.8254,68.5874,203.2595
103.6134,144.4512,68.0989,205.7265
102.8975,144.5490,67.0138,205.3333
103.3647,144.9962,67.4324,205.1174
101.4667,148.5845,67.7925,206.7948
104.3266,149.4702,66.1812,206.4096
105.1090,151.1274,65.0253,205.9353
104.6598,153.0523,64.8200,204.7699
107.3014,156.7315,63.1290,202.9561
107.2325,159.0615,64.2680,199.8811
107.4337,160.6777,65.1563,198.3732
106.5434,162.4303,65.4272,197.3973
108.0095,164.0782,65.4954,197.4170
105.8524,163.2184,66.6701,198.2200
107.6576,163.5769,65.8980,199.5931
107.3968,162.2965,65.1502,199.1157
108.6600,163.6574,64.7062,198.5079
107.2507,164.0752,64.7555,198.3876
106.9561,164.5655,65.2598,198.6647
108.0040,164.3177,65.4298,198.1728
109.2344,162.6674,64.1618,198.8639
109.3101,155.3760,66.8930,194.3772
108.7220,145.6555,69.8049,189.5215
109.4262,145.5160,73.8151,184.7959
113.5057,144.2090,79.1889,184.6183
115.5742,147.5435,91.0016,179.5742
116.4482,152.8567,107.1039,174.0212
114.4673,156.5083,115.0133,172.2044
108.4485,170.3692,129.5648,163.4675
101.8996,177.4671,139.9849,155.6267
102.3780,178.5868,144.8100,150.6933
101.9596,179.0688,146.9992,149.0835
102.5431,177.7326,146.7769,148.0311
105.0632,174.6284,147.9515,147.3924
102.0898,172.1412,146.7394,147.3380
96.9697,171.6120,149.3860,144.1038
98.7820,166.3305,147.3604,139.7433
105.7159,165.2934,143.8572,142.8236
104.2343,161.8244,140.3996,147.6086
108.1187,158.9941,133.8252,153.7241
108.3328,158.4814,129.2677,158.3832
107.5467,155.7033,125.8153,161.6483
107.8087,151.4743,123.8210,164.0667
106.7176,151.6808,123.0656,164.3521
106.8571,153.1788,121.6730,165.1437
107.9249,159.1574,121.9653,159.5893
107.6896,159.6461,120.4699,159.5472
106.3085,161.6857,120.5167,158.4199
103.0281,163.7038,122.2207,156.7136
101.4882,163.8913,122.5492,156.4449
97.3695,165.2214,124.5300,156.4048
97.6195,165.1059,127.0411,157.4334
95.6726,163.4159,127.8534,158.8633
93.4458,165.8438,127.4127,158.8351
93.4157,164.7693,127.9081,160.1960
92.3934,167.0736,128.3917,159.5467
92.0189,166.6135,129.9555,159.0756
90.5240,171.0043,131.0114,155.5499
90.0271,169.1942,129.6077,157.5653
92.8134,171.0945,129.9593,158.0018
91.8477,172.1276,129.2031,157.2042
91.1856,174.2121,129.0937,156.1680
91.9618,174.0135,130.6437,156.5873
89.7251,177.4293,129.7564,154.0184
90.8170,178.2613,130.9094,153.6848
90.7589,178.4314,131.2658,154.9073
88.5926,182.2054,133.8032,151.7124
89.2599,184.0516,135.1675,149.6885
90.4104,181.4670,134.2694,152.4212
90.4200,181.7024,135.2701,152.5502
93.9105,180.9311,132.8137,154.7794
97.9269,180.9313,130.9491,156.3125
95.8892,180.8302,129.6208,158.0766
99.5231,181.2078,128.8343,158.0780
104.0594,181.3150,126.9763,158.3679
105.2307,182.3845,123.9477,158.6254
111.4312,181.0575,120.7800,159.7632
112.7438,184.2209,117.4783,158.7785
115.3512,183.5843,116.5178,158.1317
118.9289,182.0268,115.0604,158.4316
119.7062,182.5260,113.6435,157.9368
118.4403,190.4479,114.3577,151.1914
117.8462,190.6711,114.0843,149.2846
119.6386,189.7325,114.1558,149.7776
119.0791,188.9867,113.6303,149.3839
120.1136,189.6517,113.2592,149.7624
120.1117,189.5251,112.8388,149.0845
121.0991,190.2516,112.0634,149.7483
121.2232,189.6083,111.1815,149.1618
123.4315,190.7248,109.8122,149.4238
123.8483,190.0534,109.4837,149.8995
124.1839,188.0312,109.4826,150.4510
126.1374,187.9818,108.5590,151.1435
124.9827,192.5212,109.5663,146.4501
123.5675,192.0908,109.7942,144.8651
124.9204,190.8888,108.8324,146.3687
126.9084,191.5121,108.0361,146.7465
126.6105,189.8304,107.3188,147.8985
127.7999,190.5279,106.4435,147.6158
127.2003,188.5273,106.5673,147.4052
128.0353,188.4384,105.7762,147.8903
129.5816,187.8325,104.5002,147.4516
130.0311,186.9959,103.7249,147.9475
129.5772,185.0492,103.5623,149.3349
130.9939,184.4324,103.0490,149.7490
128.9798,187.3232,104.1001,147.1355
126.3897,187.4337,105.3397,145.0888
124.1774,186.7508,105.9615,144.2670
124.3909,184.4874,105.4428,144.9429
122.5900,181.9451,105.4497,146.1047
123.0590,177.1872,105.1383,146.7178
123.9279,172.3523,105.1218,149.5441
124.2244,170.5818,104.0567,150.9980
123.4714,166.2770,103.2001,152.3355
125.4796,164.7435,103.0527,152.4288
125.4433,160.9085,101.1571,151.4871
122.4303,161.2066,100.6843,150.3654
117.9399,166.9274,106.3099,145.4680
114.7483,167.2688,108.8947,142.5247
111.4135,168.9682,110.7789,141.1606
110.1061,169.2510,112.2031,141.4514
110.4584,170.9543,112.1108,143.7167
109.6962,168.7994,110.8317,146.3491
108.9174,168.3301,109.5972,148.0289
105.5865,168.7355,109.4835,148.5236
104.1862,169.7014,108.5956,147.9842
102.6051,169.8128,108.8691,147.3065
102.1363,168.1468,108.7535,148.3842
101.1761,167.0746,107.9631,148.7973
101.3708,166.6526,106.5534,148.5577
101.0472,165.8316,106.3752,150.5973
100.9425,163.5688,105.0973,150.8930
101.1618,161.1060,104.3579,151.1246
101.3888,162.7662,103.0037,150.9689
103.0492,161.2735,101.8538,151.3678
103.9238,161.1580,99.6159,152.0354
103.0126,160.4422,97.1164,151.1098
105.0805,159.9710,95.1861,150.3298
105.9702,159.5918,93.5962,150.0872
106.3352,160.1571,92.5006,150.2518
107.3500,162.0916,91.4999,149.6403
106.4045,164.7223,89.5463,145.9808
110.5454,160.4116,88.9358,147.0903
108.5950,152.9928,87.9117,153.2352
105.3884,145.8747,89.4359,159.0907
103.6411,140.8333,89.0626,160.4999
99.9580,140.0607,77.5267,168.8952
100.8229,141.3647,72.1259,178.5321
99.4703,139.7202,69.1659,184.6897
96.9885,138.3409,69.6263,188.1149
94.2267,144.0014,70.5169,188.7917
90.2204,147.1342,70.7688,187.1771
84.3331,146.8152,69.6131,188.6878
75.7147,145.4729,70.5273,184.4577
68.4153,139.5593,73.4363,185.9808
57.5481,134.8498,74.8964,185.1500
52.7639,132.3000,75.0092,178.6799
46.3493,134.4445,76.6226,170.8835
42.8478,137.8524,78.7158,166.0573
36.9423,141.1401,87.8639,154.7329
28.7470,144.8803,97.2185,140.2119
26.6464,128.2117,103.5972,130.9983
28.7412,129.4497,106.1016,123.6134
29.0116,131.4550,104.1847,126.6123
15.6867,147.2442,93.4179,129.4134
17.4580,150.2744,87.1413,127.4700
22.2715,150.3244,83.2739,125.3257
36.0026,148.2746,81.1461,126.5771
38.6714,139.0296,70.4842,137.4842
41.9198,138.0665,68.6428,140.1570
58.5190,136.2735,75.2258,140.2416
63.7295,136.6711,77.1161,142.1391
67.1825,139.9511,79.4264,141.1284
70.2450,142.7239,80.3672,140.3892
73.2838,145.0013,80.4855,138.3207
74.0534,143.2323,79.1079,140.4522
74.6187,143.4256,80.6580,140.2943
76.7305,140.5215,82.2357,140.4878
77.1707,137.4111,82.9254,142.2473
80.1064,137.4123,85.8145,140.4750
81.9646,134.8504,87.3862,141.5753
76.8335,136.1327,96.9845,136.7604
64.3147,138.4472,98.5444,134.7714
64.7356,145.1689,106.1418,128.6477
58.3528,155.0187,111.4741,120.6012
61.5062,161.0877,119.6104,114.2412
67.0195,162.3349,123.5375,111.0555
64.2777,159.7214,124.5088,109.6076
64.3703,161.0483,123.4685,109.1596
63.4392,166.7320,123.4401,104.0750
65.9403,169.9137,125.3231,101.5205
68.5649,170.8590,126.0607,100.5384
69.7636,171.0296,126.4012,98.8508
72.8667,172.1979,125.8581,99.6301
74.1696,170.0778,125.2736,100.1906
79.4580,167.8013,120.7935,101.1506
85.4930,165.5992,115.4795,103.4207
91.0113,164.8246,111.3955,103.7573
94.1090,161.3065,109.6502,103.2991
100.2918,158.0951,106.9331,104.6219
105.1208,152.0281,103.3167,109.4335
94.8627,153.4848,103.2337,107.8329
81.4665,159.5202,99.2257,106.3675
80.7712,159.4511,94.7171,105.5256
84.0037,155.3673,88.9386,103.6523
87.3945,156.4440,85.3076,103.6015
90.8540,154.6932,82.6612,103.5467
2
0
0
0
0
1
193.9266,159.8525,51.7332,80.9833
197.7337,161.4507,50.4710,83.5794
205.8580,157.2307,44.4943,94.8782
216.0284,159.0139,44.6258,95.9490
222.0981,163.9495,46.0257,97.5235
220.7456,169.5988,51.2600,96.5710
220.0745,178.6065,54.1878,95.0500
219.7864,185.7715,55.2200,95.5439
221.6293,198.4149,55.7130,98.2931
224.0658,202.8683,55.2494,100.8273
227.8390,203.7658,53.5588,101.3538
221.7025,203.3319,54.6365,104.1911
222.6385,205.2868,53.8194,106.5731
223.0978,210.6938,53.3319,104.9883
226.5099,211.9039,51.8464,102.2189
229.2949,216.8900,49.9578,95.9687
233.0411,219.7938,47.2245,90.6797
233.6057,223.2692,46.0354,87.6680
229.1221,221.2983,44.4187,85.6420
225.4228,219.0476,45.1271,82.0973
220.7856,218.2166,47.8895,76.6412
218.8856,212.8600,49.7478,74.0772
228.7984,214.4343,47.8546,71.5506
231.7569,216.6208,46.7125,69.0622
230.3985,208.3537,47.3124,66.3219
224.2157,207.4511,52.3162,61.7248
225.1488,201.2223,55.0822,61.9707
224.3517,201.8217,59.3501,60.8915
224.3505,196.3187,62.4949,61.2500
218.5836,194.7965,65.1345,63.5420
213.8592,190.1787,65.6188,66.6044
210.3456,186.7048,63.9892,71.5208
208.2863,184.6898,59.3686,76.9128
207.9628,188.9563,58.2895,73.9139
211.4012,193.4814,57.6464,71.9766
213.8908,197.2152,56.0466,73.6988
218.4469,199.9482,54.7866,76.0052
221.7904,201.6157,53.7705,74.0626
227.3491,207.2396,54.5121,72.5015
243.3397,216.6734,53.1850,72.6970
257.2378,229.5278,53.2720,72.2953
269.9554,241.6500,53.7465,71.2090
293.2897,246.1707,52.4877,69.3472
309.1752,247.0016,55.3987,67.1371
345.8598,246.1696,55.1447,64.8713
367.2754,248.3847,58.0384,63.0340
401.5371,242.1315,56.8708,66.0725
441.1703,254.4034,52.2605,70.4280
480.1906,275.4642,46.8394,74.0036
509.6456,288.5153,44.7026,75.1172
545.8571,302.6435,44.3220,75.0443
575.0178,310.0640,43.1337,74.7419
601.8839,311.8246,39.1779,75.6177
