1
312.0546,537.5677,14.0703,54.0045
309.0171,523.7491,14.1460,55.0789
307.8399,530.7344,14.4532,56.1089
320.3543,523.4489,17.2042,52.2488
318.3362,517.4763,18.5569,51.0924
295.5018,493.8531,19.0529,51.9782
290.4763,476.6311,19.7484,51.6496
285.2014,453.9686,19.3141,51.9023
291.4935,442.9725,18.2843,53.1157
302.3420,438.6484,17.3123,54.0393
321.6281,432.4871,16.8441,54.8521
336.5687,428.1761,16.5783,54.6983
339.0948,430.2802,16.1354,54.5751
344.8886,421.3496,15.8875,53.7812
354.9117,425.4902,16.9551,52.8538
374.1760,432.7932,18.4897,49.8707
389.4979,433.9164,18.7186,50.2253
393.1315,421.4483,18.9660,48.9554
375.4517,408.7024,18.5839,48.3388
373.1297,397.8668,16.8151,50.7090
374.4392,394.1173,16.7455,50.8335
375.3363,383.8042,15.8150,51.9507
370.8068,378.2158,15.3636,51.7367
358.1818,371.3332,15.2975,52.5157
350.0481,361.4268,15.1892,53.7228
350.2148,348.8418,15.4560,53.8870
349.3481,332.4662,18.0839,50.7233
348.7473,316.2834,19.1244,48.5888
364.5025,305.4585,24.2665,42.4093
370.7491,282.9814,20.0357,48.8737
371.7740,257.4400,18.2215,51.8629
389.0724,244.4990,19.3640,49.9503
402.7009,240.3948,20.1334,49.4676
411.9179,249.0321,20.9617,50.0650
431.2203,260.8533,22.2073,48.9327
447.0376,277.0649,19.8615,55.7742
458.0364,286.9960,18.5214,59.9705
459.4597,292.6567,18.5190,62.4644
443.5942,306.6715,18.2489,62.4118
439.7770,303.4147,16.9046,63.8276
428.6308,314.8773,18.2046,64.6843
405.9035,317.3763,19.1973,64.5179
378.4415,319.1053,18.8627,65.4507
349.4937,314.3348,21.2658,62.3329
2
0
0
0
0
1
245.9408,248.9373,23.3259,68.7598
264.2711,264.1611,26.9000,65.1405
288.6127,284.5779,29.2255,63.1296
314.9320,303.1035,29.9031,62.1053
337.7798,312.7443,24.9326,67.3526
330.9878,316.0112,23.1125,68.1528
334.4061,311.1714,23.3670,66.2894
345.6454,328.5879,23.2266,67.8645
351.8188,347.2506,21.7882,72.6272
352.9717,377.3879,20.5412,77.1525
345.7358,381.4665,21.7744,76.0062
326.2270,376.6133,21.5383,78.2632
304.8476,352.2834,22.5492,80.6280
296.9388,333.3706,22.5277,81.2987
293.5215,334.3086,22.4286,77.8951
298.9621,331.7431,20.9817,78.8953
297.1446,342.1085,20.3334,80.0255
296.0990,336.7879,20.1709,79.0463
300.3315,334.8725,19.2796,77.5978
298.7433,321.5892,20.1175,79.2924
289.3239,329.3826,20.1555,81.1555
293.2233,336.0425,20.2396,79.5949
314.9863,340.2104,18.7813,78.6374
305.2481,337.1253,20.1441,78.8824
289.6246,320.4746,21.0869,81.1378
288.1062,317.5094,20.3322,82.7294
295.8843,330.6099,20.6119,81.8601
306.6774,333.1852,19.1402,79.9556
304.6265,341.5135,19.3552,80.3905
311.3566,341.9140,18.6919,79.9213
320.9413,347.7614,18.5082,79.2315
326.5972,362.5653,19.7102,81.0697
337.9772,358.4892,19.4794,77.9965
342.8505,357.6104,18.7407,76.8650
342.9865,338.0919,19.3741,78.4848
350.1150,327.1868,20.5068,79.1422
376.6949,332.3337,21.6082,77.0596
399.2862,328.2157,20.8373,75.9415
400.4127,314.3183,21.2806,77.5182
392.7136,313.5474,19.5744,77.3207
395.9043,307.8202,20.4589,78.1936
411.1060,296.2727,20.8349,76.2865
414.0545,304.1723,19.8813,78.2037
438.9210,303.1265,21.7606,77.5508
459.5561,304.9739,22.5733,78.3666
472.1409,318.8213,21.8352,81.6885
479.5400,311.2914,20.9343,81.4117
480.1851,302.9329,20.6973,80.0498
485.0429,302.8528,19.2848,77.8195
496.6691,293.9454,20.6990,79.0390
513.2064,277.1523,20.8509,77.2204
529.7318,276.0504,19.8944,75.2942
545.1804,265.7674,20.2055,73.1717
560.5837,255.1187,19.9385,73.9604
568.9996,246.9556,19.9908,74.6144
581.0753,226.6302,20.4784,77.6758
587.0373,211.2454,20.2540,78.2767
595.2594,206.5269,20.2325,75.7878
605.9789,206.5946,19.2420,75.5379
614.4688,206.6405,17.8792,74.5730
602.6016,194.7667,19.3253,76.6076
583.2117,190.4567,19.4150,77.0734
580.1287,195.2700,19.0632,77.9824
566.1093,183.7038,21.1962,78.7691
538.4566,171.0426,22.6915,79.2247
517.3784,160.0952,21.6087,79.8940
510.6034,148.4483,21.0536,81.8126
496.7852,130.8240,21.8807,82.1811
467.6217,135.1407,25.3146,78.3155
453.4926,140.8013,24.8170,79.4372
454.0143,154.3269,24.8423,81.7117
467.7390,170.8392,25.8537,81.4864
489.2582,178.0289,23.4912,86.1035
491.8987,184.9297,22.3426,86.8548
492.4314,182.5046,23.0913,87.8341
507.0271,173.9232,23.0134,90.0360
520.7601,167.3465,23.7940,94.7163
538.9607,161.0560,25.1712,93.1286
