1
49.4237,577.1514,50.9779,42.5025
71.0751,593.1948,57.4299,35.9060
92.8768,606.4736,59.3204,32.9047
115.1538,613.9932,58.6492,31.8198
141.6369,625.7791,57.1432,30.8462
166.7797,632.5432,54.9822,30.6370
189.8547,644.1620,53.3105,29.1841
215.6443,655.2678,52.9936,27.2153
246.8477,660.9141,51.4284,26.8206
282.5559,666.7013,49.7471,26.8199
319.8008,668.1650,43.5031,31.6911
354.9812,670.8716,40.4936,34.3571
388.9378,674.6633,37.9760,36.4374
422.1766,679.0327,35.5477,38.2975
455.2152,659.1696,34.1441,38.1068
483.3000,655.2891,32.6467,36.9618
485.1214,664.2343,32.9076,35.2012
2
0
0
0
0
1
709.2230,612.4252,53.9050,58.5758
726.9615,608.0944,52.0936,61.0266
744.7978,605.2166,51.3393,61.4918
768.8840,599.3610,49.7602,62.8378
785.7224,595.6216,49.6316,62.4477
803.2135,592.6037,49.7874,60.9302
821.0223,589.3580,49.0778,60.4134
832.0059,587.6937,53.1920,59.1779
857.1855,584.5441,50.3740,58.6843
874.2429,582.7065,49.5689,57.1309
890.7426,579.2584,47.2526,57.0261
906.6424,573.1816,47.2023,56.4849
922.9725,574.0218,45.2810,56.5512
937.9229,572.1326,43.9405,55.6666
951.5196,570.8823,41.5512,54.2704
963.8210,568.5299,41.5055,52.6879
971.0974,567.1704,41.3218,51.9629
984.5413,565.8826,42.1209,51.1102
992.8582,563.4246,40.6627,51.1071
999.4628,560.4266,39.2107,49.8027
1007.5872,555.9711,40.0862,47.6823
1018.4637,552.7819,39.7498,45.0195
1024.3419,548.3719,38.7724,43.5541
1030.2061,541.1666,38.6291,41.0822
1035.5265,533.2209,37.1394,39.2909
1048.5841,524.5377,37.6387,38.2406
1053.3512,512.2577,36.3909,36.6287
1061.8311,501.1626,36.7434,35.0110
1065.7560,494.1410,35.9494,33.7988
1068.3423,485.5916,35.1378,33.3198
1071.8230,477.2150,32.7841,34.3771
1073.1132,470.7071,30.5381,34.9151
1078.0537,464.5530,31.4318,34.0918
1077.1603,455.0831,30.3089,34.1777
1076.4779,449.4048,29.1991,35.1275
1075.5179,439.4815,28.8252,33.0517
1074.1619,432.5746,28.8161,30.6209
1072.7488,427.0325,28.9729,28.1035
1072.7590,421.0021,28.6748,26.5067
1073.7163,415.1591,28.0146,25.2783
1073.3345,406.2813,27.6327,23.3096
1073.1155,400.8227,27.7771,21.0225
1072.6401,394.8265,27.2947,19.9006
1073.2023,389.2640,26.1501,19.3396
1073.4441,383.2674,25.3214,18.9118
1072.9927,375.4194,24.2513,18.1618
1072.5441,367.8666,23.6152,17.5139
1072.0513,362.5778,22.9269,17.2230
1072.3389,357.1739,21.6657,17.2310
1071.1952,352.9036,20.9057,16.7970
1069.9764,349.0236,20.2303,16.4142
1069.7911,347.8452,18.9086,16.0974
1069.7986,346.2718,17.4872,15.7683
1069.3683,342.7156,16.6036,15.1761
1069.9512,339.2205,15.8557,14.3032
1070.0553,337.6281,15.4152,13.6144
1070.9313,336.0814,14.7494,13.1017
1071.3226,335.9204,14.2134,12.6352
1072.6533,335.8534,14.1569,12.1982
1074.1819,336.8093,13.7501,12.0948
1075.5739,337.8757,13.6644,12.1511
1078.7985,340.5513,13.5307,12.1004
1081.3456,342.3885,13.2480,11.7831
1085.4960,345.4034,13.1891,11.7024
1088.5851,346.6001,13.2750,11.4752
1092.3617,346.4565,13.3534,11.5643
1097.6816,346.3776,13.5159,11.4584
1101.1752,347.1019,13.4587,11.4993
1106.3037,347.7288,13.6079,11.4409
1109.8676,345.4787,13.8028,11.6360
1114.8735,341.7331,13.9242,11.6137
1119.6764,337.5859,14.0754,11.5224
1122.9164,334.5215,15.2742,10.3822
1125.8346,330.5930,15.8045,10.0000
1128.2683,327.9877,16.0719,10.0000
1130.9135,325.3203,16.0319,10.0000
1131.0668,322.6383,16.3590,10.0000
1131.4877,319.4073,15.4349,10.7842
1131.0277,318.3521,14.5891,11.4498
1128.7183,315.9121,14.3289,11.5786
1127.8433,316.5764,14.0098,11.6869
1124.9119,316.7864,14.1507,11.5931
1121.9446,317.9964,14.2689,11.5550
1121.2119,317.9863,13.4999,11.8338
1118.3108,317.7789,13.3504,11.8438
1117.2860,316.6277,12.9326,11.8689
1114.5115,316.5885,12.9145,11.7100
1113.7739,316.0693,12.7623,11.7326
1112.9886,314.1839,12.8027,11.5631
1112.1400,313.8875,12.7190,11.4382
1111.5023,314.6243,12.6078,11.2780
1110.9689,314.9252,12.4973,11.1492
1111.7426,316.7328,12.3874,11.0485
1112.8818,317.1629,12.2873,11.1212
1114.3053,316.9089,12.3568,11.0083
1116.6902,319.0303,12.2992,11.0428
1117.7234,322.1669,12.4404,11.0836
1120.5609,325.0009,12.4759,11.0576
1123.0994,324.4753,12.3601,11.1178
1120.2021,322.1772,13.1746,11.2407
1120.9510,318.1566,13.0530,11.5287
1123.5166,315.7685,13.1627,11.7595
1125.3779,313.6635,13.7012,11.7323
1127.7615,310.9987,14.2001,11.8634
1128.3746,308.4237,14.6503,12.0573
1129.2816,306.9829,15.3092,12.4044
1130.0338,304.0414,15.8629,12.6260
1129.3279,303.1225,16.5178,13.0214
1128.3424,301.9188,16.8072,13.7230
1127.0885,301.1809,17.6978,14.0544
1125.7429,302.0184,18.5297,14.0252
1123.5986,302.3539,18.7100,14.5502
1121.0853,302.6831,18.8811,14.8148
1118.4192,302.6526,19.2678,15.0280
1116.0081,302.1317,19.3686,15.4520
1113.7146,301.0909,19.8165,15.5724
1109.3746,301.0374,20.3802,15.6162
1107.4437,301.6821,20.4930,15.9976
1104.4274,300.3839,20.4309,16.0571
1101.5211,298.3321,20.5763,16.0871
1099.1160,296.1752,20.3862,16.1092
1097.6324,294.7611,20.3186,15.8319
1094.1538,293.4466,20.5536,15.6682
