198.5,214.5,34,81
197.9231246544844,214.04795277951862,34.0034063341367,80.99759086045215
197.69290418429532,213.86159893821426,34.0028401860921,80.99979282268389
197.46775046541677,213.63910766240363,34.00225925834204,81.0018778756975
197.23587164352432,213.5647035996449,34.00168551365346,81.00427109542846
196.91671681227945,213.3808272216617,34.001151997394146,81.00636589598679
196.59911071662495,213.1873932349418,34.00064637950281,81.0083808044127
196.30809840490804,213.03351280812484,34.00016398866204,81.01033397815505
195.97091322613068,212.95329510582533,33.99967839872226,81.01234917763774
195.60421054878813,212.8903182371588,33.99918141824041,81.01437684165809
195.23319732042913,212.82363432285973,33.99865309113733,81.01641307745794
194.87973105351915,212.80249772639326,33.99814870574492,81.01839628723756
194.5521479879313,212.85847109619021,33.99771893829241,81.02039040499446
194.2663463567358,212.95435275454824,33.99729654398328,81.02230125030866
193.96216073745944,213.01970995988486,33.996867252102305,81.02422036178831
193.62171504567385,213.1242814803176,33.99647236028671,81.02618315934087
193.3200564967779,213.23728683781812,33.996112602514465,81.02807801580053
193.05292962132367,213.31645285134744,33.99579965296444,81.03001711179351
192.82338710183961,213.48844296145944,33.99548099825651,81.03192541681712
192.62005134403097,213.61046606054194,33.99511656702779,81.03392000992521
192.41949738661248,213.70339732699244,33.9947491715392,81.03593882754151
192.22322048004503,213.77192872103544,33.994371135909645,81.03802467710788
192.012673222889,213.90002932798973,33.99399697508515,81.04013506269237
191.78101196425538,214.02692871025937,33.99360474373141,81.0421097232553
191.54399235279917,214.22831763361114,33.99317662951233,81.04411813548765
191.26820097542856,214.53162631325674,33.99270944938948,81.04607772960759
190.95195491859158,214.69271746985842,33.992156366530274,81.0479237593665
190.6297064748424,214.74219289594353,33.991566250320744,81.04966867370484
190.38598209834538,214.77037839132493,33.99104825722296,81.05144281485788
190.1802337426403,214.7623863106926,33.99056839278166,81.0532439586973
189.97115358290074,214.81899698049935,33.99013944810636,81.05499368311489
189.78491772621294,214.81642625794836,33.98972584487162,81.05680003180922
189.56182911861478,214.87870681170392,33.989347236980244,81.05863420942761
189.34910052719619,214.97393049265673,33.98898484403083,81.06042841191503
189.14565838700548,214.9309167271851,33.98862745213477,81.06223712043865
188.96929385222032,214.78453168709916,33.98827964649528,81.06408953584422
188.82753940869787,214.6611932220282,33.98791795572801,81.06594394894874
188.6700057305282,214.53098885765803,33.987548501812306,81.06779383812952
188.51566119016093,214.35164632100683,33.98717662153874,81.06961410144204
188.387485854585,214.16464748662798,33.986794113598215,81.07141110234156
188.19936180974153,213.9948752167756,33.986489055253905,81.0733749910015
187.9993008288587,213.78003942618602,33.986153277189544,81.07527375218476
187.78416248325973,213.55999179303666,33.985843362123354,81.07717459456958
187.54931128896135,213.37257395827243,33.98552769170489,81.07906796544731
187.30167172971136,213.23195363619294,33.985205573384654,81.08099927723549
187.0816096106387,212.9943759750666,33.984885014252505,81.0828648117189
186.83607057360598,212.7796890408903,33.984551491781325,81.08471891159498
186.5953596608717,212.52433493985927,33.98420628867965,81.086601811533
186.35730495289798,212.19801680316743,33.98384845284947,81.0884972826286
186.1137998927832,211.9066279251995,33.9834853998422,81.09040870174199
185.84510321845283,211.5909662640362,33.98312325915354,81.09232640635462
185.59560740440992,211.3016229289818,33.98277411461063,81.09423740641186
185.31895937722965,211.01459221554677,33.98242443895256,81.09613024464366
185.04783784530224,210.81795529989483,33.98208987848639,81.09801074227404
184.78058988424377,210.60809308126602,33.981733951524184,81.09992649780523
184.5505663243469,210.39078041698505,33.981395599735485,81.10178860748744
184.33264169979492,210.19416084625442,33.98105904184981,81.10362511695067
184.1282195823602,209.986989409277,33.980742156066064,81.10546996381923
183.90576543781395,209.78809241040892,33.98044538253078,81.10729281234923
183.6487679037595,209.56352228947762,33.98014880654331,81.10915524006195
183.38758195029186,209.34917060925892,33.97984913316396,81.11105414736483
183.14052450169592,209.08311409524856,33.9795641847557,81.11295310411177
182.89816569368745,208.84993505192764,33.97930649259281,81.11487045755923
182.6471773189859,208.7363643438208,33.97902500081927,81.1168159443648
182.3807600622771,208.6182868827348,33.97873989534421,81.11876767692543
182.08970803782483,208.54825468557902,33.97843331068477,81.12076507907331
181.8124011519769,208.54699360533354,33.978109064058614,81.12278973129408
181.53767740566568,208.57050446842175,33.9778024735245,81.12475446240593
181.27303996817892,208.5781806158407,33.97748137739054,81.1267745969389
181.0128376663428,208.57095252697087,33.97715125368013,81.12880865820523
180.7704010979484,208.58162607666122,33.9768102166751,81.13078865612127
180.5415472617595,208.57321157206331,33.97645941260488,81.13269184549542
180.28936461205024,208.4682970421382,33.9761124284121,81.13463805398342
180.02913063993842,208.3707165473606,33.97575480777441,81.13655847549681
179.7642287891531,208.23212071434224,33.97538765143875,81.13853454557288
179.44576676585146,208.07217020953559,33.9750305186139,81.14053254314895
179.13356610718296,207.85639551320588,33.97468628817943,81.14264325539793
178.82974622795604,207.6612792550723,33.97438495557264,81.14475276603655
178.5010050379198,207.49982080341914,33.97412465652597,81.14677769298635
178.1730868260368,207.1725576617232,33.9738522240908,81.14876871665453
177.85897761097195,206.89615344689912,33.97357549745557,81.15078397537377
177.5566630462498,206.6205795147756,33.973251159053895,81.15275782886718
177.24571735543608,206.3747701296194,33.97293752168418,81.15469961701518
176.94911964838917,206.1924910030051,33.97261795689234,81.15666657380937
176.6503743018468,206.03001618802824,33.97227895046082,81.15861931917865
176.36596018228929,205.88297050349922,33.97194660894076,81.16059654963351
176.07004798396724,205.78098922764582,33.97159474702083,81.16256821381765
175.74378418071777,205.68234434230965,33.97130468698918,81.1644850602813
175.40417566725756,205.63724476176492,33.971046644863584,81.16629648618279
175.06559152307955,205.5772250835598,33.97077136928146,81.16809463678153
174.7843477452338,205.42055305777095,33.970508406650985,81.16992237361427
174.5116110880998,205.21864093395502,33.97022436761312,81.17171165310839
174.23355701438,204.96761726381,33.969922798446596,81.17351878667995
173.89481277331956,204.889472530327,33.969597989017814,81.1753254419566
173.56487169088783,204.7489417627309,33.9692553585398,81.17714195818972
173.2659600045082,204.6362629224246,33.9689119079119,81.17893237651042
172.95865945623578,204.55332159559742,33.968583328400804,81.18073494679462
172.70508743848964,204.32959157407018,33.96826343185573,81.18252822964284
172.5386935684187,204.06704772562227,33.96794995901928,81.18432320622085
172.37705069142913,203.7289812490966,33.96766125940609,81.18610393063068
172.21428070880415,203.5114363002361,33.967393444628655,81.18797716713681
171.99813212171716,203.3740361800996,33.967138936807274,81.18986719989981
171.73749726290285,203.27373818251158,33.96683767388705,81.19173268162241
171.47965507223563,203.1734024618297,33.96652834088886,81.19358122233325
171.1951016244682,203.01617428050992,33.9661940967257,81.19534994955109
170.90345603732936,202.7411645100926,33.96585810663952,81.1971585118777
170.6407315563601,202.41619188326462,33.96551345657472,81.19894175820184
170.4506241876593,202.06913684683806,33.965135132529234,81.2006939929011
170.27586282256556,201.7394292021246,33.96476110392188,81.20244951326983
170.05744479077936,201.35428236516918,33.96440594935657,81.20423487209428
169.82170430882738,200.9568592669282,33.964063995799116,81.20600699716893
169.574644223867,200.6746476148419,33.963754637006595,81.20774224868728
169.30344740369566,200.427513858898,33.96343862874016,81.20947726889108
169.0375907695309,200.24907963154098,33.9631303745477,81.21120619986056
168.7673487769274,200.10109171295142,33.962777012247194,81.21297151367274
168.47683038899743,200.01697886053316,33.962414824178964,81.21476647696073
168.14417788598493,199.89058152951858,33.96201355331032,81.21656445992225
167.79821303920565,199.82463341047756,33.96158034232023,81.21860572087343
167.48900698387118,199.81103199960495,33.96111569775162,81.22073471630566
167.20842693190798,199.81831925197093,33.96068346120866,81.22288831659714
166.9248199323615,199.89289098655993,33.96028648122141,81.22511407637826
166.68982759396098,199.96445990877763,33.959920117659145,81.22730561793871
166.39875010148185,200.00370184614303,33.95960003643241,81.22937575169183
166.0699392455269,200.05347433328456,33.95930997084595,81.2313895297667
165.79270368452228,200.10118732241003,33.95902206728147,81.2332869095747
165.52060562260885,200.14473294202622,33.95870657487828,81.23529326704727
165.28452236660635,200.09636422561672,33.95831199569868,81.2372229111366
165.0457073016268,200.06665745235412,33.95788861546876,81.23917321405811
164.78401375852758,200.06364641698326,33.957421922828075,81.2412542540926
164.56025210031865,200.00503958062785,33.95702452939752,81.24318124872765
164.28440680672352,199.91751538190698,33.95667453965297,81.24507718452142
164.0001796909472,199.92677247993095,33.95634751452989,81.24709499859661
163.7303042040739,199.97217406471148,33.95603182882601,81.2491479083755
163.4163378516664,200.02096272721946,33.95566619141302,81.2511877814692
163.09517532719082,200.04066378963358,33.955297601562606,81.25315739704173
162.80158311971098,200.02571878634961,33.95494597955405,81.25512660614243
162.54757810822144,199.9303003047463,33.954541912853436,81.25713185257314
162.29871125273462,199.8339031025365,33.954107423572594,81.25907939658397
162.0464662757509,199.7487949970092,33.95367290139335,81.26101077420734
161.72027204241584,199.62008063904497,33.95324602611402,81.26292141133177
161.41225171214364,199.4787992424335,33.9528411452766,81.26479413058773
161.12391783502437,199.36029160190895,33.952461074655474,81.26665521501685
160.82551740957726,199.2490013607848,33.95212459358713,81.26849548327493
160.51157424939493,199.0486302667015,33.95180406485362,81.27030703241299
160.21117390886593,198.88908170706867,33.951469015168165,81.27207045340596
159.94805306055574,198.73513672518948,33.951138722729105,81.2737777048478
159.64957967186146,198.6480092075464,33.950813223239315,81.27544373609419
159.42639908434813,198.49368847312024,33.950473378263595,81.27721489344788
159.17948380748481,198.3359503192366,33.95014146188792,81.27904065275712
158.93310584896878,198.17924249047758,33.94976577114911,81.2809381477862
158.6809936267808,198.10577675130907,33.949395710691796,81.28290294929192
158.41994749670133,198.13036118730145,33.94904700090677,81.28477860847373
158.1495340849391,198.09226735033218,33.94873618872337,81.28662469468995
157.95723999447495,198.01286085441137,33.94844698594273,81.28849914857629
157.70320302114453,197.9258098162877,33.94822325079508,81.29038549487174
157.48909914795124,197.73315094707246,33.94796488576007,81.29232699257199
157.24112599521894,197.50906063728888,33.94769441723789,81.2942258512081
156.99250421108346,197.28807730031147,33.94739029940883,81.29614010526205
156.79512269453852,197.05926860765993,33.94704230811898,81.29798199122128
156.5908234725672,196.76138683793195,33.94670276139619,81.29988025529423
156.40654136826413,196.5938667850473,33.94638824781143,81.3018017733312
156.1893005166592,196.3791273932659,33.94611593700615,81.30370315072605
156.00704165192641,196.07676332577063,33.945836282924844,81.3056218565479
155.79567450504192,195.82648759751336,33.94554490902647,81.30755587260029
155.54866393405564,195.62904694262892,33.94529846810565,81.30943714589114
155.26501259393422,195.50888371087981,33.945051562052434,81.31127961419016
154.94515969478684,195.3986709211362,33.94480732334459,81.31318437353657
154.60811173855828,195.33611289685027,33.9446172875252,81.31506606069824
154.35751780435447,195.20145504059957,33.94441571205847,81.31707294198473
154.10013196904222,195.0121428759502,33.94417857550064,81.31906923001611
153.82307865392582,194.75743417080616,33.943908067118805,81.32108618721347
153.49976916816505,194.53008995530453,33.94363615996297,81.32310118300559
153.24189411060738,194.4399615870141,33.94326411273624,81.3251176203616
152.9627092055639,194.40507440712423,33.94288120723556,81.32706291511644
152.67399341446145,194.2887073438877,33.942477885246625,81.32901317673378
152.38640617013084,194.06870973099075,33.94208489000582,81.33095589727294
152.07077519694477,193.81751181527684,33.94172124366942,81.3328295920125
151.76641337226937,193.49339234302593,33.941356650966235,81.3346887676659
151.4844028140589,193.222257763248,33.94104116946765,81.33664396810008
151.24719721916,193.05067389027607,33.94071897680206,81.33859556709795
150.98585931550042,192.8887483633128,33.94039668956249,81.34066185649624
150.69709485621127,192.72748242176078,33.9400859355753,81.3427252840472
150.40797292665155,192.58308416280596,33.93977623729883,81.34483067274924
150.12959436543446,192.40048056257632,33.939453686919606,81.34685908359289
149.8079866621474,192.218985392818,33.93913246620103,81.34901765578887
149.47695854058148,191.9857808978439,33.93883269031285,81.35111537383118
149.15017796589606,191.74723371687185,33.93851604494108,81.35320685091054
148.83718113457184,191.49165515827713,33.938191610474966,81.3552418944496
148.57584504591424,191.24136399961222,33.937877912183644,81.35725400799829
148.3254903083952,190.9986534140236,33.93755402149524,81.35924667113223
148.11551440847197,190.7375066574387,33.93720420514986,81.36122990159478
147.86276144303534,190.49801476226946,33.93688378199629,81.3631816861464
147.6296431963614,190.30486154315764,33.93654718598297,81.36513800334876
147.41345077387567,190.06758764915523,33.93619146183979,81.36710231862487
147.1632455344732,189.81700045035186,33.93581992770527,81.36908269023826
146.89345042627536,189.62889843071528,33.9354805157287,81.37100821393409
146.63292513341722,189.48379033002914,33.9351164638794,81.37291522860939
146.381564428668,189.29678017141669,33.93476805535796,81.37479311171407
146.13685505549316,189.14793561438438,33.934440499341406,81.37665531385242
145.8510198473214,188.9125824096582,33.93412865116618,81.37850023281673
145.54067689110596,188.69099260848293,33.933825360143985,81.38037053212201
145.21820543792026,188.49913332282784,33.9335562718674,81.38221051880883
144.89319344306796,188.28936196024,33.933287626608006,81.38406070190841
144.57865602718144,188.06122815991654,33.933023061427484,81.38589936154389
144.2424997138841,187.82606187598213,33.93278328123432,81.38771897708499
143.8846839403663,187.55443987573113,33.932553626983605,81.38953649777056
143.5399914920614,187.30642560696236,33.932364699187715,81.3912855612881
143.18493398301266,187.0445323367664,33.93217480138019,81.39308776291966
142.85515697605015,186.7872733180343,33.931957015264025,81.39487734770135
142.50286611090849,186.50430198156278,33.93176525988676,81.39661252638555
142.16770268821276,186.21700537693653,33.931567508110255,81.39833732886541
141.84628579592498,185.95581080011996,33.93138423908172,81.40006345950353
141.5045780990862,185.73023660885758,33.931206001968576,81.40175312372843
141.17515087062475,185.52717478102107,33.93101517986541,81.40346632775082
140.8356409327344,185.333747109182,33.93081974364203,81.40517296737701
140.53166374887343,185.10092209628561,33.93063841113817,81.40687629307364
140.26273620698007,184.88231042376415,33.93044880383908,81.40862977231762
139.98168857197535,184.64640963311518,33.930263776569134,81.41031140046003
139.69602199075337,184.45249625742102,33.930059742376876,81.41199908682115
139.42928605582787,184.250536552685,33.929850875209304,81.41367160384092
139.12394999847353,183.9630106150273,33.929665682007034,81.41541793191895
138.82062966172788,183.7682736652043,33.92946228792484,81.41715804426673
138.50481005746872,183.52941719792176,33.92925065778193,81.41889752173384
138.1648431016114,183.33823519581318,33.929048246521425,81.42060847242888
137.79503285951898,183.1721096376044,33.92885760828882,81.42230331538605
137.4312289113025,183.00269543361793,33.92865440662303,81.42401962442668
137.08892961424925,182.83945917622725,33.92845535611437,81.42572106276728
136.76366273944961,182.6765615351942,33.928245561611924,81.42743248014447
136.4545926365777,182.53210348968423,33.92804050673561,81.42911793051461
136.13640471414578,182.40575056474873,33.92785364655948,81.43078126534618
135.83187146968692,182.25656141767874,33.927646522977994,81.4324519293287
135.52559471035383,182.155499773724,33.92744110714631,81.43412142919615
135.22167011702095,181.96378978059292,33.92725002062251,81.43585881090696
134.91555520049317,181.83016707823202,33.927023055124586,81.43754698610987
134.62303100896827,181.7373451817179,33.92682427917019,81.43923150365403
134.33005058253468,181.60277626495918,33.92661702166674,81.44089295730012
134.03565548461762,181.47079822272008,33.92641080713099,81.4425278378312
133.76172248816266,181.3075530346041,33.926211316470834,81.44414741905166
133.49194196223903,181.16827741280855,33.92601636827612,81.44573030269555
133.215345031695,181.04403292198097,33.92583242222384,81.447344236667
132.9538525499587,180.97001755154324,33.92561627771762,81.44894597525744
132.68083520373997,180.86217633293472,33.9254010440648,81.45054788504969
132.4567930283179,180.7469242663156,33.92518193383417,81.45215657759023
132.19292341848097,180.61041150728738,33.924979330502296,81.45376450765119
131.98483110337486,180.44908177496256,33.924758670349334,81.45544243996554
131.7759970765701,180.3104098025462,33.924550212146634,81.45704984424229
131.55142284550206,180.1831627951441,33.924362175306975,81.45862636069633
131.30412932566517,180.07124559852264,33.9241561277367,81.46023116888776
131.06898077354947,179.99029189924929,33.92397821394367,81.46183491514789
130.82400330553492,179.87082983293195,33.923765234151674,81.46346143833415
130.58030715845578,179.73608691298895,33.923564354329265,81.46508102436731
130.31126358619053,179.58589754332553,33.923385018890734,81.46671392290622
130.02016142774997,179.4415981236077,33.92320844492559,81.46842556365533
129.71801264472802,179.29174705696994,33.923022466142974,81.47010995668123
129.41912388084702,179.16411994672364,33.922820984753535,81.47177901739518
129.06723331226442,179.035604774178,33.92261225852301,81.47344875915391
128.754937185795,178.98726211180463,33.9224053195101,81.47513649163032
128.43468467881024,178.94344400689405,33.92219968160511,81.4767808569166
128.1350526913903,178.88650506184825,33.92199381591839,81.47846256976403
127.83117722388337,178.85865043224044,33.92180193133693,81.48008450304906
127.56404541708633,178.84637381514267,33.92160279497296,81.48171124462809
127.3178793793393,178.81712537867256,33.92140088866692,81.48334504058342
127.04525181429486,178.73208312720288,33.9211394682149,81.48495778992546
126.79743199079854,178.6741868092128,33.920862361200186,81.48659954413834
126.54748662327262,178.63194336322033,33.92055610290106,81.4882599633045
126.26090251970248,178.5374952739553,33.920198642850764,81.48994938178569
126.01691437995433,178.5433729879054,33.91983001458648,81.49169249019653
125.80493384430541,178.5387391371269,33.91943647305701,81.49345977748264
125.5525220772022,178.6294720662022,33.91906868112206,81.4952429905725
125.27563035293855,178.7151799445773,33.91867007703707,81.49711735239735
124.9812609778642,178.92429664965266,33.91827574336544,81.49896317350886
124.63631310607443,179.1335647432747,33.91791006335717,81.50080826406443
124.22033383560228,179.41906448352472,33.917558046936044,81.50256382230256
123.83306328748913,179.63694169767865,33.91719519008695,81.50434226595631
123.48217155579744,179.8219020945627,33.91684905103806,81.50612029873967
123.11193098545402,179.9758656498552,33.91651920139134,81.50789558454751
122.76038198997777,180.1188067931778,33.916198877886906,81.50958925806155
122.38397898049502,180.2489563587053,33.91590426323121,81.51128612801173
122.0326108647805,180.2670660100791,33.91561503441702,81.51297131504957
121.66840466731325,180.28838469639808,33.91533698392837,81.51465922707149
121.322453042047,180.37900424714076,33.91506121024137,81.51638066564237
120.9705621985431,180.37258738546853,33.91476887209504,81.51811303786724
120.61716768361465,180.328032540605,33.91447855100362,81.51987545108551
120.27700135137144,180.26822597451056,33.91418160447472,81.5216487551408
119.93826720908402,180.18163540800245,33.91389131456378,81.52345571618474
119.63676616299861,180.03327432347473,33.91359521947874,81.52525368565902
119.33387014695315,179.9201881302672,33.91331536216918,81.52697527523152
119.03584636704575,179.7162608678055,33.91303561714389,81.52872198703503
118.74199445493917,179.52815302253947,33.91275464101831,81.53047501343974
118.4710444021839,179.32235136712768,33.91245996284123,81.53219258994365
118.21872872385136,179.0759818694041,33.912157008593255,81.53390372355722
117.96712156486959,178.82940410590805,33.91185948049129,81.53564419694328
117.70675907685278,178.6644327013739,33.91153012903694,81.5374852816254
117.45394777560227,178.42253609592316,33.91121646654621,81.53928219469053
117.21733405957406,178.1888753821908,33.91091703335872,81.5410395798255
116.97729164634949,177.97626491610467,33.910627136134984,81.54276995790342
116.72435138859187,177.78621013855184,33.910336305939474,81.54453157971668
116.47499808045896,177.52375916195567,33.91005953902659,81.5462728368794
116.20798881150313,177.27180068882706,33.90979902849539,81.54800634578919
115.96789057653359,177.03303456573963,33.90954471923487,81.54970413289767
115.70785498623016,176.80449880570347,33.90928785495039,81.55141345223299
115.44467823121644,176.56698740229206,33.9090382622938,81.55314814021656
115.16284541721329,176.32693864884658,33.90878959128886,81.55488690153256
114.8830346778998,176.11876694704927,33.908526640937886,81.55665791719342
114.6278906758252,175.8293918310211,33.908280835425224,81.55850736904881
114.34147542364659,175.53078553031108,33.90804546282168,81.56029180169521
114.05874810726303,175.30123703799836,33.90784003613674,81.56201153135768
113.74136896701424,175.032381349563,33.90762341972651,81.5637377960382
113.41796069960583,174.79502030693314,33.9074032233002,81.56548462723907
113.10744181639333,174.58942656074805,33.90717444586,81.56722233366142
112.78197846477825,174.37538687111504,33.90695819426381,81.56899662750686
112.49551335900684,174.21836613684815,33.906728711135,81.57075800737755
112.20205876981754,174.0570590920595,33.90649732936346,81.57254306310327
111.91781429158335,173.85624058763062,33.90626165356864,81.57435855210929
111.62960234218698,173.68869350634805,33.90602658820427,81.57612163638353
111.32269950215502,173.58622965484582,33.9057930260006,81.57791650137715
111.06042846161962,173.55190010999232,33.905599060280316,81.57981029015464
110.77337897934741,173.53625911245248,33.905379794672605,81.58165063614005
110.47809998986514,173.52696392447194,33.90515328352865,81.5834771405655
110.183469225234,173.44053326626914,33.904900438057936,81.5853021688289
109.90251277403317,173.3821158127961,33.9046638157709,81.58708837669404
109.6395804091691,173.32336919637285,33.904440426945875,81.5889278115564
109.37213748325121,173.2800472612317,33.9042033477781,81.59072555033516
109.10166674320608,173.27617257700877,33.90393650105178,81.59254026637424
108.82341834916978,173.2644702037257,33.90366797120752,81.59437672577646
108.52238816865324,173.25355496483988,33.90340831681016,81.59623167915237
108.22782469036176,173.30362137994118,33.903117815812564,81.598089563619
107.94003775879652,173.23523570458744,33.902822237910605,81.59995539722517
107.65092204357965,173.07558402365208,33.902532714689094,81.60178296335008
107.37069786573765,172.88172038271802,33.902201141212025,81.6036046217822
107.05572160040205,172.70774297407382,33.90187621703017,81.60542382276807
106.73130199773547,172.54895597763127,33.90155283185964,81.60725791577947
106.36173615391465,172.4394634755344,33.901237700672716,81.60905630510216
106.00023445412347,172.33885449863251,33.900914059582774,81.61092780595452
105.64189377223832,172.19542521294952,33.900577236307015,81.6127600058415
105.31057362227804,172.05516023354124,33.9002619540857,81.61457545683979
104.98407503717354,171.92386108041399,33.89993207646985,81.61643211203612
104.6446549560803,171.78155474773462,33.89963083641173,81.61819033956684
104.33702435311235,171.6408673409207,33.89933121270819,81.61991136558176
104.0198750188186,171.58222437923763,33.89903710976558,81.62163908936336
103.66832691111189,171.50041740618943,33.89877038343703,81.62338800970103
103.30885043704602,171.39962861747668,33.89849023592287,81.62509945617846
102.94894727060624,171.30430447240695,33.898204272202086,81.62681973823841
102.59319063099937,171.2425327637813,33.89792985076276,81.62852898914174
102.25305848022631,171.2238795499594,33.89767701525823,81.63024252550962
101.90924387666276,171.1767526814097,33.89742969984432,81.63194598489905
101.56662838992001,171.20443051383342,33.89717322416064,81.63363276231381
101.233000764693,171.19895522035716,33.89692899198298,81.63532963689534
100.89099858428463,171.1853467197536,33.896692415566754,81.63706973910445
100.54364213772354,171.1935034195783,33.89646432443982,81.63879819231673
100.2202226156526,171.14570808300994,33.896218953622736,81.64055197678246
99.87632595563963,171.14979260130815,33.89598793158861,81.64228453455667
99.49626388787524,171.22509057826247,33.895784489526406,81.64401745928915
99.1238085357081,171.19771646333018,33.895546296689716,81.6457210160983
98.7702608549088,171.21887092506122,33.895302073460876,81.64738860816776
98.39871513146768,171.1953007459604,33.895066498744285,81.64905796867828
98.02705602597086,171.17523340496598,33.894858608625555,81.65070314501848
97.66659566028395,171.18138824628593,33.89463084909364,81.6524014526271
97.30061440542548,171.14001529720372,33.89439601450743,81.6540927526985
96.91364867380398,171.1063033132899,33.89416542368854,81.65577709632385
96.53738141517942,171.11518349888456,33.89392230488646,81.65747211518554
96.14309450840143,171.19249396024244,33.89370636929696,81.65915565621394
95.75323910591283,171.2839825100404,33.893462860042305,81.66081584983763
95.36172642545372,171.34777963722965,33.893204570085416,81.66252716677677
94.96893454753074,171.35487406855233,33.892956993724646,81.66432524774886
94.5344190189189,171.3593466489867,33.89270085812683,81.66609965628008
94.09746639793127,171.414331904525,33.892453856964714,81.66789637017096
93.68280736205305,171.45470486476864,33.8921918601329,81.66963016503098
93.25371031402966,171.49199245980964,33.89193149031358,81.67135372588598
92.78336930292174,171.54411203559593,33.891698762430245,81.67302809417271
92.28680311560396,171.66586866219654,33.89148975074761,81.6746886677852
91.81426163760322,171.65097728560588,33.891253590633504,81.6763836597134
91.3579334049276,171.56265086162782,33.89102778755595,81.67798000544649
90.94980939227435,171.26639658452513,33.89079529547508,81.67959421818308
90.51001525195846,170.98557827050178,33.89055446739178,81.68123692351938
90.08301693944213,170.6738870517121,33.89028444890028,81.68289654367774
89.65934660538392,170.54103887101255,33.89000790805903,81.68468436983477
89.2867277793835,170.24904147322744,33.889679966817226,81.68645378307696
88.92520355674058,170.0177176491589,33.88930928225457,81.68831932052298
88.58696229230307,169.9135887534329,33.8889454857321,81.69025874842765
88.2219475055533,169.88220581989907,33.88859643145454,81.6923197658349
87.85949145783033,169.8830269009425,33.88825214348146,81.69440282117051
87.4786723581378,169.98074727007145,33.88791422001037,81.69647427742692
87.11293312885915,170.04798940005412,33.887578353711866,81.69853718059042
86.72563866821513,170.09625731686253,33.887231195020966,81.70061819287933
86.32188212522614,170.03305949587656,33.88685261410975,81.70279221190741
85.89502843527933,170.0147226778479,33.886480747482395,81.70490500366255
85.46882948463389,169.95890644711565,33.886095922485424,81.70709725764567
85.08019778081382,169.7874300261252,33.885643408723574,81.70936279489139
84.7279481382726,169.66930943335012,33.88523456125292,81.71155620994139
84.38007513375638,169.64752860388,33.88482806202656,81.71373119379197
83.97099081096462,169.59993390164433,33.8844361073293,81.7158727335282
83.63604357483835,169.5905985164054,33.884059898200604,81.71798330899219
83.35441011123494,169.54818326918056,33.88368104532091,81.72015800852337
83.03356536838298,169.60115952147382,33.88336240524281,81.72224916714056
82.67732454655393,169.74946800156306,33.88308556739839,81.72430008487459
82.3530902162533,169.93756166632443,33.88282043331045,81.72636114888745
82.05753147140952,170.09336478286696,33.88254641918714,81.7283874636578
81.75505457576139,170.23310983255067,33.882280786712506,81.73033997669994
81.4110955563251,170.3441535709564,33.882008544193944,81.73219320018109
81.0265029930705,170.35191467818,33.88171236939546,81.73391321993408
80.6184306230157,170.37258200319522,33.88143220325125,81.73563698391585
80.19620662220234,170.43539659997944,33.88112449570666,81.7374338782037
79.75931372424955,170.5731499814762,33.88080287116777,81.73935839463104
79.31194113876626,170.72543979829177,33.880456031636285,81.74128542456076
78.86215124272758,170.87336997578905,33.880100757013665,81.74326846622986
78.45068833972235,171.01409145116287,33.879727155065154,81.7452393429015
78.02706339193202,171.07226649571504,33.87935841117667,81.74722404635153
77.61298684041533,171.12352151492976,33.879006892227466,81.74913608545869
77.20786674092011,171.15924121305864,33.87868120233624,81.75099083705007
76.82754591296849,171.19310300346416,33.878372114087405,81.75276203266671
76.43836742514526,171.20183336452072,33.878074991223116,81.75449650211577
76.09443025395785,171.23002596307757,33.87774236290625,81.75631329229846
75.70692370254702,171.24100936019937,33.87742951176749,81.75805283735448
75.32416780136577,171.27046020657775,33.87712295666234,81.75978206959749
74.88011952349268,171.22916529792994,33.876849296515715,81.7614719777544
74.44155235749487,171.1408087171944,33.876598131418156,81.76322826616622
74.01868287942206,171.08358306663024,33.87636782782484,81.7649770113401
73.55624219105282,171.03666863856128,33.87615561335011,81.76677150522147
73.06467393154719,171.06396878350165,33.87595478962227,81.76850106544813
72.51736555495603,171.13952779209836,33.87573280436312,81.77024304898431
71.97197674858188,171.27480698745234,33.87552035058309,81.77200942896536
71.42588267946752,171.38886501522646,33.87527610908921,81.77383259575294
70.94018165810041,171.42558985793366,33.87502379629747,81.77566503700366
70.48277670377007,171.39737023392945,33.874745230207616,81.777480446498
70.00678387069078,171.34031716927691,33.87444393767173,81.77930672108819
69.55246685213113,171.3139843670213,33.87414230870675,81.78113806471845
69.1257508102455,171.27500001529444,33.87385605208114,81.78294442991535
68.7038920753338,171.20460457309574,33.87356966572244,81.78473731249886
68.22683789985503,171.219584055145,33.87331174995253,81.78656010006287
67.70246241493359,171.1788657938283,33.873046244117916,81.78835341043741
67.17123025757886,171.15485708042112,33.87279848550129,81.79014804990135
66.65613389313302,171.18009299444688,33.87256709635098,81.79187114128702
66.18464727235981,171.1872864040185,33.87232306037052,81.79354897345421
65.75031974358613,171.156718885543,33.872076626752715,81.79528814207403
65.33356756892366,171.11298173300975,33.871858325072864,81.79700730010063
64.86744271533664,171.01849881273134,33.87164009477743,81.79874899095348
64.44422434029694,170.98977351433535,33.87141456191309,81.80048993141746
64.06117607958105,170.93307824976,33.87118060276932,81.80223582745383
63.692963176905295,170.90883392375238,33.870953437806804,81.80397964483738
63.307480393597935,170.9051975691479,33.87071280429869,81.80569327143772
62.88697729029815,170.84719420051178,33.87047228676955,81.80738090028336
62.479739393256,170.78083335099547,33.87023245699826,81.80906119173082
62.0752100475438,170.58635897462872,33.86996008896678,81.810757583882
61.70977417576387,170.38583884083562,33.869667377112826,81.81248991503823
61.34903028074822,170.21130321483724,33.86938708595592,81.81426141241539
61.021942787449184,170.04263569293258,33.86910146359479,81.81606543009974
60.71999272569868,169.88547591534973,33.86877970665985,81.81787160402268
60.394482151157135,169.66556457442223,33.86846728526259,81.81969974613996
60.08737855543342,169.4936808288584,33.86812495907851,81.82150841644778
59.81304641901468,169.38387879156284,33.86780243935158,81.8233434642826
59.53860539473453,169.3062933728762,33.86751631841343,81.82514031517327
59.27035300344089,169.24836172603534,33.867205278876234,81.82698726222158
58.989116139009,169.23141829439214,33.866895587654106,81.82883681520573
58.74140958799774,169.17879341850158,33.8665638056625,81.83071257752397
58.48963077398109,169.15643083990983,33.86624742980863,81.83255656255713
58.23569711158131,169.18745501120276,33.865956368854555,81.83446795262293
57.987211866867035,169.1844332165194,33.865640896178306,81.836385244214
57.736114983403866,169.1881661928384,33.86532423467599,81.8382729609363
57.50620576418463,169.20624139136063,33.86502619729393,81.84017239215295
57.33043775902034,169.11501143316502,33.864722069187145,81.84204959148312
57.114522571462025,169.10658483150945,33.864428574646254,81.84399010289562
56.894479089563674,169.14114110061539,33.8641222395786,81.8459094554933
56.652941798692915,169.17404169184766,33.863827768909985,81.84783241152704
56.4187683347682,169.21306006354058,33.863517590598285,81.84978936316193
56.16815665616962,169.25002245193465,33.863210717750135,81.85170384510418
55.91609324211677,169.25646690263574,33.86290516565641,81.85361423683263
55.6546138258192,169.27746728997082,33.86261914046346,81.85553552140044
55.37759859666649,169.27554982905113,33.86234088628644,81.85740467576869
55.086683592177096,169.2041240715163,33.86206233804094,81.85925578588437
54.80375470866949,169.1558059631986,33.86177540023743,81.86113197946233
54.547954420413305,169.053004887488,33.8614896184887,81.86301610937153
54.256411599048604,169.0738548439493,33.86119795952512,81.86489543584712
53.94944369384305,169.1270331857892,33.86091660780397,81.86680882361425
53.64629872847157,169.13362112386557,33.86063510261859,81.86870120468905
53.31885233933101,169.11665422404593,33.860351241342826,81.87062573801141
52.99546253336324,169.02643061516534,33.860081485850536,81.87250340049002
52.68898441655038,168.91579438977882,33.859810769307636,81.87439755870246
52.388640695833544,168.81982948745537,33.85954904253605,81.87625134000918
52.11863901971181,168.67822586366196,33.859249760540344,81.87814966840459
51.868469621061394,168.48234690482417,33.85895275509535,81.87999858687556
51.617269079028574,168.27346283132368,33.85863908601005,81.88185806941155
51.385293386272835,168.0421684056967,33.85830560447325,81.8837582402551
51.20095715732263,167.81477435315392,33.857982366067446,81.88565633665274
51.04552386648109,167.51396534914198,33.85770006583829,81.88750630211223
50.87961287432347,167.34269218232185,33.85740565491847,81.88943456181222
50.720155571477115,167.1876417990628,33.857088124600054,81.89139087814266
50.51657295491831,167.07245116581166,33.856774667570264,81.89332205495187
50.25099758480643,167.00267634201464,33.856450579073936,81.89528245651125
49.95213977146524,166.94111677647282,33.85613790356362,81.89719967751638
49.64814799869037,166.9891586087769,33.855854439855094,81.89917399076339
49.352925821325854,166.94156485811897,33.855535940961694,81.90113430677035
49.056348921947524,166.8387815651012,33.855197708620935,81.90311477637276
48.78850065727623,166.75835144099847,33.854831580130416,81.90498803889477
48.51181791967922,166.69762071979738,33.85446877287283,81.9068059942607
48.2106388131836,166.6630227694218,33.85414266684474,81.90860333198452
47.899551615660116,166.67417143070432,33.85378767441765,81.91057250572014
47.60652341884959,166.66822209186105,33.853461440551506,81.91243620594825
47.2862055153347,166.71550024059633,33.85314752147656,81.91435605356642
46.97039262224288,166.77329764448575,33.85281965098675,81.91625904756825
46.62046027326964,166.76370740957407,33.852480393759755,81.91811307300415
46.28127478401133,166.73004952460838,33.85214031556709,81.91995733532667
45.93101174365269,166.69898775174715,33.85179045834568,81.92179604296872
45.59092951362701,166.6047016609719,33.85143247653302,81.92367656781047
45.296970422758335,166.38764723839898,33.851073795172226,81.92556096046076
45.02351170465694,166.21794810207024,33.85074316590337,81.92739527137392
44.754873613346604,166.08517700628494,33.850449348829216,81.9290929132886
44.480440300256404,165.91550506990444,33.85017975360078,81.93075403224826
44.183282649776146,165.74435998076825,33.84997132666745,81.93238477095693
43.895687497785886,165.54295670139686,33.84983834697565,81.93402542708506
43.52741345780879,165.41829893643305,33.84971050882757,81.93562970086629
43.10650797403544,165.27859120161267,33.84957564936699,81.9372234508606
42.71926603878012,165.12733351749023,33.84941663514632,81.93877896378739
42.38592334487082,164.9796334375485,33.84921491845366,81.94038604143364
42.09810578052327,164.86805194677314,33.84899461320788,81.94205315620884
41.81213187727066,164.74370988128786,33.84879695767696,81.94370753564016
41.540476065840394,164.60179798608397,33.84856881804055,81.94536803387837
41.26327267987436,164.43365731661976,33.8483463833152,81.94703795694377
40.94021416474747,164.28601208760543,33.84810563883448,81.94869817262469
40.65508503007956,164.14438522230475,33.84784028851851,81.95038120043485
40.40482913906126,164.02124288209092,33.847602720961,81.95214998501899
40.19268884713708,163.9180166104544,33.84736838528994,81.95386274905808
40.010580528171324,163.79288069534078,33.84712342244096,81.95560468314521
39.84236666768833,163.75604169017356,33.84687719821842,81.95739941737477
39.65871374235868,163.67513131785267,33.84665702429773,81.95920183716451
39.47547280474012,163.65236541750966,33.84643902513374,81.96101780695822
39.260930194799585,163.57802355044402,33.84623287748399,81.96276536288211
39.03194330351788,163.49865071501748,33.845980485931285,81.96450988110058
38.783757016304605,163.40829648963964,33.84572114002014,81.96628752772284
38.560894664446344,163.33767773848538,33.84545149640276,81.96810347761168
38.2949112471573,163.3492619805912,33.84517251618059,81.96997387276481
37.998584676965486,163.38272516449916,33.84488443198917,81.9718278675549
37.6897211226267,163.4380145653167,33.84461478840463,81.97367594294161
37.36618444142843,163.5585054627391,33.844327885546186,81.97553825286367
37.02879609833028,163.60798768839544,33.844029994410946,81.97745635411513
36.67873388855768,163.63499879179454,33.8437360608754,81.97927793644739
36.35163130408337,163.61383047735697,33.84346154737849,81.98110007754934
36.03880837897589,163.5663156949924,33.84319336036583,81.98298975542244
35.68282100207345,163.47029475116867,33.84295400188889,81.98494638100969
35.293281473844374,163.4437694755073,33.842723785580944,81.98686614951957
34.91641048952981,163.42136293642287,33.84250317782075,81.98876405853882
34.56002643630969,163.40210978582513,33.842270688691386,81.9906967783368
34.183094433720086,163.3332215203617,33.842042596588186,81.99267434833952
33.826800638627844,163.3177969271943,33.841787781930286,81.9946922632196
33.487155432511145,163.35507829538506,33.84154286482181,81.9965146300042
33.114881086137956,163.40593598122467,33.84131030184613,81.99824804416644
32.744456820530985,163.4162630592914,33.84110894731025,81.99993087767416
32.347439542420574,163.4466212066493,33.840936228617295,82.00162179715286
31.958104752832433,163.5008065991603,33.84074482156082,82.00330806063045
31.578806749566365,163.56200406195683,33.84050175729599,82.0051179420209
31.256629888722124,163.6134173593006,33.840231782180425,82.00687086308852
30.91636909645082,163.66598235299682,33.839964849724744,82.0087032510389
30.582624345189128,163.70583293337563,33.839701788294725,82.0105142285288
30.26852220249863,163.75595800742687,33.839443222628205,82.01233748908959
29.985183305872145,163.83520001667185,33.83916211161482,82.01414141706225
29.721583015471538,163.9160234548587,33.83886391073497,82.01598547684864
29.498448006618432,164.01243691426984,33.83862003722109,82.01770425917248
29.279653880100796,164.07112966614326,33.83835411945711,82.01945827028914
29.03391687038336,164.1335914451264,33.83810096556358,82.02122514475221
28.76874944175757,164.1281033385711,33.83786108383582,82.02307490047708
28.59125214441615,164.00783342516266,33.83766137810553,82.02486611727426
28.436890539454218,163.93081715697667,33.83752142503501,82.0265456202228
28.245743854397972,163.92770217219436,33.83735268105181,82.02825688017626
28.03266512471616,163.9353509679409,33.8372401621306,82.03001610028413
27.76300549102842,163.87609507371218,33.8371019891298,82.03166639634618
27.50975105951456,163.7833990183014,33.836972086822435,82.03335192557518
27.231119343038085,163.67668971757698,33.83683678329849,82.03501677121614
26.98184591486287,163.63609735030826,33.83669833929873,82.03663047471956
26.750075522279115,163.49902822464696,33.83651290195113,82.03823068993415
26.511104150652276,163.38310508825788,33.83634384167316,82.03981234371953
26.251979690345316,163.34569476208918,33.83621164351267,82.04142622861704
26.0314049169832,163.2907530454242,33.83608598104844,82.0430347401722
25.816507970324174,163.1518641039836,33.83594882978794,82.04467574790075
25.5972733718155,162.95630759657155,33.835794300437335,82.04625890866565
25.3881832956676,162.75214030254256,33.83561925601874,82.04784666220714
25.16927881513458,162.5764341443226,33.83541648140706,82.04950148610473
24.92683730609322,162.46490314024902,33.83520542905521,82.05123809676049
24.68053243444049,162.30941379071558,33.83497643201185,82.05300431981225
24.44079312330809,162.25027418258668,33.83474265741653,82.0548175279433
24.158593790324385,162.34811412890022,33.834541272934565,82.0566618997711
23.88389274872293,162.5175009498048,33.8343506227543,82.05843823359552
23.560895025455274,162.68506639484238,33.83420871253149,82.0602699838059
23.301050820269907,162.83470964358915,33.834014503521274,82.06219195260375
22.9891239209516,163.01900303437364,33.8337677958522,82.06409530479716
22.660207273821207,163.13966890007922,33.83351794926291,82.06589291618043
22.34624628594909,163.16360811670916,33.83330638962202,82.06770592532075
22.090161874994173,163.14643758434997,33.833105519206256,82.06950108075358
21.827968597404677,163.1754468731799,33.8329256624132,82.07126256806396
21.53347235898026,163.30566121023674,33.83276353816493,82.07300754659926
21.229782970566266,163.42912328621884,33.832572858892455,82.07468362425595
20.9073000952761,163.55063638732713,33.832387232748545,82.07626063868744
20.613777102727184,163.66723595778234,33.83216260036133,82.07778178748423
20.364648267557655,163.73911407792139,33.83189623071664,82.07936025291653
20.08221916682509,163.6885735141895,33.83166282222693,82.08100932174794
19.707578909721732,163.72919061154224,33.83142100805688,82.08274269895668
19.331225926816174,163.5674218013975,33.83117809367238,82.0844292743529
18.971879645384174,163.3569563767535,33.830959843204774,82.08604082179724
18.558685886349508,163.25525832715655,33.83076755208526,82.08766347121257
18.221990700575482,163.18602419972007,33.83060332434819,82.08933365720452
17.869247403353686,163.21488104959718,33.83045449036313,82.09103440007893
17.51959580903266,163.18100878533835,33.83026200582556,82.09269999005275
17.170906008640625,163.168388365716,33.83008946208219,82.09433055964666
16.805936659840437,163.14768129375875,33.829922342364604,82.09594315812002
16.469341268384415,163.09541909952807,33.8297521814824,82.09754072606479
16.258464228408258,163.0963836192854,33.82955162962929,82.0990963268206
15.984241756381007,163.07281736194406,33.82934022927004,82.10067281406107
15.703837866167888,163.0567298746115,33.829119469561846,82.10226475725062
15.408926679797567,162.98361444028956,33.8288925754873,82.10384646300597
15.088514836489168,162.91099483410704,33.82867528128821,82.10540470052987
14.768707007159207,162.8742210630565,33.82844878735261,82.10697330107119
14.411434343930729,162.7504537757846,33.828215452081665,82.10849646943174
14.029630051030601,162.55076470771846,33.8279886673413,82.11005326857942
13.64673671942796,162.2651771696955,33.82774138307878,82.11169815558802
13.218545209160673,161.95816725692436,33.82752489389732,82.1132753684823
12.805469864151647,161.65050165059483,33.82729527147259,82.11489951555905
12.451737999205573,161.35244464510535,33.82702638350967,82.11656013212503
12.090806023634183,161.0258205921695,33.82675336031773,82.11815548464361
11.693186266843625,160.72025237439823,33.826508688680036,82.1197087807666
11.318932096277926,160.4633525550376,33.82624852137714,82.12128410289085
10.979861220264603,160.21988759925398,33.82599571735825,82.12287562458458
10.665787116428334,160.00250023215327,33.82573304923352,82.12453171740951
10.403678803577705,159.82852176645196,33.82547433885995,82.1262254487675
10.17712326915559,159.68818539392475,33.82522818800813,82.12792890594962
9.924094341282256,159.5814085717065,33.82497218333839,82.12964713621488
9.676692006668688,159.46398280911768,33.82470216317725,82.13136184357961
9.42749697426287,159.34934873150436,33.82442787867134,82.13304198599171
9.184778928144091,159.16800370599455,33.824168549213184,82.13467943448184
8.941725525833164,158.97040118819467,33.82389081303876,82.13637260851887
8.713668777946403,158.7680830986157,33.82361082851138,82.13809104494757
8.477497540738256,158.5181312014039,33.82333514029568,82.13983894747592
8.254922753434624,158.2704963377264,33.8230358394757,82.14163055545761
8.03366857129646,157.99840869045772,33.82273804926251,82.14345329281267
7.79472076472247,157.72147453718924,33.822460585304015,82.14527249895062
7.5632448056873365,157.46748942610589,33.822198880804244,82.14711584047156
7.284215265574613,157.1917579487221,33.821939465279264,82.1489828432051
7.006328212673065,156.95628097984144,33.82171137143255,82.15081213597173
6.707526409887752,156.7530704595846,33.82148426420792,82.15272136713634
6.408696508626079,156.59196890701708,33.82127562419586,82.15464603632583
6.129677867122329,156.49958910126216,33.821048949702906,82.15654309781549
5.857633964132933,156.45723522930956,33.82085682270593,82.15840601812178
5.616230142118386,156.3070274361422,33.82066171466936,82.1602410175463
5.355190857667861,156.2003333480733,33.82045577581895,82.16204832114838
5.092628250329312,156.06603318119937,33.82026719588316,82.16386675854346
4.826517532632899,155.90420794192687,33.820074910191394,82.16569489183166
4.533794258869378,155.66720802893815,33.81992137961251,82.16748958556308
4.218840513186162,155.40036705921622,33.81978768893777,82.16926521826332
3.9320379745869047,155.17766785996832,33.8196581846658,82.17100195680311
3.6693987903029104,154.95784716081963,33.81950992702834,82.17270538017071
3.4040333157258047,154.74945790889566,33.8194078702774,82.1743586332023
3.058702753273625,154.70476398469336,33.819303971950255,82.17592636890167
2.778290669432746,154.65119620376734,33.81921803392675,82.17759474537563
2.5010011377244403,154.59629811175878,33.81907961620704,82.1791743680157
2.2418659605627376,154.53857270625164,33.81894489068883,82.18071300641448
1.9944050434599454,154.48927464651288,33.81881087057389,82.18225282644399
1.7320768754798905,154.41477761037234,33.81867185312137,82.18382853384257
1.447954499662508,154.31896595267835,33.818561700104496,82.18541994822864
1.1485951183638576,154.264534586564,33.81844857068825,82.18706390828441
0.7851285933106595,154.20767482587132,33.81831504431378,82.18875372819845
0.45141596797662586,154.23339905384125,33.81817477040375,82.19045722994929
0.11806142363193217,154.2174760576492,33.81799866193051,82.19218907079596
-0.19852367731602527,154.24747224504918,33.817814796023995,82.19390866298744
-0.4738460134566935,154.21794337706376,33.817636077821476,82.19565641007215
-0.7442993834181948,154.20672439245712,33.81749148956226,82.19734705483366
-1.054884703396322,154.17658763710946,33.81736387598229,82.1990872807158
-1.379781708753125,154.1044168795015,33.81724946327213,82.20083767711913
-1.7139909548770333,154.0517520101512,33.81712384188393,82.20259974106371
-2.0201448792267023,153.96537100127617,33.81699426353935,82.20438090299122
-2.2980653560350817,153.8412441585432,33.81685238901585,82.20619005022148
-2.584769559712033,153.75647446905086,33.816701631368836,82.20804324992586
-2.8873247050129827,153.68100684496216,33.81656019248236,82.20988549602238
-3.198595072539227,153.60470166353414,33.81643033665732,82.21171313962391
-3.5113345451356572,153.6510594948062,33.816309361100515,82.21349487462179
-3.8174892144275283,153.66309257449979,33.81620994247448,82.21526926217038
-4.093401577176774,153.72280554866222,33.81613839388316,82.21704199782266
-4.319178557285895,153.68163706424144,33.8160481718962,82.21879581895962
-4.5836122888319935,153.58776672815065,33.81598252713546,82.22054931663027
-4.85360641319787,153.5085314608428,33.81590667941641,82.22232272700317
-5.049479838450932,153.4327593212044,33.815794534961746,82.22402970609858
-5.278374752826064,153.37850811304978,33.81571972156876,82.22574999151078
-5.526539623514893,153.35747607608062,33.81565408364153,82.22750439041127
-5.768661616172164,153.35432604569417,33.81558693533295,82.2292771831842
-6.008792242203224,153.28653883648587,33.81550636548612,82.2310705857278
-6.267950451699065,153.27900908065175,33.815409658009145,82.23285362098308
-6.55046784756016,153.27229276820333,33.8153168981757,82.23462791822591
-6.832818914609284,153.2812245147142,33.815228723798455,82.23636327245924
-7.098363016608321,153.2895352122412,33.81514584434621,82.23807358951713
-7.371277001587153,153.26579040499433,33.81507853585005,82.23977838041432
-7.632975099074994,153.27676257557096,33.81498889145882,82.2414809769443
-7.854153904845617,153.3271212320706,33.81488161490421,82.24317270636304
-8.08575312793106,153.3397672720649,33.814790025350455,82.24488717613514
-8.340110060162825,153.35576890494744,33.81468931652602,82.2465887090387
-8.603897018998964,153.3786057021269,33.81457908207199,82.24830421219156
-8.876033184002672,153.3596995942342,33.8144771845556,82.25002486189109
-9.135562472350333,153.2947803429861,33.814376623048254,82.2517100849636
-9.395013790219188,153.2504922744839,33.81428403335643,82.25341457562335
-9.654970185881506,153.18844763530473,33.81418659175565,82.25512299383185
-9.904875668182438,153.13369734058966,33.81408973494066,82.25681275815248
-10.147251361058693,153.08075275586373,33.81398526022144,82.25851643580404
-10.41242824816722,153.04062713674014,33.81385131824053,82.26023517944664
-10.593493883105769,152.91492086631163,33.81367420512965,82.26182452258122
-10.83514636262812,152.92902029150287,33.81351593642548,82.26346279811108
-11.085117135575736,152.94367272967872,33.813379102212835,82.26515911148296
-11.330740698438778,152.95983583015317,33.81324121507385,82.26689356010789
-11.573620135651375,152.95727560345236,33.81309128317504,82.26860584460127
-11.820522409511781,153.0012690135878,33.81293300655122,82.27031007468106
-12.077907778756057,153.01128996917862,33.81277296033747,82.27200975303069
-12.376805997785496,153.0194457766021,33.812616913311814,82.27369751156012
-12.677076857758742,152.98996424863768,33.81247142746683,82.2753873546687
-12.976006914261784,152.9453264004093,33.81232785499852,82.27708456074897
-13.251551919204356,152.96540110892326,33.81215834721399,82.27879731858961
-13.509193476415309,152.98359373767383,33.81199080522186,82.28051818221134
-13.765895050249163,153.01674641138186,33.81182680325044,82.28225550051526
-14.032538299164074,152.9952699300647,33.81166055182794,82.2839465070539
-14.310275500948393,153.01043794273497,33.81148877429001,82.28566767388993
-14.587366211743195,152.99412513003517,33.8113057530543,82.28739652200238
-14.84013774771486,152.97654151738772,33.81110508300849,82.28911814315177
-15.09819893752481,152.9674777273715,33.81090091595939,82.29084045368062
-15.36957826316322,152.96729422545428,33.81069087684085,82.29259289029947
-15.647221789941717,152.96573649189338,33.8104820722054,82.29434511642401
-15.9230748092296,152.95628771278487,33.81027705473945,82.29610011803327
-16.18561582490257,152.9226270962538,33.81008045821292,82.29785592146752
-16.448683617914686,152.88556680585094,33.8098825929661,82.29960844669118
-16.707511444478577,152.84375189913084,33.80968391316999,82.3013877314144
-16.904742398390763,152.79557972077947,33.809484796781526,82.30316046044058
-16.904652276693675,152.77297255974958,33.80930455338735,82.30489403605237
