250.5,168.5,106,105
250.18072387274495,168.34841054853382,106.00403178341405,105.00222712404364
249.6184034602097,169.20464991955345,106.00754810248787,105.00464971009127
249.31733921103722,169.6779356106815,106.0108211053799,105.0067903191453
248.9700992483265,170.0674375971616,106.01423613660197,105.00885282348385
248.48407005767132,170.49130875864674,106.0175276497979,105.01113961142205
248.18477070819546,170.85609001424783,106.02087472893376,105.01330350822461
247.73194055066804,171.32250101295978,106.02436092880765,105.01559190098703
247.05835683663716,171.65402964039322,106.02769991715688,105.01783990296374
246.33436918354363,172.21259047923095,106.03112315940203,105.02014364128098
245.88021391199422,172.55501828871502,106.03467375901555,105.02258703545064
245.3874712820667,172.9799922491744,106.0380717047417,105.02499590602821
244.97158337750716,173.5053039251207,106.04163006705674,105.02732710869336
244.56499331537708,173.89400074220876,106.04494733922033,105.02963220403232
244.08530546981612,174.2087354915485,106.04848059498232,105.03193963425451
243.64779386505313,174.47175999993988,106.05217640430077,105.03423691759693
243.33870505482554,174.76007851379447,106.05564542232756,105.03645647729769
243.01984998467236,175.1304092593989,106.05902302498282,105.03845395882898
242.78792465216526,175.62642357048105,106.06276362167577,105.04084973937847
242.1773722572235,176.0840116255074,106.06596384384076,105.04312536863699
241.56237314916103,176.18231923951288,106.06959899710714,105.0454450235053
241.1837174422455,176.46007896136314,106.07302853923794,105.04777790762842
240.80760154632793,177.23056973325455,106.07667790833979,105.05008364106725
240.30438106099442,177.72471875939195,106.0803783766493,105.05220283084265
239.56619107294932,178.21592330444682,106.08405060432642,105.05452136181138
238.76605096390637,178.75386620712771,106.0878804935854,105.05684829448668
238.15543590420822,179.18052810561807,106.09161266814985,105.0591854724854
237.6777490604635,179.60134759272322,106.09516556487165,105.06148651788267
237.45249392950512,179.9098231111916,106.09861807298702,105.06380795142015
237.0853984255926,180.3744624708143,106.10211013767403,105.0660066596573
236.6144790729723,180.80769700766925,106.10549671831893,105.06836898205033
235.97864089305983,181.55257164968697,106.10910524138237,105.07071612211767
235.32148357683846,182.29915369192744,106.11279002915963,105.07305963556001
234.62304271881828,183.1023251451647,106.1161568736027,105.07535453883891
233.92298639751158,183.78289106398887,106.1194289438589,105.07771042168007
232.88798958073846,184.38419489056957,106.12316176273839,105.0800436836264
232.0582903677726,184.97796646474202,106.12680109252449,105.08222056988082
231.31409707635098,185.55873867588147,106.13061872185362,105.08439687456875
230.56784530969543,186.13400141595605,106.13455049212612,105.08662343623634
229.85045471954476,186.60813136273129,106.13852205538493,105.08876991523303
229.46122653390077,187.11109548096493,106.14236808607764,105.09091858496994
229.26076432154645,187.45111183343175,106.1462091389086,105.09296799664014
228.8644970157302,187.66494278338945,106.14982710310689,105.09521133249211
228.40987516307794,187.90841120131694,106.15335081291273,105.09759265883994
228.01827084122777,188.30282766351087,106.15690924527885,105.09986691218651
227.72568219811865,188.7078156053136,106.16069048819647,105.10213472860849
227.12226551293776,189.1809080051561,106.16449029208333,105.1044472243031
226.69829527829955,189.51788419414976,106.16838398983337,105.10676467558902
226.0633631536886,189.99858505363977,106.17218168784679,105.10905651577875
225.47828903786285,190.47361653628906,106.17594736830505,105.11120910281024
224.915324740416,191.09911398112246,106.17962624071802,105.11351213813882
224.02645998287412,191.7242627802592,106.18352891826207,105.11577992377647
223.18542482632944,192.34014434820622,106.1872535511146,105.11806467759192
222.5865558888326,192.92462261121915,106.19101192438407,105.120314506661
222.10891146920912,193.55328484388832,106.19499072506441,105.12260796601288
221.78015441427644,194.1841589373247,106.198693856994,105.12495603921091
221.45117573904355,194.53846547522002,106.20234431887947,105.12735443278443
220.7920045539983,195.12825215700354,106.20663136536913,105.12981389278
220.20410088605468,195.78314268151462,106.21063200817932,105.1323876468432
219.63889325359148,196.34955686607935,106.21414266628659,105.13497363966746
219.0361060292326,196.9867298237536,106.21773664339331,105.13758011022138
218.30232944271208,197.62857805038115,106.22169752555608,105.14019719074923
217.69672027177876,198.05058965380778,106.22597938880791,105.1426894605996
216.97287963219338,198.51489745185737,106.22979691847456,105.14525273231736
216.1224704824548,198.97376507610977,106.23336807039163,105.14766448555588
215.11637574091844,199.41191886461945,106.23676610677853,105.1500810067421
214.6744200470522,199.98378739257566,106.24030181120338,105.15257727106588
214.4492467490033,200.59075478420104,106.24414762910291,105.15493737249683
213.97838987700135,200.97156364799025,106.24789562241254,105.15697763203616
213.140827162335,201.43240714286867,106.25170645461544,105.1591286020457
212.46124479542885,201.83779388456364,106.25548207023317,105.16137081804239
211.99761881883632,202.45800217248492,106.2590875733755,105.16357041880501
211.46377387542827,203.0590437064757,106.262999298189,105.16580778157906
211.29863414369353,203.5540099424416,106.26726734236223,105.16807449215767
210.83002141019577,204.1384547506214,106.27095484930527,105.1706368020294
210.41560267135543,204.61975176900762,106.27419754415664,105.17293545067038
209.78450159785322,205.04323753785428,106.2775122809972,105.17532157756217
209.192209517876,205.59349488303846,106.28078221098643,105.17764099268543
208.91856376381259,206.28662605339386,106.2842401653222,105.17993191373154
208.74373993143882,206.79651987908085,106.28838706283875,105.18209259991248
208.1489064785763,207.50695611327376,106.29256896318509,105.18430558265275
207.4939554089617,208.21084623114191,106.29621337765231,105.1867084190066
206.7734207547249,208.7624800802321,106.2996048258659,105.18913322666272
206.05130110786624,209.50108950738976,106.30333432344064,105.19139010896545
205.49173941596604,210.23547806026994,106.3071745756416,105.1935863756645
204.83220941336842,210.6846479137945,106.31097524341163,105.19601298169141
204.15612476617758,211.17559636347565,106.3150755852329,105.19831167234832
203.393327143661,211.70300149288693,106.31914008285241,105.20059050387309
202.7098561375469,212.2788657373411,106.32290551083685,105.20285240288126
202.0842431116318,212.8400402750691,106.32668156857986,105.20518813806369
201.32554644366763,213.31493743447305,106.33039015490485,105.20760305349347
200.636710522775,213.8312617298232,106.33435708641187,105.21028273179799
199.89399838909694,214.2761305840398,106.33849947720392,105.2129032668302
199.4248872116352,214.88187287196544,106.34249448475344,105.21528468638603
198.99848211199617,215.35337124471778,106.34649734913157,105.21759781827699
198.53556076106884,215.9099359547934,106.35077749853419,105.21986036780655
197.86881856521777,216.67365429199143,106.35456058580058,105.22202216791305
196.8269428567277,217.45088523553449,106.35819096243648,105.22441059496722
195.7971469993081,218.21412568999824,106.36158264980988,105.2268028912247
195.01445314222863,218.93075922107957,106.36518299710171,105.22914087819534
194.22800991499943,219.31383931648918,106.36890302966985,105.23142522549259
193.66436584586108,219.81142390292854,106.37299385082314,105.23367695963442
193.14486343968306,220.3354762919501,106.37685707592182,105.23591235721995
192.94779589641166,220.97475880507528,106.38061049842693,105.23829573146699
192.5832028362919,221.37660251803365,106.38420376702763,105.24081417427128
191.99339571588047,221.70456022611117,106.38752284660328,105.24325166958857
191.63837882984214,222.21331740701362,106.39140376232997,105.24575350117357
191.0533265238428,222.51076954960308,106.39532418739321,105.24788676978186
190.42550572013857,222.9148633688137,106.39900682854645,105.25028504740293
189.69026402784726,223.9127781284672,106.40266878101545,105.25265606387019
189.305599069429,224.56357689693186,106.40632035169489,105.25506260008385
188.81757817507727,225.32686503151263,106.40984882233654,105.25741329949685
188.11864438805256,226.25269977631615,106.41353979402236,105.25986299152282
187.40874110183807,226.7324337599798,106.41692316489039,105.26213808096966
186.73571554418027,227.2045452086174,106.42092360862856,105.26436321178207
186.03629444829414,227.6431894646703,106.4250302256785,105.2667066958311
185.3891218306591,227.93971139657833,106.42900046667062,105.26921718382165
184.65849592584016,228.4922115083463,106.43272726143121,105.27151068529948
183.93297013291624,228.96487986115162,106.43634668690149,105.27384741966836
183.32386125963063,229.32846267333542,106.44012885608012,105.27605119723253
182.77127818530175,229.68102779478207,106.44377935398873,105.27831978618354
182.1310522416067,230.13888171934164,106.4475229961014,105.28070633365559
181.5112779152127,230.81475650827701,106.45134934549893,105.2829094020403
180.75689397160795,231.68067918771283,106.45520426025816,105.28520062458958
180.1433975226807,232.18305394006555,106.45900291658891,105.2875556359135
179.26423818527388,232.5981319064196,106.46277196886682,105.2898818623431
178.3512583739071,233.07416063884807,106.46649600734139,105.292201512259
177.78835441822187,233.64596181162173,106.47016601454463,105.29443122847927
177.3278677530921,234.27775033142356,106.47388090335595,105.29654558844987
176.71704491496988,234.98677947968204,106.47770009396659,105.29883712828241
176.3568414526649,235.64017156544216,106.48148550044147,105.30096392268167
175.84995818238303,236.28887262737885,106.48524263300807,105.3034098784897
175.18513913948203,236.554705652925,106.48913883171745,105.30589752727226
174.53706491661538,237.12037222172995,106.49294401859305,105.30808701940018
173.71748162257558,237.70794850997387,106.49657596254579,105.31019162312629
172.78364193222023,238.31268706550566,106.50011674004602,105.3124211503989
171.96416401808307,238.77012171939703,106.50358000507262,105.31477017013842
171.05333510866092,239.28941550896295,106.50722177167088,105.31696802286848
170.24274051278542,239.72909814704045,106.5109823030291,105.31904952548773
169.91784760047915,240.16679728827322,106.51478848477359,105.32129453020406
169.604606531719,240.9183954377507,106.51860277322996,105.32364825814273
168.96556351038262,241.47912276638053,106.52248456175239,105.3262049982448
168.2543163670781,241.82855715942043,106.5257517251009,105.32866150952067
167.6494787464701,242.3931436420854,106.52946120894691,105.33116462203346
167.095329339392,242.8672367555576,106.53337607763804,105.33337689982307
166.45686363768584,243.29914343458523,106.53715596413602,105.33558189666053
165.49809295750532,243.81994014949447,106.54073317216094,105.33791756687869
164.5582863057394,244.2598696772195,106.54474506482698,105.34033516567209
163.78325479715576,244.64237050055993,106.5486011308529,105.34290347815485
163.29963048927783,244.9605519133225,106.55276516809464,105.34537930142584
162.48476319980622,245.43746425996176,106.5565864846706,105.34756179074543
161.88051614444979,245.9360110831455,106.56067123449786,105.3498323416321
161.24464337119662,246.30201578162314,106.5647506795485,105.35209006026982
160.61900347850934,246.80116635564104,106.56882151201933,105.3543041347834
160.10417651845285,247.43275670442642,106.57267448875768,105.35656640462753
159.52511653779067,247.99460295977167,106.5765896046536,105.35898432846918
158.88136242907197,248.549172168071,106.58039556779563,105.36133032024914
158.23296428982607,248.9111718879806,106.58425766698139,105.36342625882885
157.180297882776,249.51415665079548,106.58784630612429,105.36569593093012
156.25367686542722,250.05677268348776,106.59142436796718,105.36802094295335
155.6239372699149,250.27085224321817,106.59547655608503,105.37020110028315
155.00003494936624,250.67598200855653,106.59963004552529,105.37287590865294
154.34577896623819,251.06705924634795,106.6032301598984,105.37542736997881
153.81505526753747,251.5969025501427,106.60690182144474,105.37802201334303
153.35952828987692,252.22913082731782,106.61076575191309,105.38049246285324
152.70155698806815,252.7795184705628,106.61470295487298,105.38285514633397
152.14759322239607,253.31813449052615,106.6186810586125,105.38512545053874
151.5081996966918,253.7402783284163,106.62267031281797,105.38743657875543
151.06006735257355,254.25212700787034,106.62648842350545,105.38981064910004
150.29580665122865,254.72271611542482,106.63027151442768,105.39220817385161
149.65398115407163,255.39941399100798,106.63407238342893,105.39463260167088
148.82861527036036,255.9153759687514,106.63817863205264,105.39720423830134
148.48835406326907,256.3516312533251,106.64194603515355,105.3993740094441
147.9218159957556,257.1114165177609,106.64565159999769,105.40174836105791
146.96485105950097,257.8588038841745,106.64949138366265,105.40404882831156
146.31621312454413,258.6355119926768,106.65328196972467,105.40638643840205
145.76347579753113,259.2739485760724,106.65692208815194,105.40872550801517
145.30947701448395,259.8929679547263,106.6604835427961,105.41099133997893
144.8277635730169,260.3225723969049,106.66427886349717,105.41316881435984
144.08370000719378,260.7966518772995,106.66806568504673,105.41531847450025
143.1771276928402,261.2680725085611,106.67193957419855,105.41754378321275
142.5809454307028,261.6490804591479,106.67600539623335,105.41969227021893
141.92015207507984,262.09313325068274,106.68003906411374,105.42217449385092
141.0084465827554,262.47974601649764,106.68381453831803,105.42437797261235
140.2293466137803,262.820870513056,106.6877002205538,105.42639232807508
139.6152950242166,263.3572829999643,106.69182488024151,105.42866574960603
138.9552741190937,263.7620303291615,106.69606590446894,105.43084443439314
138.39428357592078,264.1827511594896,106.70047802108819,105.43311093127636
137.8654652016677,264.54617096482946,106.70496566547607,105.43536600472066
137.27614247890116,264.9624792280119,106.7092764657378,105.43748868657728
136.7457568092271,265.35927523262217,106.71366693712784,105.43966660724256
136.02764577288158,265.7107719686133,106.71809925399765,105.44201000402323
135.52917153155485,266.0723659713039,106.72215040493649,105.44435047726445
134.65364313982965,266.21893207002967,106.72594304158206,105.44645221493066
133.91350424698305,266.4645939616128,106.72978707330799,105.4486061637075
133.12007013747768,266.62543695756,106.73376001338808,105.45082665307915
132.43746724774107,266.9372663967109,106.73778679868252,105.45313050899972
131.57366714264586,267.4050655946009,106.74183025189967,105.45564228596832
130.90880979283924,268.083850463082,106.74590284259571,105.45792092909498
130.54481852457675,268.53890754226745,106.7501486757248,105.45993551723353
130.11730305888426,268.8329393240682,106.75406432075957,105.46205169501467
129.65304278282034,269.10730670197427,106.75804047887112,105.4641441443837
129.27189632386754,269.4012570090632,106.76226811347823,105.46634012310889
128.91618157242883,269.58320523218026,106.76641954352162,105.46856911151195
128.43213601442676,269.9346484926997,106.77059608633319,105.47086347388063
127.96085964490621,270.25253505530543,106.77478306790891,105.47319031710252
127.54277227079191,270.55114988562985,106.77877075959606,105.47555876617581
127.0548030460763,270.9405685287286,106.78249409300327,105.47783832320195
126.49973332469287,271.3952726918582,106.78623781433458,105.48002063271922
125.78663559542429,271.9646331808609,106.79003959325291,105.4822512881672
125.06166775961418,272.35893117063506,106.79407625516853,105.48465382708585
124.38323991856726,272.88265642558065,106.79810939507185,105.48693457177232
124.03805471279293,273.64063935694935,106.80197097225846,105.4893265819978
123.43361087246491,274.0880702696208,106.80572545322272,105.49191544215604
123.00370905658986,274.7868879220393,106.80970854835935,105.4944762127585
122.70174727545475,275.30958247580753,106.8134610214572,105.49681421322369
122.02830396827832,275.87676837916814,106.8173614097282,105.49922862896038
121.52216054782315,276.3539310536092,106.82106434732589,105.50170648270736
121.17557918065086,276.76955874346777,106.8244212163827,105.50417381359968
120.75634421167643,277.1624705340163,106.8278057027286,105.50649798001928
120.27085537416423,277.6904094038973,106.83122702036927,105.50875145821378
119.6453157844444,278.14664907567493,106.83480315758786,105.51087737455387
118.93048983582779,278.53413750071786,106.83849558693323,105.51297575554324
118.2286517265047,278.89773495369644,106.84223501034471,105.51522755874211
117.4768822320133,279.057239432383,106.84602100097547,105.51748188486013
116.71042127330024,279.35966772279016,106.85002846680246,105.51983957606807
116.12765184720669,279.70509315136616,106.85401524741819,105.522099780966
115.46054783690238,280.1720730298289,106.85803356313183,105.52429933676555
114.88211621746518,280.59536231823313,106.8619530716519,105.52651855811388
114.26164583494965,281.0855781297578,106.86560643452995,105.52886733200279
113.66873216085745,281.38506823804124,106.86863646997784,105.53120821662458
113.0271819014313,281.6234625833241,106.872262611198,105.53370864053404
112.53814788084132,281.97722126757924,106.87588060059343,105.53612032103887
112.02420600889315,282.43853949649576,106.87950346592687,105.53828843149651
111.42945420810204,282.7731142263316,106.88352921468773,105.54053510810881
110.80595166747065,283.1303626837912,106.88749588004168,105.54284877725787
110.10807160287544,283.53912844987025,106.89153917134912,105.5451511794068
109.5551057268207,283.8301021302806,106.89559406856206,105.5474557588366
108.89864922637027,284.23654902190003,106.89954639326967,105.54973309814869
107.93720935553495,284.61498318954193,106.90316920935743,105.55191000612813
107.1114784567996,284.9656469767396,106.90688682805614,105.55414087670955
106.25467100621938,285.44036344729875,106.9104939424658,105.55646590306334
105.67823358470994,285.9537360118194,106.91423021565281,105.55898427042104
105.16150085504682,286.6114893574508,106.91818219669995,105.56134247402511
104.5005823523444,286.9958308502871,106.92202293860078,105.56359901729451
103.74168808098332,287.33655565887113,106.92579068073242,105.56574863375383
103.0644695316727,287.67994698087074,106.92965590854983,105.56786961953443
102.47421508374802,287.91751767756796,106.93349401468055,105.5699893819837
101.83022598685265,288.14867776398404,106.9372398304653,105.57211235633409
101.29104492397438,288.3266049146299,106.94086548027732,105.57440221912766
100.81218734771494,288.5684763023427,106.94468089162342,105.57658809837284
100.3594675863955,288.77771091380646,106.94847505188514,105.57880187195677
99.70819419927932,289.3618567938473,106.95236738905238,105.58113269907908
99.11802262347508,289.8924223872399,106.95611413753889,105.58351967883601
98.34500064116614,290.3106152804266,106.9595678416511,105.5857019242504
97.62473344897043,290.8316739235983,106.96327075173834,105.58782237079421
97.05615414559242,291.33011092101214,106.96680373193031,105.59005126645806
96.67462714123624,291.6280582217892,106.97003578925337,105.59227818876103
95.82248812704793,291.8889489763498,106.97339800418392,105.59448880085947
95.03418303701454,291.96806129873283,106.97675955944906,105.5967643993996
94.23133021413183,292.2123872336029,106.98013070585537,105.59900437369365
93.49859482980267,292.36482322586494,106.98337877916306,105.601365603548
92.76897807095907,292.62744778862856,106.98653829744535,105.60373721080497
92.25466777342274,292.97445484443796,106.98981022918794,105.60595708699445
92.07247621514672,293.34137898824815,106.99323086543333,105.60816715375172
91.70874377372543,293.5426231667256,106.99643321270386,105.61039162281038
91.06408237889556,293.797811015309,106.99989379495086,105.61268817114619
90.42942040907289,293.8516963347234,107.00348759200283,105.61506082128734
89.7544034670207,293.9104875260104,107.00718582661688,105.617403133013
89.10720935668985,293.97716615779194,107.01085203475873,105.61980946991854
88.6113818866981,294.1090061792902,107.0145515833352,105.62208967324665
88.06640764197971,294.2104216859358,107.01839651423165,105.6243719218935
87.38120980968046,294.4329398229167,107.02225687285329,105.62665533434453
86.66983326078503,294.77910538320475,107.02580072877709,105.62873769691126
85.92821790591759,294.953238154107,107.02943303553496,105.6309381680615
85.30277641859277,295.09328626363566,107.03316070146116,105.63325543167012
84.77902745377847,295.1947716332193,107.0369649694,105.63556402788242
84.22279659934306,295.3825771210413,107.04076562270595,105.63776540799519
83.67395505128567,295.7284593379464,107.0445346868383,105.63989738703444
83.28436847533573,296.10749466289155,107.04832794257423,105.64208618662616
82.7142981610772,296.4547589826985,107.05225717582763,105.64417532912816
81.82977102573616,296.7111076675193,107.05600008615052,105.6462440565553
81.12153590527906,297.068276182878,107.05966763083669,105.64828005220895
80.16175519594461,297.3619253766178,107.06320603352965,105.65040240056528
79.333350240346,297.5586699435336,107.06672746110716,105.65243484790676
78.60275720867789,297.7581429878823,107.07028181725192,105.65450657408395
77.83218197652208,297.86479047838475,107.07401367766644,105.65663373165074
77.09646917742484,297.98880475919964,107.07781401550783,105.6588605163193
76.88104784865033,298.151032661291,107.08151560269097,105.66090170067142
76.84710004644512,298.34148829060405,107.08514511402608,105.66321916127981
76.76366641424545,298.5537992188112,107.08894482895835,105.66546258453998
76.64452971560519,298.7541160584849,107.09239084188617,105.66773106130726
76.50218625520468,299.08036128795635,107.09568494995833,105.66988777386166
76.12234483832626,299.3171966761464,107.09939283530895,105.67209705410117
75.66903731843828,299.6221333671317,107.10325857508182,105.674491702774
75.0628794412025,299.9572237013982,107.10722581690388,105.67684800342585
74.17781779098473,300.0011288860658,107.11119244390801,105.67900846119332
73.47463552344213,300.2612520138031,107.1149235504196,105.68114428627379
72.68055677360402,300.6990732558745,107.11860910910157,105.6833840443337
72.04449215616853,301.0417013266137,107.12236282803472,105.68566855322304
71.41781109959433,301.22990398942727,107.12640336124996,105.68797164977993
70.94890708284672,301.47317786611626,107.13025989766724,105.69026730760913
70.64623776348469,301.79882779884446,107.1343235691977,105.69273109400062
70.57110631046012,301.91087534050257,107.13830913698045,105.69513416747026
70.37303600088248,302.09176089178015,107.14225390552504,105.69739545264855
70.26942573723605,302.28255616326015,107.1460190889754,105.69971872471017
70.02168965932103,302.5426551245041,107.14992813326178,105.70208759757139
69.77799541526515,302.99467807128866,107.1537098358377,105.7043792632254
69.347094700783,303.450789274412,107.15753160953618,105.70680777403199
68.91725480262495,303.9803784161958,107.16143908939645,105.70921622809718
68.54731391430428,304.45495544662,107.1653584155335,105.71156872232919
68.20217365941515,304.9149501991568,107.16919637131471,105.71397450619979
67.8942400206148,305.36066559517815,107.17294731209292,105.71636894713969
67.62334818209607,305.801974923429,107.17688704648816,105.71875892377473
67.3687262735955,306.1692023900005,107.1807853401319,105.72101036670745
67.20383508088796,306.5511923555292,107.184636385091,105.72323461398338
67.11361414841332,306.91647804992436,107.18848016308708,105.72551651861197
67.05659505593047,307.12414390577317,107.19229635114935,105.72782018813612
66.94013430944399,307.31503046269614,107.19616458522646,105.7301166660508
66.94996292239586,307.68893100313073,107.19982940885107,105.73249630646453
66.88972896740498,308.0912552693953,107.20355384363411,105.73483350982875
66.63349376719934,308.2804440521444,107.20735766909038,105.73706396654342
66.23650831865424,308.4807934703746,107.21114496241701,105.73918920411306
65.9493093349493,308.7056000707911,107.21502425736061,105.74146560761008
65.50028539324384,309.14313782132865,107.21887276943364,105.74384802327148
64.91342799302342,309.515560878319,107.2227944409072,105.7461805234305
64.43660216963067,309.8192561589411,107.22657508406492,105.74838716830197
63.89948331839505,309.82346054160615,107.23016709657186,105.7505816427316
63.33951046822894,309.9535526065583,107.23347318279886,105.75275090328259
62.79697087891262,310.21639409583906,107.23663507551231,105.75507108090619
62.3252512341989,310.4237120085003,107.24016782740694,105.75741778713133
61.921539731340665,310.539459316661,107.2437214664776,105.75985100186361
61.62918243072687,310.74476526304295,107.2470428854275,105.76233413630807
61.46301573221736,310.89232356939715,107.250491263621,105.76479830219843
61.30670083195138,311.2130153624806,107.25403429433369,105.76707967212444
61.02853366913642,311.2941544251385,107.25794150690743,105.76936335491784
60.40002591278717,311.5730706874896,107.2620287626174,105.77148863251136
59.955727072941635,311.7996783461255,107.26607521521574,105.77371884326988
59.62826944795849,312.15384391997395,107.26966327239867,105.77597662761039
59.35749187997229,312.33994072863106,107.27333149077998,105.77840219622067
59.158645162993494,312.44731009043556,107.27749425790941,105.78091270216201
58.79658644902579,312.5192699821479,107.28134653577463,105.78311459947398
58.42934658330828,312.71650264770363,107.28491322418749,105.78525788924449
58.15076536579795,313.18887472187663,107.28863037960991,105.78745636832846
57.95538081007668,313.54830689572765,107.29254362056714,105.78994167720832
57.804166965572726,314.0137872134629,107.29635576454065,105.79235127431994
57.672674206842615,314.20363245018234,107.30007958447013,105.79468944019756
57.34325171572801,314.3458665062919,107.30394098658688,105.79697519107472
56.97104597131242,314.6930220120098,107.30788856293103,105.79923469527151
56.5374032038093,315.03200914288425,107.31180254690044,105.80149301799902
56.07922606957613,315.4399269321596,107.31575722535136,105.80370716831877
55.76146671865282,315.72708367930966,107.31967358030086,105.80585159170897
55.54762855778983,315.9081059643295,107.32351983987589,105.80806188373936
55.51347648886246,316.008317682298,107.32720351269042,105.81022639505174
55.42168066379633,316.19634459851244,107.33087605407424,105.81232576754078
55.1667416685775,316.4238785542232,107.33466841028033,105.8145541381722
54.86785222523756,316.72190315549483,107.33844940124258,105.81674537075236
54.630945701562844,316.9486839137918,107.3419783442448,105.81898703985986
54.44702444615662,317.2670457878003,107.34524457494021,105.82120279169779
54.21846834853698,317.5081136673784,107.34854399218342,105.82353975435683
54.05832572398355,317.74618846051794,107.35192418982048,105.82582860506267
53.8630851625197,318.04520801108345,107.35552861043952,105.8281204527614
53.64602759446409,318.3548300796267,107.35923804038353,105.830380622468
53.54645244952453,318.3924669243391,107.36288129560326,105.83262439034965
53.47167296669623,318.2486986052021,107.36624251009542,105.83497449946407
53.27451537940866,318.19344221633963,107.36939809061157,105.83727239964323
53.096396163126485,318.2139662978804,107.37253562729427,105.83959826461856
52.89947266826438,318.2905530044053,107.3757724287727,105.84189656391953
52.78392025510429,318.35880095315446,107.37901485229614,105.84424810690241
52.76204168784437,318.6086958641766,107.38255679259066,105.84674263286924
52.69281172481483,318.81637924117905,107.38625212182987,105.8492170451221
52.55331469295698,318.8579700958284,107.39012491393531,105.85148633526215
52.33360415863671,319.03492211790774,107.39368853757425,105.85367918465252
52.14095855390511,319.21446473291513,107.39710736129717,105.85594773943733
51.794806256304,319.8357666834505,107.4010104958518,105.85821318975357
51.15241902344837,320.427489737197,107.40478279767605,105.86053640179495
50.61795426196313,320.70650103422275,107.4085658744185,105.86290928694564
50.130416439928055,320.75186853813165,107.41223517788958,105.86534133825137
49.79493118108765,320.9053136702195,107.41578995746463,105.86775101990689
49.54546830208717,321.0347280752801,107.41945246678355,105.87018859033428
49.3743397287896,321.09371773886414,107.42313684302157,105.87241589488623
49.04686287173644,321.42434688078254,107.42687661316961,105.8747380882871
48.65741912727462,321.6996210638553,107.43053220426228,105.8768711086124
48.29993375457016,322.1824115767688,107.43419143052523,105.87920227989844
47.898827275709145,322.3037133577925,107.43800625115468,105.88158817259725
47.46633574411899,322.32395246401916,107.44193662239849,105.88394266254232
46.95587920332679,322.40137178362517,107.44555505867345,105.88625530516391
46.365982590119714,322.62614439776183,107.44891150320436,105.88856129582942
45.736762285307165,322.7703493316484,107.45227153211809,105.8909522081142
45.048307729865236,322.919383829371,107.45576219264642,105.89331723581084
44.460664468062724,323.00427095587185,107.45910040253837,105.89562835740286
43.847151678263195,323.185809215776,107.46248005661558,105.89801309767492
43.28354727369717,323.3028902250202,107.46622904976863,105.90048750921159
42.746836514592715,323.5576745635074,107.4702648009945,105.90272508185569
42.18306302772643,323.78874865111055,107.47406919431324,105.90504860445678
41.621833367781,323.81578549506736,107.47793398695954,105.90735163825309
41.08123535203827,323.97453435890304,107.48177081892108,105.90970596470083
40.50833940685434,324.2210119772432,107.48531956239258,105.91219049585803
40.06884198997776,324.4943392520429,107.48902805543223,105.91463437832266
39.65665983889685,324.6887736241797,107.4924838111463,105.91700846599457
39.380557011756686,324.7610835095638,107.49583571042938,105.91935562943048
39.099413736580495,324.9049256968088,107.49922184488439,105.9216631105618
39.02723200939962,324.9127524709723,107.50263000010712,105.92398333727883
39.00120641469684,325.04921379232405,107.50604893655128,105.92630788099771
38.90696423173294,325.32649168497625,107.50949257522134,105.92866749810574
38.87074897924067,325.4858194183932,107.5130392066836,105.93100619979182
38.821893844227105,325.76497503028264,107.51667941466945,105.93319702832001
38.57650742132995,325.9667314763633,107.52031613489919,105.9352930882041
38.280399890813804,326.27354979035414,107.52402431850915,105.93736773198528
37.9963489680362,326.67132143482326,107.5276565881824,105.9394547531057
37.70740849689634,327.08167736451816,107.53134715227303,105.94156761028385
37.55937398049482,327.34523525464624,107.53480747693284,105.94371931993788
37.365758079735095,327.4773240667771,107.5379471263336,105.94587789829757
37.055595015306416,327.767618821409,107.54107669528496,105.94816846878001
36.72109334319707,328.0592278736122,107.54438341856249,105.95030081822725
36.45218867883531,328.24276818070194,107.54758396594826,105.95245110028226
36.08026421631123,328.38129120712296,107.55094161997745,105.95474567224944
35.634099494442566,328.4292156353347,107.55447658196047,105.9569552109138
35.2212891200876,328.5882735993593,107.55809629068857,105.95910141693965
34.73446005589733,328.5979010519702,107.56174914525013,105.96128469684342
34.2972564104233,328.71591416395347,107.56541900276466,105.9633990112118
33.97643543839548,328.91711118709736,107.56916250169091,105.96560913167008
33.6734010788303,329.1633750783946,107.57317269096744,105.96796324724036
33.5460134032389,329.5118003614539,107.5771893346269,105.97045528957368
33.22452848779768,329.5255660520544,107.5806595012027,105.972789741372
32.94616794856494,329.5756115203159,107.583999553877,105.97513437133398
32.65952583650448,329.70646859551624,107.58740114669605,105.9774247196534
32.25251052063322,329.7748862757029,107.5909831914978,105.97981537866256
31.69281790940404,329.9025599758955,107.59523369792223,105.98229940275215
31.73686139063433,330.42640087537166,107.59925575253575,105.9847182879657
31.575951143544167,330.5751923138656,107.60295925400406,105.98695726461547
31.144846510489003,330.6446795086606,107.60639707674738,105.98903738609577
30.628575679198732,330.86981601226546,107.60967118981316,105.99119689212303
30.323318373749316,331.1923925206437,107.61312507025468,105.99343483701364
30.418330901647593,331.4496456117887,107.61648835731549,105.99564233356044
30.366524667631815,331.49605365722226,107.62029855481539,105.99790684933271
30.203611311675324,331.7132391792644,107.62430116313455,106.00037049820345
30.07841841289038,331.8541202798996,107.62796029878389,106.00292412144181
29.88676366371965,332.09693051248104,107.63124336723376,106.00533972257254
29.7644726660466,332.2252390110873,107.63443576015715,106.0076466433688
29.73168607161893,332.18893681362414,107.637614773334,106.01011297873865
29.606261210606476,332.2582980041548,107.6407451627831,106.0125779376984
29.311347639713766,332.4284115680697,107.64409275992894,106.0147546389664
29.08167965054784,332.81706469752044,107.64736832871489,106.01691959865089
28.93107952643949,333.13948284149325,107.65062546169722,106.01917118273366
28.61151775230104,333.4377868603335,107.65395425117742,106.02137930144043
28.454352168487603,333.6464132697852,107.65737862115682,106.02363142304682
28.158738957076274,333.96550253317076,107.66096362599929,106.02575340858964
27.789343908821138,334.2891384818883,107.66419759686869,106.0278219619182
27.601447481482992,334.61515914789237,107.66722377798007,106.02990965823042
27.61947479334853,334.73677522157385,107.6704732952042,106.03210152817755
27.35477938387813,334.83803769754695,107.67379047952052,106.03432653295845
27.0517090970609,334.89102799505895,107.67725180053047,106.03661063006207
26.92328937869133,334.9751920156859,107.68057039090273,106.0389842713759
26.8080520790189,335.0181559659772,107.68395287317644,106.04126524734343
26.789902369050267,335.12749481323726,107.68739015511059,106.0435159237759
26.552980808366826,335.29711890306214,107.69088420306744,106.04567373186569
26.231377402831974,335.45269511231425,107.694404846897,106.04777480547837
25.94785676876885,335.5874110545803,107.69796436691915,106.05011527578752
25.695882462389356,335.69122037519355,107.70151207883738,106.0524912486853
25.222751821564287,335.7673302163805,107.70506075548798,106.05485043088586
25.02866755977511,335.9546003886558,107.70860429122568,106.05712367686178
24.795788260901084,336.1284269281373,107.71200238768436,106.05929589072456
24.591366411229536,336.41207428198743,107.71529694824305,106.06158793686953
24.45054584518946,336.6731101269798,107.71860715819643,106.06390628871289
24.34773924522186,336.79891012275976,107.72196008741687,106.06624839934683
24.33243474102172,336.85296562797055,107.72546565684372,106.06845438073128
24.22857228362784,336.90765961979514,107.72896678980737,106.07056246561936
23.95933402613874,336.91724980364745,107.73269075704464,106.07265680240079
23.662293723458475,337.0632920222916,107.73625860987221,106.074819545336
23.39182715440561,337.05942914585194,107.73967122013828,106.07701221161372
23.208226089991598,337.02235237674245,107.7429139769227,106.0791841707674
23.135357812845307,337.00345624787417,107.746055925531,106.0813623328757
22.981030542249897,337.0238153844955,107.74929590926484,106.08345301330564
22.68284269206753,337.07293732240777,107.75262029527563,106.08562741456595
22.60005594809664,337.07366839977993,107.75595870202159,106.08793630157433
22.268746203312034,337.17763263245774,107.75924347240974,106.09025977849572
21.761052631655616,337.34897932279137,107.76259178878013,106.09248661581931
21.165143716454295,337.3275595906119,107.76645149788303,106.09472760201002
20.620456911854987,337.42030181940265,107.77043275116276,106.09690620783549
20.143763940668386,337.49753894518295,107.77428993977848,106.09900580321109
19.81047764573205,337.6380917674384,107.77817945994519,106.10128385597152
19.53600683624159,337.8783533345182,107.78192454572299,106.10360501492951
19.1844063811619,337.86768205153123,107.78545591595393,106.10581787621939
18.762682172890663,337.9894233063259,107.78890286860633,106.10800975325061
18.32395729297975,338.1662396780734,107.79233652229946,106.11027249920981
18.18247772444778,338.33163696925556,107.7956525409819,106.1125662552206
18.041159578738423,338.59325632981984,107.79915625760394,106.11492683495338
17.807310874145728,338.7969646972256,107.80254811692933,106.11728932096143
17.438827606920846,339.09018219176335,107.80583392628144,106.11966960374022
16.98334116819135,339.2606782838604,107.80910721877949,106.12195037377174
16.232755126692076,339.4445140812753,107.81282227434274,106.12411645046012
15.517265781957406,339.95931064899946,107.81646892016431,106.1264114423389
14.777450751031608,340.21662456493414,107.82050696484214,106.12877462971846
14.201354590728045,340.2231775827426,107.82436359018254,106.13094236814425
13.846140006271476,340.4138229410018,107.82794962135459,106.13308555984993
13.469232389448038,340.61986049860457,107.83147422275354,106.13522425103515
13.018883496526051,340.6285116758834,107.83472048863139,106.13746311349183
12.477434872294516,340.7321324238428,107.83794897679478,106.1397250894243
11.904851437724105,340.77307626891894,107.84117906691338,106.14195969942
11.455989429941425,340.9202855482695,107.84442583428691,106.14424295942354
11.143350081875703,341.1704499912002,107.84788056391521,106.14645680770818
10.91738839296761,341.3804170186625,107.8514169149446,106.14863220765379
10.554145336561731,341.52127186892454,107.85489278577103,106.15079079016316
10.020321887741815,341.67251878626246,107.85827908141349,106.1530139597865
9.335088080161817,341.7668459029355,107.86143498049377,106.15539407325936
8.718258573872752,341.8844568177164,107.86483874690948,106.1576990777086
8.112829830014533,342.14054097875317,107.86842597000037,106.15988605749203
7.605191018179852,342.2079931943515,107.87189448302826,106.1621744418376
6.909071133799948,342.21944262608594,107.8750649330167,106.16431227657601
6.099863698184208,342.2961404360935,107.87829251691755,106.16645669073579
5.368931255940545,342.4298403048913,107.88147236093094,106.16867448086347
4.853239302662281,342.532476416769,107.88491980889982,106.17093633189147
4.287286823528689,342.6851836111113,107.88825301843349,106.17311394774437
3.8876540704398366,342.798638476896,107.89174293228407,106.17532962649341
3.3276323736472406,342.94218307195405,107.8951905807826,106.17764703399159
2.7066575841188723,342.9984424429813,107.89855969452256,106.18003675618999
2.0280470904558427,343.1756543641558,107.9018739311696,106.18238944935209
1.421710274442077,343.35096390488394,107.90524287283611,106.18482742456112
0.8719209257691531,343.4818217621063,107.90860596444618,106.18729710893349
0.29042958121483764,343.6520883892755,107.91172243975629,106.1895453387222
-0.524588073885937,343.9794768876386,107.91493432466487,106.19177532098455
-1.3647497674310642,344.0537287118936,107.91808624302038,106.19399109159637
-1.9573997092676336,344.002992540567,107.92115350836161,106.19625575730242
-2.4829461241761166,343.98345270951745,107.924190331747,106.19861285246913
-3.0760893755458127,343.9362221751732,107.92733453006592,106.2008334460394
-3.57209109029057,343.95253076281176,107.9304131582058,106.20312824602682
-4.083543483865583,344.0962999877267,107.93348771845763,106.20539553631504
-4.759744947079646,344.1027101045619,107.93676192174122,106.20756736930369
-5.339105214993346,344.229577767869,107.94023965685604,106.20974431681171
-6.029123516933858,344.19853718171396,107.94384932554114,106.21207013027676
-6.940820498521042,344.1071223512212,107.9475605713922,106.21433266081574
-7.647218209146921,344.06036990789227,107.95128216299308,106.21676919024448
-8.155857180192378,344.0744805365511,107.954977160214,106.2191216455886
-8.645116940232576,344.29532691778826,107.9588034415592,106.22163971046498
-9.473214211594247,344.3899297239797,107.9625439656897,106.2242457192712
-10.29799564294003,344.50234002068777,107.96629276721642,106.22689185811862
-11.041001919202415,344.6537174757171,107.97010720057767,106.22935531682867
-11.77746882502705,344.63834897834295,107.97369508498848,106.2318310747305
-12.575688639184825,344.8113505341784,107.97700531686543,106.23420128673854
-13.034201129385721,344.91422257796944,107.98024835633018,106.23654664021747
-13.588325672886377,344.9164199762706,107.98341230882527,106.23898431100727
-14.084741204832852,344.96777699429924,107.9865544994272,106.24133940560908
-14.77247383066672,345.0966776162598,107.98951492073452,106.24382809894577
-15.550859378023112,345.23468409487936,107.9928455638253,106.24626846197145
-16.261880320960636,345.4594725154359,107.99628689046573,106.2487453763801
-17.016473933048765,345.59408440453666,108.00022687934383,106.25134545143294
-17.798161456754123,345.77551388557004,108.00390358347757,106.25390888721812
-18.566287665191886,345.89948126882047,108.00751149008393,106.25636906109351
-19.280011502788028,346.0623788777532,108.01118635338656,106.2587823791377
-20.074786946323847,346.22273771239537,108.01495220913954,106.26129598970344
-20.732553992762362,346.4167062354388,108.01852298223812,106.26381702080877
-21.503809851909708,346.614963515777,108.02201106276121,106.26627702778417
-22.401597355538875,346.72642702147493,108.0256148633545,106.2685938977331
-23.176376898696446,346.81920742364093,108.02932021565323,106.27093946296809
-23.93613641026039,346.87957557767004,108.0330124174539,106.2733048065784
-24.39221719819441,347.1343234583847,108.03673978111415,106.27578731377237
-24.830731448665112,347.3731745861832,108.04025464308232,106.27824314876678
-25.313496215536503,347.77008829662145,108.0439272155748,106.28072960976442
-25.864113015111094,347.7867823857405,108.04771151205064,106.28345238029755
-26.35836710093116,347.93653781490985,108.05134853462766,106.2861169246002
-26.71860963221547,348.1680578683081,108.05478840924614,106.2887051437429
-27.30112719037698,348.36202757712323,108.05824510874483,106.29119528248233
-27.90674476537557,348.51135328027027,108.0616208618075,106.29373508693507
-28.50099585692783,348.5214138568205,108.0649665803353,106.29637723638425
-29.021676480563926,348.5995066823268,108.06828659359107,106.2990058218934
-29.51495030729292,348.8785705538062,108.0717034344041,106.30160835742662
-29.934004832082117,349.12688363306086,108.07504478474085,106.30419204994382
-30.282279889125654,349.22485287577575,108.07846386922206,106.30678040889627
-30.78371426815933,349.4196513944887,108.08183378314268,106.30948356001184
-31.21207232076482,349.66567550026315,108.08515776417764,106.3120645229338
-31.596464330330896,349.8379881766948,108.08847473561845,106.31483235497085
-32.032348292293705,350.02883450971444,108.09191015431793,106.31748519059278
-32.515758417703175,350.0500066062905,108.09543649511032,106.3202181052875
-32.984954319221785,350.1239470693343,108.09923766046367,106.3229316371838
-33.44495248711021,350.26875380890567,108.10303580221357,106.32568254674536
-33.86631233438354,350.5777699800727,108.10664458586774,106.32835318636025
-34.38559312477785,350.93241613711024,108.11011929646288,106.33096349069328
-34.97386012022386,351.3400897465183,108.11356890911242,106.33352712192529
-35.52426647175988,351.76178358450755,108.11705056512635,106.33615400521565
-36.110250211564306,352.14231915422323,108.12068940189005,106.33888241393346
-36.59229456412498,352.39615692284497,108.12433174928434,106.34171034758766
-37.00126525405658,352.75304002106947,108.12786083332921,106.3445949351543
-37.42346617211577,353.0875804834592,108.13141428315991,106.3474073090008
-37.85053678604356,353.47854371416054,108.13500456144197,106.35022481227023
-38.335306317382276,353.9079301075229,108.13859015484297,106.35293679155195
-38.74645562025739,354.18447633486977,108.14216245939997,106.35555614267865
-39.21943335522834,354.47878873640207,108.14578220451124,106.35825054299085
-39.63532833420853,354.7710614624561,108.14934613259872,106.36085930049661
-40.08884598467172,355.0758472535165,108.15295723012926,106.36358674343452
-40.592127107478504,355.4533514654358,108.15644935969974,106.36614906315678
-41.122028674104186,355.7251190497835,108.15971021561498,106.3687375183093
-41.80520412954893,356.05318856938095,108.16293437174373,106.37135849031046
-42.34563283158077,356.4433104838207,108.16620667467978,106.37397291395631
-42.87372074324004,356.97689586971245,108.16942496320829,106.37666546156983
-43.3108751147307,357.5577416412554,108.17261504144808,106.37931667952361
-43.69874483004827,358.09494490131425,108.17585419551767,106.3819768193333
-44.12543746832333,358.6053517584682,108.17910360924049,106.3845849886085
-44.610853294873046,359.0739072918628,108.18227066292128,106.3872971320587
-45.17088727763948,359.4333009256918,108.18542006461138,106.39010592658407
-45.633974301975066,359.765611881195,108.18864706414162,106.39297241174546
-46.01282267196847,360.16526378992785,108.19185241533067,106.39587594501059
-46.34022475272191,360.58323222509335,108.19517345830346,106.39866434352037
-46.66178227034123,360.9155462221653,108.19857979574623,106.40137138279334
-47.083730066287366,361.2093249348202,108.20187430102199,106.40406689336986
-47.48189425221544,361.51802068479736,108.20506869880282,106.40674263222319
-47.75456337648127,361.8573737762736,108.20828601380177,106.40946965010683
-48.14289460123411,362.2910312641571,108.21144414650065,106.4121641562468
-48.478307249421654,362.6710155278465,108.21462380965507,106.41482346891006
-48.78450896623012,363.1037201548689,108.21790276159399,106.41750496365225
-49.17259724683802,363.5725076641088,108.22118005275212,106.42022260159406
-49.58671250608766,364.02989931668145,108.22453152099656,106.4230244905597
-50.03349492829488,364.52987246020683,108.22789545245858,106.42581286461123
-50.39767440935952,365.03367883715305,108.23131393578613,106.42855033807474
-50.76385105880735,365.55887217199404,108.23471107175226,106.431372019528
-51.066486072778865,366.0551292299409,108.23812904033097,106.43417148843875
-51.399217337605265,366.54772702167156,108.2414887514947,106.43698231796041
-51.8291493316995,367.04234270653717,108.24500273501016,106.43990858630214
-52.14092953836894,367.48973748297544,108.24851331409764,106.44284962233858
-52.446331754468986,367.9890617361562,108.25205185665311,106.44574666441608
-52.80379762561066,368.51494003408857,108.25557367252198,106.44868209850435
-53.10075063463848,369.0177312823265,108.25902535059653,106.45160351590788
-53.358282675678986,369.4876675117797,108.26244942041329,106.45450529320377
-53.548018086224545,369.9983493645406,108.26590353527615,106.45742535442844
-53.74310197678121,370.5116841123163,108.26946292438929,106.46031344459328
-53.94508880799474,371.00762272964346,108.27293733235125,106.46326437451654
-54.138208756228636,371.5439684545561,108.27641751245727,106.46623982914065
-54.13994781936033,371.97624759279006,108.27989563872066,106.46912934615642
-54.14167146423278,372.43695216338074,108.28334292846556,106.47199113288114
-54.14339537722213,372.8870468984494,108.28679075444425,106.47484695941284
-54.14505779197187,373.3298936519379,108.29011558394375,106.47769163421768
-54.14662679041025,373.77181273506744,108.2932535808205,106.48045735980809
-54.14818904724892,374.23077418263745,108.29637809449784,106.48319311268205
-54.14975829784293,374.67598765407604,108.29951659568586,106.48591918160372
-54.151315455467255,375.1182114280447,108.30263091093451,106.48866441940635
-54.152866951099824,375.51731668919797,108.30573390219965,106.49137354908498
-54.15445206507642,375.89510567930824,108.30890413015284,106.49416811410671
-54.15608760804134,376.3075631298316,108.31217521608268,106.49696109975598
-54.157687209470886,376.73253582391766,108.31537441894177,106.49978162936182
-54.159242057587136,377.12473154246345,108.31848411517427,106.5025448668002
-54.16082911380327,377.57199323813603,108.32165822760653,106.50525394835165
-54.16241750609234,377.9884467345669,108.32483501218468,106.50804377193438
-54.16405725497233,378.4318446213138,108.32811450994465,106.51099537965078
-54.165674127525534,378.86245597820266,108.33134825505107,106.51386626757682
-54.167225547660536,379.303491692159,108.33445109532107,106.51662883119158
-54.1688877250789,379.77129417530523,108.3377754501578,106.51935022369436
-54.17061527239262,380.34794366395397,108.34123054478523,106.52228396104991
-54.17230669571869,380.71726594591985,108.34461339143738,106.52505167910815
-54.173973273228334,381.0690411869691,108.34794654645667,106.52771574416695
-54.17563667807746,381.41624789167224,108.35127335615492,106.53045924088855
-54.17730593896526,381.8160456540844,108.35461187793052,106.53316095059944
-54.17888863268754,382.1980730134821,108.35777726537508,106.5357905255511
-54.18039721247737,382.58943746727795,108.36079442495473,106.53841593419399
-54.18188135393915,382.9833014647187,108.3637627078783,106.54101387896773
-54.18342436528921,383.40236839246415,108.36684873057843,106.54364490365714
-54.1849836528165,383.7748613525605,108.369967305633,106.54633493876003
-54.186586165328684,384.26522111881906,108.37317233065737,106.54915206691422
-54.1881664415063,384.7858167621931,108.3763328830126,106.5518923835978
-54.189721392118315,385.12786217082686,108.37944278423663,106.55454500457415
-54.19133003262572,385.4805797926239,108.38266006525144,106.55722307370127
-54.19307105210822,385.82127845419626,108.38614210421645,106.55999647351801
-54.19485481267395,386.191985799245,108.3897096253479,106.56288185084529
-54.19652668841122,386.5744792387265,108.39305337682244,106.56563551953931
-54.19814555405369,386.9541137579392,108.39629110810738,106.5683915989881
-54.19987332659752,387.34467135913883,108.39974665319504,106.57124764664603
-54.20160815440647,387.70794680681666,108.40321630881294,106.57416861360646
-54.20332782756666,387.92625701968916,108.40665565513332,106.57694966543686
-54.20509163174995,388.1377844714431,108.4101832634999,106.57984865678245
-54.20688933345422,388.49093734509484,108.41377866690844,106.58283132777206
-54.20869626674358,388.84008599682073,108.41739253348716,106.58573647650303
-54.21053005461247,389.23302314713396,108.42106010922494,106.58866921036906
-54.212326739081284,389.52972940990776,108.42465347816257,106.59157606224383
-54.21403774645665,389.8208100446215,108.4280754929133,106.59429848269667
-54.21575351767913,390.1570560768087,108.43150703535827,106.5970053309428
-54.21748861914902,390.5477283081449,108.43497723829805,106.59976867256883
-54.21923114796035,390.9745374678238,108.4384622959207,106.60243103768221
-54.22094616900162,391.363844125468,108.44189233800324,106.60505168874433
-54.22261917046648,391.75884288172375,108.44523834093296,106.60764056243659
-54.224288913721935,392.0076133411104,108.44857782744387,106.61030569692021
-54.22590300075682,392.1373961295316,108.45180600151365,106.61302451815678
-54.22773283279611,392.436262496596,108.45546566559221,106.61576381705187
-54.229541615379574,392.73259046159797,108.45908323075915,106.61848133875762
-54.23120643719733,392.93020732035285,108.46241287439466,106.62118196863905
-54.23281940241051,393.2204869605747,108.46563880482103,106.62386021699625
-54.23442730351755,393.5698324209581,108.4688546070351,106.62653816458044
-54.23603258540842,393.9676046468954,108.47206517081683,106.62918567733222
-54.23765500928373,394.39157807293043,108.47531001856746,106.63183698171429
-54.23929135528527,394.777579212638,108.47858271057054,106.63447299747284
-54.2409411673742,395.08649595946696,108.4818823347484,106.63706967530459
-54.24266274553889,395.38604385350305,108.48532549107777,106.63972610881667
-54.244392576028154,395.67616354302606,108.48878515205631,106.64233158317187
-54.24605934498046,395.99727366841813,108.49211868996092,106.6449779777239
-54.24776031221412,396.3156603025668,108.49552062442824,106.64757968081626
-54.24942571134151,396.60355581543763,108.49885142268302,106.65021787718162
-54.25110646121892,396.8793579749199,108.50221292243783,106.65286659996121
-54.25280219911633,397.1843766107813,108.50560439823266,106.65553056544009
-54.25443834473246,397.5616328962342,108.50887668946493,106.65821150029846
-54.25609823363638,397.8797649666748,108.51219646727276,106.66086134848426
-54.257784851794014,398.14554355390146,108.51556970358803,106.66348421915883
-54.25948783702418,398.4636754401384,108.51897567404836,106.66615321121519
-54.26126327723807,398.812990917835,108.52252655447614,106.66892503921571
-54.263052440651904,399.0585719167964,108.52610488130381,106.67173474672975
-54.2648535863738,399.2615698315258,108.5297071727476,106.67461098519922
-54.26664940616174,399.5901484517423,108.53329881232348,106.67741633927531
-54.2683328200094,399.7785631310766,108.5366656400188,106.68021715881981
-54.2700711891594,400.01498148150245,108.5401423783188,106.68302066549728
-54.27178135414822,400.28108336581766,108.54356270829643,106.68584946722888
-54.273510509669485,400.55665316709656,108.54702101933897,106.68854394536723
-54.275305078788065,400.71815810239235,108.55061015757613,106.69122961925692
-54.277098876977746,400.83229846511665,108.55419775395549,106.69382657637495
-54.278824039356024,401.10997722279774,108.55764807871205,106.69643678342871
-54.280567388297875,401.319319616327,108.56113477659575,106.69904081449113
-54.282304242293236,401.571144674309,108.56460848458647,106.70166396818045
-54.28401897572809,401.8578881526068,108.56803795145618,106.70429518279992
-54.28573013916834,402.19932040798165,108.57146027833667,106.70691925370758
-54.28743713476335,402.50832663371284,108.5748742695267,106.70956031233891
-54.28909714717787,402.807495723377,108.57819429435574,106.71218846735357
-54.29076663357651,403.0994162524254,108.58153326715302,106.71484036494142
-54.29241233542733,403.4401920188295,108.58482467085466,106.71747630399973
-54.29415357792863,403.7826122954907,108.58830715585727,106.72016591062768
-54.29594809144544,404.0927742863851,108.59189618289088,106.72284106051832
-54.29773509170471,404.3887779370301,108.59547018340942,106.72555239431058
-54.29952447380428,404.6710172046096,108.59904894760857,106.72818815272694
-54.30125213313943,404.880667245826,108.60250426627886,106.73082702607809
-54.30300379911759,405.1014507977178,108.60600759823518,106.73348806479426
-54.30473449831858,405.35925150981626,108.60946899663716,106.73611743645763
-54.306476347029495,405.7079322099698,108.61295269405899,106.7388216489436
-54.308269658610484,405.97017323549466,108.61653931722097,106.7416911561023
-54.31010339598713,406.2119087086028,108.62020679197425,106.74468077640674
-54.31197017061206,406.3831111519345,108.62394034122411,106.74749979339936
-54.313774248277056,406.5985870031152,108.62754849655411,106.75012938366719
-54.315528432351684,406.8250090008747,108.63105686470337,106.75279251757904
-54.31727716538534,407.0439928986148,108.63455433077068,106.75543489246306
-54.3190073277058,407.29276344053955,108.6380146554116,106.7580768544777
-54.32078407239583,407.45306782691847,108.64156814479166,106.7607449591231
-54.32258452116296,407.67045069589403,108.64516904232592,106.76340036422701
-54.32441441541291,407.9426224132774,108.64882883082582,106.76603140961248
-54.326247112362005,408.20169565225876,108.65249422472401,106.7686706806083
-54.32803744794107,408.38062727085503,108.65607489588214,106.77127243355471
-54.32977921485221,408.60596111066866,108.65955842970442,106.7738857094805
-54.33154923595684,408.8288930669544,108.66309847191368,106.77651503917286
-54.33326362031326,409.12750681694837,108.66652724062652,106.77913133925276
