57.5,156.5,198,173
57.64817887050357,156.1680539476586,197.9993747571618,173.009827091751
55.64392600888132,157.52335017583061,197.99832275640728,173.01992178636212
54.11267253037043,158.86586451122395,197.9970150733839,173.02949870448842
52.52222843629811,160.08788487755083,197.99624785457664,173.03880493953184
50.88894845752942,161.32664646196656,197.9953016895249,173.04812058829677
49.46696030267019,162.4272196468673,197.9942796395632,173.0574880486803
48.18054186665796,163.56787398943612,197.9932346470399,173.066727449709
46.90893327400896,164.4717149997015,197.99235917715603,173.07605583185767
45.50014763863146,165.3379696340547,197.991384152745,173.08526414013187
44.0392947990955,165.98051397672498,197.99053152416923,173.09446420925454
42.76995268468008,166.70567186175992,197.98974364988118,173.10358092190407
41.41721466051749,167.3890907250183,197.98906964327472,173.11277483257908
39.99303259682637,168.0583051220764,197.98848743772544,173.1220096794388
38.66851986114047,168.75201957577363,197.9879612790771,173.13127078306883
37.347494823357266,169.3796686312272,197.9875016557757,173.1405392128798
35.90416915058137,169.99964070209657,197.98714528800963,173.14981127006223
34.490917723325225,170.44827282889946,197.98677531689935,173.1591890958098
33.00007792422933,170.85906646341425,197.98631795029317,173.16866605102334
31.549716262696506,171.23961197409227,197.98591822648382,173.17811943941925
30.09581661141941,171.5394731441333,197.9855623261724,173.1875206869455
28.439190575749365,171.94928731575905,197.98531780785186,173.19690199583175
27.002887738486166,172.35421359376903,197.9853141054709,173.20628989067086
25.529130554083906,172.87420466969886,197.98527269386466,173.2157428775136
24.194366217736274,173.44810116351812,197.98501968168443,173.22517228004995
22.701157660419156,174.03411013982725,197.98462492002167,173.23468778328035
21.235118511688768,174.47080810071628,197.98417925164688,173.24425581690468
19.597735469704716,174.95345429992616,197.98374210761816,173.25372108984112
18.15683909922606,175.44870126643667,197.98335320413577,173.26311378878577
16.705984872638382,176.0572417515237,197.98280326116245,173.27254191285002
15.314264480451357,176.6354354847648,197.98230015401123,173.28197862124875
13.817232699398346,177.2343017585418,197.98176938056122,173.29142836186466
12.389076663744845,177.78496373731195,197.9812587227575,173.30083088003997
10.883574007128374,178.39664861416367,197.98073673610946,173.3101524143309
9.378180958320087,178.9573564101583,197.98026232423507,173.31943168852206
7.892916724053876,179.54748618170865,197.97970262176224,173.3287616458486
6.307105851505341,180.16175961560577,197.97912750177753,173.33809023963272
4.743016107066865,180.78738445636137,197.97856572631122,173.3473994017342
3.2202961861734707,181.39763036315236,197.97801748521226,173.3567739736121
1.7250642325713699,182.0124607340356,197.97761997655343,173.36608744544577
0.22645790233474372,182.6631110438543,197.97722993583955,173.37545648637666
-1.2851839460734737,183.25989371890222,197.97675689017856,173.38483064662626
-2.841672266274088,183.87347081581882,197.9763004079449,173.39429068008798
-4.402683682463959,184.59948190441742,197.97598136906305,173.4036502959129
-6.064803493200202,185.3677622157158,197.97566797768764,173.41304592732163
-7.6495513896178835,186.04092263668412,197.9752919634246,173.42241079629193
-9.25476280731931,186.72183760969358,197.9749298867181,173.4317916637954
-10.81749310609952,187.3899521833094,197.97456746334345,173.44106131684148
-12.439260171733522,188.12585383510287,197.97425541655664,173.45016938734656
-14.047813245979611,188.6713893621967,197.9738804287268,173.4593434513001
-15.615113759929983,189.30903162243064,197.97344880281895,173.46858790155062
-17.148572533441936,189.8699344083821,197.9729544502762,173.47795272168415
-18.69199349930112,190.41092607213847,197.9724495897735,173.4873327049853
-20.26776274627113,190.98867556287541,197.9718875206642,173.49676430555795
-21.67504440740727,191.57963455021394,197.97133992107675,173.50623911023112
-23.14740532070188,192.15998099144082,197.9707478171545,173.51576481469905
-24.53682592998595,192.8047366318325,197.97042186042967,173.52524783666533
-26.01528807605574,193.42862337896878,197.97004525115628,173.534813462304
-27.489968024733102,194.05904459898517,197.9695533971835,173.54448133816626
-29.01815463772361,194.739404263823,197.9691036079515,173.55411427670964
-30.408371395140307,195.3334632863955,197.96877588087204,173.56380449725066
-31.90300681941946,195.95934184626844,197.9683890889732,173.57346512404868
-33.31897826847835,196.52265442518637,197.96804634446707,173.58309892598297
-34.72108869972563,197.1898426536935,197.96776638870907,173.59257665788783
-36.088188657309786,197.85743938703183,197.96741511254743,173.6020582552981
-37.58742585615448,198.51957862628802,197.96705728443726,173.61166854593543
-39.032656327363895,199.09536930025058,197.96662572121033,173.62135769723977
-40.60129676054653,199.7324472864649,197.96618647954338,173.6309710939365
-41.97835738071936,200.08297483738346,197.9657379509834,173.6406304515186
-43.43167636424643,200.45531930639137,197.96522255004132,173.65031637522003
-44.79212145097311,200.86805601511503,197.96479853167645,173.65998753718327
-46.15715452577166,201.25158335601097,197.96433775714024,173.66971542766083
-47.49351395274522,201.7506265707437,197.96393921187166,173.679512546932
-48.79617177673197,202.2088134821378,197.9635016764803,173.68937130051398
-50.138961161187225,202.76673544607087,197.9630178710042,173.6991665728584
-51.43419102302029,203.2822951350439,197.9625540469256,173.70904779954188
-52.62997412761891,203.9184465740107,197.96214509170937,173.71892105857881
-53.77214049918001,204.45167763645713,197.9618449136127,173.7287805355536
-54.91996529075546,205.0390509706506,197.96147994941558,173.73862778310598
-56.08790318896652,205.64057105949178,197.96111616949798,173.74857347864597
-57.08814915788486,206.24871664171434,197.96089261317877,173.75835104932358
-58.1504890642144,206.98483326763653,197.96064347457443,173.76811147271113
-59.178459961401174,207.65332458033697,197.96048418519248,173.77784596652714
-60.28448202208057,208.34733954440256,197.9603686729148,173.7876198218127
-61.463089109350406,209.12534583178186,197.96020674882166,173.79729812210752
-62.62079947918403,209.8463630880418,197.95996677338576,173.80710949391076
-63.74953247218586,210.62535775632765,197.95978524504616,173.816820781805
-64.90960570769244,211.35410116798693,197.95951455030308,173.8265993259944
-65.89102213295715,211.98319383072396,197.9592673522714,173.83650341416322
-66.93084650392824,212.66561193622772,197.95891712418185,173.84644094392414
-68.1289333224949,213.32543514805764,197.9585229398125,173.85645541275085
-69.38356593850591,214.02691723819981,197.9581140995689,173.8664329267261
-70.7247549385208,214.80522042847792,197.95774759657743,173.87651031539596
-71.99787236694351,215.4708805595762,197.95733991153747,173.88658447763794
-73.25751871277126,216.0589148721332,197.9568467221505,173.89673363740556
-74.45994255692942,216.62669719835594,197.9563356191155,173.90691307027194
-75.64308982518604,217.2572786854692,197.95580147559028,173.91708677073564
-76.82872150120076,217.81149308551193,197.95530755871408,173.92723986171006
-77.94696648715762,218.4126161187036,197.9547837137943,173.93738994019367
-79.10955917602598,218.90176729610226,197.95429193508267,173.9475925912328
-80.09564241918747,219.43318363599158,197.95380109852204,173.9577473487024
-81.04260820267521,220.041398044767,197.9534649872367,173.96774703991017
-82.11915053465928,220.51880667965443,197.95310583788088,173.9777695862287
-83.14271388248858,221.04300275072825,197.95276244076604,173.98778594284514
-84.16365215352191,221.59036341177085,197.95236355406072,173.99768853452485
-85.21693277494347,222.1588573986325,197.95189273628068,174.0077150595122
-86.25068568182549,222.69181576176163,197.951501230251,174.01766419800762
-87.42608163670675,223.1926133915359,197.95099146993908,174.0277183086526
-88.47907532111473,223.7373650792861,197.95037020952836,174.03775790857793
-89.47689330363824,224.2006228295145,197.9498239712825,174.0478038137799
-90.66190734385071,224.733585834594,197.949249682399,174.05793130379632
-91.75881761488574,225.33804504909625,197.94881892556464,174.06801762504355
-92.86285853619259,225.96016669502632,197.948362951177,174.07816385764332
-94.01874776220733,226.5757236192489,197.9477596588217,174.08837729496472
-95.08629774511871,227.1999290009615,197.9472070825302,174.0986682136303
-96.14824519990161,227.82333850766466,197.94667562719732,174.108863832449
-97.18347128963336,228.4626343854141,197.94604402255743,174.119157908783
-98.25335364727027,229.08551862538894,197.94547484691634,174.12943596241792
-98.97245560481727,229.68780550283373,197.94491120963454,174.1397771254742
-98.97223934946656,230.19459677716702,197.94447869893312,174.15007553536475
-98.97199034522295,230.69544970705095,197.9439806904459,174.16036022277706
-98.97176764137035,231.30311540740814,197.9435352827407,174.17053894245456
-98.97153540791652,231.87340780930725,197.94307081583304,174.1808013352353
-98.97133143963035,232.45927801197288,197.9426628792607,174.19103319514755
-98.97113097125155,232.94771171598063,197.9422619425031,174.2012176317289
-98.97096036965821,233.42996956781013,197.94192073931643,174.21143498270786
-98.97080927408003,233.99766791245594,197.94161854816005,174.22167842822765
-98.97062824795998,234.52352051549389,197.94125649591996,174.2319597877416
-98.9704627335689,235.0666111734377,197.9409254671378,174.24216192426945
-98.97027129394822,235.59958771866053,197.94054258789643,174.25239048398552
-98.97006429894482,236.09286283022027,197.94012859788964,174.26255479324143
-98.96987207964125,236.63980329644573,197.9397441592825,174.27279137349345
-98.96969552037432,237.1414225872017,197.93939104074863,174.28298422184446
-98.96947982175277,237.64138528862657,197.93895964350554,174.29326539915675
-98.96926869269998,238.1339989666245,197.93853738539997,174.3035840860801
-98.96906568614523,238.66072548463552,197.93813137229046,174.31383494467318
-98.96882850404751,239.20907915161814,197.93765700809502,174.3240449919946
-98.96858349211038,239.68095828096125,197.93716698422077,174.33427045742567
-98.9683653230812,240.15835168547537,197.9367306461624,174.34452570305058
-98.96814600365407,240.66497389720632,197.93629200730814,174.35479292776674
-98.96794601105069,241.0796943908898,197.93589202210137,174.36509013057392
-98.96776249577715,241.54282373895836,197.9355249915543,174.3753913499794
-98.96757816817778,241.982622547698,197.93515633635556,174.38567373404504
-98.96737591155525,242.40054918380088,197.9347518231105,174.3959536343514
-98.96721522228958,242.80510347397075,197.93443044457916,174.40616096435096
-98.96708130150412,243.21678065732402,197.93416260300825,174.41635585873755
-98.96693100924097,243.5956814194781,197.93386201848193,174.42662199237697
-98.96675538312984,243.97277518148522,197.93351076625967,174.43687917718688
-98.9665995264975,244.29432877449915,197.933199052995,174.4471371263519
-98.96643168476876,244.665368392473,197.93286336953753,174.45733800648546
-98.96628847737675,245.1244341675653,197.9325769547535,174.46748323356823
-98.9661256258774,245.47310831302184,197.9322512517548,174.4777020384117
-98.96600663575612,245.79024268248105,197.93201327151223,174.48786024136493
-98.96589010367556,246.20344432312123,197.93178020735112,174.49796982372058
-98.96579421252675,246.5941953959773,197.9315884250535,174.50807851499118
-98.96566014251476,246.97653990759358,197.93132028502953,174.51822048874885
-98.96553828902641,247.32147780021995,197.93107657805282,174.5283737190372
-98.96538916013473,247.69539695789172,197.93077832026947,174.5385484137187
-98.96526538625791,248.0909420375856,197.93053077251582,174.54863778256734
-98.96514358909855,248.50917441451568,197.9302871781971,174.5588524181839
-98.9650015754725,248.93249535499095,197.930003150945,174.56904983643534
-98.96483434951828,249.3292098294237,197.92966869903657,174.57926298170517
-98.96468629961711,249.76288664945324,197.92937259923423,174.58944677097878
-98.96453115026407,250.13478073678277,197.92906230052813,174.59972571925596
-98.96440933900394,250.52988840066476,197.92881867800787,174.60992554976377
-98.96430205725909,250.97998047926845,197.92860411451818,174.62006691974756
-98.96419542752845,251.46305180459092,197.9283908550569,174.63029657068117
-98.9640850683702,251.89172211141874,197.9281701367404,174.6404904752674
-98.96399443274802,252.27823059104662,197.92798886549605,174.65071550324
-98.96389392543095,252.64555291975273,197.9277878508619,174.66096910546753
-98.96378873352369,253.0284438931688,197.92757746704737,174.67124422316866
-98.96369606283365,253.41842390594394,197.9273921256673,174.68144670133768
-98.96362715226392,253.81695557252584,197.92725430452785,174.6917000290549
-98.96355172191195,254.19775977837742,197.9271034438239,174.70190971875783
-98.96347897145357,254.5719289469747,197.92695794290714,174.71214646338854
-98.96342022362491,255.00797340644965,197.92684044724982,174.72235708686574
-98.96338189202986,255.46006518833167,197.92676378405972,174.73256098762502
-98.96334679780571,255.84540727872394,197.92669359561143,174.74272095881415
-98.9633660738769,256.35441015730856,197.9267321477538,174.75291761615756
-98.96334511840621,256.8665710893208,197.92669023681242,174.76311852396842
-98.96334042276048,257.27289797559916,197.92668084552096,174.7733209988368
-98.96333907889696,257.7800176461022,197.92667815779393,174.78349786609795
-98.96329920459611,258.2626801089876,197.92659840919222,174.79367906720776
-98.9632500175214,258.72804482647354,197.9265000350428,174.80387821061268
-98.96319403741107,259.1480707625226,197.92638807482214,174.81411341832563
-98.96316000064341,259.54104637681064,197.92632000128683,174.82434213998687
-98.9631095403118,259.94955276124944,197.9262190806236,174.83460238231683
-98.96308648576826,260.390766194214,197.92617297153652,174.84468372513933
-98.96306579165318,260.801957742561,197.92613158330636,174.85487189652704
-98.96302835679725,261.2351363927061,197.9260567135945,174.8650712907444
-98.96294584088598,261.5918915027204,197.92589168177196,174.875339676177
-98.96290647730626,262.0262177048071,197.92581295461252,174.88549737971147
-98.96284637765746,262.5077464885643,197.9256927553149,174.89569413520275
-98.9627781232314,262.9941352373597,197.9255562464628,174.90584735746432
-98.96269450443589,263.4076170655872,197.92538900887178,174.91605811659778
-98.96267265608824,263.82319086030793,197.9253453121765,174.92631949512818
-98.96262177893804,264.1502172544633,197.9252435578761,174.93663706480766
-98.96258386085404,264.52810259693024,197.92516772170808,174.94687201513537
-98.96255294678414,264.8884623612338,197.9251058935683,174.95709264966376
-98.9625184078087,265.1964875987056,197.9250368156174,174.96734614553395
-98.96249517815718,265.5420908130492,197.92499035631437,174.9775447056125
-98.96248117738517,265.920465167453,197.92496235477034,174.98777139963687
-98.96245731666845,266.2713574264676,197.9249146333369,174.99796489989146
-98.96248113252172,266.69712772046,197.92496226504343,175.00808509042912
-98.96248817666016,267.11824577499306,197.92497635332032,175.0182389130418
-98.96254963854282,267.6080428096945,197.92509927708565,175.02836548620564
-98.9625748522228,268.06340415126954,197.9251497044456,175.03846590028454
-98.96257577335504,268.4258161879409,197.92515154671008,175.04855654700026
-98.96263311633386,268.8006382829923,197.92526623266772,175.05857617716424
-98.9626433790145,269.1566174128899,197.925286758029,175.0685827534896
-98.96268256595361,269.55686609001714,197.92536513190723,175.07865069207043
-98.96270603267128,269.9248271275761,197.92541206534256,175.08875942444752
-98.96268672674218,270.267873250847,197.92537345348435,175.09880716918917
-98.96271710272062,270.67525583598626,197.92543420544123,175.10884278826683
-98.96271624491133,271.0544711690873,197.92543248982267,175.11891101961723
-98.96269522060686,271.4409599803912,197.92539044121372,175.12893547554273
-98.96268672473829,271.8062559142369,197.92537344947658,175.1390019506896
-98.96265272130282,272.20602780083703,197.92530544260563,175.1490721801939
-98.96262104315053,272.5301536404439,197.92524208630107,175.159186585079
-98.96266570092158,272.89377911722954,197.92533140184315,175.16925331282027
-98.9626929119389,273.23329564331726,197.9253858238778,175.17927534582702
-98.96267496467063,273.5377046390795,197.92534992934125,175.18938745569724
-98.96266669790836,273.9265432973409,197.92533339581672,175.1994141897153
-98.96266373850146,274.3380752697965,197.92532747700292,175.20951320819444
-98.96270527450596,274.717754316699,197.92541054901193,175.21963748858084
-98.9626897402995,275.06962326871644,197.925379480599,175.22976563955763
-98.96270769702575,275.4510278816691,197.9254153940515,175.23992017593562
-98.96268795632292,275.78244738801,197.92537591264585,175.24997891935354
-98.96269301543778,276.1821681307249,197.92538603087556,175.26002429992104
-98.96272599827701,276.61475396179037,197.92545199655402,175.2700631017908
-98.96274864069608,276.9924216144394,197.92549728139215,175.28011056321634
-98.96277305461838,277.4247102734305,197.92554610923676,175.29013627829994
-98.96276082762773,277.75894771830906,197.92552165525547,175.3002193209197
-98.96283945766872,278.1644526300889,197.92567891533744,175.31033464708693
-98.96289506265452,278.56911669468155,197.92579012530905,175.32046357203976
-98.9630011595777,278.9716821623839,197.9260023191554,175.33065461854193
-98.96308202575594,279.3896153611861,197.92616405151188,175.34077339511674
-98.96318005349357,279.8334014836046,197.92636010698715,175.350817417484
-98.96329981845035,280.275727184306,197.9265996369007,175.36091220043022
-98.96341856141188,280.68142648052594,197.92683712282377,175.37111696578228
-98.96352384360702,281.15774350423925,197.92704768721404,175.38121123990786
-98.96358556492,281.6830973878574,197.92717112984,175.3913318008042
-98.96368168553161,282.150769055754,197.92736337106322,175.40146493738885
-98.96375430255989,282.66968849563847,197.92750860511978,175.41159027289848
-98.96387508905437,283.17159441415305,197.92775017810874,175.4217948257161
-98.96393456262527,283.6754293004411,197.92786912525054,175.43193170234798
-98.96399667946747,284.18847234091197,197.92799335893494,175.44209275561505
-98.9640674381244,284.6148872695223,197.9281348762488,175.45221662087133
-98.96414424702756,285.05637566276755,197.92828849405512,175.4624131713636
-98.96419215612585,285.5610748561904,197.9283843122517,175.47264330929815
-98.96425284676116,286.04478630986773,197.9285056935223,175.48277031248884
-98.96425505692139,286.54482347232556,197.92851011384278,175.4929955509811
-98.96428981162941,286.9804518198747,197.92857962325883,175.503172044798
-98.96436505076886,287.4547462264984,197.92873010153772,175.51332012806546
-98.96438772527402,287.9705635919228,197.92877545054805,175.52351319510637
-98.96446361962947,288.4103154642122,197.92892723925894,175.5337506924595
-98.9645727532433,288.9207577195658,197.9291455064866,175.5440360731098
-98.96462235468577,289.3331701912022,197.92924470937155,175.5543428942489
-98.9647581833942,289.7964014942127,197.9295163667884,175.56448568211442
-98.96486694501759,290.29405801386997,197.92973389003518,175.57461204347288
-98.96494400856498,290.79978465468014,197.92988801712997,175.58484007059877
-98.9650515274891,291.3032345348969,197.9301030549782,175.59496566168974
-98.9651117763637,291.8025056919404,197.9302235527274,175.60503383458695
-98.96519479383313,292.2590493075568,197.93038958766627,175.61512998491156
-98.96526369966712,292.76611221076183,197.93052739933424,175.6252325129284
-98.96534067040511,293.3104995253059,197.93068134081022,175.63530980301445
-98.96543410446432,293.84331797806317,197.93086820892864,175.6454152614297
-98.96550908008348,294.365711758015,197.93101816016696,175.65555874610453
-98.96561780202528,294.88851987722614,197.93123560405056,175.66570038789314
-98.96570375620095,295.340075088791,197.9314075124019,175.6757963036458
-98.96577880513851,295.80182512790384,197.93155761027703,175.68588467060687
-98.96586490285044,296.3952435837058,197.93172980570088,175.6960575608675
-98.9659201483438,296.8949025008903,197.9318402966876,175.70616083665175
-98.9660357927799,297.41085215307334,197.9320715855598,175.71628018424792
-98.96613352329032,297.9212104205694,197.93226704658065,175.7263296595402
-98.96620262122579,298.47935965157376,197.93240524245158,175.73633856581003
-98.96626574698064,299.04155930291483,197.93253149396128,175.7465326307044
-98.96630444405065,299.63952936236507,197.9326088881013,175.75666901460394
-98.96639932134758,300.18114859182384,197.93279864269516,175.76676022373144
-98.96649452959929,300.77320101349767,197.93298905919858,175.77690524877679
-98.96655008277851,301.3229662447002,197.93310016555702,175.78705901526888
-98.96666131130605,301.9045710168833,197.9333226226121,175.7972155406962
-98.9667512903169,302.45376972809333,197.9335025806338,175.80730000227894
-98.96684434020746,303.0535473178138,197.93368868041492,175.81728685889448
-98.96696965808297,303.6458554508872,197.93393931616595,175.82735593267535
-98.96708492978911,304.2485531348693,197.93416985957822,175.83742253408678
-98.96727648518038,304.83021889481944,197.93455297036076,175.84750142983592
-98.96739642772523,305.4448797769447,197.93479285545047,175.85757123090832
-98.9675249633077,305.99655046013794,197.9350499266154,175.86771937315066
-98.96768207407297,306.6052070718854,197.93536414814594,175.87780907514713
-98.96782417842111,307.2119469878013,197.93564835684222,175.8878423696885
-98.96796220298953,307.74593386304923,197.93592440597905,175.8978941986452
-98.96811619016779,308.32947518366507,197.93623238033558,175.9079111429466
-98.96824084469856,308.90797157150007,197.9364816893971,175.91800866402195
-98.96835354495298,309.51356025508005,197.93670708990595,175.92808338064032
-98.96853684431423,310.02705528453316,197.93707368862846,175.93810065358227
-98.96875070193151,310.5457444187612,197.93750140386302,175.94808399744613
-98.96892133856856,311.1051892077344,197.93784267713713,175.95805227052819
-98.96909454353691,311.7694092286989,197.93818908707382,175.96804632875018
-98.96931067239375,312.3601437777688,197.9386213447875,175.97797740093662
-98.96948654417133,312.9523259462918,197.93897308834266,175.9879832144568
-98.96965312113143,313.4718584108196,197.93930624226286,175.99796980860978
-98.96984629847626,314.0176882727271,197.9396925969525,176.0079038176286
-98.97002003574491,314.6621616333662,197.94004007148982,176.0177527964237
-98.97021745669612,315.2819351278306,197.94043491339224,176.02763419895152
-98.97042396293278,315.90682870929385,197.94084792586557,176.03736148705198
-98.97060443839267,316.4707749504504,197.94120887678534,176.04710948096573
-98.97078738508652,317.0781156261751,197.94157477017305,176.05687514146393
-98.97099452704774,317.66588326430633,197.94198905409547,176.0666021876273
-98.97115626228614,318.2498979636491,197.9423125245723,176.07634686063514
-98.97131429582313,318.7781357751942,197.94262859164627,176.08620906141275
-98.97148681647784,319.3223079946522,197.94297363295567,176.0960241741173
-98.97169154691152,319.8690334573036,197.94338309382303,176.10576402850043
-98.97185686552017,320.50489600420025,197.94371373104033,176.11555143356267
-98.97203783384036,321.017819774301,197.94407566768072,176.12529156178005
-98.97219710718555,321.5210378462061,197.9443942143711,176.13504094004927
-98.97239808300257,322.06039021066636,197.94479616600515,176.14481847183288
-98.9725909923763,322.55843142715827,197.9451819847526,176.15456525389877
-98.97280650937672,323.05841785386224,197.94561301875345,176.16427744001106
-98.97302836034181,323.5616300367286,197.94605672068363,176.17393011590437
-98.97323280364712,324.0366958543765,197.94646560729424,176.18362965879692
-98.97349401151114,324.5261890120598,197.94698802302227,176.19329634759984
-98.97375609940886,325.0365165207178,197.94751219881772,176.20296829275478
-98.97401053860656,325.5187009897396,197.94802107721313,176.212632889238
-98.97427704661786,325.9455471981746,197.9485540932357,176.22241180158017
-98.97454477190216,326.3922678349578,197.94908954380432,176.2321829561067
-98.97481543105103,326.86720571557106,197.94963086210205,176.2419281474864
-98.97509799781999,327.4257117548533,197.95019599563997,176.25150667847242
-98.97539057660975,327.91205125402877,197.9507811532195,176.26114447213277
-98.97571484113533,328.374901148452,197.95142968227066,176.27085869953305
-98.97600609144834,328.8050025687398,197.95201218289668,176.28052073999615
-98.97633457834121,329.2441398355123,197.95266915668242,176.29018762652936
-98.97664277250102,329.6799708960465,197.95328554500205,176.29985969106127
-98.97687372537588,330.07157263478786,197.95374745075176,176.30952101307813
-98.97716095190034,330.45483356048953,197.9543219038007,176.31924934525705
-98.97746718287917,330.843833980721,197.95493436575833,176.32888615576076
-98.97778711050606,331.28110120635745,197.9555742210121,176.3384812883235
-98.97809344534097,331.68313421177174,197.95618689068195,176.3480452027459
-98.9784228346519,332.08693034681505,197.9568456693038,176.357632254902
-98.97872706005273,332.4776443344172,197.95745412010547,176.36720768574548
-98.97901195546646,332.9008627124964,197.95802391093292,176.3767735583904
-98.97932461950035,333.32821054413535,197.9586492390007,176.38637087435285
-98.97960781706692,333.6641555401511,197.95921563413384,176.39588350597472
-98.97992149746088,334.089303424409,197.95984299492176,176.4054684232652
-98.98021305050352,334.4416463967881,197.96042610100704,176.41510731046964
-98.98050195480982,334.8221487634561,197.96100390961965,176.42472208873798
-98.98079542533608,335.1954226015837,197.96159085067217,176.43436870598183
-98.9810803935715,335.5332259014082,197.962160787143,176.44402520361902
-98.98141054167402,335.88779324589274,197.96282108334805,176.45360063914256
-98.98175028539579,336.22622389397293,197.96350057079158,176.4632991989201
-98.98204210012031,336.54515223510884,197.96408420024062,176.47302498801895
-98.9824054751994,336.7579531202666,197.9648109503988,176.482756976296
-98.98273666068307,336.98217728087513,197.96547332136615,176.49258331757366
-98.98306527754134,337.1814862178261,197.96613055508269,176.50240531832088
-98.98334345290299,337.5139878529484,197.96668690580597,176.5122682475697
-98.98363549919378,337.7109363014059,197.96727099838756,176.5220623742427
-98.98394113250458,338.0028127237847,197.96788226500917,176.53190217322296
-98.98429278729186,338.23714821313695,197.96858557458373,176.5416569655165
-98.98461389034604,338.5132454003741,197.96922778069208,176.55153319918128
-98.98491604533746,338.7392914480601,197.9698320906749,176.56132959591662
-98.98528719481268,338.927406222549,197.97057438962537,176.57110121662038
-98.98566701203015,339.164889862252,197.9713340240603,176.5808391767488
-98.98603106038557,339.376715521231,197.97206212077114,176.59064359423576
-98.98634693755368,339.58433466652855,197.97269387510735,176.6004397670463
-98.98670812361783,339.7204281464962,197.97341624723566,176.6102812139694
-98.98709797665538,339.947473220382,197.97419595331075,176.62007899611416
-98.98747309925685,340.14912450544983,197.9749461985137,176.6298009408921
-98.98783361028941,340.3540264019269,197.97566722057883,176.6395947736704
-98.98822836385582,340.57768914644873,197.97645672771165,176.64931177010232
-98.98859672924593,340.7808991232759,197.97719345849185,176.6591271441686
-98.98896158634612,341.01844368186784,197.97792317269224,176.66899822538713
-98.989366191589,341.222829585049,197.978732383178,176.67888095026527
-98.98976950264614,341.35265595914956,197.97953900529228,176.68866995569
-98.99010122846205,341.5569591403019,197.9802024569241,176.69855200648078
-98.99050016283064,341.716439208973,197.98100032566128,176.70838408353225
-98.99090429754168,341.9385150672649,197.98180859508335,176.7182087000897
-98.99128240347535,342.14094574218916,197.9825648069507,176.72796882259996
-98.99164400080548,342.27597336945706,197.98328800161096,176.7377810383285
-98.99208817680115,342.4712041850217,197.9841763536023,176.7475545832857
-98.99249791647765,342.60651408888134,197.9849958329553,176.75729988501007
-98.99289612893521,342.8042304764061,197.98579225787043,176.7671155135098
-98.99331723161602,342.9621447528626,197.98663446323204,176.77684949731315
-98.99373246284428,343.1187178470427,197.98746492568856,176.78664169157855
-98.99414181702161,343.254292043682,197.98828363404323,176.79647162032902
-98.99453904262138,343.37119270851434,197.98907808524277,176.8062825502908
-98.99497701488691,343.5710984466094,197.98995402977383,176.8161545698606
-98.99539986670008,343.7373731550106,197.99079973340017,176.8259987301572
-98.99582277153272,343.94882611331553,197.99164554306543,176.835766923483
-98.99622801443562,344.1014503212655,197.99245602887123,176.84552234969854
-98.99661616060618,344.2594118402898,197.99323232121236,176.85525241762417
-98.9970891197341,344.4339585235298,197.9941782394682,176.86484579631085
-98.99749019364633,344.60965015215515,197.99498038729266,176.87456807051421
-98.99792601666854,344.78109270860267,197.9958520333371,176.8844062878785
-98.99837532590028,344.97475303788644,197.99675065180057,176.89424991449388
-98.99886072742076,345.1764444342997,197.99772145484152,176.90403075382184
-98.99932453863877,345.33392295630915,197.99864907727755,176.91372504051236
-98.99980606549936,345.5294708381193,197.9996121309987,176.9234228292908
-99.00025674418241,345.7172745476464,198.00051348836482,176.93307569418354
-99.00072462076598,345.9444976975388,198.00144924153196,176.942776515113
-99.00120531327775,346.08734644666913,198.0024106265555,176.9525122400999
-99.00170166469401,346.237755811909,198.00340332938802,176.9622485206542
-99.00223003853552,346.3716474770613,198.00446007707103,176.972048133789
-99.00277580594842,346.54964123946,198.00555161189683,176.98180540836717
-99.00333580714656,346.6996120039619,198.0066716142931,176.99153006593457
-99.0039626049565,346.9169220492292,198.007925209913,177.0012951761388
-99.00455112873247,347.14572255805865,198.00910225746495,177.0110853811953
-99.00512249586629,347.34185810533177,198.01024499173258,177.02082746928912
-99.00567686192991,347.51253961953455,198.01135372385983,177.03069094950087
-99.00627583719603,347.70060927518625,198.01255167439206,177.04054392678705
-99.006871292848,347.8746408816754,198.013742585696,177.05032458969367
-99.00744443219425,348.03162907104434,198.0148888643885,177.06009697833173
-99.00805923138905,348.1777564780957,198.0161184627781,177.06986828703754
-99.00865625345779,348.30962473697036,198.01731250691557,177.07958262072862
-99.00925108016646,348.42587740193704,198.01850216033293,177.0893432901124
-99.00987071773967,348.5878402712706,198.01974143547935,177.09909940307082
-99.0104302381861,348.7130329690179,198.0208604763722,177.1088220016558
-99.01099658105129,348.8559631226393,198.02199316210258,177.11855608861995
-99.0115681759658,349.016100853941,198.0231363519316,177.12826979108416
-99.01216289245296,349.1712038166929,198.02432578490593,177.13790501204952
-99.01279237900116,349.3299235098185,198.0255847580023,177.14757120755877
-99.01338596803943,349.4898992777715,198.02677193607886,177.1571947632532
-99.01397160721257,349.7079583471842,198.02794321442514,177.16688512447922
-99.01458461957209,349.8444853334402,198.02916923914418,177.17656909251704
-99.01518107697147,349.9969321665639,198.03036215394295,177.18623813440914
-99.01574938848174,350.12977607472646,198.03149877696347,177.19593295606154
-99.01637426419698,350.221649837103,198.03274852839397,177.20564009923444
-99.01699148695424,350.33909558640266,198.03398297390848,177.21529644456817
-99.01761633424528,350.4375313593955,198.03523266849055,177.22496546824547
-99.0182230879069,350.51259396400155,198.0364461758138,177.23461904771924
-99.0188142798299,350.59884348131357,198.0376285596598,177.24421890840648
-99.0193892162961,350.6740897346043,198.0387784325922,177.25386101533894
-99.01998000939989,350.7557261837004,198.03996001879977,177.26339117636718
-99.0205527110666,350.8384915519871,198.0411054221332,177.27286358095859
-99.02112308566207,350.98845585660126,198.04224617132414,177.28228891936962
-99.02171662548007,351.13483434553024,198.04343325096013,177.29172084460504
-99.02231855168034,351.2797417980495,198.04463710336069,177.3012251174325
-99.0228757821887,351.3185739114757,198.0457515643774,177.31071731301626
-99.02343627092998,351.3598603778672,198.04687254185995,177.32017621674296
-99.02397764506065,351.4684517031445,198.0479552901213,177.32966283300834
-99.02449385100658,351.5155931453095,198.04898770201316,177.33917266822147
-99.02503100606964,351.60988816578833,198.05006201213928,177.34858425041733
-99.02558996056985,351.7129169784441,198.0511799211397,177.357959254095
-99.02613994388805,351.78512875377874,198.0522798877761,177.3673199486784
-99.02674218353754,351.9045298075526,198.05348436707507,177.37677388373035
-99.02733657811,352.0245549879869,198.05467315622,177.3863010749419
-99.02794898794176,352.1798086987243,198.0558979758835,177.39579898093032
-99.0285268784063,352.26340811968834,198.0570537568126,177.40528901873049
-99.02908523573929,352.39570480548264,198.05817047147858,177.414764628551
-99.02968777246149,352.5018363953807,198.05937554492297,177.42435765541035
-99.03029804613779,352.5646017070793,198.06059609227557,177.4339318223431
-99.03091373557703,352.65284639133984,198.06182747115406,177.4435162338819
-99.03155569290159,352.71344162666713,198.06311138580318,177.45312216592004
-99.03213634446045,352.8190280124522,198.0642726889209,177.46275529265873
-99.03275280129907,352.9080439652136,198.06550560259814,177.47231027580676
-99.03338224790456,353.0115601415215,198.0667644958091,177.4818526665811
-99.0339961584367,353.1236955570388,198.0679923168734,177.49147582606312
-99.03460785460807,353.1667530724588,198.06921570921614,177.50107733871883
-99.0352005414088,353.20779481808705,198.0704010828176,177.51065325925023
-99.0358338212427,353.2914691013315,198.0716676424854,177.52012352551645
-99.03646623365753,353.3467587071666,198.07293246731507,177.52963207155292
-99.03710589019835,353.39100200254796,198.0742117803967,177.53917797020915
-99.03771893017266,353.4766105197431,198.07543786034532,177.54867435096475
-99.03834763009978,353.5580067810469,198.07669526019956,177.55817565529483
-99.03899674757011,353.5666187628635,198.07799349514022,177.56768116736845
-99.03965137007503,353.6456409045669,198.07930274015007,177.57719892166796
-99.04028623822785,353.6589488325864,198.0805724764557,177.58662329348923
-99.04088179367471,353.72900555522676,198.08176358734943,177.59616083917143
-99.0415493736307,353.80165881716187,198.0830987472614,177.60560867085113
-99.04219969951487,353.8353324661325,198.08439939902973,177.6150647367694
-99.04286456533791,353.9116109135473,198.08572913067582,177.62468100881102
-99.04350625600856,353.9470015595117,198.0870125120171,177.634228539018
-99.0441752381631,353.9910541346685,198.0883504763262,177.6436827662555
-99.04480408028454,354.0254746198066,198.08960816056907,177.65318219226452
-99.0454716014993,354.0892088765998,198.0909432029986,177.66261531062932
-99.04614048195333,354.1502567678661,198.09228096390666,177.67200503498896
-99.04677006595082,354.2222519949569,198.09354013190165,177.681569750509
-99.04739575964612,354.27860951823334,198.09479151929224,177.69114407842676
-99.04804012625587,354.2990303832664,198.09608025251174,177.70062394596647
-99.04866793110887,354.3091077341642,198.09733586221773,177.71017320399363
-99.04931246288474,354.3747926866046,198.09862492576949,177.71972118143606
-99.04999445031659,354.42117497698376,198.09998890063318,177.7292523123143
-99.05064755376718,354.46405535531756,198.10129510753436,177.73880008299716
-99.05131769251554,354.4314287301145,198.10263538503108,177.7482447296397
-99.05200496993606,354.4704436878768,198.10400993987213,177.75777983384188
-99.05273062769328,354.5325765088919,198.10546125538656,177.76721164197255
-99.0534300718701,354.5949339865482,198.1068601437402,177.77664272137753
-99.05409268265005,354.7177573018646,198.1081853653001,177.78609029111755
-99.05474503560647,354.78252424381685,198.10949007121295,177.79561332821828
-99.05538212105728,354.8464724551363,198.11076424211456,177.80519758175356
-99.05601354208916,354.88003145374,198.11202708417832,177.81460171133992
-99.05664186345146,354.86706073693813,198.11328372690292,177.82403457686547
-99.05732189061445,354.95444669272615,198.1146437812289,177.8334057913003
-99.05796820315452,354.9686234741125,198.11593640630903,177.8428551855259
-99.05860454006451,355.0114830520985,198.11720908012902,177.85226563866183
-99.05928504395922,355.02939967233385,198.11857008791844,177.86162276231357
-99.0599557883223,355.1042767374154,198.1199115766446,177.8711075219639
-99.06064430706623,355.13756663983486,198.12128861413245,177.88055490184982
-99.0612785039476,355.1154808853283,198.1225570078952,177.890014055279
-99.06194787699364,355.08871317599346,198.12389575398728,177.89940204209827
-99.06261648906856,355.1050264513693,198.12523297813712,177.90881816025535
-99.06326529740532,355.17460933159435,198.12653059481065,177.91828359999963
-99.06388395362131,355.20705590083554,198.12776790724263,177.9277270946035
-99.06458007991579,355.25092167284527,198.12916015983157,177.93717477716132
-99.0652074077373,355.31604573447146,198.1304148154746,177.94669449441363
-99.0659232334623,355.3786890986794,198.1318464669246,177.9561113574637
-99.0666125610306,355.4222945270358,198.1332251220612,177.9655003552798
-99.06723978868142,355.48489615476785,198.13447957736284,177.97489641295562
-99.06793169902856,355.5301308561059,198.13586339805713,177.9843004338558
-99.06860038438836,355.5386098404734,198.13720076877672,177.99379569378826
-99.06926897850968,355.60560999344005,198.13853795701937,178.00327057765995
-99.06992272473823,355.64596686690027,198.13984544947647,178.01275548914626
-99.07059635615344,355.67154091195516,198.1411927123069,178.02219163497284
-99.07125059378969,355.71362154306973,198.14250118757937,178.03165952432641
-99.07187831234391,355.75903461588985,198.14375662468782,178.0410660469072
-99.07258171927673,355.78748759107066,198.14516343855345,178.05045988519936
-99.07328879953644,355.82620831368615,198.14657759907288,178.0598207065066
-99.07398623153364,355.8372659045443,198.14797246306728,178.06924694307438
-99.0746677682399,355.8232611047317,198.1493355364798,178.07871813658087
-99.07532107036488,355.82718199880946,198.15064214072976,178.08816323954312
-99.07597931729424,355.88756549153425,198.15195863458848,178.09763831868872
-99.0766336397181,355.89365885734935,198.1532672794362,178.10715963966396
-99.077365547307,355.92662016610956,198.154731094614,178.11664926574815
-99.07810243821018,355.8857182337324,198.15620487642036,178.12620339014032
-99.07882268686025,355.93513309058875,198.1576453737205,178.13574161125067
-99.07952252503055,355.9411713563803,198.1590450500611,178.14522956703533
-99.08026362591198,355.9820976237285,198.16052725182396,178.15468635624586
-99.080977946995,356.0091766251109,198.16195589399,178.1641883045719
-99.08164889396008,356.0454401832935,198.16329778792016,178.17363236417535
-99.0823244777837,356.0732636156192,198.1646489555674,178.18304147335172
-99.08302907709604,356.09764902840715,198.1660581541921,178.1924997924385
-99.08371461807108,356.1226468553533,198.16742923614217,178.2018823527267
-99.08443309591715,356.1337154837945,198.1688661918343,178.21132038819312
-99.08513250493016,356.1575155574955,198.17026500986032,178.22069718872459
-99.0858395749482,356.1681530158345,198.1716791498964,178.2301012111209
-99.08655437506172,356.20645063200993,198.17310875012345,178.23954216171006
-99.08723476831685,356.1885121003555,198.1744695366337,178.24897716849708
-99.0879634572774,356.20299532048,198.1759269145548,178.25832375944472
-99.0886685935509,356.1870493216305,198.1773371871018,178.26780945661378
-99.08937981214919,356.1617267789505,198.17875962429838,178.27726028557882
-99.09013668354442,356.17937645230626,198.18027336708883,178.28661672755712
-99.09081324685152,356.2058774134978,198.18162649370305,178.2960374644221
-99.09150861438933,356.20068676090534,198.18301722877865,178.3055241394539
-99.09222421074749,356.20830614255823,198.18444842149498,178.3149801280962
-99.09290236601495,356.2042897127384,198.1858047320299,178.3244361187119
-99.09358768945744,356.23346526445334,198.18717537891487,178.3339777231663
-99.09428592255782,356.2047761132925,198.18857184511563,178.34346944153387
-99.09498998216178,356.19646936417774,198.18997996432356,178.35302372140143
-99.09572233182323,356.2075196005144,198.19144466364645,178.36242222850527
-99.0964425068435,356.25133390939834,198.192885013687,178.37186550425054
-99.0971864005189,356.2769529833333,198.1943728010378,178.38132660692975
-99.0978904754025,356.2831305807886,198.195780950805,178.39072450710947
-99.09863320506362,356.2988985974229,198.19726641012724,178.40014258684744
-99.09938022426458,356.3096278942996,198.19876044852916,178.40952911923125
-99.10010595906243,356.3008999304381,198.20021191812486,178.41894616013144
-99.1008496147226,356.34626390973244,198.2016992294452,178.4283264450678
-99.10160219427583,356.36655020357045,198.20320438855165,178.43772974433267
-99.10230649120918,356.37660442864217,198.20461298241835,178.44720144026357
-99.10304631385804,356.377585676257,198.2060926277161,178.45661368682653
-99.1037821959315,356.40841181395865,198.207564391863,178.46613370097367
-99.10451099207118,356.3585736566016,198.20902198414237,178.47552683044415
-99.10530489916555,356.3391590263621,198.2106097983311,178.48479492706554
-99.10603565551587,356.3631914700577,198.21207131103174,178.4942029243294
-99.10677902158821,356.3546293509339,198.21355804317642,178.5035638187137
-99.10756906045978,356.40835034203576,198.21513812091956,178.51304628631152
-99.10832965771687,356.42534251065007,198.21665931543373,178.52245661897325
-99.10909596474208,356.4678171763794,198.21819192948416,178.5318113201384
-99.10983752063966,356.4859921782061,198.21967504127932,178.54124014608928
-99.1105863265667,356.51273410027545,198.2211726531334,178.55056683469934
-99.11129936972358,356.5560428271222,198.22259873944716,178.56007101256853
-99.11206314060419,356.5933917510995,198.22412628120838,178.56940553625415
-99.11282408292342,356.62357530784675,198.22564816584685,178.57887366091842
-99.11353504277744,356.64198198061536,198.22707008555489,178.58837483055453
-99.11425993219775,356.70073454489625,198.2285198643955,178.59775657643013
-99.11505619303922,356.68877883695666,198.23011238607845,178.60704421064315
-99.11578066295898,356.6714154562483,198.23156132591797,178.61644209747178
-99.11657611371976,356.65791807725924,198.23315222743952,178.62577352561024
-99.11734951682423,356.6484781402075,198.23469903364847,178.63512832043364
-99.11813893750394,356.6165838087152,198.2362778750079,178.64445962440226
-99.11889328199827,356.5853481770771,198.23778656399654,178.6537804759833
-99.11966242307892,356.5749947055961,198.23932484615784,178.6631286456094
-99.1203601276225,356.5880948210902,198.240720255245,178.67250508225783
-99.12113289696866,356.62621247211536,198.24226579393732,178.6817645890602
-99.12188794989225,356.6759200358094,198.2437758997845,178.69110209977373
-99.12259094690657,356.66514163372653,198.24518189381314,178.70037083924353
-99.12331688137982,356.6758561335497,198.24663376275964,178.7096242394661
-99.12409292502421,356.67621483454116,198.24818585004843,178.7188236040299
-99.12482526557386,356.70866874048295,198.24965053114772,178.72805412802995
-99.12558764640659,356.7328264124848,198.25117529281317,178.73726578597336
-99.12631194772179,356.75616855668784,198.25262389544358,178.74651683570687
-99.12705423338515,356.7781726212153,198.2541084667703,178.7558413111198
-99.12782391779362,356.7791178683891,198.25564783558724,178.7650919139453
-99.12859482770038,356.84111432114213,198.25718965540077,178.77430100989173
-99.12939366654882,356.86466793993867,198.25878733309764,178.78350125203778
-99.13017916967287,356.94028657366033,198.26035833934574,178.79272789886969
-99.13092676039976,356.9409564434979,198.26185352079952,178.80195006778982
-99.13169849992236,356.9406060171651,198.26339699984473,178.8112107732938
-99.13245248183804,356.97084050876265,198.2649049636761,178.82044878141375
-99.13315963652077,357.00164065920603,198.26631927304155,178.82975998485523
-99.133925611935,357.01601785960145,198.26785122387,178.8389730089041
-99.13470383686209,357.03834596545965,198.26940767372417,178.84810928501759
-99.13544660715901,357.07933968578914,198.27089321431802,178.85727205366624
-99.13624808414644,357.097686921309,198.2724961682929,178.86645174240968
-99.13702602773408,357.08210694945717,198.27405205546816,178.87580608491885
-99.13782750350884,357.15557730728904,198.2756550070177,178.88500796168526
-99.13860302073881,357.17854413593267,198.27720604147763,178.89432503848874
-99.13940575555269,357.24207137493744,198.27881151110537,178.90353512308604
-99.14019281362005,357.2803397086045,198.2803856272401,178.91276107572412
-99.14095068002557,357.2485192797864,198.28190136005114,178.92201035552043
-99.14172092657638,357.2710407260536,198.28344185315277,178.93121613869005
-99.14252146859644,357.3166405337151,198.28504293719288,178.94037623888846
-99.14327953238461,357.32426881096734,198.28655906476922,178.94954987739095
-99.14408700200569,357.314068253982,198.28817400401138,178.9586996060379
-99.14485766784983,357.3617307201127,198.28971533569967,178.96788656061165
-99.14561467940555,357.4178532642533,198.2912293588111,178.9771772578266
-99.14642540911126,357.44399535815273,198.29285081822252,178.98633749784588
-99.14720215222957,357.4521685487855,198.29440430445914,178.99549691451784
-99.14798597689047,357.4622827833384,198.29597195378093,179.00470269794238
-99.14879870760134,357.4598968128803,198.2975974152027,179.0138835548514
-99.14959158164689,357.4580300341324,198.29918316329378,179.023114092504
-99.15036015874176,357.4630205367707,198.30072031748352,179.0322406562363
-99.1511454388649,357.4691038112317,198.3022908777298,179.04139132481342
-99.15193091037952,357.4984162051892,198.30386182075904,179.0505701730917
-99.15270890854525,357.49083758285593,198.3054178170905,179.05978689755364
-99.15347479031574,357.5233899742528,198.30694958063148,179.0690156782069
-99.15426679064467,357.55569362084896,198.30853358128934,179.07823553249838
-99.15507132891257,357.5945353627249,198.31014265782514,179.08736517823115
-99.15591446721845,357.58993657516027,198.3118289344369,179.09654864712218
-99.15672488643202,357.57083657781294,198.31344977286403,179.10561558273238
-99.15752998505697,357.5521048817532,198.31505997011394,179.1148270977973
-99.15835445741106,357.5459057742271,198.31670891482213,179.1239869722426
-99.15916396624701,357.5418192361424,198.31832793249401,179.1332235100603
-99.15998030003576,357.61064125437025,198.3199606000715,179.14245926581808
-99.16083432381546,357.62229734464904,198.32166864763093,179.15166264833124
-99.16166858536099,357.6378935065021,198.32333717072197,179.1608359796003
-99.16252860018952,357.6106808247838,198.32505720037904,179.17001604950903
-99.16338490722192,357.59450773235125,198.32676981444385,179.1791284518741
-99.1642449970622,357.5801049908966,198.3284899941244,179.18842608333185
-99.1650881860119,357.63005603676015,198.3301763720238,179.19767471422762
-99.16594794520451,357.58212853561446,198.33189589040902,179.20685091355188
-99.16680115183603,357.57106313154156,198.33360230367205,179.21611226863996
-99.16761116230842,357.6296829533561,198.33522232461684,179.2253721139607
-99.1684509464567,357.6935488341524,198.3369018929134,179.23459685039495
-99.16930567741538,357.6816633235584,198.33861135483076,179.24374402751818
-99.1701623409378,357.6948010982986,198.3403246818756,179.25293214644375
-99.1710173836133,357.76194542095266,198.3420347672266,179.2621251282423
-99.17183609016274,357.75498157304975,198.34367218032548,179.27126503625308
-99.17267139393456,357.82902817986917,198.34534278786913,179.2804274721809
-99.17353685903004,357.92509314085737,198.34707371806007,179.2895272417099
-99.17439512647955,358.0653980731468,198.3487902529591,179.29865630044227
-99.1752268736892,358.150466414838,198.3504537473784,179.30777642879795
-99.17607099576396,358.25332493081623,198.35214199152793,179.31678933177227
-99.17693980998322,358.36930585549953,198.35387961996645,179.32578171760179
-99.17772421624383,358.4227779291946,198.35544843248766,179.33488843943815
-99.17856206390047,358.49242062245776,198.35712412780094,179.34390891605378
-99.17941213560465,358.5413822770111,198.3588242712093,179.35295155111805
-99.18028049234734,358.63686480616826,198.36056098469467,179.36198359005758
-99.18116946837783,358.7563633155176,198.36233893675566,179.37101602690143
-99.18209196939189,358.83806222115834,198.36418393878378,179.38000837856472
-99.1829873988533,358.9610649442689,198.3659747977066,179.3890875363685
-99.18386870545888,359.0338530974651,198.36773741091775,179.39818687759245
-99.1848488087646,359.0684777186768,198.3696976175292,179.40737894956837
-99.18577743577652,359.1715517528638,198.37155487155303,179.41662378368784
-99.18667838926724,359.2963787442947,198.3733567785345,179.42587831103413
-99.18758982056204,359.47987072590604,198.37517964112408,179.43521143164713
-99.18853201412314,359.7004922256406,198.37706402824628,179.44461092852544
-99.18947095019911,359.9506586831066,198.37894190039822,179.45398701418085
-99.19047365144549,360.2394130312738,198.38094730289097,179.46333098756241
-99.19145758270268,360.5279363328399,198.38291516540536,179.47262403696848
-99.192464055977,360.8217824535167,198.384928111954,179.4820544648349
-99.19351587507208,361.09418671143465,198.38703175014416,179.49150280544038
-99.19452226075938,361.33998409208675,198.38904452151877,179.50091375330751
-99.19553801144913,361.58236684135414,198.39107602289826,179.51015527596147
-99.19660301949922,361.79803760469053,198.39320603899844,179.519376772379
-99.19763701117604,362.0040706421725,198.39527402235208,179.52857945857306
-99.19868655162504,362.1989067427121,198.3973731032501,179.53787130492583
-99.19972585515251,362.4961931374631,198.39945171030502,179.5472100940791
-99.20074276624536,362.83324045314527,198.4014855324907,179.55654094880254
-99.20174682203215,363.1756915955199,198.4034936440643,179.56585616712408
-99.20274457189572,363.5168199080526,198.40548914379144,179.57520272580504
-99.20371294711501,363.8665616936069,198.40742589423002,179.58457996926782
-99.20475722296287,364.2291612175762,198.40951444592574,179.5939007606161
-99.20574550536745,364.56182774190927,198.4114910107349,179.60322374546575
-99.20676769335198,364.91338753532636,198.41353538670396,179.6125444705403
-99.20781664514708,365.259871654947,198.41563329029415,179.62185174590178
-99.20882799645888,365.59391963829256,198.41765599291776,179.63115815633924
-99.20984666023935,365.9052327973762,198.4196933204787,179.64050659488962
-99.21090262433134,366.23449573973795,198.42180524866268,179.64987030519785
-99.21198743431769,366.55054611064133,198.42397486863538,179.65920095463025
-99.21302508778048,366.8637720293884,198.42605017556096,179.66848307919523
-99.21414666247958,367.21833805274576,198.42829332495916,179.6778957540838
-99.21522414800842,367.53582703831233,198.43044829601683,179.6872156211617
-99.21629445234551,367.83459374029457,198.43258890469102,179.69652229125958
-99.21738455689449,368.14612321970674,198.43476911378897,179.70576698758282
-99.21850011621311,368.5036880274108,198.43700023242621,179.7150734168677
-99.21959492969526,368.82501505997504,198.43918985939052,179.72436488310743
-99.22068075023581,369.1772232389268,198.44136150047163,179.73354635931423
-99.22171781999737,369.5281158399891,198.44343563999473,179.742763030206
-99.2228014392282,369.8616545454844,198.4456028784564,179.7519891847176
