51.5,47.5,25,62
50.90431991385766,46.757855380567165,24.999831196321086,62.00144357484131
50.70673734172141,46.84127829202232,24.999808992466225,62.002894044355216
50.46603080418532,46.85802995860317,24.999710355464117,62.0042205736093
50.238805746841706,46.788069440838186,24.99966205992643,62.005622709460084
50.04913816877027,46.668144311692174,24.99960420473775,62.00692920399535
49.840898171521005,46.539607764230055,24.999559520767583,62.00817525943939
49.63278595548384,46.42843553539349,24.99949736512676,62.009590019956555
49.43932389867357,46.32375239945412,24.999435014485286,62.010932505290505
49.283173218741496,46.330992607921644,24.999349652976832,62.012221271991166
49.06020385784068,46.34309467242309,24.99928085481805,62.01355071296495
48.78044962518198,46.231653602924,24.99922496809994,62.014864938073266
48.53709315083057,46.130909138814005,24.999141269492505,62.01616815014106
48.29944843770334,46.098921662000805,24.999067292188226,62.01750537978512
47.991763811795124,46.064525969165345,24.998994685236198,62.01877231741889
47.766101408490385,46.12622900461825,24.99892186425359,62.02008643995877
47.56678706497495,46.1758080063621,24.99890401779523,62.02122199083671
47.32476549564319,46.28546201081575,24.99886404040421,62.022489806309316
47.09872892039652,46.37476848693751,24.99884931171665,62.02372090566531
46.83508122454708,46.411185422128696,24.998823126343378,62.02495010540135
46.61012999840924,46.37657919055673,24.998819318843896,62.0261398703813
46.40994920948505,46.40558431004699,24.99882481258393,62.02740600732036
46.23493275726954,46.38783613067011,24.99879492948214,62.02866618082147
46.04283676309173,46.331323823510246,24.998776569708504,62.02995150985094
45.80508304736201,46.36674552180784,24.998746194418587,62.03123169293667
45.52565526041863,46.38933693025775,24.99869050436263,62.03250836088226
45.26749269669657,46.47689883584324,24.998659998071087,62.033817710612354
44.936379410284616,46.53498383928794,24.998640403235235,62.03513766749286
44.68477506690357,46.496894453529535,24.998620306389853,62.03652847955323
44.42803464315065,46.38789958745028,24.998622397944754,62.037972048748834
44.207749834725924,46.227759883711755,24.998607057194572,62.03936764975881
43.9487655128537,46.2837177318258,24.998525447547763,62.04067915701907
43.68576708084968,46.39019522193749,24.998481936323103,62.041954639704436
43.45898334527163,46.33037817971254,24.998437258717452,62.043202753561836
43.21104838269323,46.19726370886663,24.99842646087468,62.044318341524416
43.03521318241736,46.13636571756612,24.998440484110898,62.0454583329884
42.818067042910954,46.0590776093791,24.9984280191185,62.04654986215332
42.60989283642911,45.988425249115075,24.998398917481445,62.04762926162691
42.44917234259176,45.91275783879773,24.998421679390916,62.048816674014596
42.30472136457763,45.79032770083883,24.998454433282177,62.050059951736756
42.13163905376512,45.57189106404017,24.998470981233947,62.051317685783296
41.948781296739995,45.39778411438617,24.99851080749429,62.052538198345836
41.777315660850974,45.24099942553333,24.998543799843848,62.05375655786114
41.56766499952561,45.16557480935047,24.998521409907212,62.05488302037041
41.36167475465968,45.10613128819608,24.998510512033405,62.05600350355519
41.16118930641334,45.03305575858978,24.998500906159066,62.05708290725594
40.93156659081002,44.8882341809846,24.998488287639226,62.058066966702135
40.719004510583176,44.92250419970732,24.998464974280804,62.05920675575474
40.49038369980018,44.956129878663745,24.998462408253353,62.06034419518466
40.27247983166452,44.943444441701715,24.99844318729886,62.061548840859054
40.0171675101359,44.871109791481516,24.99843215635632,62.06268173752422
39.793813317342114,44.704152569043856,24.998456151637406,62.063721169048115
39.58018219731063,44.45662036152833,24.99845057205737,62.064762082206144
39.32878890853253,44.310256407279766,24.998464520352545,62.06584777187506
39.10823355688792,44.19461987671762,24.998477904515635,62.066959076722284
38.90538678414502,44.11045959896359,24.998465729815198,62.06811208786541
38.648823788224206,44.0108009073917,24.998502720478083,62.069269374006204
38.357474368182146,43.94717374725358,24.998512275283886,62.0704554151353
38.17532645194363,43.81187376517737,24.9985056811843,62.071754441635136
38.00809059908309,43.69163050643198,24.998497071458537,62.07297813983575
37.78772668045199,43.5430097357217,24.998579124581102,62.07414308547309
37.57191256788485,43.37633011030595,24.99858955329432,62.07524250249186
37.36654384066529,43.27638931027435,24.99852938195335,62.076333060584815
37.20276576055762,43.18543162873779,24.998527710166044,62.07747549327424
37.03211093411496,43.24241438384207,24.998520335244127,62.07866867506799
36.902695497860705,43.26756051411768,24.998487252016467,62.07991159249265
36.67374491338549,43.21355898132892,24.998404390720165,62.081017818034255
36.409780649920464,42.96438444191928,24.998358908136375,62.08212289641866
36.17883943017898,42.898251564938704,24.998308330842285,62.08327282639568
35.95367179120481,42.88901059253489,24.998316301804785,62.0843705624645
35.72081666733261,42.98022881110758,24.99833712884911,62.08548814882337
35.49969977008141,42.99564592772819,24.998354050182556,62.086610208271
35.2030804093274,43.007165635227935,24.9983252116854,62.08765585489615
34.96359442406431,43.001803825046935,24.99832427037685,62.08888498806195
34.777624484727426,42.98664154206325,24.998340404372126,62.09002663565954
34.56541315881519,43.04274276209607,24.99830070797386,62.09113250610264
34.382144382788056,42.97205222287367,24.998224067303916,62.09212454443493
34.233839953600395,42.92590181002271,24.99813569653228,62.09312992666161
34.071393390551094,42.8933395715611,24.99804084488772,62.09410964321457
33.87538773179792,42.79824097787069,24.997945241913342,62.095127231310265
33.69852051335956,42.78468967761138,24.997876610390634,62.09618334525746
33.497082703778716,42.77748906576479,24.997823459963854,62.09726610665332
33.31398131979669,42.86642622899328,24.997771808839545,62.09836153596513
33.12379342206698,42.89584203180755,24.99772793276346,62.099479596598265
32.956913352488584,42.8875705246341,24.99769043827234,62.10060232309764
32.75798910645321,42.89489731628811,24.997625802205512,62.101632418699744
32.532601015502415,42.93888522898895,24.99759655846317,62.1027050459734
32.344474548853654,43.12830888037435,24.99757827369925,62.10379095142977
32.14647782121787,43.26877871884173,24.99758418848734,62.10479250956047
31.92103897742039,43.4484160927194,24.997565672564384,62.10581037531146
31.713720518198535,43.58291024921209,24.997504675692472,62.10697436292231
31.476106693545233,43.513103214149474,24.99756931225608,62.10804792668462
31.27603742054623,43.532585883653226,24.99755240338004,62.10924475612032
31.12039689471141,43.53431686928646,24.9975808014509,62.11043167007788
30.955550977271265,43.51348782306962,24.99761186305391,62.1115651270476
30.72419352120099,43.558239422477456,24.997605695606516,62.11265118332645
30.48646571790877,43.581849486663415,24.997542032486137,62.113820310955056
30.316345809885014,43.66842415442781,24.997524352891947,62.114875488856846
30.08312316479855,43.68645935444523,24.997561539360415,62.115970849815966
29.86162811301393,43.631234507216774,24.997573797260866,62.11712577957533
29.628333388747002,43.61208149719636,24.9975893219685,62.118287470217304
29.43284877527327,43.63721169285927,24.997588885057556,62.119476802433205
29.232482825256596,43.53960088941168,24.9976173251128,62.12057585645668
29.02510132366445,43.526179986463205,24.9976377393002,62.12166525206101
28.822421596700195,43.311644611200386,24.99767949927997,62.12281354513006
28.632774970174495,43.11420235700105,24.99773191165792,62.12398532431311
28.449059204839067,42.86977552137926,24.997765806153623,62.12512384067044
28.2721057798834,42.70805628160663,24.997775293117492,62.12623023603677
28.054201161666985,42.5724620589867,24.99777736106659,62.127384934318854
27.83911450084181,42.50462367012551,24.997845383959383,62.12846941734825
27.616002607600436,42.402636972983686,24.99795615026048,62.12954904785129
27.42689341491542,42.45329276443559,24.9980253242238,62.13069101713399
27.230519543513473,42.594366419367205,24.998048672229416,62.13178831710351
27.022428743318233,42.63856030661185,24.998012826292687,62.132917316434146
26.782834762649486,42.73451063524466,24.997979503240686,62.13416498902253
26.476354474344184,42.69877207478396,24.997881691618108,62.13533342464121
26.240224073190756,42.64851576822062,24.997767518243656,62.136524389289384
26.03705029704602,42.58479463917662,24.997690220307682,62.13770633696591
25.81800764090958,42.61062705536683,24.997683747864905,62.138962296837335
25.656331559235976,42.60734956120265,24.99765862978473,62.14013172518214
25.43126948752474,42.56059901761227,24.99758307976581,62.14122969107031
25.14147924116399,42.57220142890806,24.997519190487345,62.14236161444122
24.93846125981767,42.44147873691402,24.997468767929888,62.14346803635121
24.713990697401783,42.26312593836852,24.997417908632713,62.144607549057305
24.504434349694172,42.13895724140345,24.997425938530125,62.14580174890803
24.347874698399472,42.156857633022994,24.99749172258582,62.14698695905427
24.116088360095482,42.19432009285484,24.99748137683777,62.148108908549325
23.829331808769233,42.279844183960904,24.99751220448111,62.14921548073743
23.56958960618787,42.28344260911132,24.99749528117552,62.150405459373246
23.362949090691878,42.2437523129319,24.997445995623924,62.15161237708903
23.16489785752828,42.10831338237527,24.99743217543492,62.15279483701058
23.001870477937217,42.02307362033363,24.997426609709745,62.15396407445275
22.856750166953404,41.914971561856206,24.997396187899906,62.155155968879136
22.650207384643487,41.75294053705302,24.99750036156668,62.15627552313944
22.419478883575433,41.681718086788244,24.997503121234907,62.15743907222189
22.144894870144654,41.63069469318005,24.99748920992508,62.15853120760571
21.86014299884078,41.567931368564146,24.99753577918536,62.15954405192494
21.629440685005846,41.43673186315932,24.99757008772718,62.16060360689162
21.382863486846357,41.311404700922736,24.997598151286304,62.1616008666885
21.109281312333422,41.25648792560739,24.997617968108504,62.162609940719506
