405.5,256.5,122,148
404.6672281202487,256.6642090372635,122.0141230470316,147.9942265168045
403.6071425134303,257.5806624784668,122.02636026256052,147.98954584308467
402.4591049258726,258.31572477790996,122.03831869268075,147.98502018504766
401.172763940405,259.0916119926208,122.05111897645166,147.98026273388984
399.83975758930274,259.8302439466765,122.0634356184755,147.97574627088503
398.4630687362102,260.4576108897435,122.07586822387633,147.9714030335929
397.30696851042006,261.07967698465734,122.08807063048894,147.96721959330733
396.1196316028935,261.6454282736422,122.10107037518382,147.96247201449847
394.7444032852563,262.2887390577174,122.11371902133769,147.95777683985696
393.4498708092703,262.86881449582404,122.12657180556985,147.95316273446423
392.2788798804929,263.36715764441834,122.13922083460278,147.94853602570802
391.06355778749827,263.7329735422685,122.15186646826972,147.94382817257355
390.1026841413078,263.94539095828986,122.16368615406799,147.93933784226465
389.20223659886983,264.04252255463507,122.17538832398128,147.9347978283185
388.62445298423165,264.02462483498675,122.18674497624653,147.93031837188758
388.1743560742798,264.00779972424453,122.19824313889688,147.92567280654416
387.7519920943013,263.9895436842742,122.20952680154032,147.92108247712198
387.37970521645,264.00000547671334,122.22096986380713,147.91634747092388
387.0434000265632,264.0372305757695,122.23247008084584,147.91161608819783
386.7380042322346,264.1259802082094,122.2437596424683,147.90703386152046
386.32302926566234,264.2536878374995,122.25504198499462,147.9024426371542
385.87063913736023,264.43035486444853,122.26650007181811,147.8977414851631
385.43760465199307,264.60176255770557,122.27799221645682,147.89302268749904
385.00026143987577,264.7920963262494,122.28928110202952,147.8884165303209
384.54623435775034,265.02375289667293,122.30060192267908,147.88367050215814
384.085588025063,265.2688082020761,122.31192448335952,147.87895097173129
383.59614037947915,265.57072146931773,122.32329673613977,147.8742702669256
383.0736228648741,265.86502349523255,122.33443686884266,147.86962472168008
382.51804595143153,266.15082607780187,122.3456258386264,147.86495080425266
382.0206218021897,266.4775042365609,122.35683579091477,147.86031189014653
381.57445157918403,266.8305064756797,122.36805126362907,147.85573034167263
381.2042144708173,267.222257951088,122.37913736257218,147.85125830993107
380.92248088147375,267.58357665705415,122.39002585359148,147.84688208030693
380.6278766513863,267.92068762928614,122.40061185340112,147.84266015253223
380.13517444881023,268.5099583236129,122.4112426727569,147.838427063897
379.6436405789077,269.1962408612841,122.42214131132368,147.83415336657595
379.12796039935677,269.66606495397093,122.43297013527696,147.82990417707862
378.387181475179,269.922464223934,122.44373700138615,147.8256527047946
377.38011243065023,270.14565119011166,122.45514281352717,147.8212091260808
376.18727211693187,270.46581762572794,122.46699240725715,147.81652587633488
374.9865050086474,270.92033960922214,122.47855012236126,147.81198126132483
373.73626026095144,271.39509091639354,122.49014968512068,147.80739644502438
372.4786810547565,271.9357859720053,122.5020019470742,147.80272168395186
371.31249612937063,272.4017844364226,122.51367544393356,147.7981910284251
370.1985547621804,272.8783518095964,122.525259836563,147.79363618949478
369.14640342304443,273.3470680999646,122.53667749743984,147.789222054727
368.18224524591017,273.8641400826361,122.54770423703098,147.78501368775744
367.4007696599624,274.31386668387904,122.5588701782899,147.7809159482995
366.75897193486503,274.7436002565523,122.56985687146559,147.7768344044735
366.1746935601602,275.16867207564223,122.58057432262692,147.77295441337313
365.73733458234364,275.48107982763497,122.59114753577126,147.76910963540075
365.358356557809,275.7811445250427,122.60196264083646,147.76510280347065
364.9631581268526,276.0938937373015,122.61281741424064,147.76097594620225
364.52464834571043,276.45000611955027,122.62375192403479,147.75684470568396
364.101682467786,276.8707708966747,122.63469049627078,147.75270766041882
363.66747778335343,277.24947054388963,122.64563847225642,147.74856397168656
363.18456250747033,277.6502690031184,122.65646474917756,147.74452327471406
362.74440221875733,278.1290785558972,122.66728963673464,147.74042053325408
362.3732675228216,278.6120385519253,122.67813123987162,147.7362698836204
362.0659984498277,279.04870815077606,122.68889418263146,147.73201492492484
361.73696128670133,279.49254302711995,122.69978675954026,147.72776480514887
361.33192476461323,279.97631785632024,122.71075469593222,147.72352193137806
361.00939938755255,280.441621460037,122.72155045804544,147.71929684836846
360.71759347949614,280.8250167153973,122.73232402733579,147.7151152830176
360.39231022526326,281.22055948068373,122.74306078097217,147.71102152748068
360.0321232427846,281.60635563855817,122.75368719305776,147.70698969375684
359.59604019583065,281.99182416137114,122.7642413246473,147.70302989870697
359.1381064805918,282.3676073351152,122.77479728986162,147.69910696237832
358.63850170411826,282.7484442837116,122.78533399029253,147.6951455485916
358.10568900313206,283.13549265643053,122.79588434286458,147.6911429594191
357.51134894568986,283.51637340382626,122.80642798981535,147.68710229268387
356.85752115976914,283.91576565450515,122.81693497633722,147.6831162251068
356.2509423247568,284.31890456480494,122.82738809752614,147.67913706955386
355.5635784661204,284.6527650451927,122.83773640882357,147.67517432706683
354.9427459462044,284.9427550486746,122.84804816572714,147.6712426942791
354.3014794502364,285.15020541935104,122.85835232064998,147.66730256760744
353.72487899764775,285.3368505419269,122.86858230621817,147.6632867002786
353.2426636340446,285.4922677416272,122.87893513396841,147.65916305074256
352.70979853000864,285.7351473424723,122.88927450723199,147.65501089875588
352.1280872219929,285.9805677681612,122.89956277725508,147.65082456741283
351.5328401333179,286.22108113078946,122.90986722586828,147.6466574713106
351.0482073454525,286.40621901959696,122.92027294070206,147.64257471999989
350.54711804354525,286.63478135580954,122.93089102577498,147.63844829829753
349.90837371880224,286.7644501098257,122.94161086212772,147.6342763075954
349.21185793799714,286.9873393044516,122.95260585700358,147.63007523367415
348.4280251577035,287.23511832170846,122.96371078202422,147.62583462035826
347.5264399308904,287.44474332751867,122.97514594416941,147.62143511194418
346.52098803162926,287.7498396032552,122.98670730113281,147.61703931483123
345.4077147369666,288.0968609536792,122.99826065200901,147.61262181759278
344.2529957238689,288.4131877098433,123.01025624198626,147.60787230316265
343.1632951255385,288.76394250351206,123.02263926352182,147.60288697825342
342.03399350742876,289.0758489042387,123.03436697522048,147.59821551705593
340.9046813270271,289.47837194424403,123.04626935306777,147.593433914775
339.8855201397675,289.9311135715584,123.05837426695471,147.58854352370605
338.847663945568,290.3827369349502,123.07060055611055,147.5835847488687
337.88948937646194,290.7627993318363,123.08262921588332,147.5787322243454
337.0472751808687,291.02820013344854,123.09484107245515,147.5738650192952
336.0770955513139,291.4160960330465,123.10702547823993,147.56898366197484
335.087558942446,291.70616089650133,123.11956884978441,147.5637946165226
334.1803964755129,291.86203887026386,123.13181684788238,147.5587817245796
333.237018531798,292.08492327475426,123.14380376291534,147.55383316253372
332.3531387789435,292.24381183897145,123.15551721187688,147.5489895386808
331.5422730207616,292.4370356169503,123.16756223436713,147.54395413119872
330.8118578701045,292.7792668318192,123.17920978688676,147.53915851864912
330.11485825297444,293.24200270857136,123.19035849338357,147.53466203303202
329.19263239324687,293.7524617838797,123.20142665265799,147.53009427094216
328.33325703113263,293.95781175548495,123.2125045424901,147.52544170174176
327.50544427833734,294.1033426866783,123.22371919946313,147.52068642919699
326.7366770800369,294.2514702320991,123.23488426279687,147.51590776686402
325.9610625413651,294.394947286989,123.24593921351538,147.51123973482206
325.2270843029444,294.54150372135325,123.25673462144049,147.50672570156186
324.57911902821803,294.5546136555531,123.26770132468648,147.50222492380271
324.00605514142563,294.57534954714254,123.27857292704485,147.4976879187182
323.4357385423443,294.62867191475505,123.28943358130027,147.493249301898
322.73779520362837,294.77870551205086,123.30072414934197,147.4886692131528
322.08031520297806,295.060752922937,123.3117215623323,147.48419650031676
321.3198625679413,295.4062084807272,123.32272697774576,147.47975005205674
320.5570883585708,295.76757827738345,123.33411500181815,147.47509348276918
319.7786267941549,296.1172120376164,123.34549040687983,147.4703748075943
319.00679986407084,296.46177661875356,123.35694345375452,147.4655730092879
318.20874641522425,296.7965104775733,123.36832401782952,147.4608461521106
317.4533123060203,297.0406107227891,123.37964785414214,147.45612915500718
316.73113379675203,297.3597056033169,123.39103172624004,147.4514650635262
316.0981768086631,297.63835231473456,123.40240621267182,147.44686023932377
315.4985842467841,297.906036136455,123.41405116289923,147.4421792127805
314.91931857987754,298.1510578624377,123.4256535902716,147.4374940288376
314.25348641812235,298.3973262952368,123.43720866562067,147.43287008633706
313.6077597910294,298.58588448374724,123.44933107015898,147.4279142930506
312.9958167109681,298.8269264610765,123.46124535127628,147.42298191109654
312.2874591390248,298.95054238437217,123.47411101262648,147.4175525632034
311.44969518356015,299.05899802257966,123.48680988207485,147.4122284625153
310.4822198171387,299.136710784554,123.49972146372606,147.40688215909995
309.05249542356614,299.3969166317762,123.51322226999038,147.40122028965632
307.347721750538,299.8663986220554,123.52660710612838,147.39565604597922
305.63462404283325,300.4461942356322,123.54137597734852,147.38950040670855
303.98113631048784,301.059274440595,123.55582686585218,147.38357236429846
302.34649980893244,301.6365060725402,123.57118122119682,147.3773251095481
300.8316494871438,302.2902048717074,123.58657865737669,147.37123912334297
299.5074038453419,302.89405769124573,123.60150999873495,147.36557213001055
298.1736713225989,303.50108109093986,123.61638381573587,147.36000747688544
296.8866506688149,304.0586481497378,123.63143965157843,147.35440392741248
295.5762059525998,304.5783441693888,123.64618298682541,147.34900990065316
294.2087514780939,305.16797644090013,123.65968452235454,147.34397748291275
292.7061127553276,305.6489231343085,123.67411438030167,147.3384610063057
291.28776089824805,305.9346699165295,123.68726477071502,147.33332767707796
289.948181939023,306.0581561193983,123.69979122897526,147.32823863864036
288.93244640148765,306.06721478433104,123.71137485668888,147.323638481782
288.1562388872605,306.043154780411,123.72245907078164,147.31917283938677
287.43543735380246,306.0761483104457,123.73316370973438,147.31497251661028
286.73870323948756,306.1217167480603,123.74382194175928,147.31083432012494
286.24425336387213,306.2657934216676,123.75423718161468,147.30696020016714
285.655601786997,306.4089468639471,123.76456149930537,147.3032065115615
284.979457730037,306.66089958397316,123.77497835162879,147.2993784979429
284.25545783702984,306.9363416084466,123.78541722169606,147.295532050467
283.5465093009504,307.3238908159941,123.79589377784092,147.29162141765966
282.9022376263763,307.7565169429084,123.80636775004362,147.28771934254965
282.263373774791,308.21890117757476,123.81694767374948,147.28373785003112
281.57796841120677,308.7058260563549,123.82741267967309,147.27974995751444
280.9545004304015,309.1751196331677,123.83804388130439,147.2756252915865
280.23104979620217,309.6425761898587,123.84865250138765,147.2714841847162
279.49222105660505,310.04244999722494,123.85917538566461,147.26733239470212
278.79462144212425,310.35232426078073,123.86975788202878,147.26304581312434
278.0851395073016,310.6405109664789,123.88031752060259,147.2586951974052
277.37012347822736,310.9650295580041,123.89077829827168,147.25436575370796
276.583225984812,311.35461878255444,123.90143813800769,147.24993467628082
275.8297346238311,311.82148853056907,123.91213482538544,147.24540494902377
275.09000763070037,312.2807441733787,123.92276657081744,147.24093279838377
274.3752564360373,312.6547441443314,123.9335757752909,147.23640871087514
273.6314975486788,312.9824555296715,123.94454022912328,147.23180667231162
273.04806270135805,313.2832335986162,123.95538546774061,147.2272980421851
272.4389670303485,313.63744731123916,123.96616969286974,147.22283926108136
271.7751571748252,313.99065620052784,123.97697772312252,147.21841464990433
270.9309307967054,314.2021692350672,123.98827868016014,147.2135366513995
270.0990172726575,314.409677766044,123.99968759165937,147.208626307986
269.33761157454313,314.55231136994036,124.01128294346208,147.20375588950574
268.63149001695365,314.5364895673383,124.02290178343355,147.19882997015344
268.00332387622336,314.4769969284241,124.03526355155033,147.1936547719529
267.43667727271,314.42122069870834,124.04771001022492,147.18845322106478
266.96316137273107,314.3598044459286,124.06045050702505,147.18324751396722
266.50319713588846,314.2816405325174,124.07323878534052,147.17794117872128
266.13741567233143,314.2004009474581,124.08568579954029,147.17279112179762
265.8584742198063,314.13954056679046,124.09784049795608,147.1678331034117
265.5356797926162,313.9759792584299,124.10970293431795,147.163157256073
265.0916868728501,313.74958381344373,124.12111282704227,147.158606355846
264.5914983329534,313.5113581002691,124.13205792956364,147.15443465616536
264.325076634931,313.31987476074994,124.14277226677049,147.15034426923987
264.1330322121426,313.3937924191038,124.15396503709859,147.14609247377902
263.8843875741466,313.45053742561566,124.16523061881381,147.14192494161273
263.58631663147247,313.4491573118659,124.17597752563883,147.13813934604482
263.1776967494986,313.40623299665396,124.18657344593575,147.13443234787096
262.7746088765958,313.6095745300536,124.19696954629842,147.1308948923579
262.25662581820575,313.96871311538195,124.20765888295,147.1272555376535
261.60217886756493,314.3531389250429,124.21848700263826,147.12357687670556
260.79217150211156,314.7063201844162,124.22957770228747,147.11989226351855
259.9755612837531,315.0690030407004,124.240805908589,147.11625177639877
259.3377110558669,315.5466181272254,124.25211184264812,147.1127306354075
258.8509064530477,315.9864809170012,124.26323352949919,147.1092441768161
258.3892798359691,316.443180937842,124.2742836305501,147.10555060848506
257.94271086913756,316.8407585556196,124.2853430954136,147.101892365041
257.5177824495505,317.1863177018531,124.29619166289353,147.09819628851253
256.9667066253947,317.3016241620302,124.30718885506654,147.09432018194204
256.6110107676694,317.57334868697217,124.3178591874223,147.09049677674193
256.1402820928841,317.81973572744147,124.32862380465885,147.08659471724002
255.78444681295838,318.07927907585554,124.3394001875503,147.0827501201739
255.24870297039675,318.3367556753799,124.34990493009235,147.0789801233919
254.7487624990547,318.61808712651515,124.36043144114726,147.0753437008424
254.33603643454055,318.920340749635,124.37086265132945,147.07171564695503
253.99617320173087,319.40392522245565,124.38133880748148,147.0680204981581
253.72371059805428,319.7742369695207,124.39197739660194,147.06429459180427
253.4080880374986,320.20723321274613,124.40286422942516,147.06036014883333
253.06843272072018,320.66948125520315,124.41393950140595,147.05641369503803
252.64569807901208,321.11296771643595,124.42481316418997,147.0526053572091
252.23170933830443,321.5380018987843,124.43609465742705,147.04867570825644
251.76771522400952,321.971409686369,124.44740356329724,147.0447907885665
251.40987605212985,322.3791464011942,124.45870175244691,147.04089306968953
251.2139294350727,322.7453799168352,124.46999113667337,147.03706748881268
250.95296715708022,322.98300196769446,124.48132680830469,147.0331917297322
250.7029859829002,323.23329043878715,124.49329299568069,147.02902927014034
250.36524458992494,323.4998858083174,124.50558488035179,147.02476645332868
249.932073665934,323.81391367412147,124.51786387308992,147.02048441575892
249.37489392294205,324.1621722246867,124.53008782001899,147.01615027275454
248.83179181261886,324.38948786706567,124.54201869281079,147.01192384062534
248.41100930889843,324.32445968111114,124.5537127013922,147.00763471087308
248.0945443435738,324.2362058706599,124.56477491572906,147.00354174822223
247.7314319163782,324.1520082380282,124.5751704573189,146.99956270537635
247.1510398930049,324.07818981888715,124.5858501005697,146.99529871577369
246.53009412058117,324.23971082872487,124.59656145437715,146.9910947560005
245.97118464256167,324.42671013770087,124.60735526393177,146.98666213159598
245.33193263271227,324.80474936918796,124.61777130049914,146.98252379980923
244.7440666745946,325.1493669182171,124.62806742571885,146.97857909796454
244.10175383825836,325.4423492455015,124.63860876878623,146.97466661462602
243.43648729723756,325.72130781720614,124.64918745553366,146.97079622128533
242.7289038450569,325.8666968806688,124.6599019167721,146.96696167904057
241.99893792433244,326.01052218310986,124.67068343435321,146.9632825626343
241.27855730485356,326.11937726368626,124.68160518146681,146.95963913043104
240.69148615242193,326.2003182976706,124.69243886587716,146.95602931394916
240.0974162051964,326.312208946071,124.70331299704547,146.9524740069669
239.58268219145083,326.45529703716863,124.71411118086289,146.94889918127802
238.97096296657543,326.5618739067595,124.72489301344913,146.94531033653408
238.2837184894025,326.7007741456688,124.735489770186,146.94178548942799
237.6100459682391,326.9032880440738,124.74605688702147,146.93814371518567
236.8939325855158,327.16592688595887,124.75651880185161,146.93438348699343
236.1957398031355,327.5931975375311,124.76689777290798,146.93063810851243
235.50202736098515,328.0273557596073,124.77723005733992,146.92695605900582
234.84190561526935,328.6049949257458,124.78760998141925,146.9231531562637
234.10498912108582,329.15610436292366,124.79786951397575,146.91931484755133
233.40238621609825,329.6786549577342,124.80818048561774,146.91535552556783
232.80194966639544,330.1702799850389,124.81846546837758,146.9114965093762
232.21597220420557,330.6324193130204,124.8289285218772,146.9075759152037
231.63206609796015,331.08309013736414,124.83961073139258,146.9034837267366
231.07604943606987,331.4988664417883,124.85005497150156,146.89955263745375
230.4564246329375,331.9415743033252,124.8607481831892,146.89559096492104
229.79321111089436,332.41125339064274,124.87122519122666,146.89177883082078
229.1834821794263,332.795580641388,124.88183982296158,146.88789847302613
228.6173326000253,333.2472280844336,124.89243142313171,146.88401508643528
228.04547328604158,333.6820140871523,124.90300626848347,146.8801753335956
227.56110464798775,334.0111460888237,124.91348384286232,146.8764724326431
227.02867402383256,334.37154426369045,124.92388492328786,146.87278987580595
226.49429463357941,334.6346182082146,124.9342158931252,146.86915501871715
225.97421010623358,334.8426737919069,124.94437579731179,146.86565378613938
225.5657513188427,335.08849782026095,124.9546329583515,146.86214503096966
225.19169526932853,335.2870635529515,124.96500841501914,146.85874292450015
224.82950934343623,335.5267034425022,124.97568301214602,146.8552337380883
224.52303099681473,335.7608965589373,124.98637697002219,146.85172216022633
224.19207392906083,335.98296843283623,124.99730753352378,146.848207358256
223.88782016695717,336.16232857167665,125.0085653710131,146.8446186470997
223.51389028032298,336.34806856882767,125.01973933180817,146.8411424682101
223.17499717551237,336.5296120200994,125.03085098708144,146.83761536986776
222.91231390674184,336.73691923755706,125.04157188854079,146.83436799370648
222.70930096103055,336.9152475736843,125.05267448041235,146.83099159751205
222.48496258696468,337.05816855188857,125.0637971969336,146.82749132997486
222.25532043855463,337.2257251131469,125.07485942282129,146.8239879334104
222.02351202838383,337.54888865419457,125.08590649023131,146.82048389180045
221.71749815165919,337.9760919314027,125.09721950054325,146.8168969250916
221.49982193989578,338.3614161806476,125.10843385491722,146.81331174628497
221.19609499744783,338.72007582436936,125.11975069299916,146.80967809059345
220.8928159420317,339.05178374793354,125.13097582367548,146.80597276993146
220.5061273252973,339.3547770778124,125.14265379786309,146.80207557483828
220.17183301433803,339.58065671769873,125.15421445995804,146.7982210010669
219.880561567963,339.7751097597833,125.16578812873195,146.79443170266242
219.5533785362786,339.9834449178257,125.17731803859355,146.7906254159851
219.18825720040206,340.13664318828523,125.18910992566337,146.78679543318867
218.77681729969422,340.32861030870464,125.20108790641945,146.78291697752897
218.35769275697922,340.5707965667727,125.21322913223794,146.7788057574268
217.90711064666195,340.7104242705391,125.22524446190033,146.77478770154988
217.51804067936274,340.84437543013394,125.23708955950076,146.77082601470352
217.1096578981243,340.99769979848827,125.24897635067255,146.7668727609641
216.70824916890007,341.10226763517556,125.26068800229345,146.76300651369698
216.28240138708497,341.11976949499496,125.27250941755484,146.75914400254294
215.90168907747062,341.09137566696086,125.28427449851446,146.75536992715348
215.45753717861214,341.0259571037314,125.29614975171009,146.75150544400083
215.07522411005488,340.9648031431473,125.30798865642568,146.7475485099034
214.74957716260155,340.9156663181205,125.31990519575672,146.74363497347747
214.45191500304216,340.8731145839489,125.33191962603581,146.73957028066678
214.20795648086863,340.8571376176243,125.34396537564601,146.73549245676605
213.98781783482391,340.7679436730824,125.35617584782922,146.7313849008367
213.75194753762202,340.7007137745635,125.36833640821541,146.72736737243508
213.54149356573325,340.6563144466513,125.38103532613314,146.7230689151865
213.29735281733338,340.69810407398126,125.39377999966021,146.71880544212
212.99115114991608,340.7691404846888,125.40627474417802,146.71472233544654
212.75571515689026,340.67801858678035,125.41926980952958,146.7105180489357
212.5101925997096,340.5614721929356,125.43214294947036,146.70631854689137
212.1654175665464,340.44868440771705,125.44472169945917,146.70218829188033
211.78329382319757,340.26265688408336,125.45689035496099,146.69839650615708
211.4166363511907,340.11698161354,125.46942301900647,146.694421499787
210.96276375515663,339.98934142897343,125.4819114533384,146.69049262347687
210.60644844158767,339.9542678180225,125.49398872287516,146.686701363869
210.21083376026516,339.98826028851533,125.50642469095457,146.6827533360995
209.78346687804768,340.09620266006664,125.5188681731401,146.67878649999648
209.33334851643238,340.2484461979957,125.53096195298843,146.6749314539102
208.87776283056718,340.35521181378266,125.54300482807199,146.6711610521426
208.4289628189207,340.3972651584296,125.55551312935339,146.66719175721735
207.97654430953168,340.49449783383585,125.56795578425127,146.66324365312803
207.4614551695517,340.67129690703837,125.58052077247078,146.65922332106356
206.8258759487597,340.7758810268114,125.59234822612451,146.65547508385873
206.0019617255873,340.93228998281955,125.60377776099314,146.6518815389842
205.29990029924747,341.20575166700934,125.61522855175264,146.64827858800876
204.64711508082348,341.48218218430407,125.62673017527663,146.64457517289566
204.0203273856109,341.8494038743114,125.63803092371113,146.64093599782183
203.5466942691431,342.3652803162167,125.64900176651764,146.63745502753963
203.04959750481015,342.9395758236983,125.66004189237822,146.63394958577288
202.60032923619468,343.6153346351653,125.67109602490027,146.6304433373124
202.12174218578986,344.35495288138543,125.68208650382654,146.62698530537475
201.8490978652471,345.11787946695756,125.69338839764721,146.6234735048131
201.4509925038273,345.9356069910749,125.7046716331134,146.62003225433847
201.03405584903786,346.706599623396,125.71596639330727,146.61646850134625
200.51498932241574,347.5737735399682,125.72739096285551,146.61292093923612
199.941179904654,348.6798364592373,125.73879220423223,146.60945927954623
199.32633567272518,349.7052943051849,125.75044759275725,146.60595526787262
198.86965473217438,350.7068900791622,125.76176231657128,146.6025833562629
198.48675659367336,351.6909528548075,125.77304729682422,146.59923432093302
198.12939320466683,352.65384688537506,125.78449398355158,146.59589036494617
197.8286674355025,353.49593649686346,125.79604812769989,146.59253577938236
197.61458332014422,354.2445455441549,125.80777864312451,146.58912666955604
197.3138238173015,354.8791213347688,125.81979054584362,146.5854368908108
196.70862635087764,355.47597060062,125.83192874765805,146.5816975275426
196.0117480641306,355.9414972097867,125.84365411883584,146.57812882153826
195.3353941560814,356.37418598686014,125.85495117882309,146.57450586362475
194.32570321970894,356.8751013792892,125.8662315882501,146.57074722613592
193.24700309124506,357.68649533591383,125.87719324654506,146.56719661662055
192.28150807705595,358.61130051224023,125.88772400444603,146.56389354164716
191.53581678815794,359.30861102209303,125.89827519758316,146.56078002831208
190.73595302627913,359.8755310926427,125.90865047124163,146.5575269881955
189.95320241272796,360.28112904995913,125.91911527275346,146.55432752541728
189.07081296878266,360.5948532393613,125.93008625830794,146.55113772443656
188.3123283321979,360.77012736787816,125.94106240365458,146.5480984045233
187.5892442067195,361.12186787486587,125.95168211068128,146.54514595261682
187.0693688779751,361.40191854985295,125.96185241347955,146.54227036644042
186.6228785298723,361.468325232951,125.97175721675993,146.53939554308727
186.08729227394673,361.4871841511498,125.98149390993885,146.53650228291843
185.37976746812242,361.6135497230851,125.99152113885128,146.53349260654284
184.6825179903725,361.7503030885171,126.00148168225701,146.53035498817044
183.88580433870118,361.99394145321014,126.01166954945006,146.5272509308177
182.98806380125137,362.6031321010854,126.02201452071958,146.52418187757507
182.27432357709128,363.3735903207958,126.03241683164202,146.52095023639495
181.45751469093557,364.024592917543,126.04304959857475,146.51757182341058
180.61853848191532,364.4574112927285,126.05343619401388,146.51419207682363
179.8450125351451,364.63499827076896,126.06402244271791,146.5109373247394
179.14856545298204,364.6937656626633,126.0747591620901,146.5077295395422
178.50187049769215,364.7165990070725,126.08535841181174,146.50470381615574
177.9081459717196,364.81529986774854,126.0961540785945,146.50153855215146
177.32225933678035,364.91349287281065,126.10711425528758,146.49836375478148
177.01816407149585,364.68954261002676,126.1182331978172,146.49515773203998
176.84345470610245,364.4913490936342,126.12892359012399,146.49203974563713
176.7354553153051,364.3918959850576,126.13929050466754,146.48901536536587
176.63230075443948,364.3657149791728,126.14949095735616,146.48595996238083
176.4862057739326,364.2525153763234,126.15947530690259,146.48295766904664
176.2483343293277,364.153996317261,126.1693581571167,146.4800801396648
176.02994758289515,363.99292544730827,126.17919773555874,146.4771320076868
175.8354942160949,363.85134597727193,126.18905722437206,146.47411521991526
175.57490117886988,363.77294018576487,126.19893188696452,146.47114260512203
175.19764302760296,363.77132239665724,126.20920748829975,146.46799512658495
174.8372364420941,363.6972901202021,126.21924599920696,146.4650088287461
174.33668722056922,363.812268271045,126.22915651214967,146.46207858728394
173.7498646464946,363.97625257038203,126.23937478423082,146.45905218998587
173.13225969421208,364.2814456597072,126.24959360565066,146.45598244571892
172.41560107650452,364.55236544254,126.26017360027444,146.4527662726352
171.70807917507304,364.9174242792386,126.27098204013083,146.44948039302318
171.03707386167247,365.2292415905905,126.2816965806206,146.44614761300892
170.45336490249173,365.4079790437941,126.29236763466328,146.4428668410754
169.77980020279836,365.54749264825705,126.30318021009063,146.43949800121396
169.21369804714408,365.66731044706387,126.31404138556545,146.43605702909719
168.61039641134712,365.586968150412,126.32470988466791,146.4327002671486
168.02355464179945,365.492548115823,126.33534646770094,146.42931099088568
167.4040532494551,365.4590643615978,126.34604701201796,146.42576703903177
166.77512347884806,365.4617350172108,126.3565296344393,146.42227638078
166.19664681166935,365.5881428194725,126.3672966170206,146.41875584702396
165.62435778928787,365.9823189052828,126.37824498210371,146.41536662754044
165.08246970540824,366.5517632612838,126.38894919322844,146.41217253853193
164.54032603648795,367.01620427705416,126.39933869247645,146.40917052188755
164.02344236541154,367.3896411329655,126.40974804722542,146.4061204575639
163.57042508595998,367.6484939417617,126.42001318884266,146.40317706273837
163.13316554109468,367.73332543528596,126.43025521377294,146.4002115778261
162.84434458602794,367.7737118575775,126.44040618858085,146.39735156305937
162.49245441263173,367.85354732260714,126.45057616521413,146.39445805960054
162.11660604982598,367.90534738503953,126.46073019387279,146.39150948204846
161.77882267208906,368.09463434981745,126.47086008544741,146.38855576862383
161.51859592326818,368.2538582549228,126.48094511671191,146.3855696834097
161.3281923484629,368.4636742361899,126.49118852082384,146.38257606540182
161.08182535555756,368.6330913461047,126.50143992430378,146.37960853525422
160.8219288818631,368.7951840242306,126.51175942866136,146.37663135799954
160.58233689276676,369.02050991214696,126.5221360969881,146.37354156146057
160.30390805792675,369.39581560100424,126.53278145110876,146.3702705052868
159.96208860552224,369.771141965443,126.54338610518155,146.3669459386026
159.60578560456688,370.2298329141216,126.55411379784238,146.36352801476767
159.24261832941662,370.5785499078229,126.56499150476674,146.36007394632185
158.67841625404867,370.83081213454,126.57624546801024,146.35647795443924
158.09114347336828,371.1009360257816,126.58766885224705,146.35283320549868
157.4748231114392,371.340350187036,126.59925251872451,146.34915314358332
157.07419282416205,371.49779551148447,126.61118684272566,146.34535904372046
156.6364030876789,371.56844084169006,126.62302867292695,146.34159504446683
156.21587620963987,371.616993811424,126.63497121055255,146.33776170904724
155.81171594050562,371.73360945377055,126.6468091858022,146.3340246831156
155.34498020732454,371.8877134398936,126.65849845659632,146.33028984276447
154.80472556331623,372.05557004119385,126.67016008836293,146.32663179162654
154.19853773239223,372.3123191642535,126.68141728097265,146.32308930932408
153.503921975011,372.54016580692144,126.69268978274988,146.3195609421726
152.88388469590234,372.89320835750226,126.7038947835865,146.31608657213576
152.2408706812295,373.3943084099172,126.71493547295876,146.31277060875104
151.57439020825134,374.07613240456055,126.72626379524256,146.30946249945399
150.91747408976312,374.6570469442313,126.73744617660532,146.30627738106529
150.2144270083947,375.1840018314782,126.7488297985707,146.30319475214787
149.49784365985133,375.7506551799405,126.76043632739113,146.30009118308428
148.76481785652408,376.27662290213965,126.77186638062462,146.29699924168438
148.1187827919782,376.9624729195864,126.78339616261705,146.29381744009018
147.44184465792904,377.4987293909181,126.79469103938084,146.29072578877813
146.79596710781792,377.88239707713035,126.80600580909771,146.28770053788986
146.0763220093035,378.2337452366223,126.8173853205873,146.28463292965262
145.53231798116778,378.49952194600735,126.8285844474154,146.28163770551993
144.99598299081708,378.6911748308789,126.839907301156,146.27869435705097
144.51857082436726,378.97667130484194,126.85137136498597,146.27568813588567
143.99289973469817,379.26835335968605,126.863007075742,146.27255819615755
143.4956577367454,379.6430626831179,126.8746876077117,146.26934988597907
143.0033072870355,380.02738718680826,126.88607738089937,146.26622776935304
142.55582933030053,380.4006288721471,126.89747126596126,146.26310223587555
142.11445322805505,380.7327546656616,126.90882442546167,146.25991604849324
141.66812011725736,381.10448360325853,126.91983709977006,146.25684871246867
141.20491582133553,381.45901452232386,126.93085216029125,146.25372062401385
140.78578446633048,381.808606216239,126.94169630455121,146.25067925402476
140.33192358800449,382.08718948362235,126.95243747753548,146.24762706099398
139.93133091955497,382.3086397781731,126.96310292126508,146.2446114623462
139.5445678966964,382.5530211185626,126.9734629566024,146.24171911309298
139.15656982030708,382.85053373880623,126.98384269244988,146.23888252893582
138.92664311599248,383.12764395702413,126.9943208590843,146.23603241520433
138.81174557564333,383.3981992301894,127.00462442819921,146.23319073302864
138.6544135999589,383.67000674024155,127.01496422948266,146.23037360215696
138.5762214404415,383.89548725477846,127.02518746911072,146.2275334353287
138.4398211670895,384.16609753420204,127.03545932809921,146.22466232611615
138.36403864677902,384.3847744628373,127.04577351994998,146.22179005983185
138.27600781472864,384.555619766032,127.05626575942152,146.2188295502594
138.25224720923384,384.5912446101991,127.06651624191244,146.21596268390238
138.24655052844605,384.5814039232305,127.0767447005551,146.21305521994776
138.19274516401433,384.55065140869465,127.08676868588493,146.2101956518181
138.05737626012586,384.48362609897237,127.09681705627244,146.2073527008396
137.8815521216367,384.3979431483138,127.10684286144142,146.2045048798085
137.652124129468,384.2483915358176,127.11684475699555,146.2016485305784
137.4175769148138,384.05310173688395,127.12686442086017,146.1987501223211
137.12307212189165,383.88482370938596,127.13706569905673,146.1957881965032
136.7478703773087,383.6951533535438,127.14713348532652,146.1928175938431
136.36259457288966,383.5968311302396,127.15708798436998,146.18986474135252
135.91100897047087,383.5848386595119,127.16685518224956,146.18689580306403
135.42045977739633,383.5790795061972,127.1767628177997,146.18389932909014
134.94846304205427,383.6298104553853,127.18668689341855,146.18087492624352
134.48629433615048,383.6643583950362,127.19672040641476,146.17783657996756
134.04711898943364,383.69444677409825,127.2066991363475,146.17481195900373
133.7039085349554,383.7041653498317,127.21676021301714,146.1718261197658
133.3993122460934,383.7803423291423,127.22661312675878,146.16893369874424
133.17980072138013,383.86328823754377,127.23649426730123,146.1661395466552
132.94540218485483,383.9997814353592,127.24622390627935,146.1634928486237
132.6535994972217,384.1445375392778,127.25599456427189,146.16086462082228
132.37082247781274,384.25010558677513,127.26578494122836,146.15817921573947
132.04380464437588,384.3679861103028,127.2755235447514,146.15549602260216
131.74789822322046,384.4480007867785,127.28514766159077,146.1528780065496
131.50779451765058,384.4965788935016,127.29470708202696,146.15026770882622
131.30380589691953,384.54367149445847,127.30429993122752,146.14765324189025
131.17629961008925,384.53277427789163,127.31391045188957,146.14515126277942
131.05234270813267,384.521861767823,127.32340218982942,146.14259105788895
130.93777166049645,384.51856300025673,127.33292821471214,146.1400754917328
130.88730688071496,384.48861223580593,127.34246977968766,146.137551187439
130.86628222206937,384.4942046414281,127.35209947130916,146.13499901002967
130.83577001915197,384.4827602285975,127.36169049645075,146.13236142572217
130.83846542665754,384.5190906495665,127.37130449231678,146.12970488306715
130.80216550259664,384.55286416967095,127.38088128732893,146.12706610892576
130.7367940496016,384.6605236514403,127.39073160154452,146.12444222244866
130.7874940643349,384.7512762540568,127.40054621728481,146.1218528754845
130.76140631426378,384.8975733676817,127.4103886584142,146.1191812134565
130.7387707564862,385.068708843803,127.42018825265141,146.1165570774675
130.7905365460242,385.20139156565955,127.4299568182478,146.11401241403166
130.78312169373362,385.3729466847247,127.43977314309497,146.11140995144646
130.75264426947834,385.57028065818156,127.4495985126443,146.1088121489477
130.74020057819166,385.7358475562735,127.45957222636162,146.1061970712449
130.70921858422568,385.9339189364565,127.46955703014287,146.1035790768471
130.77297821548598,386.04874158056816,127.47956402644851,146.10101924487597
130.8225253510911,386.1156269661867,127.48949316233998,146.09849723088203
130.87488049172106,386.1414732687579,127.49932624453194,146.0959265681107
130.84311649830653,386.05533527589336,127.50894601366268,146.09336590334905
130.67902526025028,385.9744628086569,127.51850616888478,146.09083481908328
130.45835374169394,385.7477084370853,127.528216120985,146.08830747137557
130.28367165836252,385.54273160371235,127.53808403272689,146.08569489351925
130.16758546800793,385.38224949085685,127.547829134679,146.08311706076248
130.15003242730293,385.1724886473488,127.55743912253267,146.08064525374476
130.12635830406487,384.9546459756139,127.56716761806207,146.07810747366412
130.1328602793876,384.70518765338045,127.57694974639124,146.07561232251481
130.17380509962499,384.4884167161879,127.58686309784306,146.07312389842855
130.1720379246511,384.32858646530906,127.59668483862269,146.07067717452975
130.10294261391522,384.168336088012,127.60650359553719,146.06824225850966
130.03127281839357,384.01716042914757,127.61630316718751,146.06581321220187
130.00413146070665,383.8650095872896,127.6261425732543,146.06335562787243
129.9666495880363,383.70030059723416,127.63591276234587,146.06092722178903
129.89186996859968,383.6038816665201,127.64566969432857,146.0584975698227
129.8042905638896,383.5074826743012,127.65541214384734,146.05612926445428
129.6592036983507,383.46398121300905,127.66510149658728,146.0537547539769
129.56132032108425,383.3949800626523,127.67473322728785,146.0513967440168
129.47490603335353,383.3449050499131,127.68438273299184,146.0489905632092
129.31100736188304,383.2890046838505,127.69403450279361,146.04655386017228
129.10526404530432,383.22858738617816,127.7036563986788,146.04414882654632
128.89556720326416,383.1440387612798,127.71329673035548,146.0417598625398
128.68596565786447,383.07700000039665,127.7228718173192,146.03937037452332
128.4703278135108,382.9944118421422,127.73242738869597,146.0370692770202
128.24862448918014,382.8752716024471,127.74204359202949,146.03472422592904
128.02243277496038,382.781217379585,127.75163225046668,146.0323556431643
127.78401274314746,382.6795127746444,127.76114725253287,146.03000562576943
127.51683738810351,382.5930868263508,127.77067310490895,146.0276387166859
127.31564869527233,382.54650979412173,127.78022259230738,146.02525415006252
127.0988093885894,382.5829599321619,127.78969220699312,146.02289243949866
126.94067935620669,382.6509536754959,127.79919809991027,146.0205423811144
126.76892591402734,382.68003048388016,127.80867373021586,146.01817954259536
126.58739961180078,382.6899812970132,127.8181853478926,146.01582432979563
126.45732164820575,382.680798218945,127.82769909463984,146.01346547969445
126.32240711093435,382.6723797131627,127.83717069986236,146.01113027915002
126.21196627483948,382.6699355688094,127.84662893028438,146.00880018739795
126.08234772289092,382.6527840525069,127.85613386765282,146.00646684883745
125.95482613974826,382.6496851389805,127.86572950259564,146.00408546551202
125.79906993180798,382.64894671200966,127.87524538937387,146.001736739451
125.6527562663112,382.63534117908586,127.8848336869545,145.9993721817267
125.49128866160352,382.67214120594394,127.89436496212952,145.99701411774234
125.31128367152297,382.76513334394525,127.90384083102924,145.99469724817948
125.14503512921112,382.8203680261021,127.91336329340335,145.99233729099277
124.98008135168111,382.8541492674875,127.92267403430779,145.99006370210037
124.80000988392476,382.8838040083276,127.93210636920594,145.98774171465033
124.57113248293946,382.87528783338223,127.94166839592705,145.9853525504175
124.37716650138245,382.856173135003,127.95117160185036,145.98299031981657
124.15881924134096,382.85294234543113,127.96072400848615,145.98059094860204
123.9817972576551,382.8743754897834,127.9701792192966,145.97821386785077
123.78977819051103,382.88328728272364,127.97966274929283,145.97583928435537
123.56739855321655,382.9366831590338,127.98905116139781,145.97345140750332
123.38911438755632,382.99056723823975,127.9984361161676,145.97110447183778
123.208768619297,383.06618146889696,128.00795827512084,145.9687233222585
123.06782336323275,383.1280463277894,128.01749448245886,145.96636282479008
122.87384427486171,383.18869439568397,128.02712257749965,145.96388614182308
122.7192665277216,383.21487307845985,128.03665091671434,145.96146287290577
122.56011610050798,383.24297882979556,128.04635611379294,145.95894499258503
122.4504529158275,383.282532693398,128.05615135474739,145.9564065990525
122.40832601360766,383.29828025238646,128.06594454843972,145.95384902202414
122.36192366921047,383.30987989137714,128.0757774780936,145.95128698430364
122.35737791118028,383.251289555576,128.08552729101754,145.94872640235093
122.31826841281347,383.186747987371,128.09531327866313,145.94613213471493
122.26076209792467,383.1426199036505,128.10509350575842,145.9435577153054
122.26104609123536,383.0937703055609,128.11484692857857,145.94102214965042
122.26578102849376,383.0492487581869,128.12466187424587,145.93838792141474
122.2339688457519,382.9954888444666,128.1345720016224,145.9357101451527
122.18185277497788,383.0526410453158,128.1446037332216,145.93305410930955
122.14633115007476,383.16254842321644,128.15447237053553,145.93039464613838
122.10819467824123,383.2588860980799,128.16463409229306,145.92761689324755
122.04640207292978,383.4366379775263,128.17473961415234,145.92481527516298
121.97584586953158,383.64016869538233,128.18475407835803,145.92209604378317
121.87954595541505,383.8824654646518,128.19475509222283,145.91937315648937
121.7598949562688,384.0949552880215,128.20475644254134,145.9167345584675
121.58534869236743,384.3932310668495,128.21472935717344,145.91405036235696
121.39980316598904,384.7335434833169,128.2247112425928,145.9114131645579
121.28568247091022,385.0278412581947,128.23455641611952,145.9089327962484
121.11306292343686,385.3487968039756,128.24442511945895,145.9063839802871
120.9075048035252,385.6138088289083,128.25429978857113,145.90382032671138
120.70836507228468,385.92188736758305,128.26418492508057,145.9013191741589
120.48511060304921,386.16793332503306,128.2741284941839,145.89877421389076
120.22661414558682,386.32955249832787,128.28413842695002,145.89623985060808
119.93654412745343,386.53131310356036,128.29420372614481,145.8937186630312
119.64119173203993,386.7461202889174,128.3042745786593,145.89122554413873
119.36808304024636,386.9792708431197,128.31439020376635,145.88875696313306
119.03019796406421,387.25598592121554,128.3246083360577,145.88628526155037
118.66937652992603,387.53358839191276,128.33474108251173,145.88384127882748
118.31678757608239,387.8197529945261,128.34481164938632,145.8814205733185
117.95425131390618,388.14989468040903,128.35489796863772,145.87897912240538
117.60845270064473,388.6224865006441,128.36493330789637,145.87651291491102
117.32435278887236,389.1005726420226,128.37496317046546,145.8740932690635
117.02346516272239,389.5488536411632,128.38503256405798,145.87159742573914
116.71189218116483,390.06319481099564,128.39499026041895,145.86909368447814
116.45382031666857,390.5909519096739,128.4051744190036,145.86657683781442
116.17500765129718,391.08224454476135,128.41522433556563,145.86409446432978
115.88415906436616,391.553457488386,128.4252408444115,145.86158769119328
115.60056659481556,392.01913052420025,128.4353093942381,145.85907283923802
115.34490497272289,392.45355207949,128.44523073717832,145.8566355733469
115.12393187786316,393.0710124773578,128.4553053637016,145.8541683622824
114.9142700722217,393.69384839473076,128.46535922486626,145.85168049798776
114.75255708516407,394.28576757292234,128.4753663933823,145.84918557784582
114.58888039124206,394.89598954004254,128.48545602900427,145.84664931076543
114.43059832032485,395.4930606317422,128.49564612761245,145.84410280092723
114.29409552273836,396.047946191438,128.50579920303483,145.84161765794562
114.17663736162197,396.6168863155454,128.5161327637415,145.83906987490252
114.02796263984915,397.1828718058327,128.52635578535873,145.83658009073145
113.88440048094849,397.74407446755384,128.53655829444043,145.83419169977665
113.72517989360611,398.27770778702165,128.54679377516499,145.8317670465435
113.57392254683002,398.8070300315486,128.5570551532684,145.8293403471396
113.4432986981069,399.35545678580996,128.56735507725807,145.8268487399001
113.34259955147422,399.7960354054709,128.5775597451925,145.82454869595566
113.2390891829463,400.19708189157075,128.58766400635628,145.82230225371657
113.08019803597496,400.5620222136484,128.59777543881634,145.82006664911967
112.81195889861003,400.9115125656707,128.6079440445284,145.81778747171688
112.48059801354941,401.2386788171526,128.6182255051251,145.81541677218934
112.14266034208504,401.52465500400245,128.6286124261369,145.81305460940428
111.82018805579041,401.7833670671663,128.6390387926066,145.81067064230209
111.49089901093433,401.98743571505497,128.64923529147558,145.80828672062438
111.14820223575227,402.24073014666334,128.65936245676127,145.80596763613616
110.8989483372107,402.48964722550477,128.66927917890087,145.80370938329946
110.71457370340478,402.88536646953594,128.67912325032282,145.8014144575541
110.66286102892266,403.36063400556577,128.68886899982311,145.79910089018261
110.47018973675912,403.9812415338255,128.69856779438197,145.79677922336504
110.2654104048634,404.59500645320395,128.7083331015164,145.79433368941773
110.00371422948993,405.21031288268387,128.71797334941147,145.79195881702253
109.76553596477484,405.73964763473566,128.7277730913508,145.78953070600824
109.47730375974578,406.27728559520483,128.7374720738195,145.78712289381923
109.24926074028238,406.8363275243232,128.74704884088618,145.7847485788107
109.0553754359,407.10877942445717,128.75668797062605,145.78244115108566
108.92515657681341,407.10994307268834,128.76634921909175,145.78011385462327
108.79318497800736,407.1110973742256,128.77623486031308,145.7778052515488
108.60351366914782,407.11216989693196,128.7862774106074,145.77566020613602
108.3248417121257,407.1132352135993,128.79648269330778,145.77352957280135
107.93907579644771,407.1143365016647,128.80699547358878,145.7713269966706
107.47114939030297,407.1154400512226,128.81761492177304,145.7691198975548
106.89716798616548,407.11657675397845,128.82831645857127,145.76684649204313
106.2198553326017,407.1177547688097,128.83938357344573,145.76449046238065
105.5936368791366,407.11892985589554,128.8506463785464,145.76214028820885
105.15845348472092,407.12002009159835,128.86113575982694,145.75995981680336
104.99003274410109,407.12113718564706,128.8710714838778,145.75772562870588
104.86169218448661,407.12227540282936,128.88069628279712,145.75544919434122
104.66403503871095,407.1234334272921,128.89037925148773,145.75313314541575
104.38554374064746,407.12461826738024,128.90010430500453,145.75076346523946
104.09447347214375,407.1257921004589,128.9098024892402,145.7484157990822
103.8287275601517,407.1269428450105,128.9195495851359,145.74611430997908
103.61040598042412,407.12803591554996,128.9289374717258,145.74392816890014
103.38996777192247,407.1290680882455,128.93835914081382,145.741863823509
103.11728553549369,407.1300650659603,128.94767228072078,145.7398698680794
102.8553028688511,407.1310733345465,128.95694280409234,145.737853330907
102.54619217583223,407.13212916226644,128.96629755814536,145.73574167546715
102.16361446009475,407.13323320125335,128.97576777939236,145.73353359749328
101.7542953479013,407.13436778905384,128.98521233302958,145.73126442189235
101.33075169357488,407.13553720112924,128.99482475907973,145.72892559774152
100.92202786053545,407.1367496232161,129.00455891655264,145.72650075356785
100.54052049559401,407.1379839167924,129.01434086931684,145.7240321664152
100.23037609593047,407.1392097539052,129.02419251387403,145.7215804921896
99.99340493177932,407.14040655137535,129.03391759659755,145.71918689724924
99.82340389290788,407.14156378531436,129.04367158669587,145.71687242937122
99.7221264508542,407.14273731788137,129.05358649406332,145.71452536423732
99.57458557835606,407.14385975915,129.06329443210618,145.71228048169996
99.46364240526306,407.14502779040225,129.0730845490966,145.70994441919547
99.28783503618861,407.14618470932686,129.0827827559211,145.70763058134625
99.04949026184741,407.14736607773136,129.09242070915406,145.70526784453733
98.76226775745292,407.1485172332422,129.10193045097145,145.7029655335156
98.5260113504135,407.14967537393784,129.1114882372316,145.70064925212426
98.27483812039661,407.15085142276104,129.12133683588004,145.6982971544779
98.0766393776701,407.152025161726,129.13141688940632,145.69594967654805
97.82873861819677,407.1532854067648,129.1417106816837,145.6934291864705
97.61922738556467,407.15453601931796,129.15181184558298,145.69092796136405
97.28883438210269,407.1557667387771,129.16166256026298,145.68846652244576
96.91347742347759,407.15702077003755,129.17149896839607,145.68595845992485
96.52354998940936,407.15829886579127,129.1814193611106,145.68340226841752
96.12824495835481,407.1595675243726,129.191301381094,145.6808649512548
95.68631504491908,407.16082873527483,129.20114796285972,145.67834252945033
95.21332858101766,407.16211347915396,129.21111941103686,145.67577304169203
94.81987215665934,407.1633594218505,129.22085337620095,145.673281156299
94.53830422943845,407.16454619843785,129.23069808865588,145.6709076031243
94.123037923808,407.16574409619795,129.24093095531077,145.6685118076041
93.70054203215756,407.1669202137688,129.2514363136887,145.66615957246242
93.3054759064193,407.16809049949677,129.2620516298167,145.6638190010064
92.9188116425124,407.16925083559113,129.27268180529364,145.6614983288177
92.51220827719315,407.17041736340013,129.28337893004758,145.65916527319968
92.10927760343179,407.1715543440428,129.29391434268337,145.65689131191436
91.69535616694279,407.17273168753775,129.30478954951224,145.65453662492456
91.26758093244236,407.17391718877843,129.31566674256553,145.65216562244308
90.88084134405675,407.1751068174474,129.3263792004723,145.64978636510523
90.66085965548972,407.17632444657414,129.33686682310693,145.64735110685172
90.42087459534018,407.1775252503985,129.34700422503366,145.64494949920305
90.16616018668947,407.17874035856704,129.3569177473064,145.64251928286592
89.84545860726554,407.17996340089826,129.36681339024696,145.64007319820354
89.45949488981182,407.1811775899601,129.3768339628955,145.6376448200798
89.0393154743795,407.1823509511383,129.38682379809362,145.63529809772342
88.77309641961578,407.1835096174467,129.3970462432343,145.63298076510665
88.42809505940978,407.1845889026189,129.40675981436195,145.63082219476226
87.99912604287789,407.18570394573453,129.41639226442555,145.62859210853088
87.63820698062614,407.1867987065314,129.42605513887565,145.62640258693713
87.28701722556883,407.18788311875915,129.43569301652872,145.62423376248177
86.94097220911155,407.1889787674719,129.44539307484916,145.62204246505615
86.62119806891597,407.19009343416735,129.45515212203262,145.61981313166535
86.27640882140884,407.19118768319265,129.46471070194298,145.61762463361464
85.88635468819182,407.1923060759382,129.47430215557566,145.61538784812365
85.52360644689786,407.19342553129695,129.48370158129788,145.61314893740604
85.14899281232718,407.194561707757,129.4931592724592,145.61087658448602
84.77463326262645,407.19574574378146,129.50282035412994,145.6085085124371
84.36121159923883,407.1969313803985,129.51273684393772,145.60613723920295
83.8919776344935,407.1981511534308,129.52280211115115,145.60369769313843
83.32829957478206,407.19932837368776,129.53249317816008,145.60134325262442
82.84211928782935,407.2004495152146,129.54215076248727,145.59910096957086
82.37635969307223,407.2016095984766,129.55193049296372,145.59678080304678
81.88351118356582,407.2027570683524,129.56173192834694,145.5944858632952
81.37403530547101,407.20390605536056,129.5716078044859,145.5921878892789
80.85131829607154,407.20503205616296,129.58134340943596,145.58993588767402
