310.5,102.5,39,50
310.04617880573767,102.09409854751061,39.00484693217487,49.997611086741465
309.78879091109684,102.1836563249984,39.0090954683055,49.995540027706106
309.45666676963407,102.32051933297141,39.01330128649795,49.99342665595562
309.10131465226016,102.48670327340601,39.017686546750845,49.99124815215592
308.7490135452249,102.62754002483996,39.02208456722931,49.98909727688009
308.4009466192804,102.72553497481798,39.02647605852646,49.986902640691326
308.0680959501914,102.85040403271141,39.03071950047184,49.984753695837206
307.7847687051876,102.93510537940837,39.03506424850551,49.98256535135554
307.5126655875656,103.06427993706885,39.03945648838822,49.980401290813646
307.28697455143583,103.17277081644013,39.043915423936646,49.978242599259325
307.0662153895615,103.27595689274666,39.048292955077045,49.976102960550826
306.88457681831665,103.37197202146197,39.052659715772755,49.97396019696903
306.72644264970035,103.44031568381365,39.056960620506416,49.97185455733187
306.5992295846345,103.54771514403308,39.0612869426604,49.96972971821857
306.54040485924037,103.64587533030196,39.06562677163778,49.9676262825075
306.4490347531278,103.74667481916546,39.06999397489647,49.965499866259094
306.3606129068018,103.81327365049142,39.074346117102856,49.96341035349333
306.2892913084864,103.85315390690175,39.07866052306907,49.961305051763716
306.2054919224839,103.91542089485728,39.0830927273909,49.95915031922651
306.15166047165405,103.9753592699715,39.08747471224052,49.95703382493086
306.04909708151547,104.0105116326715,39.09195385526961,49.954865821380324
305.94069481958326,104.04491067648152,39.09623903146632,49.9527711501674
305.80380443986826,104.0940661916379,39.100551692017504,49.95068862254542
305.6752040015192,104.13368381945098,39.10483089804029,49.948645300908794
305.52175144050244,104.17366238451768,39.109183498845056,49.94657645837924
305.3509626890523,104.30409525808744,39.11356038991548,49.944495631216924
305.17847225276813,104.47500546834048,39.11786096129448,49.94241676854737
305.01408989228423,104.64278722581231,39.12220785274871,49.940335370064496
304.84965139558767,104.7899858754181,39.12650086868093,49.93824893458622
304.6781397052461,104.94062145548098,39.130863740969865,49.93613745029702
304.506084286701,105.11139346572178,39.13516700807944,49.93403025890556
304.3304065077289,105.28172987260237,39.139441381636445,49.9319489909646
304.15972076061905,105.47223048856252,39.143701730598174,49.92988729823842
304.00618823048063,105.61609412355442,39.14796354270799,49.9278584719058
303.8087462736168,105.79381296607157,39.15223899672455,49.9257755985399
303.59027213272503,106.03946377090386,39.15654627895255,49.92371201263324
303.36600741887156,106.33387711329596,39.16080789726846,49.92162337783304
303.112281916236,106.66031625890386,39.1650941343206,49.9195803026626
302.865634364592,106.94243145267751,39.16932674952953,49.917552070705355
302.6500156360033,107.22100668804416,39.173555518257125,49.91552850541337
302.50834885617974,107.47368642640816,39.17775766539811,49.913496696398525
302.2396608475956,107.80325386222384,39.18208141692225,49.91144164063172
302.0017781544436,108.07088370366881,39.18633618430107,49.90938579799751
301.7956485557303,108.35448650775892,39.19062671159809,49.90732860299861
301.55019745772034,108.60436858039317,39.19492996891442,49.905224766806406
301.3422651421726,108.93318378597431,39.199154283761885,49.9031062713279
301.05321956731683,109.32972813291175,39.203390629434494,49.90097872380766
300.7474152768306,109.63730436954407,39.207527982761036,49.898887261380594
300.4409376317497,109.94075430026444,39.21166873539767,49.89684317577297
300.16065370074284,110.20840583431159,39.215837609641305,49.8948404478543
299.84148858712786,110.45068169969664,39.21999790069111,49.89285617642908
299.5453754595862,110.65101791549478,39.22415185581725,49.89090079061681
299.1988702434116,110.83573139413895,39.228322733379706,49.88887108207341
298.8544398214886,111.06057152170015,39.23246174971872,49.88686599546526
298.5551398904117,111.26942162599202,39.236742625933566,49.884860440869396
298.2758861245074,111.49531277812399,39.240934829144024,49.88290008561059
297.9887975623078,111.699724293391,39.24509491376735,49.88089988551519
297.734829051873,111.91528895022506,39.249326790708395,49.87889641727936
297.5129282922456,112.09258885478981,39.25367694330034,49.876828190266934
297.33853708590107,112.30730174175159,39.257986798683106,49.87477561699837
297.13463602614576,112.52711085137166,39.26225015467058,49.87274614907428
296.8765884941053,112.7268533577961,39.26678704366448,49.87055458467357
296.56498219629503,112.87457551541287,39.271041642916636,49.86850435818516
296.23051655981726,113.03094095850665,39.275334575399086,49.86638945858323
295.89190424541425,113.21640726770252,39.27958074341633,49.86427670279561
295.5508898679989,113.39852656813011,39.28383953927415,49.86223550107985
295.3195339263369,113.6223409766186,39.2880339903853,49.86023935045229
295.20877087204144,113.78871207993248,39.29224972996148,49.85824087389272
295.0229785160228,113.92625714366892,39.296449740031406,49.856212439134524
294.69176220324147,114.05535990963384,39.30054489172486,49.85418603132161
294.231489046681,114.12039622203339,39.304608219826065,49.85220836280129
293.8819131476604,114.21785873419822,39.30866698216933,49.8502369697535
293.52995124900036,114.20998939052403,39.31278784436601,49.848285754766465
293.18775119276626,114.26127494151103,39.316951796078996,49.8463295283475
292.8570982623829,114.39754806578961,39.32113570049733,49.84434834255167
292.6077781912063,114.48699048178194,39.32530149144442,49.842417854481965
292.2796271242061,114.54362618203692,39.32954562011183,49.84042726033465
292.002577190039,114.62125203225898,39.3337782160691,49.83842892147329
291.73425167632803,114.70895767403539,39.3380072969654,49.83641848702438
291.4719457994197,114.85665225112163,39.34220440034184,49.83440688130809
291.1800323641693,115.05257358315967,39.34643588386074,49.83231878080204
290.881283525586,115.258131352351,39.35065324562813,49.830237524388465
290.6003635495138,115.41436543907155,39.35479220614193,49.82819937104128
290.3532499046742,115.57596437618876,39.35894754347817,49.82616172386716
290.0970118289444,115.71828046670659,39.36309770092309,49.824093229202354
289.8309749767425,115.86146197016207,39.36723172808843,49.82201505238479
289.5921841641286,116.05393296249261,39.37127036501587,49.819971845447014
289.4018563693937,116.19282425460298,39.375234106446044,49.817985317020046
289.17990611618916,116.3697360989239,39.379271527108415,49.81592815507727
289.0326183944769,116.58826389236191,39.383358548615874,49.81383940060062
288.7910187457931,116.75301258694785,39.38763491264341,49.81164828202811
288.53026034483406,116.91148190054793,39.39191482615283,49.80945737578475
288.1870809099947,117.09397719590268,39.396136564140605,49.80734060752589
287.8768904205445,117.26754227163998,39.40039791985677,49.80519907037202
287.5899720796042,117.47368148625385,39.40472479748862,49.80309852763034
287.28458997466913,117.7250581658387,39.40910598171251,49.801025734294676
287.0025736846665,117.85951783880418,39.4135285525243,49.79890947416773
286.7835227017312,117.99083476115703,39.41803200002339,49.796748076142094
286.61835068999704,118.1567526113689,39.42241458269004,49.79460989525913
286.42670995558484,118.41025077149042,39.42653573671612,49.792640869175024
286.2047266819645,118.68475357638428,39.43081741609801,49.79063280653697
285.8847025095635,118.93364523367933,39.43518490657932,49.788638960235296
285.48149088921554,119.18011247149464,39.43963790382134,49.786593437813586
285.2202757213974,119.32825963563502,39.443931440122164,49.784540210082525
284.92991820419377,119.53983317449834,39.44820619981396,49.78241805091211
284.61907882126957,119.71284052155609,39.45237601781309,49.7803598272861
284.3725869027861,119.88212019781425,39.456644444547415,49.77829438412878
284.13382317704605,119.97872155776071,39.46086372022533,49.7762666184118
283.9180114104081,120.13069912047905,39.4651553588651,49.7741234860972
283.687387014747,120.30018692633408,39.4694941360348,49.771999620231036
283.43752226950124,120.45868517792927,39.47401995268668,49.76976272912409
283.210515691164,120.63651516700064,39.478455002957865,49.76763074394514
282.9900863709042,120.75048510536406,39.48272037913616,49.76554234341077
282.71438704066315,120.95312329444059,39.486889272772494,49.76347529390916
282.46674779442515,121.13125895144852,39.491007998336094,49.76144788424549
282.1479500603586,121.34472470020879,39.495159693676364,49.759464483000265
281.85546652257324,121.52069683941068,39.49930799693111,49.75746074300288
281.60060322070575,121.73352664513109,39.5034814743309,49.755405798748754
281.36206550882326,121.93263845797627,39.507533692100345,49.753504274413025
281.08898394619126,122.19663829704028,39.511714822258604,49.75152053361333
280.80854545398256,122.46050555268332,39.5159814608355,49.74953338112625
280.5354993091406,122.72411006040404,39.52013473036252,49.747546011516846
280.2889279111229,122.97557763230907,39.52422308494593,49.745626828877
280.0879863960148,123.23833735285292,39.5282551546691,49.743723403700386
279.94410824271915,123.56703731840516,39.53236091399436,49.74180487070154
279.76708817700006,123.88108301058308,39.536456424108025,49.739856286199974
279.60465730165095,124.19495232039674,39.54060629388395,49.73790796455772
279.3649465445566,124.52237323519255,39.54487331879383,49.735988288439025
279.07879787194094,124.82963034414243,39.54912320013121,49.73402355431536
278.7821974873562,125.1400613343389,39.55334293692916,49.732077489411616
278.50977250388945,125.39929253691527,39.557575378285115,49.73007586058791
278.2577367906766,125.63333960233442,39.56180615772868,49.72805399108309
277.9909143246344,125.8701868753434,39.56594118781262,49.726021936625074
277.76061348369103,126.0805794919853,39.57014986623562,49.72400317210463
277.47470256502527,126.34177325167659,39.57435178379026,49.721992156189614
277.14640225382954,126.55044572571471,39.57868769194064,49.719978035349556
276.86791679857,126.73601118404211,39.5829530761079,49.71798082955595
276.57077590408966,126.97214203715635,39.58710340344819,49.71602206274246
276.32091399785827,127.19169740695611,39.5912002000819,49.714086000991756
276.0902169169992,127.41556833804208,39.59522920657997,49.71213299914087
275.89665892922375,127.64939011487749,39.599176782796945,49.7102266392929
275.6567501569569,127.86885309895982,39.60320481016638,49.7082471227922
275.39118087268236,128.08127846571665,39.60750543373107,49.706241007837406
275.1415527061761,128.29816229585623,39.6118253303288,49.704230201615616
274.87819699583565,128.52189034952548,39.616149961687874,49.702244695597365
274.5716370859017,128.68541959845962,39.62072203442049,49.70015876767154
274.32088320827006,128.81780561298035,39.625194107482436,49.69812565192773
274.06740841987335,128.93721920881654,39.62940556610419,49.696216328511944
273.82713504555034,129.0644899702009,39.63354836310537,49.69431824193666
273.557837519822,129.21107278521762,39.63762558991225,49.692399622134225
273.2647536653257,129.36423122859597,39.64168080777388,49.69048273237349
272.92897663634966,129.50285564368,39.64559650427201,49.68862521265884
272.60055743944577,129.67384837037227,39.6494708425416,49.68674863073426
272.28731035351996,129.80839562248676,39.65343538850063,49.68485608659213
271.964177307018,129.92560655609415,39.657458036584906,49.68290941073208
271.66072332931344,129.97976664819586,39.661451241417986,49.68095729140903
271.43496270086814,130.03305382697116,39.66543623841908,49.679095949116764
271.16358997691685,130.07682288283735,39.66948605291022,49.677227340000314
270.8082929314036,130.2210187474206,39.67374024821139,49.67533192225992
270.3868377716622,130.45925458316148,39.677923868341935,49.673427038259476
270.0666601017,130.65838383472592,39.68203163298338,49.671350416558354
269.7837672456595,130.75860531001146,39.68615568439317,49.66919858890068
269.55571693534193,130.8120672180427,39.69029323797347,49.66710913570268
269.38314901491043,130.86374756059547,39.69460772325522,49.664978475888596
269.17740279233107,130.9475112688233,39.69902780312998,49.66287618121713
268.972480362105,131.01558332060895,39.70359976252388,49.66072217171146
268.7231679371088,131.090665567684,39.70804822472944,49.65853780131969
268.4614283088212,131.13737513363873,39.71240857623721,49.65638984634447
268.20505959159107,131.1543141527333,39.71675457078281,49.65422435509999
267.8667177567654,131.30586636702424,39.72128059520855,49.652062228268306
267.48631713216025,131.41867035647158,39.72581972083418,49.64987762605301
267.0862199294873,131.51366402528157,39.73024729573565,49.64776828618901
266.6962459802978,131.62942366346672,39.73475015007394,49.6456250129649
266.2564945043887,131.76203792225226,39.73927849347086,49.64340541773232
265.9257096903623,131.87153709956078,39.74356868970379,49.64140896319216
265.636295331741,132.00954703018706,39.74814927185652,49.639279120402726
265.3668110052078,132.15818482133167,39.75250926279438,49.63726235817039
265.1385661801807,132.30766940724314,39.75687533048555,49.63524433128115
264.83850746982364,132.4709120949933,39.76093813760936,49.63336486775099
264.5588073429329,132.61807241799136,39.76492097291095,49.631497898217035
264.31841153496066,132.79126779365046,39.76894516808672,49.62963579217585
264.1177424615431,132.9654054471944,39.77305656407109,49.627771504651655
263.9067456953806,133.06041926084757,39.7772210894858,49.62593766050934
263.7290989210943,133.12528468844107,39.78138561283756,49.62405285260458
263.55574301275635,133.16757090502685,39.78563006186437,49.62212757167805
263.3911000011878,133.2167368816598,39.78990167259836,49.62022771566831
263.1760037578394,133.28653292463318,39.79411606495584,49.61835400921912
262.9847912690189,133.34860864020388,39.798309755594225,49.6164866924385
262.7498802486957,133.45112560483238,39.80256978046876,49.61457292030414
262.50160760912786,133.57565191132096,39.8068402387998,49.61263025691575
262.26114308667417,133.67383553857198,39.81112497633225,49.61066931809801
261.9901513135594,133.77411718334002,39.81543665852906,49.6086731656841
261.73203331556476,133.89826440965894,39.819804237255276,49.606658518944926
261.4366323440937,134.04730804200423,39.824090813166336,49.604696785450905
261.11646794128825,134.18498947678356,39.8284409796514,49.60267879027428
260.78033608242566,134.3167013514259,39.832776836162914,49.60070706020423
260.4754602270003,134.44641512015014,39.83713042851763,49.59874324617686
260.15491048115587,134.56777537122915,39.841450254259584,49.59683051570157
259.886827780178,134.65874238941527,39.84580036576429,49.59491646893904
259.629251856052,134.76155704237354,39.8501080429691,49.59303635776376
259.4343093230547,134.87969286411473,39.854407473063084,49.59115914539559
259.25702676271925,134.9886067729102,39.85864978093843,49.58933116949471
259.04588707369237,135.06276500852007,39.86281956321661,49.58750194919908
258.8262463419351,135.14155536636366,39.86704818482937,49.585659363723735
258.6403776849741,135.22150615835025,39.871226333988815,49.58383247164221
258.4511697262065,135.3488847614315,39.87544140079883,49.58200617487494
258.2217551537142,135.42077661697596,39.87979728871868,49.58012798017204
257.97113470811894,135.4700405707414,39.88417666247986,49.578212123770534
257.6826608106202,135.48484334979003,39.8886264339674,49.57628395267238
257.3623954771475,135.47398188564873,39.893010138270085,49.57439346157121
256.9637538949894,135.52210800709562,39.89731173758763,49.57253112669317
256.57338681344595,135.57446458721685,39.90162661871496,49.57055794875764
256.0940801349208,135.63608729186163,39.905921511962966,49.56851125324755
255.60069046385635,135.7230977253301,39.91025787904761,49.566430265966446
255.1684096772123,135.79128841100646,39.91452725606187,49.56444583508348
254.7897111900561,135.89835538321083,39.91865026644609,49.56254412276856
254.5412897526046,135.966898024627,39.922706137831945,49.560722446842156
254.42339178085555,136.02205507021353,39.92669346361896,49.55889576800258
254.26774657444437,136.101761945696,39.93071829674084,49.557028626677734
254.0443791279098,136.18781317167378,39.93473101826497,49.555193801365355
253.86851867490483,136.25056496572859,39.938853580187306,49.553289824478476
253.65682492262806,136.34812822126636,39.94303705828022,49.55139312280636
253.41658031081752,136.47045965378604,39.94711964804737,49.549532937305756
253.17158716905058,136.57405532625725,39.95112002664921,49.54771681671521
252.93988222022634,136.68583916433516,39.95511335601843,49.54592209442728
252.71488451660258,136.84110286216293,39.95916218905485,49.54411999622276
252.49587504126936,137.01972788690682,39.963254915012755,49.54229843379743
252.2954703788908,137.22364017601325,39.96735050609673,49.54041414985031
252.08146728623902,137.41352532903278,39.97144979886222,49.538507936399725
251.87297890942025,137.575637889067,39.9755631191387,49.536623483579056
251.6740636764538,137.71389972724484,39.9796570736027,49.534706571539935
251.45683692080445,137.84911814490852,39.983605309175104,49.53285482208136
251.2326371133638,137.99633298494072,39.987572933671316,49.530985212770084
251.02796892285363,138.16384651538849,39.99155606657236,49.5291123533821
250.81207673841521,138.3821144152198,39.995546873036886,49.52723919381422
250.5896436097129,138.59965031491356,39.99960036388957,49.525333808925986
250.4053323355898,138.83195901250076,40.003749926868146,49.523378216520335
250.19249665630127,139.07410906986797,40.007906476313565,49.521423653038276
249.95701404461533,139.33174669861813,40.01213818442283,49.51946103334387
249.72548596621448,139.58405952216984,40.01623535780325,49.51755258318184
249.51400090728873,139.86485937745715,40.02045143445983,49.5155725377531
249.31296546779134,140.14450891484128,40.02458224401754,49.51362797281531
249.08600729456563,140.42064220488234,40.02866835641824,49.5117515766588
248.8327888136263,140.67622943664813,40.03272041725013,49.509910962080504
248.54610747450073,140.94680233536855,40.03689396424134,49.507972205903236
248.256552343525,141.1841192694498,40.041283664688464,49.50597864349821
247.94836278299235,141.42968031040036,40.04557917188123,49.504046245988164
247.65317271477426,141.63409909650284,40.050020795038435,49.50205880314908
247.4128768136568,141.79335966655796,40.05461330156185,49.50001007419454
247.20208260409774,141.95314464998532,40.05904925629016,49.49803138708494
247.01572001899092,142.0893935200091,40.06339602570117,49.49609361360152
246.8267214611246,142.2368659486956,40.067520295068846,49.49426103421321
246.64998635161584,142.41307571799223,40.071701782272925,49.492447698699166
246.49461028030237,142.5740507266412,40.07579148459988,49.49067088534638
246.36242651363122,142.75331189231034,40.079909164808036,49.488886435907
246.19977812671576,142.93706797325507,40.08403283697537,49.48710259270876
246.06772573819194,143.09916109011877,40.088212755214506,49.48529719975973
245.88920871805306,143.3070941823624,40.09254337318431,49.48339400531799
245.69325592381162,143.49730762152655,40.096891216687325,49.4815283257011
245.45744020196562,143.6963424522682,40.10120913231839,49.47966927508434
245.21295552490358,143.91323022961208,40.10562017235748,49.47773160696848
244.95404857073046,144.17744835262567,40.11019481621546,49.47571517934263
244.68011355343916,144.46763150914188,40.114588805666415,49.47374786886223
244.38750945822795,144.806304658651,40.118900022478876,49.4718551731117
244.0791790920961,145.13677595062802,40.123356918301546,49.46987811716895
243.79656683249388,145.45259871970802,40.12764480773384,49.467937590853566
243.58139283127178,145.75277761721162,40.13208302276158,49.46594259930556
243.3032948160825,146.03930795057715,40.1364296879057,49.46399444611663
243.0596423233506,146.27832956560755,40.14072995435061,49.462101460530256
242.8244323994185,146.50779184525223,40.145042314536276,49.46015650381622
242.54528118972908,146.7428673778637,40.14930620928742,49.458239798811356
242.29367643532285,146.982665210406,40.15375665700177,49.456243069092416
242.0735359789347,147.25379919280172,40.1581954133679,49.45428751370191
241.8583827846514,147.49779062916485,40.1626127867367,49.452335308995856
241.6447681926309,147.75556721663767,40.16678629217173,49.450536621087906
241.40534332788587,147.97079795908346,40.1711028810024,49.44864758230418
241.13529674308523,148.1899416716754,40.17546503301413,49.446706062185854
240.85745527363133,148.34386346613744,40.1799286277828,49.44466943789765
240.59058226673835,148.51998886180817,40.18417046161423,49.442768877488405
240.33476988700653,148.6959349680314,40.18833868001649,49.44092884294797
240.1277360934186,148.87625520215366,40.19250357535124,49.43908744482331
239.93987705689943,149.06357116581836,40.196648110801426,49.43727091785595
239.74449670437252,149.25323767325852,40.20091173552919,49.43538673000388
239.53703821243246,149.43369260933298,40.205093291076004,49.43353154249394
239.30141581503892,149.59873264057381,40.209343621465706,49.43177240047963
239.12995298152467,149.7561081212678,40.21366334815225,49.42995330454537
238.9717660955414,149.9530663990864,40.21793480230874,49.428144891284155
238.80176849986503,150.10216321293547,40.22222980955465,49.42630075923533
238.51636565020965,150.3028775800163,40.226489187950186,49.42449157458658
238.15485812879996,150.4719228261876,40.23074904516543,49.42272285338882
237.7939636259273,150.6729176855549,40.234957017204145,49.42098061909979
237.4832885493354,150.81608659137922,40.23899259328523,49.419263181892276
237.19006071869362,150.94201429064083,40.243123511297945,49.41751560817146
236.91503773629356,151.06815827433937,40.2472760453882,49.41578688135401
236.64026725202038,151.1474602045398,40.25131262274118,49.4141060467996
236.36920681265445,151.22870620007004,40.25530733083783,49.41246078084539
236.16737177813644,151.2782758147822,40.2592417107106,49.41082443867002
235.97998405745167,151.35437182845703,40.26333056140862,49.40914723749892
235.78752908363595,151.4543037707977,40.26738786936493,49.40751801523118
235.60391649506028,151.58334430812718,40.271373728383885,49.4059115547156
235.4644637933298,151.69927242453753,40.27535041303955,49.40424469002371
235.3148483019686,151.80567603459338,40.27927644170994,49.40251514513534
235.1741651406181,151.92988621586807,40.28335599645134,49.400752392525504
235.05269733032756,152.00587825524929,40.2873946808542,49.39899493658302
234.89668842785576,152.10339351798754,40.291777953346184,49.3970084030298
234.71275601979718,152.2165398419364,40.296239985592656,49.39499380281297
234.50422739833613,152.32983705787922,40.30059422105512,49.39300494613124
234.27985575874442,152.4447212097575,40.305101489925484,49.39091953088253
234.01460475713273,152.67781882973128,40.30957426398475,49.388833771315966
233.68964163885587,152.94109092864997,40.313975343086824,49.38679202966675
233.40580638061866,153.22229593373558,40.318470598540614,49.384734166121085
233.14172616065758,153.4625975932588,40.322802412783766,49.38283050141538
232.90595873778184,153.69398453429022,40.32702811141568,49.380996116108136
232.63031735131483,153.91829697789268,40.33126142155449,49.37917569276661
232.33079226143852,154.0711683796896,40.33551375165196,49.37732800502512
232.02672328668103,154.22032067044174,40.339658642962284,49.37557021054436
231.68257603234662,154.32069536908162,40.34395003693077,49.37375118109201
231.3513334876942,154.43896643021762,40.34807381050836,49.372011245309146
230.97723710160437,154.5515198784977,40.35229672499531,49.37024076225168
230.65711454142985,154.6785643203625,40.35645991136913,49.368497470305556
230.37917613018263,154.8365398170736,40.36053833060047,49.36679405526588
230.140985959407,154.982000823324,40.36464341504115,49.365092673887666
229.8813162675745,155.12443419472436,40.36869092906581,49.363434867539816
229.65939932951684,155.27969213768984,40.37271390330085,49.361777406033966
229.46675288019853,155.4692239018593,40.37665339383926,49.3601659829788
229.29734796330732,155.6480195143469,40.3806892102877,49.358492360781064
229.10879070275567,155.8423662107323,40.384688907095956,49.35685379879984
228.91804056202244,156.05837703366436,40.38871646007155,49.35520167908354
228.74683671480054,156.28226687963735,40.39270316738619,49.35357884653546
228.5430773013956,156.54812527586188,40.39662636784183,49.35197634718488
228.35265090479976,156.80593132544092,40.400557894716115,49.35033271573919
228.15368422588006,157.0284559245613,40.40449239124271,49.3487174281067
227.92847103690727,157.27701871571372,40.40846674758942,49.347104122689764
227.73897177763294,157.48054681218403,40.41246028915028,49.345476011500025
227.58347886701893,157.65019963879112,40.41643498290635,49.34383105836861
227.4145995395444,157.80997452228155,40.42044735360893,49.3421512526495
227.21761623294276,158.0064041171712,40.42440244761862,49.340495347133796
227.00943164534797,158.18743535060648,40.428388096244525,49.33884500108236
226.79139093694184,158.37522446937322,40.43234364664368,49.337178501944535
226.57864347821666,158.52242343676534,40.43635266321513,49.33553664778774
226.37924043046218,158.70409282140355,40.44031228956024,49.333902973087206
226.20731116263056,158.88703406940525,40.44424529765079,49.33227933266511
226.01254832498014,159.10251225673872,40.44820825503704,49.330619928365586
225.8252164536756,159.27966661583633,40.452234968236745,49.32896504141389
225.62350200620122,159.44055262107193,40.45626592374189,49.32726767860773
225.4441685856432,159.62029286886377,40.46029311546675,49.32554975817359
225.24025220498922,159.78090332016757,40.4643899112844,49.32385230927841
225.01112115219482,159.91924648649348,40.46847666382296,49.322170333726135
224.8081324456059,160.0297493320062,40.47266977619666,49.32043078912216
224.5606964577576,160.12780129593864,40.47688907149627,49.31869754826519
224.35881079486614,160.2318156697778,40.48115531848658,49.316956780666494
224.17658315547177,160.33941460117398,40.485364117764036,49.31522486180668
223.9774324888455,160.4356999106816,40.4895754840042,49.31348457781243
223.74993216941786,160.57181135578884,40.493719288209455,49.31177915605039
223.54448992859727,160.67434192556263,40.49792214281544,49.31005030655622
223.37361145794077,160.78733703684324,40.50198747903738,49.308393251071095
223.15833984479883,160.89352333780894,40.505985860217045,49.30672287470561
222.96176758380867,161.04367519641144,40.50996572579671,49.30503002357042
222.76383915408812,161.17567262613426,40.51396299423056,49.303361821896814
222.54856229791898,161.3340834012755,40.51794816861832,49.30169702944593
222.34283056361124,161.47897146324814,40.52192978804018,49.30004302302001
