206.5,85.5,49,57
205.94983762266997,85.15457367501824,49.00459690863363,56.99869618610206
205.54892468572868,85.43961179575624,49.008865845775325,56.99757643895741
205.15898468233365,85.65800013408982,49.01307437047922,56.996454789918204
204.75333566131582,85.8439490395873,49.01722324068564,56.99530692933217
204.35075078927377,85.90999467761445,49.02103720559876,56.99411530611658
203.93232241887358,86.0544661937269,49.0248398806948,56.992937747019056
203.47164058951327,86.22344362982496,49.02875752215011,56.99174113078149
203.1129768473819,86.40015681793864,49.03276796978412,56.99053922373899
202.68427859869112,86.59456559442236,49.036890956232746,56.989312615538545
202.1898612839292,86.76736880878362,49.040850264368345,56.98811675529178
201.7221707559276,86.96576418462989,49.04479525851243,56.98690084152227
201.30976316801,87.10787522769058,49.04879248695994,56.98563043820689
200.90801746374336,87.18328308531264,49.05285131979054,56.98436238927407
200.6355644870591,87.30325697605255,49.05668716951376,56.98315409830325
200.3540347630236,87.40332882895262,49.06056224515967,56.98198772879062
200.0825075723937,87.43356764038677,49.06452480093425,56.980794051631804
199.91862164906408,87.4387792708845,49.06847560958574,56.97966455360333
199.62938917955455,87.70931123675231,49.072367747014795,56.9784067494159
199.2568774026783,88.04971071108986,49.07618817147581,56.97719117142641
198.94217897808474,88.31219220494579,49.0799737154261,56.975867981878906
198.5441832049473,88.48665326453532,49.08372142339074,56.97465617411266
198.15492033852132,88.71491235480948,49.08748238001286,56.97347960089656
197.93131404903446,88.85895847980149,49.09133755093986,56.9723759370999
197.631339276109,89.14168319287353,49.09532868509718,56.97131371321871
197.33009155652098,89.33276360929824,49.09941769021409,56.97022036498651
196.91345220230323,89.60966917281488,49.103527780924225,56.96900622424704
196.68856065254153,89.8054606290957,49.10751096346499,56.967830397104095
196.53870185207717,89.90385356974114,49.111530189883865,56.966646217549645
196.24911943671907,90.11791148920472,49.11568871442867,56.96539130715798
195.9940870142026,90.44245271553666,49.11969748913387,56.96411198225973
195.58808189951915,90.71723694483313,49.12358275903189,56.96282394158594
195.39133829893427,90.81712693734735,49.12762617524946,56.96177902976633
195.0934692770942,90.99182304663401,49.1317555157932,56.96062375944474
194.88774720378296,91.16032352542959,49.13603246614187,56.959413853241365
194.78771548812333,91.10095901355024,49.13996100237483,56.95825086839744
194.40466731744792,91.3290664924524,49.14390353942345,56.957066322074986
194.00223932527626,91.65797833751924,49.14793362988782,56.95575924351738
193.8169569079773,91.87826009421804,49.152125968596046,56.95470631399736
193.48771128241106,92.14662874559079,49.15587783984572,56.95348616737597
193.21226764225673,92.23961073164341,49.15979034197904,56.95236758320636
192.84171490983488,92.61276764851048,49.16354105142112,56.951224700361784
192.48884467028915,93.05276523571601,49.16763037456397,56.95012361660321
192.0955760446043,93.26644587885379,49.17162360909563,56.94891828492703
191.75499856928428,93.55655626102923,49.17570829968769,56.94777500279966
191.45538497591753,93.74333118971843,49.179702880487085,56.94664131387257
191.04627092510805,93.99226571103047,49.183699109547454,56.945555527779256
190.8356136113566,94.11603872443669,49.18742505606777,56.94441337393356
190.73081103430906,94.35511651781371,49.19115456011457,56.94327921314196
190.5265777933275,94.39664878017139,49.19489724880945,56.94222860837615
190.20197560877781,94.50255198492607,49.19864315805471,56.94109028587242
189.8543508343713,94.75916462369513,49.20245683335929,56.939963082293644
189.49793095040314,95.04364167009439,49.20620142126097,56.93891876665958
189.14396679936004,95.34287036232286,49.210131098068715,56.93783218555881
188.78978502980047,95.64348881450887,49.21401500242606,56.93675641638348
188.44629420339862,95.92739824845846,49.217952758077764,56.93569421419094
188.02351399237358,96.03588086125673,49.22168954264234,56.93453909379898
187.66914138215378,96.16516166419692,49.22549140418382,56.93343024408507
187.4620747160693,96.31457250935811,49.22945939664443,56.93236099373839
187.19695241391517,96.40644248658684,49.23371667385384,56.931244142541935
186.89887087860706,96.53582680937984,49.237879379212785,56.930191705652305
186.6441581789155,96.65555792266551,49.24214546014885,56.92912747967893
186.40654489313488,96.65619572358385,49.2461497800564,56.927973995419364
186.16501980552647,96.72658627994053,49.25028775076922,56.92682843070157
185.89266810299083,96.81610395374335,49.25430967447907,56.925719310546285
185.59040030299514,96.95590875216794,49.25818924190819,56.92465518274277
185.30100991161694,97.03071733965807,49.26212608154554,56.923501733806205
185.02064247104744,97.19242713124584,49.26607549839773,56.922369769744584
184.78426906421225,97.37716816577255,49.270153016757156,56.921185605421016
184.4411100716967,97.66675384294366,49.273932134791465,56.92005085739058
184.1414476326459,97.7921563166257,49.277851434279825,56.91889845965095
183.84710281697824,97.94181174482199,49.281648911875216,56.9178171486132
183.52378013484977,98.17078934118926,49.28562692297892,56.916711083886554
183.24606145772694,98.37912462843806,49.28953922086242,56.915669657872215
183.0313053439143,98.50050335766448,49.293406216287025,56.91464628688659
182.72046608545202,98.6080132188577,49.29723115130626,56.91363851678113
182.39532104570742,98.6289751502716,49.301147243597576,56.91264090178851
182.0958449073645,98.7766107528401,49.305023972588316,56.91158650830847
181.7761947174717,98.93075527290898,49.30894223653298,56.91042404983955
181.49254387718116,99.04162908866572,49.31293383038691,56.909242691061685
181.1105514555927,99.10650958318035,49.31690777545056,56.908086322727506
180.72325627972373,99.20953640052068,49.320968857016375,56.90689006724493
180.41786977145676,99.34086168398099,49.32499013357156,56.90573187188345
180.17736198509155,99.43110029124075,49.32887171696785,56.90463860580926
179.9529020698569,99.45500035337407,49.33272038664385,56.90352409150913
179.79598010202918,99.54627339494678,49.33658354241305,56.90252870485592
179.78225097826402,99.52208785912296,49.34052738132518,56.90153361155103
179.49038895996725,99.58479892970709,49.3443394110637,56.900498078983375
179.34282707351608,99.68659730035596,49.3482177532581,56.899429307761274
179.07433797179667,99.81848009834695,49.35221324967332,56.898373836033514
178.7947592354453,99.99517569600326,49.35608240755672,56.89739429829268
178.52340376238823,100.17271057067707,49.36006040775181,56.896343833193406
178.19000120712624,100.33236515395198,49.364016270820194,56.895358100042785
177.91172632211578,100.48611298717788,49.36807741579152,56.894368381896136
177.68853939139896,100.6970678956856,49.37203961607705,56.89344134295302
177.33452554608095,100.9531877632046,49.375974863723734,56.89246617052187
176.96523041561608,101.23745311017251,49.37998878016342,56.89149585132281
176.60973004581442,101.52214857255828,49.38405709426778,56.890464122737335
176.23772214488136,101.83515420085729,49.38804654134416,56.88937615496151
175.9007900345902,102.11637945582065,49.391757978532674,56.88841004149244
175.64173364850612,102.42225610821163,49.39550960758863,56.887306620457586
175.2609136190452,102.72387096865195,49.39944075938311,56.886199146796024
174.86678238359178,102.9243187468785,49.40329400530286,56.88516126041167
174.40772265007303,103.22707928452334,49.40707208220752,56.88412992883154
174.14573499994583,103.35150642787161,49.41091943036305,56.88311616585481
173.84268458883153,103.49552705132294,49.414472905046026,56.88211521216885
173.60315909855154,103.59292612132597,49.41811250030818,56.88112768412604
173.33496104715337,103.80354103519967,49.42198491145037,56.880109827184775
173.12963056451545,104.03987761847829,49.425902231058146,56.87909155259532
172.88440258434701,104.20884267927258,49.429751474285375,56.87823392265256
172.66718392508213,104.36107612078852,49.43364095937242,56.87738865956046
172.48813264432945,104.55730031113724,49.43761614360614,56.87645559344204
172.3653687471632,104.74656958328623,49.4414692315988,56.87542816302612
172.0508665740777,104.9000927376328,49.44516673305852,56.87446279171855
171.72461299384557,105.02283920871285,49.449020147871515,56.87352310261306
171.38826864161706,105.23249075739254,49.45292930034568,56.872510590533146
171.06662316019617,105.47973112933572,49.456828304473916,56.871477686860565
170.72063302813763,105.68366075125147,49.46073445665252,56.870431826131494
170.38104453573368,105.83433238916263,49.46461906875683,56.86940926502131
170.03870740873157,106.22349562288585,49.46867211600069,56.86843673996911
169.72203176477637,106.49801024276132,49.47262404468486,56.867443598698415
169.382926047456,106.77677613714707,49.47661634785584,56.8663583025989
168.9886596767649,106.9267546418557,49.48066446437536,56.86517076721117
168.6904263385928,107.30040316007484,49.48450731087797,56.864100637549306
168.46901862857487,107.51224984965887,49.48861233939239,56.862989795317034
168.26161372769826,107.8024232359192,49.49245115525618,56.86195248629734
168.0279792106185,108.01060926931329,49.496390248381395,56.861013826339025
167.88641443815922,108.16128397024977,49.500309047011626,56.86003309111493
167.7715277995523,108.24286150888386,49.50437887616827,56.85912282550085
167.5928058483939,108.30752111645033,49.508338743946794,56.858136776609534
167.37839072655703,108.37396746998117,49.51198211513826,56.85715369328998
167.22301650377892,108.44403627915923,49.515687604342226,56.85631899920924
166.97911281544074,108.63724101188646,49.5194098980108,56.855444177881665
166.72864132683134,108.84286972195763,49.52315521740606,56.85451815598802
166.44706000007665,109.02105318186548,49.52693388253499,56.85360985338271
166.271449667174,109.11587783359779,49.530804785423676,56.85261144110287
166.19614190154277,109.335884109762,49.53478418826056,56.85176141132886
166.02621751151202,109.36791992960026,49.53857560338147,56.85087564975034
165.7437476296327,109.65780954752296,49.542563895811334,56.849840110117725
165.54423356411013,109.66132828139911,49.54625951161675,56.84910132548351
165.38572617248053,109.83850515922374,49.5499198622931,56.84834378031396
165.23912083387043,110.07457492351695,49.553902457810146,56.84737688251445
165.04637650821496,110.37805091974258,49.55763134635708,56.846466202280894
164.7346121413451,110.37617493390093,49.56114267077216,56.845500199040664
164.4440610918074,110.45079510290775,49.56471361092345,56.844605480467095
164.18996839456526,110.5354432621733,49.56836571454472,56.8437789336788
163.69569166092364,110.72537460236136,49.5722233300251,56.842674266551136
163.4742321714103,110.74441526067582,49.57606499133707,56.84184569644463
163.24321697007713,110.82833236858414,49.57967404447801,56.840813633619284
163.10657730865694,110.97576575508896,49.58339624890255,56.83971058755935
163.01414290478579,111.10852045805896,49.587193685804785,56.83871461459893
162.90269900599574,111.29595926112243,49.59107078756977,56.83770380496551
162.60530959845806,111.39955066499618,49.59484087986299,56.836730567387455
162.34592273919418,111.64336532386008,49.59852460968228,56.835738782370704
162.2454392685191,111.75046800330912,49.60225043844257,56.83470599334355
162.06019950590297,111.90949778518666,49.60610218109161,56.83372424512118
161.78871704208643,112.04980730132397,49.60993016252334,56.83271611491756
161.54967649569994,112.17138435388391,49.613784601720425,56.83174949489651
161.25716584013932,112.31523693002063,49.61761759172812,56.83070319591554
160.9577584065866,112.44939737247431,49.6215479440249,56.82961624898692
160.5604112162768,112.6161373465726,49.62527056866307,56.82866322301628
160.24837446351103,112.68753719023807,49.62907429880398,56.82760065404872
160.0458668775391,112.82576672760109,49.63265928113826,56.8265561653899
159.85319346427727,113.27488566912538,49.63654675230763,56.825697740291886
159.60480172204856,113.49118688052617,49.640311549993655,56.82494795621178
159.39544879553355,113.59053472151903,49.6441198419504,56.82404547483814
