347.5,58.5,103,251
347.319849775836,57.359754713468874,102.99906500855062,251.00556748689587
346.61447719604513,56.590364428292546,102.99869750200232,251.0104835591101
346.0380766591842,55.96505499567118,102.99819602540828,251.0149201018507
345.42536835522634,55.222725050467375,102.99772163925209,251.01960810657715
344.79836334349545,54.336368452306786,102.99728813644586,251.02427075148384
344.1420778248474,53.645756261798226,102.99688364788597,251.02890130429967
343.3969638681658,53.05513636521242,102.99660360092957,251.0335495819302
342.62924449238056,52.593669657117545,102.99630650693426,251.03828864453948
341.9329199588682,51.906376240635566,102.99600778095214,251.04306942624916
341.193409485463,51.22731177149613,102.99571034740669,251.0478086245378
340.4976009594334,50.57299796164641,102.99538990518792,251.05266725181323
339.79431403370353,49.97523955112722,102.99510114010869,251.05739449250646
339.11093196889135,49.492740614123505,102.9948153372532,251.06214252530066
338.40389478087627,49.18857744942203,102.99452120303702,251.06700162867517
337.72904056584,48.8311841890676,102.99419527699226,251.0718544512067
337.10299615413663,48.494757173503544,102.99386498628621,251.0765525737502
336.49167849232526,48.22772876174726,102.99350991627034,251.0812128632967
335.85639284463036,48.186894099906,102.99317655143528,251.08576841703075
335.1974489671004,48.2784464481127,102.99287885784858,251.0902234891749
334.54010788857147,48.38053466931869,102.99257860066092,251.09467927752158
333.85798675742365,48.51374576961399,102.9922448808627,251.0991389979839
333.204287584409,48.62870130402975,102.99185890796808,251.10376250568763
332.5315143281413,48.88234597676917,102.99152073975536,251.10829234403522
331.9914797429151,49.07654670042116,102.99119170826546,251.11279356902205
331.37081938099817,49.33966093796248,102.9908712682733,251.11727906936895
330.6334133972069,49.24165351548491,102.99063278648457,251.12180611026886
329.8875148497885,49.171674169589195,102.99033500693928,251.1264397427656
329.25177807386774,49.1414015210853,102.9900471413919,251.1310840152828
328.64914917857396,49.06544948230082,102.98971599517371,251.1357088005067
327.9681206379629,48.57727494592663,102.98941259894835,251.14058626557
327.173538388359,47.93216337350184,102.9891156523477,251.14547994932187
326.3260411817034,47.4096827302065,102.9888004266819,251.15040574969123
325.46081559752196,46.95503200541849,102.98849614670341,251.15535304420362
324.5871804235541,46.68587552255768,102.98817249573007,251.16031166794144
323.6325688650696,46.47812446342408,102.98779022882616,251.16539295119048
322.62390347731434,46.15365056202009,102.98734046196299,251.17054454847784
321.53822511877036,45.81930545527959,102.98690395662358,251.17579191184592
320.6463629888603,45.49108944512237,102.98652589577257,251.18091706456087
319.65513061131253,45.53603263594984,102.98613473484492,251.18603969691637
318.7744800622799,45.670860225282624,102.98579480736696,251.19136890779433
317.9451781662232,45.661706191360864,102.98543813786385,251.1965452919455
317.02140052738037,45.61785023243884,102.98512270803755,251.20197910715322
316.098151592495,45.403360208097,102.984737400051,251.20725888279995
314.8945313665343,45.475790273769235,102.98427802859295,251.21239419766061
313.780330114036,45.34561973079346,102.98378081625862,251.2176810481538
312.5856448943345,45.21692034174916,102.98328204255729,251.22279753459162
311.32059234613706,44.926219638580804,102.98282449971573,251.22799368732726
310.1433197549572,44.830299743385766,102.98225283789826,251.23345452187627
309.10431934323316,44.64019452337028,102.98169235534661,251.23874408707317
308.0913154222031,44.43602666827394,102.98120736331556,251.2437802867869
306.90896011233855,44.35295585693498,102.98067430972006,251.24877371896645
305.77247684680947,44.19783379971177,102.98005814386349,251.25391813749192
304.6813303299418,44.18103438948194,102.97942714538756,251.2591939967702
303.5106932247403,44.40929925956384,102.97876619801468,251.2643512254098
302.29412015380046,44.8249054377079,102.97809638377859,251.26947726996244
301.1727093932166,44.991864483777704,102.97736522016235,251.27466079039073
300.0340642783274,45.34214026839369,102.97661098773682,251.27991857594085
298.800184908074,45.466250869596934,102.97597568718223,251.2851567675125
297.553186225338,45.83137143943165,102.97543903699875,251.29042973220936
296.372511007862,45.937236256418586,102.9749439786341,251.29542510493505
295.2191434997227,46.03354969788931,102.97447498681028,251.30032539217487
294.0907084371569,46.18165910035424,102.97409361085853,251.30527499921516
292.94071766144936,46.22609559045296,102.97368229613888,251.31023763363936
291.869749900136,46.3931531894107,102.97321707718845,251.31513267437134
290.7690523476309,46.47306747920108,102.9727834640132,251.32008985245145
289.4681281997036,46.85380128904626,102.9723835680344,251.32498466142624
288.181694720817,47.315672401728705,102.97197233710212,251.32992756475016
286.8880484796085,47.39726345629815,102.97139088381958,251.33466541920953
285.6498633790195,47.551009096829915,102.97081854578258,251.33952882202203
284.65901225465916,47.57020150560908,102.97017080270483,251.34440226539925
283.6438764364887,47.62478690896971,102.96950047584998,251.3494250248215
282.74278813725437,47.153939043033716,102.96891313541488,251.35445373160422
281.7807255166221,46.762891338906215,102.96840141664977,251.3594571002741
280.7869495991763,46.57948047998404,102.96789981049373,251.36453656004656
279.8685628143728,46.33357189563078,102.96742338582266,251.36967187998866
279.09161657118887,45.882998149239555,102.96697670173467,251.37492746794018
278.29931365856874,45.34019523917374,102.96651799660228,251.38010075385398
277.5700732840854,44.711409917505975,102.96599923098915,251.38536386297167
276.91295121920615,43.988242622941684,102.96541687225286,251.39065614806125
276.06293255979557,43.38560107232415,102.9648449839207,251.3958548014356
275.2309290187418,43.068748321246176,102.96429353617442,251.4009656070698
274.51780066330485,42.61990616964111,102.96378110966576,251.40615505296867
273.7210224430363,42.195729102850294,102.96329715637357,251.41167602519624
272.9433074139751,41.90328849646478,102.96285501257634,251.41706371532322
272.140212199839,41.930774947081474,102.96243144720384,251.4224145628274
271.29915407333533,42.21466733294589,102.96205425195372,251.42766681941126
270.36832302594036,42.40314576895436,102.96169168186488,251.43280793671508
269.33899083541445,42.3367696116034,102.96135914709937,251.43768338853343
268.2148009339896,42.142779086270906,102.96096918981735,251.44254250168507
267.0839834333607,41.70298864697129,102.96057740427091,251.44754329500674
266.0254420624301,41.271244625789166,102.96017462290817,251.45251667081368
264.89954593263883,41.23018833878821,102.95988071992355,251.45752344698835
263.7175770204078,41.4093763308681,102.95958910369657,251.46243166325849
262.61812208915626,41.58527218808504,102.95931454847499,251.46726654885168
261.6374232997008,41.74160207449357,102.95905150383558,251.4720539913533
260.65636807145813,41.65319578639415,102.95878858442819,251.47697870785004
259.59673246560106,41.54554371198296,102.95853531723,251.48199865338148
258.49986318745624,41.294857159658264,102.9582416812895,251.48693036394022
257.36828946331855,41.07442038703638,102.95794923584234,251.49194744765902
256.2673792795379,40.66816687186544,102.95762760320522,251.49696740744045
255.2123726635677,40.17630483790366,102.95724897990576,251.5021096892083
254.19936890384005,39.576848497479574,102.95690910060311,251.50732420225557
253.23013275726333,38.890233518034364,102.95654386552778,251.51247962482245
252.21683999741464,38.144707800802635,102.9561287195605,251.51763924028566
251.17182956157654,37.40546188406374,102.95571790102063,251.52287281685122
250.11427978958878,36.65608374967633,102.95531222649034,251.5281256342787
248.96534388966018,35.957175387786734,102.95490831719532,251.5333868828229
247.84241030709995,35.46191396174724,102.95451245512456,251.53861914795348
246.6737508755128,34.984493393689945,102.95409685746817,251.54376505453774
245.4283796682903,34.617218779881625,102.95375016630717,251.54892318413192
244.27157024095777,34.258315397304884,102.95337604382985,251.5539205058116
243.37013041614625,34.09139089513444,102.95296866418656,251.55887626588597
242.52204578420114,33.8783517213206,102.95255918700316,251.56367381221742
241.69883265040417,33.89922917563334,102.95218636707266,251.56839999512107
240.82420946540788,33.90361499795104,102.95177117223831,251.57311075163315
239.94213986247487,34.02275608021168,102.95127934516059,251.5777953433365
238.95946315884677,34.12993561983805,102.95081232070747,251.5825031968812
237.94839273485445,34.31390438744184,102.95029219800425,251.58694302750118
236.92285655589927,34.53285595155057,102.94977792795444,251.59134045737392
236.0996738415538,34.556043543913646,102.94928168424396,251.59575532923404
235.23605225566283,34.60928051595661,102.94876489871234,251.60026682814413
234.48575511946655,34.54073752333497,102.94829165191697,251.604610438252
233.698736846278,34.60141639168512,102.94789856706083,251.60893231371142
232.8166286258758,34.82175085654889,102.94746299408652,251.61343751180104
231.90913721165555,35.08046965373396,102.94704438762872,251.61789920036318
231.02332454665665,35.20350211662179,102.94670409472457,251.62223410254467
230.18215740327736,35.396281073799955,102.94639496793947,251.62642088718965
229.3345265255078,35.693792686636826,102.946091618994,251.63069017822428
228.4678985683525,35.997048480987004,102.94580842884295,251.6350278508078
227.6177765183524,36.26074645977786,102.94557111404825,251.6393750024523
226.72624367809382,36.321074430082575,102.94526939916439,251.64386104010674
225.90089920979153,36.1775985069559,102.94497559822776,251.6484730452327
225.15076237523374,36.02087780959087,102.94462103438741,251.65317823486174
224.4860083972042,35.85192688192748,102.9443302920212,251.65780793108894
223.81266962889384,35.921023899030416,102.94401593201255,251.66244727877432
223.04453384088987,35.94935790187172,102.94362326050768,251.6669295594384
222.22351375105725,36.22466745530157,102.943233969157,251.6714017144424
221.26458989648518,36.51855351225217,102.94283946219092,251.67612492276868
220.1910113205187,36.89705704704596,102.94239167180213,251.68083654357645
218.92990727766002,37.18459641140531,102.9420780232818,251.68530229947308
217.63220076162077,37.515964429158885,102.9417843540816,251.68988127022203
216.4145007145448,37.6924339037583,102.941513833991,251.69445303674624
215.10740354409742,37.92166607694594,102.9412570049181,251.69912387322847
213.84952946857533,38.14711997831627,102.94092549173193,251.70377773816855
212.55700954874374,38.42125525468546,102.94054090817733,251.70865736243212
211.24657443939475,38.64890658838641,102.94016192796178,251.71352263946153
210.04882954466538,38.841324739659456,102.93972571873273,251.71870447222466
208.88990946856077,39.110312809398536,102.93924869603045,251.72379024480628
207.71442737870316,39.45028091756596,102.93878675117293,251.7288296525559
206.5225328628123,39.41931729403153,102.93834707659475,251.73395350924105
205.3336683595513,39.31055560322794,102.93791346066503,251.7391007433396
204.29362294562006,39.32496964014997,102.93746530041408,251.7441606891169
203.31651410300478,39.16342605914737,102.93695366702586,251.74928404234717
202.46808718424273,38.884248564486825,102.93633993901346,251.7542825033861
201.55637981713966,38.582364174626676,102.93573965189546,251.75932048057038
200.61675548347415,38.28274357019323,102.93509692365762,251.76430671888673
199.61391842808263,37.95001529858786,102.93445580311744,251.76930118066514
198.4937221260589,37.61504055741291,102.93384823168876,251.77438278505483
197.23248941355735,37.408495276249,102.93327741516056,251.77949013371955
195.89308036439112,37.331789529757955,102.93278614535943,251.78453545856027
194.5592441143902,37.35431169870746,102.93233897640074,251.78957782008743
193.26565988241026,37.31696645339463,102.93200138452866,251.79449464415245
192.00898512162894,37.192067251574585,102.93167664690553,251.79944496036254
190.8819844413065,37.35016819780324,102.931470634885,251.80457528416804
189.81778117465402,37.41122619918288,102.93126894141388,251.80981849285362
188.58735297106642,37.629344641119914,102.93108294441423,251.81513380095228
187.3066540390963,37.875992019242005,102.93090563402286,251.82029388369926
186.00054676524917,38.26165393295703,102.93066386000078,251.82565863201384
184.6694405347272,38.46039194015482,102.93047965165692,251.83083559651536
183.29622920312275,38.680124685407634,102.93022896929999,251.83607118156363
181.9006648215061,38.98839286206514,102.92997828078157,251.8414432545334
180.57187053319123,39.50161199244921,102.92964387424176,251.8468739283966
179.22362664664115,39.900921081853014,102.92927705597229,251.85239923799614
177.91022429953068,40.342466045137655,102.92884609917702,251.85813395313141
176.6667468443809,40.85318589403512,102.92838998729033,251.86380304382678
175.46427020327798,41.35885460835195,102.92797160354155,251.86932323924708
174.25573684352,41.81194112870267,102.92753711189111,251.874835665312
172.93012863622283,42.440489573594604,102.92718892840195,251.88008087090319
171.59881090208762,42.79911637820629,102.92680283218874,251.88521511196438
170.245955065966,43.2005197674532,102.92643978977132,251.89039608304714
169.00113963949383,43.35022355323184,102.92617267633076,251.89547460739516
167.83237638851682,43.50802357809762,102.92588389355583,251.9005876306788
166.67681895672638,43.48680750650837,102.92560096622786,251.90560558442922
165.56934734474578,43.39632617897857,102.92529202916305,251.91049939707779
164.51649371789765,43.343722265739785,102.92498598482467,251.91540750010898
163.46755675810192,43.28296242470988,102.92460641587547,251.92036722222073
162.30027668313662,43.30098791211748,102.92409547892254,251.92537337213946
161.09375601722002,43.44705796828191,102.92354089591507,251.93052099217334
159.96657743257322,43.85476590334278,102.92297925150321,251.9357719716648
158.89144893641918,44.23288104658138,102.92240096816124,251.94096020659185
157.84039439147264,44.442745927162505,102.9218854032844,251.9460445802658
156.82077868299817,44.716344329150374,102.92136791314412,251.9511089500152
155.95340292261756,45.0321021864611,102.92078920986816,251.95612762822745
155.07006334937154,45.24414460955832,102.92016512798196,251.96127651187234
154.21240252622079,45.53464014146461,102.91955047114473,251.96646452568504
153.3035119423963,45.86805458073731,102.91898609207126,251.97158777554998
152.28641181636863,46.244815659918686,102.9184542407788,251.97685110340853
151.16066692860124,46.548525835866414,102.91800352749831,251.98209938497408
150.04561311367206,46.77485054434317,102.91764193051947,251.9871732279464
148.85831508915714,46.97006772371164,102.91723535694499,251.99226009275455
147.6736203144118,47.09189305393886,102.91689681805674,251.99714077385283
146.54236154730987,47.29852878862785,102.9165685976372,252.00204228979018
145.32257502597696,47.58190226282386,102.9163132444595,252.0069562772769
144.12282142009337,47.72581326028448,102.91605496474105,252.01198269057787
142.9578308008691,47.90844473270663,102.91583123950554,252.01710035596116
141.7486184630868,47.97580401966823,102.9156303218847,252.02228492508624
140.57568199861294,48.09941343440988,102.91541317247858,252.02755718232436
139.42036892795363,48.21907380618312,102.91520419073501,252.03291045084282
138.25461159583026,48.46519837910722,102.91488239296093,252.0381951330147
137.06683802219794,48.70270797294904,102.91452688748507,252.04358702783725
135.86179291357416,49.029711816326326,102.91408510705199,252.04874287572395
134.6208066549969,49.33937970800011,102.91353895126335,252.05375740174833
133.52908969431803,49.75363925167673,102.91302221000822,252.05854975295557
132.43573285839483,50.35489117554718,102.91251030163913,252.0631782446922
131.39146123973728,50.96374939429833,102.9120695263505,252.06776197904202
130.43642574137922,51.57382915699978,102.91167385207659,252.07243951838217
129.56387249943356,52.111239836705835,102.91135296589651,252.0772019230463
128.79202470535762,52.637160231477836,102.91100191365226,252.08212633220987
128.020780600981,52.98390479580529,102.91060481890823,252.08700330911145
127.06419149049562,53.175075307265644,102.91018879396833,252.09181501760935
126.16567586349763,53.27615886291467,102.90979883099959,252.09657423723533
125.21729180485141,53.275839572236464,102.90934907853342,252.10129500520497
124.23629121470614,53.06448052234951,102.90890678786906,252.1058954327739
123.2272207370918,52.98256148526748,102.90847851206442,252.11053420950984
122.24767946017226,52.98661991404168,102.90805574630815,252.11525468090952
121.26349362790296,53.00025394800808,102.90766954303363,252.12003753921502
120.31740496979614,53.11201297549613,102.90734240558821,252.12477456243545
119.4102353145351,53.26873396578854,102.90707218852243,252.12941106996212
118.40455280370554,53.18716872407448,102.90678617105799,252.13414550305626
117.4077081874538,53.18475978766679,102.90653516937721,252.1388661189393
116.45188208622803,53.137707630393095,102.90629471931717,252.14345534349798
115.53423622585026,53.024800927220966,102.90609096811835,252.14806953538377
114.61905435361555,52.895589101672684,102.90582023783342,252.15279665542297
113.69525614536703,52.72884128478616,102.905518528682,252.15755824893571
112.81595425301941,52.48254150856562,102.90522345912156,252.16234599755904
111.90509357892986,52.33999334973507,102.90491152120596,252.16722317755153
110.97367953932357,52.226227425352164,102.90461618351794,252.17234044334958
110.0520727221591,52.16477883980794,102.90438535125601,252.17744006834934
109.1034766105758,52.05186379470737,102.90414894264005,252.18245250322553
108.17992894840131,51.90405820523357,102.90393563127736,252.18748659834708
107.26492952224535,51.834799277936426,102.90371807581339,252.19259507202858
106.35791425696577,51.78146298384431,102.90348383205006,252.19777218563587
105.46746904285303,51.68064989482579,102.90323381361264,252.2028964231841
104.59864171549577,51.654285210106266,102.90298594624004,252.20812331962642
103.70570497876098,51.64354684498517,102.9027076529326,252.2132914851759
102.79196005427423,51.595967423643216,102.90239436698788,252.21839466099587
101.9072776738504,51.45685417367022,102.90207147524765,252.22360154910638
100.9350229407307,51.3675925305064,102.90175016622611,252.2288193239594
99.97478812421318,51.07457313156087,102.90147275755889,252.23382602451085
99.00661357748729,50.62423606953166,102.90113843464412,252.2389347579824
98.00953771117571,50.086011229006786,102.90079274886364,252.24386816362627
97.02792126703713,49.32402842477509,102.900440141192,252.24871808567303
96.03019248867088,48.60179600753894,102.90011591863525,252.25372955672677
95.0310077259567,47.91331012135902,102.89982011126945,252.25867023644287
94.0881426202754,47.360935584206246,102.89956268320483,252.26347555369122
93.17867368225899,46.77978668523271,102.89929205646818,252.26824197098492
92.28593607323765,46.23244955991446,102.89900830234292,252.2729678058652
91.4351968519059,45.471800077394334,102.8987513676947,252.2776348100366
90.549066281112,44.609828621384,102.89844976704921,252.28224979542154
89.65947844195838,43.84373930989298,102.89819600962647,252.28677019429773
88.7080176912703,43.12766606046276,102.89792868634903,252.29116324467185
87.78788271862837,42.293513849624176,102.89763318859396,252.2957018782707
86.82330193625269,41.472109889217535,102.8973468640173,252.30011353596143
85.85847856193458,40.60302522980457,102.89705148161104,252.30453501485968
84.9223537726332,39.779079592151504,102.89671814776872,252.3089583870286
84.02709308569246,39.06615667779488,102.89640914788616,252.31338602573942
83.1811663128155,38.421011734477844,102.89617492413171,252.31799776410384
82.37599404204337,37.8345341505361,102.89595344566408,252.32270880852846
81.54674987269931,37.4061626184737,102.89572355601207,252.32748054439475
80.78032956138551,37.08762869691479,102.895531642133,252.33234725235403
79.98275354375767,36.704557415550596,102.89538085718299,252.33746927389132
79.15584494537305,36.39752972566603,102.89527072774983,252.34246019385972
78.31999989279691,36.2591647247331,102.89516641838183,252.3474490439159
77.50576680989946,36.22614209594337,102.89496427591871,252.3523728004668
76.52901681286049,36.09377812084449,102.89475931680298,252.35730383322607
75.5593952247782,35.82870407381603,102.89456045443148,252.3620333477046
74.60314737189762,35.393965971872476,102.89434000990882,252.36671118456823
73.65650379432226,34.89875426049309,102.89414960596989,252.37123760272266
72.67819156292393,34.37114532149056,102.89402141087623,252.3755261727901
71.61897333694853,33.824651215397694,102.89390327069448,252.37971550439875
70.47801370472651,33.3832222530727,102.89382294712581,252.3839240750677
69.34086331582898,32.976330317715025,102.8937571077181,252.38808494277708
68.2871964311569,32.796937244381255,102.8937369513573,252.3923051113944
67.30262013854133,32.71898813498095,102.89372933742312,252.39653257623917
66.38345626884109,32.64057647921098,102.89379833353745,252.40077027703177
65.46803090675418,32.542142816204844,102.89390419515482,252.40508439576578
64.45475562132182,32.484072701587095,102.89405634568566,252.40939353365692
63.39168585352925,32.4616900666001,102.89418164863531,252.41370583157644
62.31303128894241,32.39542646357906,102.89431046851334,252.4180443977393
61.23882978748729,32.26411789825298,102.89443308926721,252.42230605987987
60.172016546153195,32.20460275194992,102.89447984094785,252.42648210610804
59.09270958329897,32.15337644997267,102.89449295946636,252.4307231906424
58.0158294692108,32.03408491461944,102.89451969574512,252.43483277957452
56.928471180711476,31.913966145745846,102.89453577416283,252.43895463817685
55.809883522136055,31.912750618555236,102.89453586510213,252.44302507966273
54.66535056190442,31.860457000478817,102.89453713979819,252.4470193822204
53.535154412889156,31.894580548789293,102.89450983066624,252.45114335866663
52.4194349880561,31.980370794639754,102.8945050367624,252.45535101620334
51.37813635515125,32.137884327326034,102.89442875292,252.45946447450288
50.39455483617014,32.27590948625624,102.89435884830105,252.4635441257625
49.42620589313518,32.40217837171693,102.89430656080224,252.46770019486797
48.398541811755344,32.48249532749068,102.89422767629019,252.4718924827328
47.38157126169354,32.51034729562528,102.89411187448204,252.4761444637624
46.32496244018725,32.65299790998829,102.89400034536021,252.48048592664864
45.15821921077695,32.77682594562155,102.89385290449209,252.4848696455356
43.906207027175256,32.90976521251507,102.89365940861259,252.48924369715965
42.55273328120082,33.05939397974831,102.8934919656402,252.49366941383568
41.14025195220918,33.196569680501526,102.89332249204695,252.49811081084837
39.72222245243513,33.30382982508145,102.89320891087604,252.5024821125222
38.31650872182558,33.4607586504694,102.89315966463666,252.50671338067062
36.96504527539429,33.6746104241556,102.89311796008712,252.51079723473597
35.65441098716631,33.867750476053516,102.89304793066235,252.51487087020178
34.26746667620028,34.076482742118046,102.8929742933018,252.51896933755964
32.89737872306395,34.42844116268901,102.89291773192309,252.52318911455507
31.537552368520416,34.6425464522283,102.89283219599979,252.5274065676363
30.297382577906752,34.71166973189658,102.89271923969049,252.53174817668238
29.18499842815156,34.87177011251846,102.89257871046553,252.53616635102364
28.109732477872484,34.99852896494254,102.89241457182385,252.54066475564204
27.079215960189025,35.199383989351944,102.89219167533652,252.54518694463908
26.027122894232612,35.32055621259234,102.89197431146077,252.54976338181385
24.953266419660316,35.38772030972528,102.8917981233373,252.5542839542325
23.888888919366245,35.324936535614,102.89158989188503,252.55888148424702
22.798700265090694,35.24538418574079,102.89140804211094,252.56341712438308
21.789404491149774,35.242281546131395,102.8912598896754,252.56797764369728
20.76937606850229,35.25271740718894,102.89113605183438,252.57252953961572
19.720247387832202,35.22384335614976,102.89102882157604,252.57703882513476
18.662728886851617,35.202855919815406,102.89093802164207,252.58151213169143
17.62559258425665,35.22909630966569,102.89082975219821,252.58604225222007
16.638455866911443,35.28540073754627,102.89070493154043,252.59046798819332
15.615748334379099,35.295495207968855,102.89056178241749,252.59489883341695
14.544572438579479,35.17247217291306,102.89041818026368,252.59932081643328
13.548819902163864,35.04214115898611,102.8902811355946,252.60377811997535
12.575141259783251,34.8927449926596,102.89012805868438,252.60818516844296
11.596292858113308,34.719693735950116,102.88998728038975,252.61258632330518
10.59903285303227,34.54110457780415,102.88981162709968,252.617032547455
9.603717505996165,34.2142312432553,102.88962119804872,252.62154456403348
8.60429956727387,33.92381801214924,102.8894370950627,252.62602588054324
7.6610084107379635,33.56189519634546,102.88921435060888,252.630632694459
6.677453835537179,33.14368569375358,102.88900544299653,252.63530416775188
5.711208724314339,32.59753151886747,102.88882578743623,252.64003839318787
4.731486699167213,31.951354838227743,102.88866974674995,252.6446791804622
3.8015271276900577,31.310986622513724,102.88848730908445,252.64927325311032
2.9242657668503824,30.64720540582212,102.88826430894679,252.65388997249664
2.0881255675760997,30.08463248648812,102.8880212089602,252.65861380551127
1.2564143810364996,29.62447700874054,102.88777673767142,252.663357720563
0.46766426742514255,29.275748602674312,102.88750887750705,252.66808809941833
-0.24075821108489492,28.87191124171345,102.88726520671187,252.67280123343417
-0.9110456211676734,28.483040343093336,102.88692625429442,252.67762260096782
-1.6115521571958382,28.16713862986262,102.88656963545567,252.6823566137673
-2.3874558237264623,27.905129910321378,102.88624221624336,252.68716860183812
-3.16570893327431,27.66700554211954,102.88594890435608,252.69199931513236
-3.9987657992480194,27.401487667949056,102.8857059535261,252.69674107047712
-4.817022382697303,26.990149388296686,102.88549142972795,252.70147787148107
-5.620509237338368,26.47848796994299,102.8852198129679,252.70625055064147
-6.411292054235268,25.904782464769013,102.88495601808891,252.71097102162938
-7.2822656945952176,25.46162269816213,102.88467777104545,252.71563784202118
-8.18042722315208,25.107427695657506,102.88440072478087,252.7202637064245
-9.006741913148105,24.83191316735939,102.88414216436612,252.72487862613414
-9.837956490332289,24.55892563533446,102.88389343463263,252.7294665494331
-10.655729933260709,24.25806784850505,102.8836418662048,252.73406171884847
-11.397885227579287,23.90704573366783,102.88339816407047,252.7387223659309
-12.129193310517792,23.331560549129748,102.88315958694363,252.74335904054905
-12.877552390123931,22.884930112350304,102.88290029769247,252.74796633773389
-13.643547258821208,22.498425251243347,102.8826409420313,252.75250225595076
-14.42691174553515,22.10739509458442,102.88239217612508,252.7570313626608
-15.171899085509175,21.669996340212478,102.88212532851576,252.76147243086055
-15.911865231123564,21.175326000074847,102.88184695785641,252.76591323263392
-16.70905524807516,20.54872315269185,102.88162762557155,252.77027454225282
-17.471769132194275,20.101539575728452,102.88143922483395,252.77472152110408
-18.082971363946122,19.638798650036733,102.88109004434808,252.77945990706394
-18.735652484866193,19.167334197053975,102.88068570369921,252.78423727465741
-19.487355162198632,18.68796491094139,102.88028863965529,252.78939004337383
-20.31578638947731,18.272687057094657,102.87989914013397,252.79466395222772
-21.291889056397622,18.033823759274682,102.87952104177702,252.79991451251115
-22.42929651831229,17.932032139817267,102.87910770365873,252.80508136935163
-23.577368605556742,17.959121126743227,102.87878362024358,252.81000187763166
-24.807738859750458,17.812803121730582,102.87846741934146,252.81498527592447
-25.98783859325036,17.634535798375836,102.87809216405122,252.81987820806106
-27.106696819417174,17.493026132041834,102.87774218152462,252.82482113043548
-27.923238359940882,17.33905306949859,102.87737213185,252.8300044193041
-28.644410951043042,17.1433776038415,102.8769912980097,252.83521169603338
-29.481396845618484,17.04378518075569,102.87655560501337,252.84035807658591
-30.37149398211632,16.754743121865005,102.87610391147919,252.8453247593888
-31.194677201425293,16.261679058438915,102.87563740713449,252.8502098123007
-31.969559659400673,15.65221605063006,102.87515393860954,252.85508553494967
-32.7526685200493,15.262898906375412,102.87472472635119,252.85987951526957
-33.453831675076515,14.824801562283895,102.87435085062987,252.8647398891063
-34.1970965706907,14.49026022256487,102.87399509422029,252.86962589848895
-34.96388883539799,14.141153711383453,102.87362977164513,252.87442149092777
-35.69996563521866,13.782627208618209,102.87324621136673,252.87920495185682
-36.43510436254496,13.372109590871787,102.87288992082586,252.8840125128654
-37.1114844297209,13.021811387110333,102.87256334520154,252.88883359032164
-37.81664940430941,12.559115066951733,102.87218558220509,252.89365698959193
-38.52496981483768,12.147131954051076,102.87177401507041,252.89815620727938
-39.21445874365739,11.65701971933916,102.87138475959642,252.9026369657085
-39.82735218025748,10.99911103526317,102.8709708137811,252.90716144712647
-40.43730023740649,10.424647818156885,102.87054193494558,252.91179707647606
-41.05967417742366,9.864409090605093,102.8701727466892,252.91645018980566
-41.6603398479093,9.23567107593965,102.86977574369686,252.9210722295354
-42.22887985442295,8.549121852685232,102.86939886280327,252.92570179539086
-42.78845819936304,7.866824867305951,102.86905348511753,252.93033175304976
-43.466690250767144,7.441922193602139,102.86872621085817,252.9348861958973
-44.07608556072589,7.207738277398505,102.8684630855059,252.9395504853568
-44.7191973400135,7.04741419034211,102.86819381952667,252.94411278443525
-45.36308492473931,6.856381816714276,102.86790319784822,252.94873019477876
-46.04238399198601,6.664768445942144,102.86760614973205,252.95322044035134
-46.71488957330849,6.467682701047821,102.8672794446402,252.95778333834502
-47.380273939958755,6.213624059380578,102.86694676039923,252.96249332216092
-47.97607998339153,5.958905613101521,102.86660375769569,252.96724433596538
-48.58805508050971,5.738431370517787,102.86626763410673,252.9720223623392
-49.17133702987934,5.448899606879209,102.86592159975578,252.97685486105954
-49.747859734643825,5.193322533262659,102.86550901005532,252.98164609325357
-50.348329967131924,4.848698147158615,102.86508638833108,252.98645526594765
-50.9438037548889,4.51697770539613,102.86468743769909,252.99118549092236
-51.432150161851986,4.05264284824797,102.86430032370397,252.99590518872012
-51.43196591037123,3.526376234309083,102.86393182074247,253.00068532097106
-51.43179969487372,3.170824063332887,102.86359938974743,253.00550543793642
-51.43162819718078,2.9758176090765147,102.86325639436156,253.01027734460476
-51.4314581574265,2.695842997261593,102.862916314853,253.01499958659474
-51.43127990092421,2.4789503666007136,102.86255980184842,253.0195799071206
-51.43110294342091,2.3082899745413243,102.86220588684182,253.02414723345473
-51.43092342833193,2.2251601965975283,102.86184685666386,253.02879581348077
-51.43073544341662,2.268197379977991,102.86147088683325,253.03346676167556
-51.430528010777564,2.297559887141958,102.86105602155513,253.03813167449644
-51.43030971325264,2.266264068517131,102.86061942650528,253.04285452186463
-51.430082193793815,2.0448462804982057,102.86016438758763,253.04764519223994
-51.42986130890362,1.7919734329383914,102.85972261780724,253.05242296753306
-51.42966854524631,1.6830430746733214,102.85933709049262,253.05715616040254
-51.429475125724466,1.6265081360009646,102.85895025144893,253.06192877168118
-51.42930017203263,1.6422195626492595,102.85860034406527,253.0667829964767
-51.42912427175347,1.7374881179354986,102.85824854350695,253.071675583537
-51.42894777881453,1.9263549429422966,102.85789555762906,253.0767238265383
-51.42875813662516,2.0775555833630364,102.85751627325033,253.08179554956112
-51.42857428651237,2.0376270648522308,102.85714857302474,253.08685082865102
-51.42836761740895,1.8737635961483363,102.8567352348179,253.09177829205788
-51.42816861353951,1.9291306673103605,102.85633722707902,253.09653770063048
-51.42798625519435,1.9901722780313378,102.8559725103887,253.10138535675486
-51.42777509657999,1.8967152442665736,102.85555019315998,253.1062912770447
-51.42759133887952,1.9132228877986819,102.85518267775905,253.11121451774338
-51.427390603111334,1.9047142291066308,102.85478120622267,253.1161216847083
-51.427175703358564,1.7153543316536712,102.85435140671713,253.12105652029797
-51.42698011140449,1.7943272526349574,102.85396022280898,253.1260216314995
-51.42679215295982,1.8664813025840346,102.85358430591964,253.13099679170838
-51.42660611021175,2.0290102828398346,102.8532122204235,253.13607173286533
-51.426414849462844,2.160985181073329,102.85282969892569,253.14128149183352
-51.42622284344876,2.2687285888790285,102.85244568689752,253.1464793833869
-51.42603086866477,2.3496745257172904,102.85206173732954,253.15174240298944
-51.42583694530863,2.5541207239832886,102.85167389061726,253.1570224174224
-51.425621568740574,2.642858902071964,102.85124313748115,253.16230866917715
-51.425406489093405,2.7104879056675486,102.85081297818681,253.16759470397722
-51.42519244300965,2.7141582154037422,102.8503848860193,253.1729475976896
-51.42496226606342,2.7345324116845404,102.84992453212683,253.17824447867042
-51.42472931882403,2.698071014598696,102.84945863764806,253.18353276482839
-51.42451415924815,2.5522187849980327,102.8490283184963,253.18882128946703
-51.42432033521396,2.529932632144096,102.84864067042793,253.19402132238542
-51.42412216658366,2.4076007466032223,102.84824433316732,253.19910930508846
-51.42389881159578,2.1998776696461135,102.84779762319155,253.20432878611487
-51.42368440271491,2.1085591220727196,102.84736880542982,253.2094586595629
-51.4234621123405,1.9722144567394366,102.846924224681,253.21463203287396
-51.42325754212437,1.9959948647384351,102.84651508424874,253.21977678793138
-51.423043851024666,1.9803266152097336,102.84608770204933,253.2247733909655
-51.42282833682844,2.118658147395081,102.84565667365688,253.22989217884015
-51.4226096792954,2.2465154042217677,102.8452193585908,253.23514861531342
-51.422379191789915,2.2325391517571234,102.84475838357983,253.24044221336567
-51.42214386436185,2.208643246707979,102.8442877287237,253.24575655729794
-51.42188455772696,2.2602828408683706,102.84376911545392,253.2510918211604
-51.421623470317485,2.2366673247567945,102.84324694063497,253.2564166269572
-51.42136398590648,2.197643642439459,102.84272797181296,253.2617321092581
-51.42111856885376,2.0885569291615838,102.84223713770751,253.26699126267104
-51.420888285794106,1.9882346582397474,102.84177657158821,253.27222376475794
-51.42065480306604,1.836746411434163,102.84130960613209,253.2774693058678
-51.42046092563321,1.5588479594188414,102.84092185126642,253.28253061705635
