142.5,125.5,91,40
142.55918891164302,124.71659941944907,91.00124166543007,40.00192877703053
142.41969328234592,124.87915838593906,91.0023926077287,40.003494931565406
142.28900038361618,124.87265083238421,91.00325931787354,40.00528424050781
142.18433744250186,124.88723319940462,91.00412950340018,40.00700505200386
142.08960502284242,124.88563777024508,91.0049778732166,40.00877153184033
142.02893868632978,124.89059193918416,91.00580478116143,40.01052783784588
142.0431975031879,124.86347829570339,91.00661310764917,40.01233568212396
142.1116350363626,124.79281228079992,91.0074136544647,40.01416578264775
142.29787689692185,124.68204228950304,91.00822532991259,40.01600256776226
142.61690248421448,124.56989024082698,91.0091132975545,40.017906610778795
142.97398723859695,124.45393452713095,91.01004467322713,40.019705157702475
143.37521547181325,124.33473815615015,91.01107419636517,40.02147385250394
143.7494750320923,124.22867434970854,91.01210929266874,40.02323462025625
144.03175779532572,124.13783116826434,91.01315685719389,40.0249431638211
144.29896552303552,124.05835351410349,91.01420860920611,40.026629709554314
144.5537409165022,123.96484321715396,91.01523222269768,40.02830612894908
144.74079894436437,123.84925422051812,91.0162255414965,40.02997081977534
144.87784782706478,123.72734358100193,91.0172685384248,40.03164057021085
145.02441563105305,123.58680924318543,91.01828644197244,40.033342245979256
145.20130177342278,123.47066410515401,91.01923394506906,40.03500684791357
145.419462956521,123.36840449501524,91.02022996352002,40.03671862683731
145.6419161392762,123.23181911485725,91.02127130470896,40.038426082395226
145.82318976933107,123.14612791476827,91.02239668849917,40.04015862827078
145.93425347941326,123.06004341469679,91.02366425830209,40.041862337867315
146.06714309025918,122.97451864768774,91.02489468231073,40.0435983516923
146.1528536369674,122.89874003460798,91.0261932463154,40.045352863265585
146.2877430059885,122.77285853217484,91.02746651118005,40.04709444026207
146.49411663308308,122.65972757028806,91.0287583025631,40.04885912027363
146.70097182487623,122.55162627339026,91.03008322638419,40.05056109310802
146.95434370161712,122.46196628494755,91.0313551055318,40.05227807853167
147.26694891682234,122.36523941072502,91.03255265604024,40.0539899134197
147.56951774533405,122.30160859251006,91.03373079062374,40.05571984661587
147.93098838492165,122.21866813632774,91.03476171279587,40.057450148414404
148.2398673248834,122.1416037881278,91.03580471139719,40.059243707685454
148.56831771323377,122.07262319863881,91.03689671490504,40.06106433152007
148.9054011890102,121.98917999319639,91.0379516237609,40.062853088539114
149.23774400366185,121.89676995651045,91.03892142858928,40.06465721933742
149.58411052358005,121.8072132616507,91.03993328659527,40.06642919257878
149.89395493353447,121.72490812723515,91.04096974077241,40.06816412202101
150.23791110302435,121.65680040060671,91.04200591387003,40.06988637330685
150.58808765305022,121.59070108216801,91.04306823339681,40.07161913014789
150.94233453400048,121.5344014739294,91.04411942818041,40.07330813214137
151.29392581364274,121.49942382117088,91.04518589328707,40.07502306333172
151.6351484861845,121.44218948085513,91.04633978183085,40.076726260405025
151.9423457764611,121.38925847067392,91.04748350036134,40.07841388288165
152.22477672537235,121.35525362223444,91.04870253038766,40.080081032224705
152.45081495102605,121.32626778340418,91.05001018047113,40.08173815209449
152.66952371007412,121.27050114911339,91.05127655963184,40.08339928068573
152.840173806098,121.2008027283388,91.0524914785536,40.08506904045925
153.00827402409462,121.12759033232814,91.05380642651919,40.08675241650309
153.1797345595598,121.03972377912436,91.05515066754526,40.0884427615848
153.393551573019,120.94052876987078,91.0564234985942,40.090105310528486
153.6140179877554,120.80293212957241,91.05770763169731,40.09179114507458
153.862945009153,120.6834360805868,91.0590102427832,40.093488911852816
154.03859068519284,120.55701943071769,91.0601925669082,40.09509668048984
154.171311070832,120.47024057360524,91.06149497876591,40.09673816320171
154.3964970947486,120.3014579950015,91.06259655444681,40.098352021933934
154.59793027063523,120.14950791623534,91.06362462711205,40.10001618870353
154.83481103700157,120.0021596458858,91.0645777907867,40.10173786992653
155.03642387763963,119.85265731141257,91.0654400404283,40.103420355025555
155.27848949165107,119.69269268654283,91.06627860715564,40.10508041159258
155.4738195242999,119.50458047889575,91.06721274318437,40.1067827965332
155.68514751388648,119.33422534051594,91.06813705289822,40.108509239502986
155.8675021222063,119.15133976305209,91.0691125541522,40.110260404463325
156.0095329059629,118.95957496670482,91.07009702765077,40.1120122635935
156.1389686587298,118.75552792255979,91.07113556917129,40.11377546838058
156.30909753902773,118.55326134896478,91.07211076403122,40.115522271280845
156.5152189903644,118.37834568554594,91.07308075675127,40.117253472328876
156.77003008398114,118.19965401666289,91.07399410771431,40.11896716263978
157.03132766292697,118.03411959277793,91.07491524716306,40.120696804190985
157.22575434058896,117.88845251252344,91.07588556699471,40.122404545155725
157.43997112316868,117.76987693904702,91.07680261638303,40.12409249010889
157.71366475614855,117.67464641040367,91.07779149340192,40.12584096540346
157.99617316635528,117.58310024338215,91.07873412657123,40.12758773233931
158.22712063049102,117.47580583018969,91.07970925969734,40.12934147035199
158.45220279786832,117.3938560536693,91.08070836588546,40.1310743832303
158.6736631693438,117.31112147822056,91.08170728159544,40.13284086736829
158.8919130078965,117.22011157832576,91.08273791345185,40.13460219936442
159.081431926543,117.13805287931832,91.08374006610718,40.13632467142733
159.18815956229622,117.07733060395688,91.08470871928526,40.13808710385358
159.2271405775395,117.01529055331011,91.08566586108564,40.13984123342452
159.25901997771666,116.95248961283376,91.08667255132289,40.14158468488571
159.23425887778632,116.88895722880828,91.08781229011255,40.14330765010121
159.2296721089891,116.82064878462646,91.08888257438713,40.145010512800525
159.1427064349587,116.75296645644289,91.08994684783909,40.146697194824355
159.06330509791383,116.6768187083301,91.09101353343115,40.148465750227324
158.96653751698102,116.62679596204124,91.09212131342359,40.15019258403591
158.90480149519203,116.58935544912615,91.09315672925592,40.15194013378761
158.80696706334413,116.53077273781625,91.09420337434292,40.153675156631884
158.6955514827177,116.4459496694675,91.09529142875375,40.155370886658815
158.566489927155,116.36566851253107,91.0962813242133,40.15704672318047
158.47116474255697,116.31762119057491,91.09722240254729,40.15872602279492
158.39017291678533,116.28328157743587,91.09818953025251,40.160429923726994
158.33713295165103,116.27337428431433,91.09913834848204,40.16212465884282
158.31579996019403,116.26618828687573,91.10009652883213,40.16380786513465
158.3392458734936,116.23918737483481,91.10107873940935,40.165443168007016
158.36835154774366,116.21616573211661,91.10202610353475,40.16709433335031
158.4302652871154,116.2278959317,91.1030142229215,40.16876704662899
158.51364553275945,116.19975190503492,91.10399859168645,40.17045484253268
158.5939778607964,116.18790724514395,91.10492975699316,40.172162312048144
158.68590546203987,116.15408629200587,91.10586573201743,40.17387716731655
158.83413168001314,116.12239804791473,91.10679234274944,40.17561978176795
158.98611148545967,116.08380705104194,91.10772694076442,40.17732068854415
159.18333633058097,116.01981275155498,91.10857909917182,40.17904112419468
159.3911475834324,115.95783397723064,91.10947155638057,40.18074270677604
159.65146303960154,115.84476775175655,91.11026952711799,40.18239662982066
159.91708305366882,115.76766724505492,91.11104595511063,40.18394707831494
160.16156821524126,115.66704463440422,91.1118313816682,40.18549948407411
160.4015553720362,115.55335760919172,91.1126144237683,40.18706317061039
160.60360381191157,115.4349554177223,91.11342772101,40.188631445246116
160.7999742363022,115.3179140382223,91.1143095388261,40.19025978511011
160.97569149445908,115.23370818067117,91.11522668800916,40.19190840316455
161.20413028470006,115.14878533322484,91.11625651600309,40.193604298948706
161.42242539421974,115.03274912269359,91.11726601553443,40.19531651006936
161.57542744875374,114.86491295698193,91.11822654231544,40.19709330721572
161.77384196752894,114.71925156354737,91.11906160469677,40.198862898846684
162.0321725510364,114.5599455730623,91.11991174587499,40.20070235927471
162.2680975418238,114.42384103206136,91.12079806333816,40.20255514378359
162.5195982738312,114.26887937133154,91.12185776179513,40.20436566512194
162.92745406187387,114.1253995838148,91.12308977158243,40.20624436022873
163.35327184458455,113.9854921283016,91.12435655897099,40.20809798733294
163.73616884080906,113.83093405209102,91.125636972669,40.20998625999144
164.07616831311537,113.68404021902596,91.12679406729431,40.21186140022931
164.3343612714603,113.5883647216028,91.12778469269585,40.21366937137013
164.60863818144617,113.50263083734987,91.12852790746454,40.21552915783656
164.8052145306379,113.42146583537485,91.12911309145684,40.217346103481816
164.92970166892133,113.34332911589713,91.12976186021521,40.21915631087367
165.10943763695562,113.21995411029812,91.13034981131744,40.22098541266696
165.30496319644632,113.09931491416441,91.1309634655618,40.22273550655636
165.50196307465418,112.9967347479569,91.13161366179617,40.22440744435335
165.7033421334472,112.89580624157695,91.13233708727427,40.22599496663285
165.96414834618247,112.77542504192188,91.13318077132749,40.22761400926211
166.26350203545164,112.6847220712958,91.13404378635146,40.2292424027972
166.51777454253636,112.52945057524819,91.13497436098056,40.23087264083355
166.73680680653825,112.35831370640285,91.13596244456619,40.23257598829977
166.98873353952973,112.18811886479648,91.13690816576663,40.23431326934998
167.19467638600597,111.99274485732064,91.13785735555034,40.23614824890887
167.3670366418859,111.8236633229227,91.13899029170462,40.23799637129173
167.46997408332007,111.64599219825502,91.14003999632445,40.23980374332683
167.54855154418843,111.51085597365437,91.14099709388819,40.24164715161929
167.67291675781928,111.42576507050262,91.14199281308609,40.24345464301859
167.92426097391086,111.38873136091175,91.14278725911103,40.245249008971484
168.1753578250616,111.39648132861822,91.14355906670107,40.24700416932353
168.4802443131627,111.41476711748246,91.14435807097529,40.24869476512849
168.79382303677616,111.42853092184933,91.14519343256717,40.250367682349136
169.11410096089924,111.40838798718828,91.1460662337465,40.252017649564465
169.40830704861543,111.38268955814652,91.14695236620977,40.25364661856555
169.6575239580239,111.3285151284274,91.14785628018477,40.2552977696355
169.92287948075014,111.25175178929531,91.14883279242959,40.25691198220809
170.20486346656133,111.17766357213799,91.14979424652361,40.25856409150959
170.48252197719134,111.07979524508205,91.15071045251653,40.260222881332176
170.83490048683228,111.01241914593551,91.15164447279687,40.261845959752215
171.13126083564575,110.98435830208108,91.1525854410864,40.26346400916376
171.4619999776068,110.9818367099204,91.15345924227779,40.2651330241373
171.74741996302168,110.95932685017678,91.15436121003903,40.266818408535805
172.048485375754,110.94624105843721,91.15525349639464,40.26852740760882
172.335556557023,110.92331334042824,91.15614223556024,40.270273733837634
172.59999562896408,110.86877238756534,91.15696615905331,40.271983147011625
172.92231329331887,110.81164854651479,91.15776586557246,40.273758086316775
173.17025696706835,110.72679940750253,91.15849950095884,40.27552506095939
173.37529860400838,110.62880589051719,91.15922988650836,40.27732189078655
173.58380755860105,110.49990990155275,91.15992830165237,40.27914517879689
173.81246610053935,110.39100307139485,91.16057358173411,40.28092083554881
174.04207352235738,110.28700454818863,91.16124448433871,40.28271562826195
174.18144655875233,110.2236277434879,91.161943582905,40.284524155892996
174.38560242027586,110.11599074435962,91.16265967472303,40.28634736469795
174.59674069970794,110.02036875230618,91.16342296943172,40.28818739763675
174.8317531975905,109.90611075869549,91.16421351302662,40.29002583299257
175.0486756064986,109.75541106346199,91.16499542350672,40.29189233313974
175.20511361487794,109.6296882084458,91.16577302484535,40.29376740523077
175.35234604765128,109.51867220838292,91.16665021724202,40.29562659778224
175.45758478882476,109.3909461207362,91.16752393583327,40.297486252123456
175.5878592597956,109.26063366435565,91.16842996353613,40.2993040421772
175.7278356248525,109.08045005147524,91.16943269707022,40.30117829747142
175.8494219081884,108.88081161241331,91.17039396046893,40.303040848927466
175.99793228175062,108.70858793360323,91.1713905959662,40.30487847320452
176.19595912290572,108.52275915135081,91.17236360151648,40.306730820920116
176.35393457622743,108.4008848495916,91.17342074316907,40.308568266472854
176.57237790615025,108.28670677789687,91.17437213106626,40.310417953129594
176.75820725993975,108.18160746219768,91.1753557915655,40.31229195843983
177.01719812703726,108.1101307737487,91.1762960882962,40.31411618435113
177.31568307803175,108.02903361301416,91.17729619515734,40.31589230830755
177.61669450829243,107.9966210573625,91.17834234203266,40.317650348471055
177.9026509997219,107.95735721074178,91.17929782555095,40.31940884621547
178.23732977851367,107.92552123050103,91.18024045364784,40.321140214914635
178.58995141982348,107.91140867915918,91.18119592295463,40.32288402818178
178.9404033628468,107.92275660951803,91.18217499532015,40.32457594431574
179.29659121204992,107.93962773654732,91.1831374931916,40.32631887593993
179.65680178536107,107.97409953306268,91.18410611707709,40.32804111924344
179.99993798470405,107.98429001931406,91.18509130630085,40.32972467423739
180.3181552632334,107.96627164704131,91.18601273249942,40.33136887937111
180.6365140693628,107.93184927720765,91.18693666935104,40.33305524037776
180.890610745076,107.90962738116289,91.18788410743346,40.334757152646446
181.20817906949287,107.81014771903483,91.18891069331036,40.3364362785669
181.52920559166589,107.70650483498189,91.19000285255476,40.33813886171529
181.84542513086313,107.60224490493819,91.19108461575877,40.33989868783757
182.19738439796785,107.4773517106639,91.19217280018489,40.341582471043296
182.55090058479885,107.33759229619221,91.19329856193701,40.34323910878642
182.92788866910826,107.20022771613749,91.19447908916092,40.34487573077749
183.25100311674694,107.07080773638917,91.19568842201392,40.3465212308358
183.5840242932726,106.93313657761911,91.19685396567206,40.348155383684
183.9172396006104,106.78557679877528,91.19798792190022,40.34979090921757
184.23830703117702,106.63435088759806,91.19913911013299,40.35142476511084
184.62322004905062,106.49470405785402,91.2001864421722,40.35307733682845
185.00683529933679,106.38788222799236,91.20119317476177,40.354735706501266
185.43712563042573,106.29881028646446,91.20220254039306,40.35633110856952
185.8369743640018,106.20397056738841,91.20320025413385,40.357979096807654
186.28562837898303,106.11754196238928,91.20411240563651,40.359644227023395
186.7229758174992,106.04041383941338,91.20498579928748,40.36126531586691
187.13742607426036,105.9698044388506,91.2058486386361,40.362895746073235
187.53642005986592,105.8973371658754,91.20667913647256,40.36453890804192
187.86890968757626,105.78646025723438,91.2074689216364,40.366209041594814
188.15897737088116,105.7357593421315,91.20829990844304,40.36780010760701
188.4200750088774,105.68351509254447,91.20915172202726,40.36941368700896
188.68103218120046,105.64759742728901,91.20994746229633,40.37102049301377
188.86856758217252,105.61109811440569,91.2107461431079,40.37265724920682
189.03345095891757,105.5332477147388,91.21151959962639,40.37431136403702
189.18620068075003,105.48584767005471,91.212344399507,40.37600200217087
189.28774822061047,105.44452808707996,91.21322495257287,40.37774485016154
189.41556254791533,105.4102758371806,91.21407234261798,40.37949455434935
189.57703181171354,105.36777049936073,91.2149325012875,40.38131257603508
189.74527643744983,105.34234432628686,91.21579463159365,40.38310330716278
189.97457284491406,105.33431222350886,91.21666496597437,40.38494270684961
190.2380923511996,105.29526942531932,91.21752080794883,40.386816686831786
190.54372924083367,105.27472415918268,91.21844967302891,40.388779869251536
190.9105188888164,105.21632118976643,91.21937960672344,40.390731621310735
191.23840924269945,105.15328623659042,91.22033074290573,40.3926670765119
191.50856788092864,105.11387430547974,91.22123854216908,40.39457616634192
191.81290091320878,105.0503934441543,91.22218410804858,40.39649962281087
192.06937624966517,105.00711694803604,91.22308781955807,40.398403439641875
192.35837747417645,104.9487777197083,91.22402683495969,40.40019703548373
192.6355182604025,104.90665447674888,91.2249168714324,40.401932483814456
192.9311479068423,104.8667789330658,91.22577101382119,40.40365616633584
193.1987317220314,104.84445249759051,91.2266359409305,40.405362743336354
193.4614514851243,104.81661634958274,91.22745452574482,40.40706575296967
193.71564315263606,104.77471732702466,91.22830746687103,40.408733008329094
194.0019728442089,104.77819049733273,91.22923305753746,40.41037302506062
194.29728008995312,104.7593997993507,91.23013464356744,40.4120124737731
194.60079276506943,104.73718428814071,91.2310904983214,40.4136715383784
194.91815146788034,104.71241201328144,91.23206652360015,40.415436136852335
195.20675987513673,104.64964420029003,91.23304063182452,40.41721399068753
195.46928293816327,104.58170726403203,91.23397360742929,40.41892661440037
195.63093357693373,104.48510594775499,91.23485734365941,40.420607885484245
195.79717942236852,104.39795046396696,91.23566970037437,40.42224144043116
196.01020171570005,104.32715248862345,91.23652466605661,40.42383731601632
196.2704700812701,104.2356966309037,91.23737884983345,40.42541541507988
196.5886000762039,104.14946474076244,91.23807239266166,40.42695374205718
196.89376654243773,104.07438895157476,91.23870262595403,40.42847173605239
197.13388468710502,103.9836355735195,91.23941314567288,40.430009151600075
197.29378416180836,103.90283898394762,91.2401981060162,40.431562965452244
197.40068582802488,103.82272870261403,91.24102811918708,40.43307042577875
197.55797013875417,103.72205733887506,91.2418778305437,40.43454243275096
197.7666962552851,103.5954212747438,91.24273352771291,40.43600889790466
198.01260885239913,103.47746233306823,91.24358912152503,40.437531456071916
198.2412799877483,103.35461990689127,91.24447895560498,40.43904957659144
198.43217516716055,103.25682383182937,91.24538474851384,40.440520678860835
198.61748051110658,103.12413162628518,91.24633862771091,40.442036191795886
198.78999193052093,102.98913695276403,91.24721993054668,40.443599656975564
198.9793791096044,102.85105196243383,91.24809783411375,40.44529206638694
199.11678673726493,102.72092870329591,91.24904039820686,40.44702173657546
199.21828397852065,102.59131657117658,91.24997516116736,40.44874353437393
199.3295408963844,102.4971030222318,91.25086364677848,40.45046033420212
199.43195448777703,102.39646303842267,91.25180965365715,40.452156339260696
199.51871316310522,102.30462466293879,91.25280857852583,40.453885426802024
199.6854023197151,102.2298293322381,91.25383357155188,40.45557546214007
199.79255403322745,102.1434287476371,91.25492072243954,40.45729070743192
199.90630359783006,102.06849916897293,91.25602377907964,40.45900101515374
199.98722270508046,102.00905359045267,91.25712928539647,40.460728037215034
200.07858664466,101.95180117700984,91.25828468579937,40.462448292155024
200.13919932536152,101.8772307267689,91.25944178642104,40.4641845070204
200.20075377480669,101.81728249363836,91.26055731934342,40.465944820656404
200.28543097977152,101.77432869119366,91.26161565846581,40.46768647244608
200.38404545928677,101.69203495686466,91.26268086218558,40.469433291618486
200.5404789746956,101.59261705954988,91.2637268488793,40.47113348878062
200.7363427325893,101.42763564537407,91.26467607397664,40.47283765371635
200.93117274035168,101.27292466414379,91.26555835700727,40.47452649764282
201.22128407513298,101.14364735866575,91.26650523309512,40.47624248888988
201.5185116492956,101.001966841965,91.26743408650182,40.47794424699803
201.78734897826465,100.81996434076383,91.26829204327161,40.47971486557887
202.01658327378607,100.62790714574673,91.2691735017245,40.48137965849279
202.26166050823147,100.4491722194283,91.27009049546491,40.483062233907944
202.5138776528034,100.26448453355778,91.27095583410198,40.48473920443633
202.7751960900017,100.08843089334451,91.2718747749252,40.486425443612625
203.02379392319833,99.93260830537001,91.27284799423984,40.488130430438474
203.24906135809792,99.79851916951512,91.27391233494139,40.48979928842908
203.4652198014782,99.69753723898249,91.2748908769337,40.49148158907335
203.63256618693683,99.62156668186698,91.27588437243872,40.49317945078857
203.82213216030084,99.54987481085652,91.27689919738006,40.49490363499014
203.98722724927939,99.53733761504469,91.27795932936712,40.49658594721574
204.1242811769051,99.45743137614626,91.27905374843823,40.49826685538867
204.26401977479412,99.36186133248027,91.28011371091097,40.49998108684563
204.4331168662562,99.26456940049266,91.28124775741418,40.501689759251505
204.68568465574376,99.17330548543502,91.28238872634786,40.503381418455014
204.9471136429403,99.07639970536752,91.28356972242516,40.50508135232256
205.23890801926953,98.94371046312526,91.28470009122289,40.50680292257295
205.47573432490339,98.79385553869572,91.28591041311405,40.508460043255894
205.68771027424555,98.63821432932275,91.28712151525177,40.510151526294734
205.92269100508753,98.46497314432526,91.28830741198531,40.51180281704512
206.18356200981995,98.29008689677251,91.28955717898684,40.51346776558271
206.43571312916407,98.11498544648501,91.29080210616928,40.51517503374764
206.73556938016975,97.95915870351688,91.29199585701893,40.516927461010056
206.99428375346398,97.79524018516743,91.29322527159381,40.51869767589537
207.24254799589374,97.65096257788944,91.29443628058115,40.520477599485304
207.41543678478533,97.50864729471516,91.29560860795512,40.52230054745427
207.57332798181912,97.37721856454533,91.29671350317317,40.524122923069505
207.74388659766373,97.24019176349455,91.29776659938582,40.525902627046364
208.00987767069242,97.09889882153178,91.2988649715741,40.527710669165515
208.286714122175,96.95134173687688,91.29988415816662,40.52949038417729
208.56039970629973,96.80003272309209,91.30089384166271,40.53118420000637
208.77347398994615,96.63639325649457,91.30192893225448,40.53282549463254
208.94638321613684,96.47059711614716,91.30301729087205,40.534458323175095
209.13643512675048,96.33744628682261,91.30411363420127,40.53612158770684
209.31704587530146,96.2123301205666,91.30517447285753,40.53777118456115
209.54630561737838,96.10860937515102,91.30634696024416,40.53945793336602
209.8146031781934,96.0131911933413,91.30754410402928,40.54115373874266
210.17718203829847,95.93584586203048,91.3088989351268,40.54286222601411
210.608402946617,95.82918147665573,91.31021794746161,40.544639136788724
211.03324149475694,95.76591980816987,91.31156404835582,40.54650571455798
211.41276384634676,95.70092392386216,91.31263359774344,40.54818809918501
211.71041462136805,95.61839524469801,91.3136589353085,40.54980870197535
211.98481874930826,95.51036211571542,91.31475288012689,40.551394738669
212.2625878182026,95.38745126738225,91.31590644851876,40.552940299175454
212.4428694389078,95.22799559695089,91.31721629737561,40.554419474892285
212.64522124288192,95.08261688203831,91.31852787692921,40.555915593424814
212.90070370463295,94.94507295495663,91.319805926278,40.55738379579373
213.12364703432354,94.78003156712512,91.32105751677094,40.55882938874417
213.3538987310337,94.6153115691457,91.3222678546395,40.56027417381703
213.57165753137105,94.42611752793582,91.32351938181056,40.561740244861376
213.73378007197675,94.28854863718345,91.32469888236525,40.563227618574956
213.94360420991495,94.1420370796147,91.32583969926804,40.56476402340248
214.06804971476845,93.98579038694704,91.32692812595862,40.566366436123495
214.20444153224048,93.80754736555086,91.32797460680969,40.56801971047563
214.3242835457366,93.64939706097753,91.32916801442877,40.569637627332924
214.40525280122415,93.52162447730166,91.33036921924443,40.571209221238405
214.4265994955665,93.44276378689366,91.3316007061171,40.572748417238984
214.48671250005918,93.35550554828538,91.33275821511235,40.57430944105972
214.62506679928148,93.23586845710412,91.3340063110323,40.57593112791881
214.8402682382104,93.0959137502682,91.33527779440341,40.57760206626792
215.04434183837648,92.98702559716122,91.33652578216443,40.57922831218581
215.20901003438513,92.86331351599628,91.33776578017512,40.5808005554607
215.47789863196377,92.71612631416873,91.33898397018784,40.58239521544439
215.72559389932786,92.55562668001826,91.34027768867543,40.58398228210235
215.87067583338677,92.44710982663203,91.34148018908982,40.585554168510804
216.06602134088897,92.33145552687989,91.34269176984384,40.58709212251585
216.27128031194457,92.1960769217437,91.3439017628084,40.588649812438746
216.48764782215312,92.0580750244948,91.34510217601746,40.59029643706998
216.6266721409546,91.95846809198673,91.34627146706248,40.59189897014643
216.78531129788405,91.89703221361484,91.34744208418238,40.59360218796217
216.85672866876766,91.82019416101781,91.34862484508066,40.59531055905778
216.88839803872287,91.7427177088983,91.34976975519898,40.596948217191624
217.02169447844162,91.6435675461797,91.35099288289875,40.59860235889964
217.13068007839325,91.51654491205576,91.35239352335326,40.60033633783705
217.2111012425405,91.3396376950908,91.35379767564291,40.60202792850144
217.235265272506,91.15713427843455,91.3553012705884,40.60374072661765
217.49453174012055,90.95908351421298,91.35663217927716,40.60542881364119
217.81711956674224,90.75857863763228,91.35775624584427,40.607113583444196
218.01487214626678,90.55354411236455,91.3586029606698,40.60880266199862
218.16858435489462,90.42271847372078,91.35949337347895,40.61051408990947
218.26193277410815,90.33720972365573,91.36046310023171,40.61210733931764
218.3504958986366,90.26111874104521,91.3614633055281,40.61368399850938
218.41928506291498,90.20001056968306,91.3625245909574,40.615200950464676
218.54328319346382,90.13923940296856,91.36367900837514,40.61666303637227
218.71791179643805,90.02192125970376,91.3649598177923,40.61818947619071
218.89462969816262,89.95184815058772,91.36619430052173,40.61969964181429
219.0314243824721,89.88620920884732,91.3674635258435,40.62120796162017
219.16422713538273,89.79929421545987,91.36876162905962,40.62274388303884
219.3249253138186,89.67938168526251,91.37016710057227,40.62427891664957
219.55974901759038,89.53051758780684,91.37163572920545,40.625830409776796
219.76132588703604,89.41803533502554,91.37312695643959,40.62737369932836
219.93084224760713,89.3287085809729,91.37463920414083,40.62893243497556
220.11831263267052,89.25661544346178,91.37613809480166,40.63047199495282
220.2846936163282,89.20603013949403,91.37760324240212,40.632010488716325
220.48466416247464,89.14404621072822,91.37912178441333,40.63356450237778
220.64394940429128,89.03866926918198,91.38067244006797,40.635128255236516
220.80512911080103,88.94301418762153,91.38219745459591,40.636687046616125
220.97256034452184,88.85135869649018,91.38366832160028,40.63823823929275
221.1835824915299,88.77392746133762,91.3851079953652,40.639801571647936
221.43704025485403,88.67700127320123,91.38654063565959,40.64141964039315
221.746105471955,88.65606253373129,91.38781648435943,40.64299843017628
222.00086455364357,88.66632249972638,91.3891640093062,40.64455940950953
222.26095457086657,88.68872731991328,91.39052086155226,40.64608615921379
222.53312896926295,88.68565540162783,91.39185246846891,40.64762230202683
222.80499273787748,88.68914332077897,91.39319802322365,40.64914507744718
223.06935125353786,88.69717702570341,91.3946309285789,40.65070712523596
223.3469741208075,88.72698359542613,91.39614580318958,40.652245393449576
223.63812383983995,88.80667464162161,91.3977329289026,40.65374672772487
223.92868880370193,88.88454592983426,91.39927667004001,40.65528817267713
224.18071702950078,88.93394168015712,91.40083491637549,40.656854614314575
224.49562257281613,88.9249017027617,91.40231802062846,40.65846168744553
224.79274931256538,88.93650702555951,91.40382387330996,40.66003570554206
225.12152978137567,88.90944308642241,91.40516796498625,40.6616180661332
225.5076039475343,88.88310663790585,91.40643799957803,40.66322060083683
225.8203138484052,88.84116011814311,91.40769290954054,40.664821664744935
226.1447692195588,88.8256044328725,91.4088417480362,40.66643107932992
226.4515522205602,88.7949305044837,91.40998524253158,40.66807874136125
226.75991056519732,88.77161045831618,91.41117595815689,40.66970741761869
227.08664672552706,88.76684739192454,91.41237119378326,40.67136761018131
227.47814686839558,88.71283510804648,91.41352597882792,40.673010664759076
227.7672658695656,88.66509652859314,91.41474722646122,40.674620365262655
228.03158328535756,88.66797270157524,91.4158379464825,40.67622074490114
228.333848857803,88.65695640317378,91.41703703716828,40.67782526159233
228.65795625812456,88.61723849321348,91.41824059055956,40.679446942087154
228.9551500858503,88.59446534874502,91.41924909618744,40.6810473001259
229.3422253829201,88.5565452402307,91.42035948694544,40.68267124074729
229.56638738501363,88.50811509160576,91.42152847372907,40.68427384595815
229.88334773194092,88.50971481501043,91.42271678723303,40.685830936880556
230.20690077837972,88.48027948515406,91.42386204904976,40.687394219135676
230.49773938690836,88.45720277281617,91.42504446734557,40.68896002048349
230.7588905162645,88.4194136756967,91.42619615951526,40.69052877388313
231.04825417655402,88.38929882485552,91.42733202958713,40.692124961816866
231.3826373983349,88.33935346197104,91.42849073928083,40.693755813897575
231.76588676415435,88.30733252655071,91.42954283371469,40.69541410006006
232.1093120773863,88.25520494995065,91.4307085026838,40.6971056858006
232.47625803199207,88.22878748759273,91.43193653232268,40.698821551192204
232.72017545458516,88.24272080636887,91.4331915039452,40.70046970694651
232.9801489356076,88.2413662967378,91.43445938469662,40.702165195324724
233.1981761892709,88.23206320827164,91.4356882740909,40.703818799866575
233.4439089134715,88.213699549066,91.4367844938473,40.70546007882412
233.71415288099723,88.19233059168457,91.4378169755324,40.70710038984868
234.01660939879937,88.22034630952544,91.43880738660248,40.708736950901304
234.281818977158,88.26210851349772,91.43973979619993,40.71035175049869
234.4887060809648,88.30889975044178,91.44064946700817,40.71198811387178
234.82215508160775,88.30372719637701,91.44163057033649,40.71364743013631
235.10909303765447,88.30752444561912,91.4426756105631,40.71529795757744
235.41238061506988,88.2843299430354,91.44374954363819,40.71694730286924
235.5852008324502,88.28407328927734,91.44476280875242,40.71857708559215
235.79714387021608,88.29085702137073,91.44584402219165,40.720202268869976
236.00470160322726,88.3192248397347,91.44699177886368,40.72183255456324
236.17122392126407,88.32218092049837,91.44822665018867,40.72346061715592
236.3777301264725,88.2903955648446,91.44946565669338,40.72508235850323
236.67386490988497,88.22498822820646,91.4506647559451,40.726712994332544
236.8750252422551,88.20605017547445,91.45176290038034,40.72833429894045
237.06801432689156,88.12452620253669,91.45288164277619,40.72995987295166
237.2873610796317,88.06532002896428,91.45401063227965,40.731567232904325
237.4978717793176,88.03867589606844,91.45516389525943,40.73314408468668
237.73537302061354,88.0224116031795,91.4561631521695,40.734781844328666
237.95202465550696,88.00936090669558,91.45720390584876,40.73638112383502
238.04997786247503,88.01673837596103,91.45831672621226,40.7379479859533
238.21718888860354,88.02742830693255,91.45948700345734,40.73950235778002
238.42597617963884,88.0341078229505,91.46070520560077,40.74108353449956
238.63396595277433,88.02912209790222,91.46189126654379,40.74269054651683
238.82565795514174,88.08125715378233,91.46303729945048,40.74426080481562
238.9984644767942,88.07193696999204,91.4641622965928,40.74583620054687
239.16145128189004,88.03191861419539,91.4653462732141,40.74743300590066
239.29801067517118,88.02193219354228,91.46649817017881,40.74902091559783
239.45613322059012,87.98840905982068,91.46762391130733,40.75063721986957
239.7077685980612,87.91467999565081,91.4686941626442,40.75224848958866
239.73370269776566,87.883152919069,91.4697132912043,40.75386150809085
239.7925800326174,87.84657373086594,91.47084571814428,40.75546824118499
239.90906815316396,87.81172123968335,91.4720121828493,40.75708646529422
239.99414270860223,87.76741686560729,91.47324733203118,40.75870791173908
240.07168146668488,87.75898387073372,91.47435015293729,40.76034749078435
240.1987478299256,87.74096416309479,91.47532679621067,40.7619834701763
240.40850809019813,87.70308761158378,91.47631805783494,40.76363484201717
240.63770451540367,87.6444748424459,91.47736633281674,40.76535465514757
240.86977020686763,87.60547624464502,91.47841367799249,40.76707752281554
241.01706142353416,87.57021857790112,91.47955954070092,40.76875174166313
241.17259736607096,87.52104157529706,91.48064761112884,40.770446198290585
241.32957149891064,87.47102025797561,91.48162439022454,40.772198486370634
241.48046432635363,87.4107046565178,91.48256244110712,40.7738998635631
241.66459271247223,87.34392890215199,91.48332100490659,40.775574173479356
241.86081188328717,87.2902270124846,91.48405626848037,40.777277236437804
242.0537995206779,87.25070540404083,91.48471549253347,40.77894240383253
242.30217112204463,87.16717049883364,91.48532244610723,40.78066775244824
242.46876791735082,87.10884672832672,91.48602966478288,40.7823442443321
242.58354655838448,87.07273653853795,91.48682637887323,40.7840543556983
242.73938019824234,87.01352788618428,91.4876534963209,40.78581248852633
242.85009840128004,86.98043391480745,91.48851922905092,40.78749597923027
243.01306006158603,86.92619658449556,91.48940337756846,40.78916102376518
243.08325734341136,86.86904338138038,91.49035480660218,40.79083382916453
243.24963722982784,86.80059136834501,91.49132123125035,40.79258871904961
243.38413412792676,86.72044481068164,91.49236744049803,40.79431087421227
243.55398338550916,86.66874210056388,91.49348151903172,40.79602411709251
243.75325554945616,86.61859725015366,91.49454535616344,40.79770021300973
243.88896976500064,86.55323943690227,91.49554725558937,40.799339597065604
243.94388645126287,86.51837337002803,91.49664442273254,40.80095647408736
244.04673944364632,86.44369522299273,91.49768263199637,40.802572255071624
244.1069599714995,86.34385684799608,91.49877617714394,40.80422635637279
244.09227129684095,86.26459804936673,91.49995091823331,40.80587685184298
244.09862624246134,86.19189753827554,91.50115465936305,40.80758251956368
244.16475751005274,86.09497442953558,91.502269422893,40.809286548494555
244.22783038465042,85.99687700542111,91.50337990321746,40.810955335307824
244.34082061493123,85.90652377660102,91.50459926532012,40.81263556177831
244.38496230984893,85.79417581712647,91.50583598716476,40.81424889360449
244.4435485383987,85.67870031360327,91.50712639810006,40.81589162328235
244.60817631833504,85.54616287660599,91.50838821965706,40.817554111097934
244.810530877208,85.46447394102312,91.5097120217948,40.81925271438038
245.04429130051858,85.43882320174936,91.51103064174548,40.82092190813761
245.38419725763458,85.41219053299594,91.51231355278131,40.82259697062505
245.76023397863284,85.36854856629358,91.51356765928865,40.82423759765521
246.112997446368,85.32990202815006,91.51466183425757,40.82592253967253
246.3530603085049,85.29867964217715,91.51577498179662,40.8275831617034
246.6109265600758,85.24050593571646,91.51666800222203,40.82921695050502
246.8427434290483,85.14145350203859,91.51762514157159,40.830849024043225
247.00015710581062,85.04138261606491,91.51848347749625,40.832467125555624
247.11666642448267,84.92534170326411,91.51933095059623,40.834066447385446
247.21329024843288,84.87059992773655,91.52018092592485,40.835602462627726
247.35223864255966,84.82301456222635,91.52103950447346,40.83712630223301
247.47396525995137,84.86607436928824,91.52199663550999,40.8386338978322
247.68000071097396,84.8907818436241,91.52296753372538,40.84009602852814
247.93774737977319,84.89364580211324,91.52393795268817,40.84161238510439
248.25630626019964,84.87732047319136,91.5250042028178,40.84306241980839
248.5639688256539,84.84427940704353,91.52599729776986,40.84456376140553
248.85678546309765,84.73269909335005,91.52693172279157,40.84608073230028
249.13473377897319,84.64434554895944,91.52780356800353,40.84754858591875
249.3747987833819,84.58789660244265,91.52876189946856,40.84902264379397
249.63735200869348,84.51898833678896,91.52968491642812,40.85048371541126
249.79895528220575,84.45633991313568,91.530734968353,40.85191871340982
249.93334415858513,84.41502914173424,91.53184066944023,40.85336107696152
250.12854975280578,84.3735426694992,91.53323235818661,40.854843176943426
250.34314001463588,84.31643076033603,91.5345062972931,40.85635210860441
250.47318925492036,84.26547644525353,91.53583474238333,40.85786711565581
250.5922016213155,84.21342248147725,91.5371387069168,40.85937239745354
250.6746516056135,84.15114378535745,91.53825424411156,40.860883831114556
250.72484009100629,84.0675690571034,91.53928659683945,40.862417728998395
250.7531802251881,83.9650165214803,91.5402706446234,40.86395501223972
250.81747461089796,83.8681813966763,91.54127408325809,40.86545659393521
250.75122146030992,83.75521333483474,91.5423553315529,40.866998232263946
250.80748835595796,83.68331154228568,91.54346946313038,40.86854435044978
250.76760794016613,83.64433330546109,91.54463312161924,40.86999648929157
250.82407031748764,83.62901360987303,91.54577715824651,40.87143754125872
250.89929746074233,83.61673153536648,91.54693181567633,40.87288247721226
251.00008124146953,83.58083614644123,91.54809495459556,40.874337606108874
251.0896267309339,83.5116195704105,91.54915867177372,40.875807301301194
251.23233928958152,83.45745258353303,91.5501937156876,40.877299032874845
251.28656749582623,83.33655308803176,91.55084388113103,40.878839106664884
251.28806483736145,83.25115842642428,91.55166089507054,40.88037299441307
251.29218504481065,83.16468633096098,91.55247954146839,40.88191160171963
251.38941672125907,83.11402820642263,91.55347023470179,40.883473763169384
251.38169012750788,83.07274940336596,91.55448519445379,40.88507542432737
251.42075265341265,82.99773277254671,91.55544405471879,40.88668087172065
251.5376173366953,82.92732333535426,91.55646121880554,40.88819069745289
251.66882783626187,82.8773487449815,91.5575603412468,40.88968029169728
251.78251802610356,82.90411119869873,91.55868464911113,40.89113167249205
251.97640068174186,82.93207042793483,91.55984444316783,40.89261390999946
252.16124631340307,83.01148983829745,91.56090637870749,40.89406924952107
252.28732553078123,83.03133011112897,91.5620503094926,40.895570048396955
252.32658489937756,83.02162772731158,91.56320542879675,40.89709023188797
252.44001914565666,82.97842854785462,91.56438380050977,40.8986139310252
252.5689017677276,82.86657714105564,91.56544508038715,40.900184091625206
252.73558152541307,82.78576696312817,91.56650308696976,40.90171650440306
252.85473274991895,82.76645382826533,91.56759624149555,40.903246251380274
253.00003913058123,82.72838750450791,91.56866357775095,40.90473777548107
253.21384700665465,82.6651819990587,91.5698296032244,40.90628852946915
253.4173502691957,82.60930123707013,91.5710317761766,40.90781462314607
253.56286784924757,82.5128000511941,91.57220656914258,40.909367471926
253.91129946122376,82.46759092295393,91.57331766941657,40.91083076561633
254.16051244589013,82.39053447919171,91.57446856671055,40.912311014328715
254.4805982262054,82.30290565657451,91.57549111122837,40.913751725335175
254.70664217164503,82.19605669704936,91.57643034952235,40.91520283895602
254.94923824986415,82.13991769870094,91.57745274143348,40.916604558563726
255.17298496656088,82.10388515082435,91.57862260235537,40.9180114101243
255.3363293643853,82.01904198044048,91.57981788473234,40.91943009849966
255.41530231987468,81.95635911941636,91.581273286224,40.920872243179645
255.63307293119908,81.86477334883263,91.58252714924379,40.92231226226383
255.83675697168078,81.75603859112019,91.58371478455653,40.92373651725933
256.0967399711324,81.7075257569006,91.58470136801262,40.92516152108287
256.34080787637595,81.65985696379113,91.5856672356585,40.92657318419277
256.68136319951003,81.59750553133122,91.58684863355309,40.92802128056218
257.0898204615313,81.51062760797335,91.58798073893948,40.9294499515415
257.43672493457495,81.43863786465,91.58922101913618,40.930890011503806
257.80635087201534,81.30921787124738,91.59048014441181,40.932324717242146
258.17665065248394,81.16775745244698,91.59184462566134,40.933784047760994
258.51210829491185,80.98913074652302,91.59316626020863,40.93521593951879
258.9700181445968,80.80395482222843,91.59449193227582,40.93669630788145
259.3987099960925,80.66710858426067,91.59574228394507,40.938179556731846
259.80473793652897,80.55914401568397,91.59692544106277,40.93962082831806
260.1778034646484,80.41926612852534,91.597994397031,40.94109723852628
260.504721636043,80.30606170957547,91.59898505295244,40.942536644668074
260.7820822994371,80.24353913118972,91.59988928406366,40.94396310927993
261.1368270035693,80.15567601896873,91.60076177374467,40.945397618696
261.4909342153701,80.05949787857921,91.60172144672745,40.946852798839544
261.8451218654419,79.94413907524367,91.60274459505108,40.94832319310062
262.27897264999973,79.8293983295871,91.60384354683232,40.94981796122919
262.6237401723565,79.68251089380705,91.6049087781121,40.95134514997945
263.0079422092908,79.52052797565258,91.60597152162256,40.952836029775945
263.33531610733144,79.37695222920028,91.60705845998112,40.95431539448001
263.6879000908113,79.20553049051327,91.60810688792265,40.955792252982334
264.02030251954807,79.10875156282015,91.60905920970932,40.957225324375834
264.30428673914497,79.02208581430408,91.61004619196332,40.95867742556542
264.6032181694704,78.84643755173606,91.61092384940557,40.960157300549234
264.9439612672299,78.68151603295857,91.61175812946485,40.96163337304875
265.29197103171066,78.53998880113909,91.6127667605985,40.96312202147738
265.66534704613167,78.36065843704047,91.61375708662634,40.964616906426244
266.0082314079263,78.184085793103,91.61493100000382,40.96608766737134
266.2888836029177,78.00824955117908,91.61607791302629,40.96755383570174
266.61443292943216,77.85703951991891,91.61714485171412,40.969007844020965
266.9770948266613,77.71968185651971,91.61813560193355,40.97046671992787
267.29947744389875,77.59221176790885,91.6191723884853,40.97196785815765
267.6330914795518,77.47754571720162,91.62015732701337,40.973506757767936
267.95783273156246,77.35510680184785,91.62116135186551,40.97504294883755
268.27507462065256,77.22919297030964,91.62224541759937,40.97656880379515
268.58069455842633,77.10515029947659,91.62332042194606,40.978153727871096
268.9073532328857,76.9795856912668,91.62438375215788,40.979739873497536
269.18504542104625,76.8466138769054,91.62541499330278,40.98130134847089
269.4892590924675,76.73935849954006,91.62644353396333,40.9828437835471
269.79431548775983,76.64042512122346,91.62745692784209,40.984392018084606
270.0944814901692,76.55299976717873,91.62846348837297,40.9859863885314
270.41641562526456,76.47374775253645,91.6294534592634,40.987596940972104
270.7073443510439,76.41215094737794,91.63047656428816,40.98919500468594
271.02573653545545,76.32744866302771,91.63156906371309,40.990836459410865
271.3651965963194,76.23303042768143,91.63266909550767,40.99248597369781
271.70173713173483,76.13592793201832,91.63378087049817,40.994150677052524
271.9920436633577,76.04969880061691,91.63500641504048,40.995746175735235
272.26758757381344,75.98749719706606,91.63622053743126,40.99729696799051
272.54774274581973,75.90269870566394,91.63750265309731,40.99883123407227
272.85456840043946,75.84500287080654,91.63880408691125,41.000355285643515
273.13318496128244,75.813799118932,91.64004276412211,41.00183606889259
273.4174268546414,75.781711178599,91.64129122618725,41.00330823578391
273.7275217955762,75.72818450122182,91.6425238735383,41.00481330559042
273.93745127960665,75.6931538003399,91.64368836371979,41.006322883857436
274.1524805646749,75.64704033392371,91.64489207810063,41.007822420380414
274.1769603650792,75.58903766648886,91.64607926984164,41.00930921713271
274.1763580161736,75.52173534265488,91.64728396765281,41.010796993682135
274.1757534143041,75.49514258937128,91.64849317139183,41.012278059983444
274.17514984759674,75.44722189957997,91.64970030480654,41.01378443487876
274.1745836342128,75.39389967103095,91.65083273157437,41.015268558760596
274.1740043602463,75.33809323047811,91.65199127950744,41.01673860538171
274.1734110302823,75.30016954717033,91.65317793943545,41.01823410247374
274.1728537165222,75.2711157127832,91.65429256695566,41.01972697741092
274.1722595802019,75.20023277732767,91.65548083959617,41.02119758121689
274.1716082428584,75.16681830742861,91.65678351428328,41.022662674295724
274.1709788153341,75.14241662410552,91.65804236933184,41.024152659955455
274.1703367393623,75.0740035863172,91.65932652127537,41.02562436565332
274.16968794450094,75.01377629430657,91.66062411099811,41.02712190698051
274.169055644006,74.95180301293405,91.66188871198797,41.02863427086919
274.16845575352426,74.90675778701964,91.66308849295149,41.0301168079522
274.16783669512887,74.87693066924096,91.6643266097423,41.03160159662398
274.16723764807267,74.84409684987392,91.66552470385469,41.03307223896723
274.16661409781284,74.80343014290698,91.66677180437432,41.034567630311436
274.1659799134689,74.75865729298988,91.66804017306222,41.03604933013514
274.1653637289306,74.72812947221612,91.66927254213881,41.03753516954741
274.16473437925595,74.69838545532252,91.67053124148808,41.03902850981693
274.16407053039,74.66192893059835,91.67185893922002,41.04050712848728
274.1634161869748,74.6309062481937,91.67316762605033,41.04200740271063
274.16278852710974,74.60921646024221,91.67442294578055,41.04350995101259
274.1621587090394,74.599450524411,91.67568258192125,41.04504057734028
274.1615257459201,74.55813486637278,91.67694850815984,41.04660677510387
274.16091853540814,74.51213849837669,91.67816292918371,41.048129271575995
274.1602993976551,74.4681857403827,91.67940120468978,41.04967593487947
274.15965032121164,74.44860890915447,91.68069935757669,41.05120952973947
274.1590123478025,74.42634410162682,91.681975304395,41.05272779237494
274.158385258888,74.39822746733371,91.68322948222394,41.054205861260556
274.1577476159619,74.38962456743154,91.68450476807618,41.055700590095206
274.15711776624255,74.37482747019801,91.68576446751491,41.05721014137712
274.15646889662196,74.34346723088001,91.68706220675602,41.05872024100865
274.15576083965755,74.28235841990302,91.68847832068492,41.060252665549655
274.1550758302455,74.2148429505349,91.68984833950901,41.06179192425983
274.15439031262673,74.15486016222425,91.6912193747465,41.06331728261132
274.1537284256153,74.09885290828305,91.69254314876937,41.06483708743929
274.1530688971979,74.04851301273789,91.6938622056042,41.06634834693294
274.15239825251354,73.9908923039845,91.6952034949729,41.06785611518589
274.15174022280274,73.93401981129222,91.69651955439454,41.06939577401327
274.1510698153462,73.8997607200585,91.69786036930762,41.070919900375124
274.1504223712202,73.85409224960087,91.69915525755964,41.072437633502865
274.14976374325005,73.82514680951908,91.70047251349989,41.07396669311767
274.14911586158735,73.8017586338251,91.70176827682533,41.075480197409874
274.1484650737266,73.79119008260008,91.70306985254685,41.0770132819019
274.1477759880418,73.77174489249798,91.70444802391638,41.07856730144291
274.14705878900526,73.72552698532563,91.70588242198949,41.08014341951858
274.14635153702426,73.66569379719948,91.70729692595145,41.08173756912732
274.1456070275341,73.60763729378417,91.70878594493188,41.08332249364679
274.14489298071385,73.57058884600433,91.71021403857227,41.08489658506542
274.1442144689772,73.53061829352283,91.71157106204554,41.08640562179969
274.14346379211366,73.48593166624757,91.71307241577267,41.08797660033495
274.1426970426596,73.43320891437399,91.71460591468077,41.08947691585778
274.14199963602925,73.30416440897984,91.71600072794146,41.09099421653636
274.14128994901483,73.2554813003107,91.71742010197035,41.09251010775378
274.1405746216693,73.20017489791356,91.71885075666135,41.09401687105706
274.1398773198532,73.16685743101861,91.72024536029362,41.09556175206345
274.13918930298297,73.14578202960307,91.72162139403402,41.097096690796455
274.1384976899217,73.12216123468285,91.7230046201567,41.09862904318058
274.13781593156443,73.08351002779493,91.72436813687115,41.10015720454171
274.13711432110944,73.02786457654305,91.72577135778108,41.10166720686513
274.13641280624324,72.99978200357349,91.72717438751346,41.10314946471365
274.1357341747304,72.94595483454619,91.72853165053921,41.104625452021615
274.1350367954888,72.91345514461565,91.72992640902235,41.10607501527425
274.134322275416,72.87727441135881,91.731355449168,41.10748821629502
274.13357060949966,72.85660225451501,91.73285878100067,41.10890289043457
274.132875305426,72.81798807356205,91.734249389148,41.11029554753701
274.1321763627689,72.77029558391234,91.73564727446221,41.111716575964024
274.13143164479305,72.75435772207436,91.73713671041386,41.11322020713965
274.1306944615772,72.71833647534282,91.73861107684561,41.11462912528246
274.12993158204256,72.67272878090981,91.74013683591485,41.116033986287384
274.12920071664837,72.63179422271064,91.74159856670329,41.11749073718956
274.1284799727054,72.63577469332792,91.74304005458914,41.11893130363067
274.1277395903368,72.63757114033591,91.7445208193264,41.1204143057735
274.12701218789545,72.59266935191684,91.74597562420908,41.12186941198337
274.1262974899348,72.53831104157672,91.74740502013042,41.12334624985339
274.1256107089201,72.50634265816143,91.74877858215984,41.124857697578605
274.1249721487682,72.47466470888345,91.75005570246357,41.12641969883359
274.1243523976696,72.41771596048078,91.75129520466075,41.12798815219096
274.12366796209915,72.34375046434482,91.75266407580172,41.12952614338331
274.12292828972744,72.28101438513093,91.75414342054512,41.131037702507854
274.12220826803116,72.21527341595697,91.75558346393771,41.13251469843861
274.1215048530972,72.15151143820097,91.75699029380566,41.134006569724015
274.12083285360876,72.11200931321662,91.75833429278244,41.13546832098496
274.1201268526043,72.05122904502167,91.7597462947914,41.13695293119019
274.11941509451725,72.01412584902374,91.76116981096554,41.13843665722049
274.1187128907771,71.96254927360889,91.7625742184458,41.13988879430634
274.11796282464167,71.91004383656501,91.76407435071665,41.14137908875798
274.1172350884524,71.85195026728644,91.76552982309519,41.14289253085679
274.11651845617894,71.80026010532704,91.76696308764217,41.144406684011614
274.1157888510255,71.76697416424682,91.768422297949,41.14591901606552
274.1150879480982,71.71291448281576,91.76982410380361,41.14745383742802
274.11438688369856,71.66836623496431,91.77122623260293,41.14894820951281
274.11366833601244,71.64272609118245,91.77266332797507,41.15042888714719
274.1129425433345,71.63407815271079,91.77411491333103,41.151894467067486
274.1121951762484,71.60416909014364,91.77560964750323,41.153381039308826
274.1114509830827,71.56219182685763,91.77709803383459,41.15484008510505
274.1107084552663,71.52195520985046,91.7785830894674,41.15634164259092
274.1099537970337,71.45020800312366,91.7800924059326,41.157814310601154
274.1092061057356,71.37070370996747,91.78158778852878,41.15930500181106
274.10846229144136,71.2681299662814,91.78307541711732,41.160791151688336
274.10771612508063,71.15996739145785,91.78456774983876,41.1622643407956
274.10697210869154,71.05207350728712,91.78605578261696,41.16373849774889
274.10623309511936,70.93426159254739,91.78753380976124,41.16521991945342
274.1055056296621,70.81837971766669,91.78898874067582,41.166705937200156
274.1047786549372,70.69989567391842,91.79044269012563,41.16818489467655
274.10407651240934,70.58477043241815,91.7918469751813,41.169653603037
274.1033648832977,70.47522656544265,91.79327023340464,41.171126984284896
274.1026646877543,70.35033562148195,91.79467062449133,41.17259739728701
274.10195132357313,70.23627126433547,91.79609735285378,41.17411196415527
274.1012447989877,70.11648082249101,91.79751040202457,41.175641954895056
274.10056853820095,69.99978732325633,91.79886292359812,41.17715491955572
274.099888884346,69.87701422981901,91.80022223130797,41.17867051160463
274.09921306133293,69.76515349158772,91.80157387733415,41.18020867112116
274.09853838454734,69.65302446176503,91.80292323090536,41.18174868565107
274.09785400239286,69.53651072713399,91.80429199521429,41.183278151907174
274.09717098653016,69.435533903825,91.80565802693972,41.184804474945366
274.09649045997793,69.33257048413817,91.80701908004416,41.18633275677528
274.09579291328635,69.24677403193338,91.80841417342727,41.18784863529451
274.0950984482488,69.15855278533655,91.80980310350236,41.18938550052225
274.09439943545107,69.0650095828638,91.81120112909782,41.19092559671188
274.093712680875,68.98616756500363,91.81257463824996,41.19245590883468
274.0930309766594,68.9178237345327,91.81393804668114,41.19401297063541
274.0923429653692,68.87302623623339,91.81531406926162,41.19554930183925
274.0916270233431,68.83154698863288,91.81674595331378,41.197093827642746
274.09089333472093,68.75969819011397,91.81821333055811,41.19866444723686
274.09017595490263,68.701339355813,91.81964809019476,41.20017863094595
274.08946512368226,68.65752114513673,91.82106975263547,41.20173274281401
274.0887464257901,68.6368179301442,91.82250714841989,41.20328016848035
274.0880456317492,68.57624418658354,91.82390873650155,41.204789175355614
274.08733254410083,68.51603640936578,91.82533491179836,41.206325486059626
274.0866311075722,68.46827917824666,91.82673778485557,41.2078231057538
274.0859218208025,68.38707963787121,91.8281563583949,41.20933814889082
274.08518380758017,68.31184061851853,91.82963238483973,41.2109076022862
274.08445427015045,68.22780800617261,91.83109145969905,41.21247126021034
274.0837281684628,68.16360443958384,91.83254366307439,41.214045088625056
274.08300542382625,68.10091139570062,91.83398915234751,41.215574237016085
274.08228646868963,68.07437240735659,91.83542706262074,41.217123111676734
274.08159553660016,68.04538784939903,91.83680892679962,41.21866951717315
274.08091703889784,68.00297943139302,91.83816592220438,41.22018445136784
274.08021967747237,67.95191902900149,91.83956064505527,41.221708485506724
274.07954800586134,67.92221418656939,91.84090398827735,41.22320340668189
274.07888453567153,67.88242528467396,91.84223092865689,41.224690371384774
274.0781976066156,67.85242132950427,91.84360478676871,41.22619495942085
274.07750614724205,67.79155862829688,91.84498770551586,41.22771231450525
274.07679779890975,67.72334683901047,91.84640440218045,41.229210378618454
274.07608571114326,67.70066322551122,91.84782857771343,41.230728167188104
274.075392692065,67.66900520405878,91.84921461587,41.232218599395715
274.0747333586606,67.61863700271412,91.85053328267882,41.233711323932454
274.07405247416557,67.57166881849554,91.85189505166882,41.23519492785851
274.07339508465833,67.54834110065252,91.85320983068331,41.23668985762389
274.07277938350944,67.54006228186931,91.85444123298109,41.23816670888018
274.07210834006025,67.518877835591,91.85578331987949,41.23971407523724
274.0714319043224,67.49755658674064,91.85713619135511,41.24123953436014
274.07075639501693,67.48578340082936,91.85848720996619,41.2427789660861
274.0700939906602,67.48268823284111,91.85981201867956,41.24425835070823
274.0693780692485,67.50914504505278,91.86124386150301,41.24574582596676
274.0686826867803,67.49748500293563,91.86263462643944,41.24720275140881
274.0679930929596,67.49560911849647,91.86401381408076,41.24866794967477
274.0672610995624,67.49816116137704,91.86547780087523,41.25011942163027
274.06656166455434,67.49685478566643,91.86687667089129,41.25157519567367
274.0658876285205,67.48900469583259,91.86822474295903,41.253018000190416
274.0652300783051,67.43949787784784,91.86953984338977,41.25455159239103
274.0645621908679,67.39277431436493,91.8708756182642,41.25601366504274
274.0639052738742,67.35288206096028,91.87218945225167,41.25750171164075
274.0632151030472,67.31680077127041,91.87356979390559,41.258969099398705
274.06255839347364,67.29227864780293,91.87488321305273,41.26041271938817
274.06191120126493,67.26481527158839,91.87617759747012,41.26189231094743
274.0613019267977,67.25741393746819,91.87739614640459,41.2634135015726
274.0606403782389,67.25903431902903,91.87871924352226,41.264912320058194
274.05997310127486,67.25662053494165,91.88005379745029,41.26638094787189
274.0593219300803,67.26044657952858,91.88135613983944,41.267879193331915
274.0586502153117,67.28494720732772,91.8826995693766,41.26934241512367
274.0579434506092,67.30155228740622,91.88411309878168,41.27078544549006
274.05724672370957,67.31615679883855,91.8855065525809,41.2722227337446
274.05650860966216,67.32767545921661,91.88698278067562,41.273655114561734
274.0557693238951,67.34023923403227,91.88846135220982,41.27509481169532
274.0550388992142,67.33644987280165,91.88992220157164,41.27653521221296
274.0542949380032,67.33388962207914,91.8914101239937,41.27797882954882
274.05356091880003,67.30307688232607,91.8928781623999,41.279416183236016
274.05284193421824,67.26787804414187,91.89431613156357,41.28085591986042
274.0521395909769,67.24621358515847,91.89572081804626,41.282313252875326
274.05140753466367,67.18663255937119,91.89718493067268,41.28372121014722
274.05068781758854,67.12353749002027,91.89862436482295,41.2851891586478
274.04999014492336,67.0694704696856,91.90001971015329,41.286658273503456
274.0493275311435,67.02672484188315,91.90134493771308,41.288098225542846
274.04863654965186,66.9744147601051,91.90272690069622,41.28956294751675
274.0479650435976,66.94509797285872,91.90406991280479,41.291006755691896
274.047248371115,66.92550920751032,91.90550325776995,41.2924715223938
274.0465425779724,66.87974157816572,91.90691484405525,41.293951777320736
274.0457787564549,66.8296688301144,91.90844248709013,41.29538313038557
274.04500872990536,66.78228160004299,91.90998254018923,41.29679670455064
274.04437475691907,66.70678645442048,91.91125048616192,41.29820034804672
274.0437180177606,66.63070322768424,91.91256396447879,41.29962042619687
274.0429889075251,66.53643097956203,91.91402218494979,41.30105023666742
274.0422130413904,66.43418312166676,91.91557391721915,41.302480810422495
274.041499374925,66.34371506947147,91.91700125014998,41.3039257376118
274.04077058918983,66.25586119584291,91.91845882162036,41.3053774432229
274.0400396163195,66.16893705621247,91.9199207673609,41.30684113257328
274.03928722438434,66.10419004663078,91.9214255512313,41.30829336280102
274.0385290193367,66.0394905876652,91.92294196132663,41.30974204453088
274.0377752203566,65.95548884121814,91.92444955928676,41.3111719384441
274.0370211778959,65.88177974727752,91.92595764420825,41.31261462598011
274.03626422087547,65.79604504595386,91.92747155824911,41.31408065917685
274.03549618320295,65.71202679882659,91.92900763359408,41.31553237857961
274.0347462126667,65.61033444060865,91.93050757466662,41.31696991259854
274.03398509095905,65.49620054071613,91.93202981808192,41.318402401924445
274.0332384125318,65.39676680979406,91.9335231749364,41.31986111311535
274.0324911051175,65.29660297227665,91.93501778976496,41.32132127342068
274.03173782050754,65.20058117927422,91.93652435898491,41.3227651794786
274.03098760308967,65.11036124381573,91.93802479382062,41.32420142428741
274.03025155991327,65.01288720048456,91.93949688017351,41.32565769442908
274.02949081544136,64.93137302307697,91.94101836911724,41.32708051230654
274.02872984087276,64.838408541641,91.94254031825447,41.32848256976104
274.0279582053101,64.72794040055645,91.94408358937983,41.329904467064374
274.027200680958,64.63104863885957,91.94559863808405,41.331346945912976
274.02649175939814,64.52055411112954,91.9470164812037,41.33279162046979
274.02578895847773,64.42334148949757,91.94842208304459,41.334207412702014
274.0250760480776,64.33077194854725,91.94984790384478,41.335617874192714
274.0243131259153,64.23442644473795,91.9513737481694,41.337048380068936
274.0235608496698,64.13450899235396,91.9528783006603,41.338495647102526
274.02286650213244,64.03956092256531,91.95426699573508,41.33991728054004
274.02214822157595,63.947105647937356,91.95570355684808,41.3413203873216
274.02142779034654,63.8512177823281,91.9571444193069,41.34270273026878
274.0207033547967,63.756441306469185,91.95859329040665,41.34405914210776
274.0199851230194,63.66053397677261,91.96002975396118,41.345418633015264
274.01927147504716,63.56191937902188,91.96145704990566,41.3467844325874
274.0185660181412,63.46405955786114,91.96286796371766,41.348175111152315
274.017865568707,63.41911444640323,91.96426886258598,41.34954596202215
274.01718240559205,63.385161275642105,91.96563518881594,41.350914282575964
274.0164990350263,63.281369396546154,91.96700192994741,41.35224372241135
274.0157960990918,63.16754638710397,91.96840780181643,41.3535881308259
274.01514956775134,62.99491920880929,91.96970086449733,41.35493811138529
274.0144262547488,62.90728182445935,91.97114749050242,41.35633370370691
274.01369130554343,62.80826344398763,91.97261738891311,41.357704909411645
274.0129446944464,62.70628687903684,91.97411061110722,41.3591390546378
274.01221536355644,62.60409648163618,91.97556927288713,41.360538913865554
274.01148926141445,62.512921278555766,91.97702147717112,41.36194809592817
274.01076007132457,62.41880371202083,91.97847985735086,41.363331802039
274.0100219310858,62.31740080295144,91.97995613782834,41.36474115487628
274.00927834046706,62.2144442420276,91.98144331906586,41.36613634597788
274.0085257048786,62.11285746755178,91.98294859024287,41.36754380632459
274.00779595096355,62.008592576169804,91.98440809807286,41.36894293344222
274.0070524170601,61.910716478434054,91.98589516587978,41.37034278523523
274.0063113013636,61.79759813249117,91.98737739727281,41.371756330062524
274.0055883002184,61.69601686103404,91.98882339956323,41.373149342203625
274.00488487126194,61.616108978095674,91.99023025747611,41.37454721264406
274.0041852544408,61.54371788619162,91.99162949111843,41.37596371528075
274.0034639952179,61.458753352530316,91.9930720095642,41.377355806623555
274.0027272314779,61.36864222807709,91.99454553704422,41.37874182906669
274.00201161457517,61.281153240201164,91.99597677084972,41.38012689464798
274.0012882454168,61.199141648219154,91.99742350916641,41.38154248328748
274.00057049200154,61.117339166140425,91.99885901599693,41.38299997017577
273.9998338017966,61.035454266576984,92.00033239640676,41.384432227722456
273.9991117331585,60.94164468276482,92.00177653368301,41.38588092165198
273.99835694067775,60.86753170543676,92.00328611864448,41.3873265195433
273.99757515661537,60.78484878130264,92.0048496867693,41.38876593031441
273.9968079615166,60.69760058866181,92.00638407696685,41.39023402532432
273.9960339720183,60.608834457925134,92.00793205596337,41.39168494231238
273.9952526189724,60.54204151063129,92.00949476205516,41.39316985244591
273.9944693076766,60.45573974652852,92.0110613846468,41.394654957308745
273.993688731612,60.39959195086164,92.01262253677604,41.396142489069334
273.99291751252247,60.36266115391507,92.01416497495501,41.39760729794164
273.99212111122085,60.34390272832025,92.01575777755824,41.39909852813433
273.99131820127036,60.336345293635596,92.01736359745927,41.40056779325083
273.9904969518442,60.330620641360156,92.01900609631163,41.40205459400341
273.98967345601983,60.31108039394903,92.0206530879603,41.403573646122645
273.9888729894829,60.315062787208376,92.02225402103417,41.40509130945589
273.9881165011003,60.309789719299886,92.02376699779937,41.40654047728514
273.98734611203054,60.33410219993131,92.02530777593898,41.40799723101005
273.98651975691166,60.32802252252279,92.02696048617666,41.40946804995799
273.98572373410735,60.28483275494652,92.02855253178525,41.41096507242188
273.9849588616421,60.22248661642983,92.03008227671586,41.41244460217943
273.98420373840247,60.167904543981955,92.03159252319504,41.41391452355204
273.9834597603486,60.13770571938228,92.03308047930282,41.41537466786381
273.98276606711727,60.127932483736316,92.03446786576544,41.41683286545168
273.98209392016486,60.144219857181746,92.03581215967029,41.41826006873539
273.98146375532065,60.11996077410332,92.03707248935875,41.41967875634944
273.9808454905989,60.128413743675,92.03830901880225,41.4210467053619
273.9801780158549,60.16709819505377,92.03964396829022,41.422429545444174
273.9794572892099,60.16569589575712,92.04108542158015,41.423830666878146
273.9787449067976,60.157069708542316,92.04251018640474,41.42519422928733
273.978028419349,60.14943857755914,92.04394316130193,41.42657883773686
273.97733332223214,60.13394060508848,92.04533335553567,41.427991144144215
273.9766309661624,60.12109251754997,92.04673806767516,41.42939087717449
273.9759597295867,60.10841301487665,92.04808054082659,41.43080412998982
273.9753117009158,60.09783463801105,92.04937659816835,41.4322188344442
273.97466055228784,60.07683115832481,92.05067889542434,41.43362309489453
273.9739543587528,60.07146284684457,92.05209128249444,41.435025413485015
273.973196302823,60.0623682207013,92.05360739435397,41.436416845665406
273.97239537290477,60.03631046349759,92.05520925419043,41.437796692724916
273.9716044844707,60.02434173194991,92.05679103105861,41.43916508804408
273.9708432425034,60.027285002907185,92.05831351499317,41.44055526556558
273.970091220635,60.030804735425875,92.05981755872996,41.441914421871274
273.9693762255776,59.97818458674536,92.06124754884475,41.44326852470517
273.968665651584,59.90928346352466,92.06266869683199,41.44463226728513
273.9679737141995,59.84239413602501,92.06405257160105,41.44598738729508
273.9672821745237,59.78968103314253,92.06543565095267,41.44735000765946
273.9665582339119,59.73318305920702,92.06688353217628,41.44869194213515
273.9657942767809,59.651738919578165,92.06841144643818,41.45006047044015
273.96499164923154,59.58709661958771,92.07001670153694,41.45141568094428
273.9642067767445,59.540998030041706,92.07158644651105,41.45277324308197
273.96344958042573,59.45639162420554,92.07310083914857,41.45412274537092
273.96271550865475,59.36539934585183,92.07456898269045,41.45547982192906
273.9619784999408,59.26118670466168,92.0760430001184,41.45684448412064
273.9612373526676,59.17721498702427,92.07752529466481,41.45823744701672
273.96047809305134,59.09142054491744,92.07904381389729,41.45965402731536
273.95969688751217,59.00169368769843,92.08060622497571,41.46105345372372
273.9589054321287,58.926663493077086,92.08218913574267,41.46245547795518
273.95810587474676,58.86181888690167,92.08378825050652,41.463875271231956
273.95733363186156,58.781041015016385,92.0853327362769,41.46526402126531
273.9565328665478,58.709955418705135,92.08693426690446,41.46664093669664
273.95576387039057,58.6244702792454,92.0884722592188,41.468014856482405
273.95497669137956,58.53739579285559,92.09004661724094,41.4693758202145
273.95425610994664,58.43463817324484,92.09148778010669,41.470714320577784
273.9535476249111,58.3116177581721,92.09290475017782,41.47203946011048
273.9528251239043,58.216891448749436,92.09434975219138,41.473368524964485
273.9520505092752,58.128034289649776,92.09589898144966,41.474714800337146
273.95126950483626,58.03196818835461,92.09746099032743,41.47607083362741
273.95051881829505,57.96590344444168,92.09896236340987,41.47744328762835
273.94977478096024,57.913438317424564,92.10045043807953,41.47880528576124
273.9490035734385,57.85371077962792,92.101992853123,41.48016924748915
273.94826061110683,57.80489304234699,92.10347877778631,41.48152122662484
273.94751925468887,57.716232634133725,92.10496149062227,41.482863963613156
273.9467968318426,57.62274512543936,92.10640633631475,41.484198690622364
273.9460587873528,57.51991441167064,92.1078824252944,41.48554578197911
273.9453107964073,57.43161811642255,92.10937840718547,41.48690021019617
273.94459326609353,57.36324608170223,92.11081346781297,41.48826521853393
273.9438445017261,57.31466146873827,92.11231099654778,41.48961646131137
273.9431188664103,57.26081249456401,92.11376226717934,41.4909721982942
273.9423826383114,57.211796061628576,92.11523472337721,41.49232478061861
