122.5,51.5,51,61
121.98447316010552,51.179903081390634,51.00513226797665,60.998176502519094
121.51479273975266,51.35204555468212,51.009805017404275,60.99662005153397
121.0708954168543,51.61033955758073,51.01438524908131,60.99501456727072
120.61828991091744,51.838754237860634,51.01917666809767,60.99331751233301
120.17114024464601,52.07247507032519,51.023883651111234,60.991703401868236
119.72883264736171,52.284981121271144,51.028606913669186,60.99006839662931
119.3275276840985,52.48950313572419,51.03334292595382,60.98844699970221
118.91926404715133,52.714751238506686,51.03808229653929,60.986838857568
118.53765747569987,52.95079795555473,51.0427990953527,60.98524648872613
118.14777784179292,53.191167127952426,51.04752626010494,60.9836561742118
117.78679525895208,53.422452891990616,51.052232912812826,60.982066790014365
117.43105423766059,53.647267209297254,51.05693332964812,60.98048859475883
117.0493497935205,53.857892629490706,51.061625396257774,60.97891617420034
116.6918514581327,54.05209277612794,51.066316257058716,60.977352052076085
116.34587798579308,54.252551932495024,51.070967586064874,60.97578563419742
115.99855430298686,54.45397502000351,51.075604821271895,60.974227402305225
115.6361348007123,54.65047886454571,51.080253717998595,60.97265962792419
115.31012580266494,54.86682964156262,51.08487747419083,60.97107280710952
114.97980039542918,55.105764567810525,51.08952284651984,60.969482451760314
114.64896913229538,55.3028589124347,51.09419365258789,60.96790064675307
114.34818020904643,55.49885850243945,51.09882013361488,60.96633588089191
114.0460850131929,55.70471215947437,51.10345252952576,60.96476166041757
113.74652889454202,55.91662162885652,51.10807799381344,60.963164620685866
113.46862012954885,56.152272712615414,51.11269948507677,60.961601890271346
113.17816516884554,56.326953990479936,51.11726002885127,60.96005484815314
112.86814158103329,56.523150368669675,51.12184662984886,60.958512337726255
112.59391155380666,56.70904444412743,51.12643987111926,60.95698031273773
112.29208887947105,56.904500329093096,51.131015207221054,60.955431205837016
112.00031342076994,57.113067363553014,51.13558532113358,60.95390387405402
111.73301469071696,57.28901917180613,51.140169279595426,60.9523610981068
111.4483084276127,57.46639959404669,51.14473821077602,60.950795473857674
111.12708029333841,57.66687862086373,51.14930652461269,60.94922352814521
110.75815522902377,57.86538462722789,51.153941023187485,60.947615228404786
110.37032733122005,58.08071377069739,51.158538259377195,60.94603137789194
109.94216983298425,58.33496855527324,51.16313930044644,60.94446616708909
109.46407841976949,58.59756936836166,51.1676887927161,60.94294820809518
108.94838260315657,58.85931874106521,51.172254521095724,60.941450550353636
108.44145905411423,59.09232604472864,51.17684346812603,60.939960182328456
107.947368613301,59.29981135375306,51.18137581116305,60.93847312436492
107.44115827884119,59.49749241792154,51.18586500921168,60.93698447897053
106.95877610865162,59.69672336561577,51.19038809144644,60.9354950014135
106.4374811343142,59.88169477829563,51.19488828792403,60.93403375249649
105.971684566783,60.035360722232255,51.19939137419643,60.93253621759336
105.57819422005319,60.163716758989565,51.20383538218929,60.93104163665915
105.17676130730017,60.340638315198056,51.20831397825273,60.92956869698121
104.8283743889439,60.54033653941875,51.21279321733954,60.9281233150338
104.51280372514412,60.691926157930745,51.21728397311598,60.92668582705805
104.21788650632473,60.85690363893306,51.221773261714524,60.92522758942056
103.92809775809843,61.04608533933981,51.226294026466235,60.92378247469219
103.62860074534296,61.22700481068514,51.230785662546154,60.92229715086178
103.33207183148158,61.338436073623775,51.235312711384026,60.92080930061603
103.08983980599007,61.44891301902949,51.239874971748186,60.91934917146327
102.79232352136046,61.601131027214585,51.24441493484437,60.91786362673271
102.5051830861139,61.73703908530634,51.248955331113386,60.91639427129901
102.30214003894248,61.87890863399996,51.253463833560176,60.91489765085193
102.07061789089829,62.02618132521081,51.2580295298618,60.91343376061583
101.83340876709205,62.21139095527246,51.262565587246776,60.911965731733744
101.62073449639041,62.40530103532969,51.26707157050452,60.91050168696047
101.44979199052156,62.6234488278499,51.271572239094944,60.90900502803509
101.31863775583375,62.87595606071889,51.27615016485716,60.90753280673147
101.17016942689965,63.12986313912555,51.28073194096189,60.90607029967936
101.02635278486036,63.390208925184865,51.28529051824762,60.90459598029204
100.90046627051844,63.656683099168426,51.289786853348936,60.90309134742044
100.8032167842209,63.867383584061685,51.294300893402166,60.90157899324213
100.63638887666554,64.05894359959134,51.29878084882318,60.90003699038488
100.45382526875382,64.28170591823917,51.30327793983926,60.898473019745715
100.30614882036474,64.48973344375835,51.30775900782295,60.89694535513428
100.20353585483431,64.74713085353024,51.31224089112283,60.8953924226831
100.11035765017799,65.04574663127002,51.316720596338676,60.89384867380982
99.99199862417326,65.35284719497248,51.321149632101346,60.89229215919406
99.884271004605,65.68449157053468,51.32559462376892,60.890761115665505
99.80583035174394,66.00948925844685,51.330042027465836,60.88922928707092
99.68526641803967,66.34449397140096,51.334492710173386,60.887707827223316
99.58056132373679,66.71293324803041,51.33892455195449,60.88621338060048
99.43839065963019,67.10566413143785,51.34335501772186,60.884705042054044
99.32271726638903,67.48937591908107,51.34774639038583,60.88321605329255
99.21072441985979,67.84662229858813,51.35210430074188,60.88175387098437
99.10778343646592,68.18682612103704,51.35643512817491,60.88033355032436
99.01102674607081,68.52604398984568,51.36086463473949,60.87889994464604
98.90551938823592,68.8326795498186,51.36526133941152,60.87746954964528
98.81938067768576,69.11026121086343,51.369647809474415,60.87605268942387
98.71820232412006,69.3940200532795,51.37409945297667,60.874604905581265
98.56532243972848,69.65467896683774,51.3785603650246,60.873172618473355
98.4088311767845,69.90861149930637,51.38306179369119,60.871739967590955
98.2350270146203,70.12622947283967,51.387495541260236,60.87032069189582
98.07275337580083,70.38710797404514,51.39199225151065,60.86889596630601
97.92139645329578,70.62505454495582,51.39648245202572,60.86748947352107
97.78658621059886,70.87131144039799,51.40093483682411,60.86608511342668
97.61517021010388,71.07489408160103,51.405419790246704,60.864686943990925
97.45195733567645,71.27991828225578,51.40992097187897,60.8632714469726
97.28706706328504,71.51009652712756,51.41442865851894,60.86185778779161
97.12588332583242,71.70707541460992,51.41889085641041,60.86044815669057
96.95128841898509,71.88395601549296,51.423311222063155,60.85905897540752
96.74903477695631,72.03912311690434,51.427727483867656,60.857681455266814
96.58660046525002,72.27611992852634,51.43215298370122,60.85628319587814
96.37435672054457,72.49438741566959,51.43654547642138,60.8548405813729
96.13231799508087,72.68267231442407,51.44092051426665,60.8534253983125
95.87341184813275,72.8292293946587,51.445274854233,60.8519857325866
95.55450542264289,73.00914928864152,51.44961395128357,60.850550521399356
95.2704299677557,73.22068910192984,51.45394235319967,60.84912479139293
94.99044253764934,73.41596736213884,51.45822513672935,60.847715135389144
94.67737813685227,73.59420272189436,51.46247954629086,60.84631143057233
94.3500782392574,73.77327942642545,51.466766142914175,60.844881210864095
94.01588076930308,73.94164475832467,51.471075694639204,60.84344327382078
93.650254397845,74.09691549795112,51.47536861299331,60.84203144992907
93.25832872896883,74.25224837114108,51.47959912450127,60.84062729379153
92.8849659803581,74.3902673135405,51.48381871371034,60.839238582014
92.499077683523,74.53808254332645,51.488064270049925,60.83783837494646
92.14301408092612,74.67694600371405,51.49234614500533,60.83644138876827
91.81206294264423,74.79577253538112,51.496612971205955,60.835038010721604
91.52220789506913,74.91155290424734,51.500892136695356,60.833631832005395
91.25881802673844,75.02318767250475,51.50518542506878,60.8322670650304
90.99109843039065,75.14508472150123,51.50950342340171,60.8309157984345
90.72939815193634,75.26601312960693,51.51386029630462,60.82957677730899
90.4838788830359,75.40786304504906,51.518187242623334,60.82827153441836
90.29788380911057,75.52703246326047,51.52254670013774,60.82694825826489
90.05827976529771,75.67337727111487,51.526887265046945,60.825629064204115
89.81182961944894,75.81907442677472,51.531231201506536,60.82428445481352
89.51192587431933,75.98967770897482,51.53560813880631,60.82292926980785
89.28541754119976,76.15217275774329,51.540033960175826,60.82157156157793
89.03306689798711,76.31484491319193,51.5443941292191,60.82022555290195
88.7743481591658,76.47728335835595,51.548724605080245,60.81885701461517
88.50869632384708,76.66997595513664,51.55305395530601,60.817484609587936
88.26596989924381,76.87389757369559,51.55744096498349,60.816091167239335
88.04494471973806,77.10614157151294,51.56175862746181,60.81469999887324
87.82627771369107,77.32141009532906,51.566040516962865,60.81330068779992
87.59404193736654,77.55058165091557,51.57039335861721,60.81190397941503
87.43043985283384,77.79331691507102,51.57464522737246,60.81051391475201
87.23984628307869,78.01485303001814,51.5789465355267,60.809141994372744
87.10045395577794,78.26069049702863,51.583234008951095,60.80777218606512
86.89940095226424,78.49976825459984,51.58755399474586,60.80642158301298
86.72146100441516,78.75290770592854,51.59184975395798,60.8051008331266
86.56649093630685,78.99133817734275,51.59613044703456,60.80376425620011
86.37990580020193,79.22977887704221,51.60040772174115,60.802409934714476
86.2173991081466,79.45824206354789,51.604721920718816,60.801070054718416
86.01970850547526,79.69324627043969,51.609024743331,60.7997209822701
85.90080154394812,79.90424712906382,51.61331619161952,60.79841239432293
85.74741324589432,80.09905893037104,51.61760300038693,60.79707419019176
85.58573504361182,80.27861176363885,51.62188984060944,60.79575589433789
85.40952056434571,80.42694818834819,51.626206156376604,60.79442587772295
85.20992792607213,80.58610464291712,51.63051084010075,60.79306722368915
84.97997838487338,80.7152497049075,51.63480954160074,60.79177140674953
84.79072380585603,80.8501590145311,51.63912714723483,60.790481308563315
84.58240450746226,80.93003775646888,51.64346572356605,60.78915249366357
84.3276020044993,81.02618408240485,51.647809785125524,60.78778412863396
84.03916010549953,81.11594408105023,51.652124749297094,60.78641609648453
83.75543875863572,81.22798463334186,51.6564430843707,60.78506430229457
83.4673040573613,81.3125219472587,51.660781005558135,60.78371403051617
83.16556765291023,81.40545114371622,51.66509505057478,60.78237272315334
82.87365229840856,81.50749622757962,51.66941352107563,60.78103499659437
82.619351241831,81.5951343191585,51.673720821551456,60.779684466536615
82.37719475849248,81.67679068656231,51.678050190234636,60.778350080818626
82.17332050716524,81.77352369514358,51.68237189669122,60.77701579158999
81.95269036805367,81.86989450421514,51.68672959226896,60.7757049060547
81.77668676421958,82.02358566348167,51.691063085776214,60.77441905191716
81.57750174753235,82.17185716926805,51.695388272854366,60.7731305688669
81.37994893843046,82.31782297426922,51.69971347194688,60.77182745169673
81.17776308380355,82.45484557278415,51.70405936642905,60.7705508713432
80.98946039113008,82.60408194904917,51.708391127832684,60.76926365901245
80.79608424151768,82.72184158437753,51.712695677681175,60.767977052464
80.61356377397146,82.83925231333481,51.717012789464675,60.766664211235295
80.42113213700563,82.95574516611686,51.721284909297836,60.76536737765094
80.19902906057581,83.11459635755918,51.7255551693371,60.764080304672284
79.97613035000099,83.2464924520115,51.729831094906075,60.762796180276084
79.81558489389451,83.34258509183893,51.73405993059812,60.76149887333375
79.6267242670585,83.43243921866281,51.7382512136242,60.7602100606707
79.43655365771086,83.53058215439503,51.74247556048571,60.75892272173989
79.21135608602745,83.65361387807944,51.74673482528959,60.75762843035025
78.99066844035632,83.76504573714226,51.7509586845945,60.756311421762106
78.8070093860802,83.86133491939385,51.75515197553696,60.755006686924304
78.6038756054163,83.95453683868848,51.759372319972506,60.75368045596673
78.37007105090551,84.00778415876994,51.76361256612674,60.752361355655005
78.13873383506214,84.06448713844173,51.767854740638015,60.75103074003949
77.9193758716242,84.12704783820593,51.772106123456055,60.74972077919081
77.71682270090903,84.17150051779728,51.776335614996654,60.74842556790151
77.49169785986713,84.19048491010221,51.780542848798206,60.74711989459094
77.2618860260708,84.22263731318509,51.784817965117526,60.74579638848116
77.02782009599416,84.25509505873079,51.78905134533229,60.74448420916686
76.80222123993292,84.26472291977427,51.793263842506114,60.74317897347167
76.60682270530512,84.2665603246246,51.79746318899294,60.74190764772993
76.37507062075002,84.28289963878326,51.801696672191945,60.74064008233867
76.14643002066006,84.30338354207286,51.80594213032742,60.73935980869103
75.92037379956075,84.33478907542764,51.81016631740673,60.738088142350435
75.69682096646656,84.37059985765944,51.81438974377653,60.736830643355134
75.49754231226119,84.43771174742191,51.81862248129303,60.73556414351233
75.27998860651526,84.49565726954101,51.82283942204171,60.73430330669354
75.0801668649329,84.59275502750174,51.82707567554448,60.733042229358304
74.88894645008368,84.68154140344788,51.83136195922051,60.731775903991135
74.69629793799807,84.77616477698054,51.835615430039375,60.73052760076778
74.51328031150769,84.87370771457478,51.83986926469662,60.72928617807963
74.35169708295291,84.97183285297787,51.84407961490502,60.72805069097396
74.16967681210161,85.05646413500457,51.84831969865321,60.72680557391532
73.98668441095828,85.17361212868927,51.85254123223069,60.725563226077064
73.80186637521005,85.33741375582,51.85675964444446,60.724299395472094
73.610835350857,85.5222281161364,51.860993512360615,60.72305220488574
73.43859231131023,85.6680731606755,51.86522200640546,60.72181385106565
73.24716800726473,85.86552112042207,51.86941375033021,60.72057516886382
73.0633065373008,86.05545154797244,51.873629806875265,60.71933878280494
72.88802460048477,86.24358828658133,51.87781630776565,60.718080504771564
72.67586916632891,86.41567075273473,51.881999903471474,60.716838140785995
72.50291044331875,86.62073289500493,51.88620177522724,60.71560165980011
72.32381247877154,86.85333895751054,51.89040866943054,60.71433265860633
72.13390477599712,87.03756781848595,51.89462308134612,60.71307584770059
71.96524044648636,87.27059903355317,51.89879586993002,60.71180802353654
71.80888466536219,87.50365543022345,51.90295668692956,60.710559603403084
71.57126269553078,87.74082459860261,51.90714744351361,60.709293259042056
71.37966878102235,87.95869039846562,51.91128901121991,60.708025309304226
71.22990789125386,88.16784315256552,51.91548375318401,60.70675579801831
71.03412878884646,88.39908115697084,51.91962628068979,60.70549039769006
70.78932273890972,88.63678570519579,51.92379425204993,60.70424674084587
70.51906874226243,88.91871991042767,51.92799735423503,60.702984963091616
70.32485410411229,89.10732736539173,51.932174320736124,60.7017494170818
70.1311840131557,89.31894859401757,51.93634124553679,60.70051154032785
69.93399203262953,89.52037168537333,51.94051049516143,60.69928723576344
69.70349726083629,89.76238734469044,51.94472368801131,60.69802111488316
69.5016420687321,89.995024316098,51.948925595962386,60.69676268572655
69.33098050197177,90.2336111354945,51.95311952401771,60.695509575106996
69.08049043139012,90.46242220431279,51.95732078959164,60.69425084722805
68.83466759727422,90.72147862342254,51.96150098679417,60.69302317040835
68.59037398901064,90.93053502527702,51.96569752729974,60.69178361313075
68.36598542091883,91.15093600469326,51.9698845121734,60.69055804170366
68.12015772686776,91.37242504086635,51.9740496039117,60.6893327309599
67.88584991336404,91.61646338810233,51.97825722067477,60.688138693300594
67.67906116635004,91.8183827817762,51.982404508880784,60.686913188156545
67.41492885916179,92.04409561735325,51.986608933533304,60.68572455275378
67.1288848121657,92.27455667626043,51.99084232505282,60.684541970986416
66.84559203502522,92.49999162648457,51.9950631818774,60.6833528459421
66.56392052924107,92.72034444539052,51.999279041479625,60.68214178816064
66.2764925911573,92.91966989517145,52.00349852600746,60.6809401435884
65.9947291712489,93.10641295140604,52.0077385330148,60.679722409853795
65.691772057718,93.30804965649284,52.01192336707125,60.67852929715032
65.37687251925635,93.56891523421793,52.01619708865548,60.677350717288355
65.05021324480307,93.78334402657018,52.020431546375505,60.67615380644061
64.76574250385258,93.9489391497691,52.02465990781597,60.67496706002749
64.51524289690184,94.15404692452267,52.028821595157645,60.673769758839974
64.23783647386517,94.35126065180657,52.032989209030355,60.67258740524721
63.95426488387363,94.57453241975004,52.03719340080467,60.671351243360824
63.65104579151752,94.86389110709773,52.041406699099504,60.670152391404855
63.371879975268044,95.09326706597098,52.045639010233096,60.668954903427874
63.10988184317938,95.34033124235727,52.04983771085757,60.66778447049135
62.86502789955568,95.57424983395786,52.05407205469943,60.66657080218081
62.56040373539199,95.85964328099453,52.058373173668585,60.66533358786363
62.236963474030496,96.15850611342165,52.062641417930124,60.66410963104011
61.929833849061346,96.43192718263812,52.066901368819046,60.66286325772099
61.61196411202832,96.73418316993084,52.07116396376524,60.661619370045806
61.31421170572821,97.02546392859233,52.07544017204874,60.66038535068197
60.963062178375395,97.36209218147782,52.07975673669166,60.659124425107365
60.71051727646365,97.64700257468434,52.08397380930635,60.657910074946926
60.38963083640813,97.8950348285024,52.08827483473065,60.65670594819878
60.07042792593563,98.14755031809447,52.09251650114606,60.655514700231066
59.73790103679758,98.40939338184671,52.09680743295229,60.654290225482335
59.39825177086793,98.700970253909,52.10108580652072,60.6530729003679
59.082459906509776,98.96948371596886,52.10530460174628,60.65189280566257
58.7906531582205,99.21304184721184,52.10958270680338,60.65069700220866
58.493065391533875,99.49393538008064,52.11384619612833,60.64950753502376
58.14897621807433,99.75587277909091,52.1180909273629,60.64830240996925
57.84750052930306,100.0152214649774,52.12230953541614,60.64716009619873
57.47008066355721,100.30198006490869,52.12660787791935,60.645957695168065
57.111770648423146,100.54887087776096,52.13086132722435,60.64478628560429
56.80257977562654,100.82564199406777,52.13506834919237,60.643649052723646
56.58026717346485,101.0808099008663,52.13928496606002,60.6424604063324
56.31467242369757,101.37655382033113,52.143512125716484,60.64130930741968
56.037419569284204,101.71069106742927,52.14778208625221,60.640122010527165
55.70441322959682,102.05107473365321,52.15203914419372,60.63895986406484
55.447323830023535,102.3558047037407,52.156315466075874,60.637795006935825
55.209780876238995,102.66676427003652,52.16061471273531,60.63665222961075
54.94164633554825,102.98410843847694,52.16490095500929,60.635495343955185
54.682274244883665,103.26967982981638,52.16914028642772,60.63436805133139
54.42246328557322,103.55501868046456,52.17335678855996,60.63322947976909
54.17577490264583,103.86121912686062,52.17760919671439,60.632106524866046
53.96562581705876,104.14173525361588,52.181864354554264,60.63099702612009
53.69894355609538,104.42112193728006,52.18613483608719,60.62983190559501
53.46060729343142,104.73365830337957,52.190407441189954,60.62869022369661
53.255293574205105,105.08204274191245,52.19465070958721,60.627538903202804
53.02408277427723,105.37122343574592,52.1988579668488,60.6263739347749
52.76166056777148,105.66415062571916,52.203138181366356,60.62520643017174
52.526355266515594,106.00072998753072,52.20737623434428,60.62402302116577
52.3300236298534,106.36181859114734,52.211593504470045,60.622889460268155
52.15047195292294,106.61579192718713,52.21575876848339,60.621740221088025
51.9601188892248,106.93247845033912,52.21993293729965,60.62055030933987
51.78088626021555,107.2336575220208,52.22410353761095,60.619374626761406
51.562171715512,107.57066009980566,52.22835876193817,60.61814938890867
51.41584776459453,107.94895173869766,52.232513894770186,60.6169587817561
51.234846068686764,108.27428818533802,52.23665463523761,60.61582827977558
51.01120501541658,108.61100346879346,52.24081566614779,60.61467641512376
50.77338275864115,108.95723882389103,52.245039086950015,60.613486248732784
50.59876174568058,109.26730088633215,52.24922720166206,60.61236965167875
50.4328953548671,109.60354538038564,52.25340823096014,60.61119043272537
50.24768399570789,109.93432437729206,52.25755560895987,60.6100568502094
50.04828902873447,110.29333259167937,52.2616629269113,60.60886817164076
49.85781049753485,110.60500453391859,52.26575156251077,60.607703795371535
49.683976298930006,110.93621699740847,52.26989076512702,60.60654829473762
49.53439905913969,111.22355567358503,52.2740260949274,60.60539541748217
49.37801927284848,111.58416582316516,52.27814393577076,60.6042540634818
49.187299884907944,111.92011040056167,52.282285310223614,60.60311457299543
48.97702372338882,112.30344549297945,52.28647284425277,60.60195369554434
48.74010779282504,112.63262076588651,52.290551857231975,60.60081189044145
48.46892025915087,112.99065211355484,52.294695492142424,60.59966780853861
48.2647259379127,113.3142955235968,52.29882788018417,60.5985327099322
48.06321566066181,113.62491649123338,52.30296816158224,60.597407068089375
47.84855485129441,113.97576997049597,52.30711470955441,60.59626282509457
47.640531087093926,114.28456056457787,52.311263773990916,60.595114959360444
47.475819979798075,114.59062510690755,52.31533910147096,60.59398158459718
47.29204931811894,114.92215587893435,52.31945210036824,60.592819070752185
47.061376719051296,115.2168804697489,52.323579664779324,60.5916603420802
46.8281141070495,115.5065683555953,52.3276759017567,60.59053193872312
46.635018123050614,115.84234991505062,52.33174299873891,60.58940257950183
46.41532811987435,116.14419478598172,52.335833681761514,60.58826602644043
46.21223203449408,116.46478896155358,52.33990234168451,60.58713231845088
45.990731165617504,116.7491325967127,52.34390731740039,60.585990104475705
45.78142345486862,117.0573788965039,52.3479447481278,60.584852221671085
45.620141161250416,117.35531098662435,52.3519616990937,60.58371788218569
45.36410750066314,117.67624566521812,52.35601368566208,60.58257485289426
45.137012432622704,117.98673032619234,52.36008635290902,60.58143411275581
44.909892239562666,118.34404943617479,52.36414796681803,60.58029120691217
44.63125673185287,118.67103219688038,52.368187862128046,60.579144961357
44.38556916569898,118.97231652960821,52.37223184247355,60.578004208613436
44.11354624569179,119.33447480251596,52.37630090684173,60.57683487625697
43.851164749292266,119.63342006748819,52.38025567973111,60.57569740713021
43.56941859613322,119.95851680129947,52.38426529237702,60.57453718793218
43.3293557955908,120.24239356099189,52.388284547808325,60.5733956737811
43.08696769321875,120.56155184230691,52.392235507172025,60.57226718812401
42.78997746342945,120.86651743160473,52.396178918887614,60.57112229445194
42.50902251720482,121.23790687031727,52.40019309133184,60.569978262760486
42.22180411109247,121.50712154612329,52.4041586763875,60.56883435826912
41.897452990954335,121.81537118073746,52.40807741980709,60.56766805012326
41.56353860646134,122.16008537160698,52.41204175502766,60.566528416648495
41.24402192822549,122.47978354309288,52.41595120297961,60.565388623511936
40.87798562745992,122.75513820514843,52.41992678293101,60.56418202977039
40.54117974106636,123.05259758107587,52.42393794975347,60.56302114572862
40.26823448073004,123.30966783926793,52.4278787214332,60.56189703206591
39.96446062143917,123.5698454285055,52.431819798722366,60.560785332365775
39.64613260144243,123.82755029783868,52.43577187877398,60.55965233663461
39.370483179950995,124.08076599199353,52.4396521273965,60.55852975522112
39.077742922619706,124.3184463850905,52.44353471782659,60.55739928828873
38.764349608014236,124.54439766983013,52.447475041667204,60.556263997480734
38.434526729092894,124.72916238487154,52.45141135403335,60.55511889886268
38.149721227844104,124.94020917814969,52.45528069832018,60.55396976459215
37.80740986551905,125.1441700376482,52.459241983074655,60.55285722657011
37.46273555419304,125.29522454555877,52.46322022007986,60.551730537018116
37.12516476221378,125.48902092070648,52.467121772319175,60.55060011754084
36.80302605761919,125.63168008911155,52.47100932183198,60.54946215368412
36.50532053033406,125.83834632202645,52.474972844225285,60.54831842643883
36.205730083883935,126.00160899841792,52.47887207656874,60.54718305492573
35.949426556737805,126.16900050574681,52.48278025018854,60.546046993373885
35.62466028258673,126.34217566158415,52.48672654627816,60.54494386096899
35.279729797698266,126.52933621715553,52.490695470557206,60.54380015899831
34.93796222963029,126.70670228255952,52.49465313686742,60.54268843815585
34.61724741179146,126.91045225157413,52.49860996418401,60.54153556629062
34.25205617730981,127.10228097013925,52.502575547294505,60.540400116121745
33.91876781083623,127.30127324162311,52.50652345076244,60.5392417509895
33.61884633823122,127.51521293824385,52.510487198851784,60.53806479753302
33.31906397593529,127.71461797836156,52.51446395461735,60.536912826962514
32.99950133672071,127.90636586617259,52.51845006573771,60.535772085691804
32.716265429664766,128.10688523882163,52.52243147619741,60.534602037321726
32.40547766340997,128.32389449336833,52.52641848865696,60.53342795843656
32.10812462840644,128.52320509970227,52.53036909601753,60.53226768326869
31.796130209824334,128.7446830005761,52.534364723342875,60.53111211822301
31.52625750042856,128.96587406725237,52.53838496580004,60.529931910148136
31.239674062975787,129.20514221213622,52.54241438667269,60.52873697427373
30.947697536842526,129.46026804394072,52.54642312636673,60.52753347455558
30.64681812978465,129.7345358446004,52.550474966929784,60.52637003557829
30.383496138926247,130.0442504695396,52.554548875042,60.525203136259094
30.114624425273615,130.3495460541436,52.55856924603089,60.52407464548359
29.847515765543378,130.6372870658069,52.56257249421756,60.52291424977385
29.570263721034976,130.97519721482686,52.56657648834377,60.521762621434554
29.314824722469368,131.27376835410504,52.57055608230726,60.52059800687205
29.06391840604925,131.5706647591943,52.57453334722948,60.51939916460808
28.75617978352114,131.8673754737321,52.57850180560739,60.518225638879514
28.536723299105745,132.13485657711075,52.58248328759316,60.51704633150195
28.36419827374064,132.38254839392602,52.58645759011819,60.51589603789639
28.207637907251623,132.6442029956099,52.59044136616606,60.51473460922493
28.021994882809285,132.91464357722094,52.594390217985385,60.51357475614157
27.876801178102728,133.19107452250717,52.59833192031575,60.512390390612595
27.731770027662463,133.46483180112662,52.602218672165975,60.51119138417784
27.572034129631337,133.72148174421758,52.606297676003344,60.51002199688202
27.333923146516494,133.94718711154923,52.61035712730803,60.50884415544728
27.199730723260682,134.11556416983348,52.61448093670837,60.50761584959731
27.10897143827754,134.2447068570493,52.61867238041008,60.50639112217649
26.995959123405033,134.3633364242363,52.62280283534087,60.50519114684291
26.824113985956814,134.52779522243713,52.62683783012409,60.50403442566633
26.639456331875554,134.68401487321302,52.63090284884645,60.50286327492099
26.40225190287641,134.88032605451355,52.63502423483508,60.50168160188365
26.095781686757363,135.13120371018655,52.639237450352596,60.500503621126924
25.818576970091218,135.39334925799668,52.643490349966775,60.49928715242929
25.567159759950453,135.65141699179142,52.64776574233807,60.49809301956425
25.308408672702313,135.93076702202194,52.651947947657106,60.496895586475915
25.01947181535438,136.2400609744941,52.65610663120597,60.495658259839715
24.760091246083373,136.5354998900512,52.66026636031271,60.49441872151496
24.51390662339375,136.89297377214092,52.66440484082608,60.493180073317596
24.23536059792999,137.18258220908115,52.66853321768515,60.49195569831179
23.933299742005644,137.48271618119986,52.67265430964554,60.49070132104518
23.704878287106748,137.78858586885906,52.67681090962888,60.489511514856765
23.47817877330114,138.09207297774236,52.68092469825885,60.48825871117935
23.230919592582097,138.38713046171029,52.6850964193485,60.487030659880936
22.984196402815503,138.71718176874091,52.68917945635811,60.48580714709606
22.71863796706478,139.05101058960636,52.69332319954077,60.48456728290346
22.41963875444296,139.39314646832807,52.69747506525987,60.483340555100256
22.133446640304584,139.77570172595523,52.70162562473246,60.4821044514289
21.876699079174355,140.12035640114368,52.705745293997616,60.48088155115191
21.597549030488686,140.48560520199229,52.70990452556619,60.47963241356223
21.3775294470613,140.81910742059932,52.71399985048676,60.478387837817394
21.068585265813045,141.1403566602953,52.71811838371004,60.47717704286608
20.806254414957834,141.4540356114333,52.722294505452965,60.475924806750626
20.511611174662537,141.77135590568147,52.726500302812205,60.47470909637473
20.241282478376757,142.08458552625245,52.73066349992249,60.4734888698583
19.99340454422298,142.36452802577182,52.734906831227484,60.47225704665046
19.709913399579808,142.6700540591176,52.73906010287467,60.47102498823678
19.468891912625395,142.99451800765712,52.74327043160565,60.46981689163001
19.19193372122869,143.40174116058785,52.747514985652266,60.468566171973045
18.926455307382746,143.7891061355852,52.75179116501728,60.46733946590154
18.613649576112945,144.15106618023822,52.75603135833081,60.46607711671163
18.331611253397625,144.55580512032756,52.76025826468674,60.46482451061892
18.062553865581343,144.93604508577388,52.764500018716674,60.463552841693
17.78179770002749,145.30353472901965,52.76876393626161,60.46225928708932
17.534785122706005,145.64404062514564,52.77305432203708,60.46099996390015
17.34800260417836,145.98818696917064,52.777287224368706,60.45977830122166
17.08932565104551,146.26963197820194,52.781491153904064,60.45853820171529
16.832564436511376,146.59366186965119,52.78570989396934,60.457304566849935
16.594240046119218,146.89840820572957,52.789872268188944,60.45607216862657
16.374709517577283,147.1603602502019,52.79412560747267,60.45485420352986
16.142236719305274,147.47064043699163,52.79832667405415,60.453644799741795
15.881922405370688,147.75745480992762,52.80262213913875,60.45241412039054
15.643595489913011,148.06637866289375,52.80685962874932,60.45122230063152
15.390641742589867,148.36290062078808,52.81106684129875,60.450007803978934
15.151172159615403,148.66366290658738,52.81528788357328,60.448834029556664
14.916876183740118,148.9684827841755,52.81955315561728,60.44764313740989
14.696181036372224,149.25703173461704,52.82381168784849,60.44646307653077
14.467996774689354,149.55513626844612,52.82808660998742,60.4452623225285
14.255985722897176,149.8318652502697,52.832373758737795,60.44406177751385
14.01155574611111,150.10654732689264,52.83659055101308,60.442868906082516
13.798391469068541,150.40941316704848,52.84090820650813,60.44167471280087
13.579135710581717,150.67364672960963,52.84522119495357,60.44047963329089
13.33861221028663,150.9072152927885,52.849554865990136,60.43929821138379
13.082769165841498,151.2126718750491,52.853942008499786,60.43808679952525
12.819978463168066,151.54531564121118,52.85825802631155,60.43687195959537
12.630392812769784,151.85631807847432,52.8626205984132,60.4357075153288
12.431260467481447,152.11781683083606,52.8669222202662,60.43449938257261
12.250468071167539,152.37704252755225,52.87124869303928,60.43331700445241
12.069467595759829,152.6445925161745,52.87553433518847,60.432136719247396
11.904735076618557,152.9110997454005,52.87978519610094,60.4309483396872
11.71736770073327,153.1885417957804,52.88407246123249,60.42980122365711
11.520701015678917,153.43052900930104,52.88834870171969,60.42866277488545
11.361953497847352,153.6344521920839,52.8926497605037,60.42753388854869
11.191299010586139,153.85192483758445,52.89690889314533,60.42638503314216
11.010395271054062,154.12618748496948,52.9011633967933,60.42522456934285
10.858174696497812,154.36045293543975,52.90548228485844,60.42407294038641
10.713416167378668,154.57948189526053,52.90973142379474,60.42290943755392
10.550358661266777,154.80101102821206,52.91395599245506,60.42173557011127
10.365804487505287,155.04295103792214,52.91821024261171,60.420553633614986
10.195250975115073,155.26971208023411,52.9224529449682,60.4193730757378
10.007638004415295,155.49463324849143,52.9267135247726,60.4182190674893
9.858490493754623,155.70618106830233,52.93095940230275,60.41706262206994
9.710020152575666,155.90373084221923,52.935205724642884,60.41591681483289
9.589786909876594,156.086405304629,52.93946307081316,60.41479032715664
9.445821265483243,156.26453736498206,52.94375042844943,60.413663077788456
9.300541801692681,156.4182744471239,52.94806809287938,60.412505676667344
9.14996955702497,156.57766518485096,52.95235218535277,60.41136435676707
8.993894310913255,156.781501733138,52.95668590392317,60.410212997768525
8.846678692911496,156.96886801435807,52.96099427329614,60.409057165818105
8.670699508028349,157.1793909595549,52.965350603486854,60.407900397672165
8.539098261567698,157.33093176502143,52.96967036520889,60.406746174453446
8.353321447841239,157.48565701702273,52.97396368558822,60.405569283903795
8.21016276253824,157.6599941989122,52.97818762066832,60.404409311070296
8.08809759475772,157.81024679306282,52.982428498407515,60.40324028795881
7.920250172659131,157.99559233865344,52.98672440847879,60.402028107938975
7.784542104842174,158.19097966451767,52.990969667848134,60.40085760745942
7.657765376377338,158.34724916424892,52.99520169385625,60.39967500347998
7.511746374774052,158.52492486712507,52.999478038632724,60.39850068527307
7.36238335058421,158.69764506833837,53.00375338672936,60.39734070458028
7.2451982495661404,158.85885690402569,53.008004792536134,60.39623327542371
7.154211837724066,159.00626783662787,53.01225067689972,60.39512578452313
7.035159412959324,159.13020626476128,53.016486063223866,60.394028146572374
6.873465377155377,159.2817840186946,53.0206937356523,60.39292474913937
6.755163522662944,159.42636382165182,53.02487895220076,60.39184589512084
6.621552443535602,159.5811575616004,53.02908512496655,60.3907184720054
6.489876597789149,159.70989455393925,53.033295877939025,60.38961968092362
6.377953070428607,159.82386895143668,53.037455023772246,60.388570703514716
6.280351341292999,160.00254374309637,53.04167812213154,60.38747274740213
6.141255182399025,160.17861674604825,53.045889405163784,60.38640647367801
6.048625748783884,160.27421178980927,53.05009311401737,60.385337530212254
5.950760274617014,160.41012540602202,53.05427960408104,60.3842800130959
5.83183703654295,160.51870683552355,53.058514317705516,60.38321111151703
5.736837447200923,160.66483966251653,53.062749243250074,60.38214493305786
5.6441121210369865,160.80237966283119,53.066968277650396,60.38108229621525
5.5187038179052195,160.93458367564114,53.0712024801349,60.380000826085826
5.425877086765972,161.066285713368,53.07544492940623,60.378907046929214
5.341223834019846,161.17981415984494,53.07966528472911,60.37784453230365
5.263476085387559,161.27339330994494,53.08388224150163,60.37679152811936
5.214230457765204,161.35052124672976,53.08803279236487,60.37572585011021
5.09949192111954,161.4199530309239,53.092196246877016,60.374668324750765
5.0021948036131825,161.50197414015673,53.096340126479156,60.37361613991166
4.9213734754669645,161.60731564096423,53.100539572288994,60.372561869308974
4.834489063042231,161.7067865349558,53.10472558316027,60.37149800994048
4.753579891024028,161.8160614823267,53.10893756390016,60.37043898197897
4.659499118796532,161.9614937192786,53.113145927446,60.36935542285861
4.54654028784557,162.1125142492022,53.117363457454765,60.36831668663885
4.412780067252772,162.26669624667346,53.12158061876365,60.36724783530062
4.29351872344526,162.39601787001345,53.12579971274312,60.366189249866025
4.187520505287917,162.55680687119602,53.13002484778827,60.365109058341474
4.034439449676583,162.67231629079296,53.13425542877374,60.36404048324387
3.946003302533928,162.77086371313666,53.13843824048936,60.362967195410725
3.8410354458943345,162.85585121598697,53.14262450165444,60.36193029004805
3.7513136533474096,162.9722437931311,53.14681070197122,60.36088878440808
3.6648696385943396,163.077453916818,53.151009987170795,60.359836587132705
3.602183409117611,163.1861578782728,53.15516526980608,60.35880002166404
3.490237785371118,163.32060090812158,53.1592919270357,60.35775875814721
3.4000130017190315,163.41320642179625,53.16346536187547,60.35669409036072
3.2753353691658056,163.48379248598138,53.16765790153331,60.35566315108883
3.192205199380169,163.55466735054952,53.17185279472778,60.354613315188715
3.101542409009909,163.6421223313031,53.17610689352517,60.35358333472251
3.050091068325962,163.74292686688608,53.1803325133949,60.35252163089093
2.960193451567413,163.83467023982058,53.18453437075233,60.35150483414819
2.8646060622568683,163.93210034477676,53.18871724916781,60.350451734426194
2.7741808700424784,164.0277416266695,53.19297245236986,60.349388081215615
2.6862195083642924,164.1316031274701,53.197132336766536,60.34834858121566
2.6075407982953216,164.25050817827056,53.20133563705527,60.34728978269144
2.4849401809678042,164.3599581037346,53.205590638437755,60.34623483523247
2.3928113908106567,164.49075922357142,53.20983718474021,60.34518431641645
2.3273623858634274,164.61625452143198,53.214081091236345,60.34416791188416
2.2531081165239257,164.73042335472962,53.218303220894924,60.34314619270228
2.223335677582565,164.80531564628717,53.22247177024972,60.34214180649234
2.164952447515109,164.89242646582534,53.22669499764566,60.3411308031973
2.141890429770605,164.93865356659717,53.23091449053952,60.34010722846325
2.075972374843989,165.0366322937497,53.23512532871478,60.33906575425878
2.002174900530072,165.1520802955274,53.23930792573434,60.33801555765969
1.9252265019316965,165.26570050494732,53.2435376834175,60.33698509224717
1.8656309136893938,165.37409340858724,53.24772822451659,60.335952884968655
1.808937019514893,165.48931034309658,53.25196559571653,60.33495489196185
1.7661334138198157,165.6117237395797,53.25613589737148,60.33393395450819
1.706087569851043,165.7508460965702,53.26031867944526,60.33290281398301
1.6629897146061907,165.8782359484816,53.26450249654336,60.33188753090797
1.5799453524977878,166.02080174304785,53.26864896228295,60.33088860121076
1.5108369554987142,166.15266634128764,53.27281842685529,60.329863419509316
1.4312250684205523,166.28249451883204,53.27692747577949,60.328880523711945
1.3438825232407687,166.44322713307213,53.28107165219958,60.327872068274466
1.2646184252622703,166.62557511103842,53.28520490861476,60.32686979668145
1.2036402741194792,166.8132949078178,53.289225486343895,60.32588556568099
1.1392991987020338,166.99726109018317,53.29329898637522,60.32485516489945
1.0956495277308136,167.1987468715826,53.297477609719294,60.32384558435079
1.0629241758046462,167.42019809254484,53.30164055283707,60.322858654511315
1.0404658415907448,167.58137727407615,53.305762666167055,60.32187691317189
1.007967779602616,167.7015494692695,53.30984289533693,60.32088524078079
0.9518699861004976,167.88511204379205,53.31393671205937,60.31989631481352
0.8776195364149721,168.060790918348,53.31802835723712,60.318890763587106
0.8003183129992308,168.22853332878935,53.32214956510738,60.31791796782226
0.741721260065269,168.37814780305345,53.326243894766904,60.316961003156
0.6683495265781829,168.55321714976216,53.33036276001931,60.31599078918119
0.5883114024530016,168.71389957411697,53.33446803251303,60.31499408140746
0.5289668517781259,168.89848997888953,53.33861425469856,60.31399301038388
0.4461150231330109,169.0671674909033,53.342741655832825,60.31301510041392
0.333590928160465,169.25658384235214,53.34678708822863,60.31205876866146
0.3271541348733997,169.44917190878596,53.35073100960235,60.31118248029724
0.33004984536407633,169.69308106522496,53.35468905983094,60.31028804084378
0.2847672856195622,169.92009392157144,53.35861858972036,60.30935010505015
0.3363027996896122,170.18140586158952,53.36245043658646,60.30849497377422
0.30320098729439593,170.4554977227084,53.36633432444914,60.30761641825778
0.25805009080627883,170.69974521118934,53.37023709866088,60.30681871478873
0.24259491912022568,170.90004773620385,53.37413647407799,60.30592357491406
0.15168118682110432,171.07019615008144,53.378043954812405,60.30506372526059
0.070772394236581,171.1545656493343,53.38201046981582,60.30417839508697
-0.05318183765911755,171.244050086426,53.385977403021926,60.30329656168558
-0.18811022483516382,171.33978607814657,53.389979729293955,60.30238031466696
-0.31577144107773947,171.46130695040605,53.393898830022515,60.301487029105644
-0.38901208565062007,171.59456623590034,53.39787267037582,60.3005724176775
-0.4512537351038972,171.72397639243326,53.401884223552926,60.29959089026
-0.5204419385439714,171.92556113524802,53.40595779079627,60.298643888980706
-0.6207689145842323,172.0922796599389,53.40997855296018,60.29770553902558
-0.6853611201506951,172.29448825927744,53.41409394191446,60.29674145199702
-0.7579084961750198,172.47835551033478,53.41817602535349,60.295830801944604
-0.8644565660805732,172.66683736854182,53.42228622554267,60.294907126977186
-0.9041460125994867,172.84058264904644,53.42637858117167,60.29396488483085
-0.9628395903954541,173.04192118074513,53.430471165125496,60.29302098145243
-1.0283837122630004,173.24281570975117,53.43459552522221,60.292091011145956
-1.1280472852842465,173.44505464255218,53.43871087331205,60.29114863081157
-1.1840349055078043,173.63437907664925,53.44283749930489,60.29020101531631
-1.2459404989275704,173.79979646864678,53.44699665329225,60.28924879348174
-1.3142956334951066,173.978614631765,53.451112471119075,60.28832021899627
-1.3838934889150778,174.1799827133763,53.455203406530245,60.28740930496878
-1.4395129260377182,174.37303991754408,53.45933525986097,60.28648168805319
-1.528581601555274,174.5809224455013,53.46345811707303,60.285553515683645
-1.5996728062535723,174.7634575557217,53.46756317799894,60.28463080934773
-1.693645881342043,174.93607100465175,53.47164737217555,60.28369965161517
-1.7445479507687338,175.1218336834158,53.47574728674047,60.28276614317577
-1.8528429157557298,175.31141886320992,53.47984561500891,60.281819321986255
-1.9526052920156935,175.4991601456647,53.4839412659425,60.28091085208746
-2.04175408180593,175.66107629327226,53.48801041572866,60.28001702890488
-2.1211420529075333,175.85621396891545,53.492104273013844,60.279097396707996
-2.1613532071671067,176.043612592458,53.496224693901574,60.278200801554625
-2.2740223725968463,176.25116210912344,53.50029997372803,60.27730648490623
-2.3742689864570217,176.45070972003643,53.50437037122435,60.27640211906014
-2.427245036993501,176.65403614349393,53.50846037700092,60.27549856332673
-2.4943456848181107,176.84279775916028,53.51250484269695,60.274603730889304
-2.5883785062059843,177.0017509655924,53.51658012616636,60.27369982308905
-2.6742675777901574,177.17364985974658,53.520686201454076,60.272786605140894
-2.7544982473173647,177.35219658763174,53.52479403704284,60.27187927107274
-2.8188494166724496,177.51468802465465,53.52887286849173,60.27100615993395
-2.938891268806998,177.72086959295223,53.53297819291521,60.27009114440966
-3.0430418358467577,177.91035621988448,53.53703222485335,60.26922195143347
-3.1576771582859244,178.06132243883286,53.541082427913445,60.26834849137899
-3.2578725497211707,178.18794005739224,53.54515757951353,60.26748936362192
-3.396388074944909,178.3571367654577,53.54921339378356,60.266617589937475
-3.5062120712888074,178.49118504257135,53.55326068728503,60.26574543694578
-3.6427566806829397,178.62080384237402,53.55730523859092,60.264875733420446
-3.7853667237736666,178.784650684495,53.56133790964939,60.264036784791365
-3.903549793878291,178.96451826270157,53.56541361800153,60.26316146543341
-3.9891091430732537,179.10739023930756,53.56944212395428,60.2623202636672
-4.103451849773613,179.24823481869177,53.57350726960617,60.26147901196516
-4.17326610293928,179.4035491628183,53.57758930028862,60.26063956407231
-4.260484124182174,179.54623917305523,53.581616617035884,60.25980424994308
-4.356355667984872,179.6859017466567,53.58569503190893,60.2589766198491
-4.438471101464618,179.82975054535117,53.58976555104909,60.258123603825716
-4.524134481430899,180.00582581307933,53.59387440069189,60.25728084791996
-4.629259419965464,180.16630630390875,53.597951081326045,60.256442495665155
-4.703853565279676,180.3670143049972,53.602022565924194,60.25559798878284
-4.811686040332688,180.57368413588054,53.60607187908545,60.25476183772975
-4.929133122025636,180.76159769751922,53.610105868769104,60.25393668140565
-5.019091070006883,180.97509914162836,53.61414814243336,60.25312482512021
-5.120990155200527,181.15997517935654,53.61825032333109,60.25230228481437
-5.254214831062743,181.3618128355329,53.62236392757513,60.251476825500454
-5.352598667504413,181.54499326877095,53.62641500194773,60.25066006956091
-5.4901678395229325,181.74214166716078,53.63043869859631,60.24985916029919
-5.602043165513752,181.92641974089236,53.63446234104311,60.249048054683286
-5.70041877664487,182.10354166375998,53.63847802541873,60.24825847096621
-5.822562206391414,182.2986010099352,53.64247615047578,60.24745735073267
-5.9436541995921885,182.48351744707045,53.646442619143755,60.24667927077364
-6.084998186156554,182.66919964062288,53.65038547746917,60.2459100706176
-6.163457054067521,182.86990259241654,53.65430068295473,60.245138843248284
-6.260112275299768,183.09457872768343,53.6582204064823,60.244388742466654
-6.3613850593490255,183.31015174353067,53.66212229019361,60.243628866615914
-6.457243808376024,183.52956755910148,53.66606212000992,60.242850306973125
-6.565662028892675,183.73126846055408,53.669988907260375,60.24207761130478
-6.675656641847894,183.9534865234011,53.673940919368476,60.24130588738039
-6.791352096019732,184.17523270010713,53.67788796873102,60.24054339451253
-6.895699574428878,184.39225018654437,53.681838333240314,60.239766716697275
-7.009216325322246,184.57940321871297,53.68582952574284,60.23901032234107
-7.111219819190726,184.78706194185156,53.689808272799105,60.23826720114856
-7.200855536835142,184.98804426901177,53.69375340544035,60.23752236184398
-7.318399904474198,185.16559948090634,53.69772398321247,60.23676128302364
-7.4088688140048475,185.38829501412064,53.70169666991808,60.236025634990995
-7.501789926349893,185.57236032071035,53.70563788671747,60.23527176655876
-7.570001228795803,185.76435004171407,53.70962247269125,60.23451827216978
-7.650588084987486,185.96967211473049,53.7136133276804,60.233743111551455
-7.712531895400957,186.1579568248714,53.71755212177709,60.23299552011178
-7.807933011664748,186.35578039704674,53.72155560295045,60.23222491546827
-7.92317047353864,186.52939036451937,53.72554859727681,60.231463445383945
-8.02410262028192,186.71991010642682,53.729632460446446,60.23068973391174
-8.116169457763068,186.92081853099936,53.73368193669544,60.22992774392802
-8.213583650536297,187.12791419135644,53.73774965014946,60.22914714642328
-8.292924054013998,187.33212741702096,53.74180527972144,60.22839164002333
-8.330568833695718,187.56372094177345,53.74580424176528,60.22765029664745
-8.440765050589878,187.75500452427278,53.7498790964034,60.22689287290742
-8.544686414473421,187.97958133580082,53.75389816832675,60.22614520111284
-8.637956969052642,188.17337199518968,53.75793942172843,60.22540616296142
-8.738828871427877,188.3745795638835,53.7620171774753,60.22466470015722
-8.838891746485778,188.59006994847485,53.766084788386124,60.223916426044006
-8.926262624179333,188.79401016427886,53.770129808391154,60.22319302811789
-9.023883350533282,188.98328871547068,53.77419861660309,60.22247516318577
-9.11786950773277,189.18353640891127,53.778274508615894,60.22175405947529
-9.234374044825838,189.40166278154447,53.78233186041853,60.22103793720997
-9.325594528594984,189.59516101425186,53.78637655827775,60.220317597703094
-9.448718501959544,189.8012545177528,53.790431789600454,60.219602017188194
-9.557666630679755,190.02975482406205,53.79447462821382,60.21885645308309
-9.646993220258313,190.26725875199713,53.79850972711257,60.218118225737726
-9.733623773982021,190.48986782334256,53.802562069530076,60.21738962171645
-9.821422520296473,190.7247143813219,53.80659925978223,60.21665711877011
-9.898532990332114,190.957957122278,53.81063610494766,60.215929334678556
-9.986260351904079,191.18506735531594,53.814695541173904,60.21519584761043
-10.06506182335891,191.39863398127937,53.81871971094266,60.21447061832566
-10.165386172764265,191.62371242947174,53.822752520084904,60.21374621419708
-10.255608085872804,191.86205347407585,53.82683041944022,60.21302905862268
-10.341873689818165,192.0771609504892,53.83083734714047,60.212320348071195
-10.426185976165442,192.29304016406525,53.8348151900081,60.211621877469696
-10.501357955664648,192.47932205312895,53.83879782779565,60.21091937835307
-10.563081015123583,192.6597647877763,53.842783483189656,60.21021208164674
-10.632717810015638,192.84571880034372,53.846804999566594,60.20951266466237
-10.691954443182347,193.01255915228063,53.85079279345929,60.208827435127105
-10.753469384188417,193.187927317069,53.854740112846024,60.20813908132891
-10.822295632755026,193.36628319577258,53.85870638039264,60.2074591888033
-10.89810140559792,193.5524427833662,53.86270451989709,60.206767284791475
-10.966804431429356,193.74678717512813,53.866728653487264,60.20605896238814
-11.044655357046754,193.92867934009053,53.87072708742088,60.205356415519645
-11.13059824972142,194.11658863378585,53.874765105297946,60.20465307370965
-11.212818043726315,194.30830726427814,53.87876928495393,60.20394897894288
-11.271004238735838,194.5061091583124,53.882784796155896,60.2032456022418
-11.383425139778343,194.69255887400763,53.88684647894102,60.20253685493143
-11.486420598625394,194.87806980982046,53.89096404947192,60.20182168377384
-11.595443291945898,195.08807499925825,53.895058727604436,60.20113811692714
-11.723775562402533,195.28774781337,53.89919755149767,60.20045729101653
-11.854100154113574,195.49796786471794,53.90338782660028,60.199762573967455
-11.979094094430835,195.71813116644483,53.90750736710018,60.19908674451576
-12.116936720544622,195.92435041598821,53.911691376213284,60.198398353432616
-12.245101733805878,196.13796619644378,53.915887526650515,60.19772302211281
-12.370796981375392,196.34537402605753,53.920020535803786,60.19705569357381
-12.47688485940391,196.54106163518932,53.924210741695646,60.196371815279875
-12.605764859289824,196.74492626472977,53.928380276875494,60.19570118261231
-12.750833840991557,196.97064038181378,53.932510925358535,60.19503599518577
-12.880672007788991,197.19881902951863,53.936648676151584,60.19438422326697
-13.000590269634753,197.40296709195513,53.940767784033476,60.193729300605376
-13.131650726164224,197.62078910809393,53.94490274757612,60.19305958111005
-13.273830594285325,197.82346218229557,53.94902954767445,60.192424559987955
-13.420901201183334,198.0221815538326,53.95317631304708,60.19178392096164
-13.56691741354344,198.25461571255101,53.95730373016651,60.19114974702041
-13.684551710218368,198.45811520552687,53.961492834523675,60.1904946085819
-13.805663575116387,198.66014558477576,53.965740013263805,60.18981686667039
-13.947633832887558,198.8610060708777,53.97004024164527,60.189133408676284
-14.067609483341627,199.05491519171918,53.974303422426686,60.18846342806359
-14.197179975306739,199.25418863170063,53.97855107363711,60.18779188689348
-14.331060106145774,199.44991380653326,53.9828382418055,60.18712890028057
-14.442900426621126,199.64736044595801,53.98715118492124,60.18645493052262
-14.54717588463928,199.8539944159777,53.99145096060148,60.18578092144301
-14.665776439026569,200.02393009310083,53.995803767846176,60.18509039433753
-14.760839024643449,200.19980436040038,54.00016355345219,60.18440993921004
-14.838523159864536,200.36715298661127,54.00453999664484,60.18376533890879
-14.889186175101138,200.48642260739265,54.00890060240157,60.183101812244175
-14.949777791746605,200.6058753399918,54.013219996364214,60.18239540224074
-15.04202376256638,200.7332653239697,54.01747622428344,60.18169739877771
-15.132117541486974,200.8345930180981,54.02178716469299,60.180955963348346
-15.209321172650515,200.9598778331799,54.02605294943523,60.18022280784187
-15.274050875030738,201.05435900809877,54.03032167893704,60.17951080597602
-15.344866315930094,201.14152716815153,54.034632206154875,60.17878150744068
-15.412507513989503,201.22951762275906,54.03896073901056,60.178019195280115
-15.45971594921335,201.29618444706557,54.04323970308571,60.177258614809034
-15.519472118882245,201.374213250025,54.04745801807524,60.17651666137983
-15.570988848254135,201.45008539190815,54.051703215405446,60.17578685462807
-15.591460873675981,201.53925714741882,54.05594679773875,60.17504775067883
-15.630544833097506,201.62788380532743,54.06019356512258,60.17431503577657
-15.6486146046507,201.7068776580172,54.064441028369,60.17357798807468
-15.694224440870947,201.79532770528363,54.068674799811376,60.17284381701803
-15.715667906656378,201.89649438300017,54.072916933282244,60.17210497821984
-15.743653158671695,201.99150408495643,54.07717693227438,60.17137223843562
-15.765385588762832,202.0754998480604,54.081414820889975,60.170646023111274
-15.771052296428905,202.15649552185047,54.08564717307121,60.169920659708666
-15.802518380271323,202.24496161965095,54.08985924381028,60.169196364155006
-15.831636618737289,202.33305250834277,54.09411349270152,60.16847301801528
-15.84892861037519,202.41408331618874,54.09838726799943,60.16774533579598
-15.902593921056067,202.5106949448972,54.10268739401559,60.16704344187583
-15.98989451947105,202.61469142416644,54.10705443221042,60.16634056650729
-16.051481125808856,202.70266143746431,54.111479412163746,60.165657641566526
-16.151062918665676,202.82647360331023,54.11583566214302,60.16499135702627
-16.264324872874095,202.98823087983672,54.12010374456346,60.16435489650069
-16.395532662076203,203.15628031731592,54.12441112432494,60.16371349553559
-16.52869591608879,203.33249299575323,54.12868116243282,60.163062980207975
-16.663745720452734,203.511665560661,54.1330083986765,60.16243387431443
-16.82623109428278,203.702428249134,54.137380752657926,60.16178420404113
-16.996989308447965,203.8881611175882,54.14177432341765,60.1611431617662
-17.15096442881725,204.08684871950254,54.14614180644481,60.160503000271085
-17.296376021516974,204.2833985953077,54.15044427231606,60.15987521778848
-17.450532261409624,204.47203122072116,54.15473774799484,60.15925428029694
-17.59886711664813,204.67204487555483,54.15905621259172,60.158640675501736
-17.764248179295684,204.85106057651146,54.16341805788805,60.158008200800204
-17.90617115012985,205.0328196216916,54.16767309484371,60.157397073073064
-18.061113522230748,205.213384713647,54.17199194539545,60.15676287371658
-18.222905374516564,205.40700536624882,54.17628560804356,60.15614071915148
-18.363618900150055,205.58544531014425,54.18061635799332,60.15551740575296
-18.506574781563327,205.7707511888795,54.18497219998056,60.15489009623855
-18.64913182875915,205.94201644357878,54.18926053043139,60.15428592312844
-18.783361367366872,206.10757427496864,54.19354797750272,60.153667018571284
-18.91747528173219,206.28720600327432,54.19783648519225,60.15305040181702
-19.058756312605688,206.47230976657045,54.20211489129578,60.15243318746729
-19.199031435888227,206.64749725981508,54.206392423722825,60.15181637897369
-19.350803253735695,206.82198239775076,54.21073555439953,60.15120062151588
-19.508439969522687,206.99547819798354,54.2150960192453,60.15058773489651
-19.65994134579021,207.1647202087538,54.219435036390635,60.14996510227773
-19.806229194903395,207.32049109336077,54.22372959190537,60.14934407819818
-19.950880596013516,207.48965187502566,54.22803937144533,60.14873030262056
-20.10935183038793,207.6438360306106,54.232380482495714,60.148113438413034
-20.256010627911724,207.81141296552013,54.23676518784337,60.147485362384785
-20.397909855028825,207.95866569273647,54.241089473061685,60.14684752579761
-20.538277925027476,208.08900167293268,54.24553433207411,60.146176598949744
-20.67723675509148,208.20812722761116,54.25000143878491,60.14549590950038
-20.813722885456777,208.32613209326914,54.254424883073014,60.144826251889114
-20.957523649915963,208.45524137967206,54.2588454003146,60.144162567808564
-21.10411559350004,208.58221453122837,54.2632589098468,60.14349016901953
-21.24575583248158,208.70695760639322,54.26763480077947,60.1428326682107
-21.39453974850818,208.83598510240915,54.272029796528955,60.14215893657391
-21.54477320520388,208.96390179475424,54.27637478480477,60.14149616541101
-21.708420381152834,209.09043456236677,54.28077256673541,60.140817855813836
-21.870894827446016,209.21540278852038,54.28514038079241,60.140143334091526
-22.031363676839195,209.3306931837499,54.28952576839675,60.13947086095999
-22.1970259420603,209.44753807111093,54.29395336313759,60.13877881661226
-22.357536869998583,209.5622112906784,54.298297350647914,60.138132300038976
-22.514383863868456,209.66983587012982,54.302699409381084,60.13747042725083
-22.68308310798716,209.77871894790897,54.30711479124375,60.136806814212086
-22.842999120480062,209.88677487471512,54.311509022497866,60.13614843631351
-23.001907816887634,209.93224626617695,54.31587908889127,60.13550746764608
-23.197742945309102,209.93257060065113,54.32027660036334,60.134858798697714
-23.385728028201974,209.93289509026476,54.32466989070086,60.13420981947044
-23.57237475385471,209.9332180400239,54.329043433005936,60.133563919952245
-23.760501452304005,209.9335381375241,54.33342067953488,60.13292372495182
-23.94949781721784,209.9338563368192,54.33779328669142,60.13228732636163
-24.141992770607462,209.93417273444652,54.34215240228338,60.13165453110698
-24.334962017631593,209.93449815461634,54.34657956572709,60.13100369076736
-24.54782550193237,209.93481984836012,54.35097268489856,60.13036030327978
-24.758121124309007,209.9351441238833,54.35541559491024,60.12971175223341
-24.96389728295463,209.93546864476104,54.35983650851687,60.12906271047791
-25.175235540358283,209.93578941210606,54.36425483316915,60.12842117578788
-25.379698359663177,209.93610751785027,54.368644701362676,60.127784964299465
-25.585084584890772,209.9364273341575,54.37298446358163,60.12714533168506
-25.80205286590398,209.9367445976917,54.377301027868256,60.126510804616615
-26.00418837832204,209.9370615439466,54.381635615097565,60.125876912106754
-26.203578478333498,209.9373810961137,54.38597343564584,60.125237807772564
-26.414053950831278,209.93769687202268,54.39042586861175,60.12460625595463
-26.629333704947197,209.93800950519994,54.39490020275988,60.1239809896001
-26.840387844513828,209.9383190515144,54.399343864593106,60.123361896971176
-27.058867404043095,209.93863289849796,54.403815257440094,60.12273420300407
-27.204121332330303,209.93894138420174,54.408242664660605,60.12211723159651
-27.20633285021063,209.93924944944274,54.41266570042126,60.12150110111451
-27.208557865121517,209.93956054651196,54.41711573024303,60.120878906976074
-27.210782193185757,209.93987261080844,54.421564386371514,60.12025477838311
-27.21299503963596,209.94017953754172,54.42599007927192,60.119640924916574
-27.215212620220946,209.94048694132726,54.43042524044189,60.11902611734544
-27.217430528921977,209.94079122507748,54.43486105784395,60.11841754984502
-27.219653543153743,209.9410946408545,54.43930708630749,60.11781071829102
-27.22186666361294,209.94139538353113,54.44373332722588,60.11720923293775
-27.22406128572503,209.9416960996757,54.44812257145006,60.11660780064861
-27.226264118037403,209.94199769233086,54.452528236074805,60.116004615338305
-27.228455597854914,209.94229722681808,54.45691119570983,60.11540554636385
-27.230655934664508,209.94259442153302,54.461311869329016,60.114811156933946
-27.232854147776784,209.9428965224186,54.46570829555357,60.114206955162764
-27.23506777847568,209.94319423524004,54.47013555695136,60.11361152951989
-27.237279722680533,209.943491717501,54.474559445361066,60.113016564998034
-27.23948321356326,209.94379055286032,54.47896642712652,60.11241889427934
-27.24169173311448,209.94408786995345,54.48338346622896,60.11182426009308
-27.24388339443786,209.944381382879,54.48776678887572,60.11123723424204
-27.246087751520726,209.9446748771332,54.49217550304145,60.11065024573358
-27.248289823139082,209.94496503283472,54.496579646278164,60.11006993433054
-27.25048813231337,209.94525779386396,54.50097626462674,60.10948441227209
-27.252710279905767,209.9455477177637,54.50542055981153,60.10890456447257
-27.254905669364284,209.945837937265,54.50981133872857,60.10832412547003
-27.257076441318436,209.94611948773934,54.51415288263687,60.10776102452132
-27.25928157612617,209.94640807155307,54.51856315225234,60.10718385689386
-27.261490725519337,209.9466978165616,54.522981451038675,60.10660436687678
-27.263678192183846,209.94698386228765,54.52735638436769,60.106032275424695
-27.265872478661926,209.94726846163562,54.53174495732385,60.10546307672875
-27.268088685311938,209.94755897588843,54.536177370623875,60.10488204822313
-27.270271607931175,209.94784237968025,54.54054321586235,60.104315240639515
-27.272452383056546,209.9481241726956,54.54490476611309,60.10375165460877
-27.27464405959045,209.94841031809523,54.5492881191809,60.103179363809545
-27.27680987057935,209.94868806715974,54.5536197411587,60.10262386568054
-27.27898912420868,209.94896391491773,54.55797824841736,60.10207217016455
-27.281177601584655,209.94924001855696,54.56235520316931,60.1015199628861
-27.28336298830348,209.94951650898201,54.56672597660696,60.100966982035985
-27.285536148201427,209.94979001903263,54.57107229640285,60.100419961934726
-27.287714505435684,209.95006645402367,54.57542901087137,60.09986709195264
-27.2898824432017,209.95034076315258,54.5797648864034,60.099318473694844
-27.292077252267354,209.95061988021126,54.58415450453471,60.09876023957745
-27.2942549393741,209.95089695273,54.5885098787482,60.09820609453999
-27.29642788660951,209.95117319524022,54.59285577321902,60.097653609519554
-27.298584112960206,209.95144677979323,54.59716822592041,60.09710644041352
-27.300746756118343,209.95171666341474,54.60149351223669,60.09656667317053
-27.30291854450171,209.95199249429177,54.60583708900342,60.09601501141646
-27.30509722243217,209.95226787086273,54.61019444486434,60.095464258274546
-27.30726762365676,209.95253844788712,54.61453524731352,60.09492310422578
-27.30943875737134,209.95280529220108,54.61887751474268,60.09438941559784
-27.311594421442635,209.95307156922553,54.62318884288527,60.09385686154895
-27.31374506185728,209.9533375496434,54.62749012371456,60.093324900713185
-27.315920286029716,209.9536043192761,54.63184057205943,60.092791361447766
-27.318083242234966,209.95386842576724,54.63616648446993,60.09226314846553
-27.320252994041663,209.9541351537417,54.640505988083326,60.0917296925166
-27.32240529107287,209.95439732956856,54.64481058214574,60.09120534086289
-27.324553155954572,209.9546608882452,54.649106311909144,60.09067822350963
-27.326688039157382,209.95491826383832,54.653376078314764,60.090163472323354
-27.328839104438234,209.9551807371119,54.65767820887647,60.08963852577621
-27.330997116804994,209.95544135413445,54.66199423360999,60.089117291731085
-27.333137827565295,209.95570312371902,54.66627565513059,60.088593752561984
-27.335289291303987,209.95596349370814,54.67057858260797,60.088073012583706
-27.337456697877588,209.95621906944808,54.674913395755176,60.087561861103815
-27.339629145697913,209.95647749551676,54.679258291395826,60.08704500896647
-27.341804129637985,209.95673782976533,54.68360825927597,60.08652434046932
-27.34398678031924,209.9569979354842,54.68797356063848,60.0860041290316
-27.34617058501265,209.9572558649462,54.6923411700253,60.08548827010756
-27.348352038783833,209.9575119682822,54.69670407756767,60.084976063435604
-27.35052086032935,209.9577692461782,54.7010417206587,60.0844615076436
-27.352692713830848,209.95802717661067,54.705385427661696,60.08394564677867
-27.354869479900046,209.95828541834788,54.70973895980009,60.083429163304245
-27.35705544352744,209.95854111685145,54.71411088705488,60.08291776629712
-27.359246816599395,209.9587942885281,54.71849363319879,60.08241142294381
-27.361409096927122,209.95904681920976,54.722818193854245,60.08190636158048
-27.36357019586925,209.95929662067488,54.7271403917385,60.08140675865022
-27.365744490639802,209.9595506294389,54.731488981279604,60.080898741122226
-27.367905160353523,209.95980184489505,54.735810320707046,60.080396310209906
-27.37010012884147,209.960055102063,54.74020025768294,60.079889795873996
-27.37228277023673,209.96030991364188,54.74456554047346,60.079380172716256
-27.374457335332988,209.96055897403096,54.748914670665975,60.078882051938066
-27.376626983138742,209.9608072383069,54.753253966277484,60.07838552338622
-27.378819120623728,209.96106220692616,54.757638241247456,60.077875586147684
-27.381028996563707,209.96131931697988,54.762057993127414,60.07736136604021
-27.383222177315872,209.96157412740268,54.766444354631744,60.07685174519462
-27.38543028307319,209.9618327865386,54.77086056614638,60.07633442692281
-27.387627519131094,209.9620876020875,54.77525503826219,60.075824795825
-27.38981192470804,209.962339017057,54.77962384941608,60.07532196588602
-27.3919970849905,209.96258867429768,54.783994169981,60.074822651404666
-27.394172266106708,209.96283647581276,54.788344532213415,60.07432704837448
-27.39634602860588,209.96308301353017,54.79269205721176,60.07383397293966
-27.39851280834154,209.96332900268663,54.79702561668308,60.073341994626716
-27.400698351639292,209.96357668270406,54.801396703278584,60.07284663459189
-27.40285666453496,209.9638226273504,54.80571332906992,60.0723547452992
-27.405021377112813,209.9640662409049,54.81004275422563,60.07186751819019
-27.407176179420297,209.9643102126266,54.814352358840594,60.07137957474681
-27.409330399835586,209.9645497887134,54.81866079967117,60.07090042257315
-27.41148374429963,209.964789871445,54.82296748859926,60.07042025711001
-27.41363393240899,209.96502698230694,54.82726786481798,60.06994603538611
-27.41578362819029,209.96526251114034,54.83156725638058,60.0694749777193
-27.417919921708286,209.9654984298301,54.83583984341657,60.069003140339824
-27.42006068105627,209.96573369832055,54.84012136211254,60.06853260335892
-27.422232889464926,209.9659746019367,54.84446577892985,60.06805079612659
-27.424365745267707,209.96620896748112,54.848731490535414,60.067582065037726
-27.426516976431085,209.96644057684773,54.85303395286217,60.06711884630454
-27.428666581672253,209.96667375494408,54.85733316334451,60.06665249011183
-27.43079950059342,209.96690484963088,54.86159900118684,60.06619030073823
-27.43294646899634,209.96713608424042,54.86589293799268,60.06572783151916
-27.435076970465687,209.96736168365862,54.870153940931374,60.06527663268273
-27.437240192782415,209.96759415300846,54.87448038556483,60.06481169398308
-27.43937646733027,209.96782607660413,54.87875293466054,60.06434784679177
-27.441523814903977,209.96805304565646,54.883047629807955,60.06389390868705
-27.443677154467014,209.96828398880712,54.88735430893403,60.06343202238578
-27.445828117472715,209.96850988996027,54.89165623494543,60.06298022007947
-27.447978134042486,209.9687396158289,54.89595626808497,60.06252076834222
-27.450128184073904,209.96896587879138,54.90025636814781,60.06206824241722
-27.452290260490546,209.96919472186758,54.90458052098109,60.061610556264824
-27.45441755752804,209.96942034019818,54.90883511505608,60.061159319603654
-27.456565624690008,209.96964948134962,54.913131249380015,60.06070103730077
-27.458720450615484,209.96987384086484,54.91744090123097,60.060252318270344
-27.460882982384568,209.97009988343746,54.921765964769136,60.05980023312509
-27.463044416361885,209.97032514573337,54.92608883272377,60.05934970853326
-27.465190871871595,209.97054987290736,54.93038174374319,60.058900254185296
-27.46734596156593,209.97077359515282,54.93469192313186,60.05845280969438
-27.46951044788706,209.9710000703571,54.93902089577412,60.057999859285786
-27.471667027293268,209.97121941085658,54.943334054586536,60.05756117828684
-27.47381942438459,209.97144014143558,54.94763884876918,60.05711971712884
-27.47596182077935,209.9716609876638,54.9519236415587,60.05667802467239
-27.47810162580084,209.9718807101979,54.95620325160168,60.056238579604205
-27.480265494108135,209.97210137485428,54.96053098821627,60.055797250291434
-27.482404607956248,209.97231857695573,54.964809215912496,60.055362846088514
-27.484551780473574,209.97253493895755,54.96910356094715,60.05493012208491
-27.486708200842664,209.9727493500561,54.97341640168533,60.05450129988783
-27.488859672664525,209.97296695057148,54.97771934532905,60.05406609885707
-27.491011639627907,209.9731840613938,54.98202327925581,60.05363187721243
-27.493153972957096,209.97340022690815,54.98630794591419,60.05319954618367
-27.495287450282074,209.9736103029433,54.99057490056415,60.05277939411335
-27.497426119497643,209.973821627707,54.994852238995286,60.052356744586
-27.499557159637035,209.97403197088283,54.99911431927407,60.051936058234325
-27.501685625592117,209.97424137917946,55.003371251184234,60.051517241641065
-27.50383896863591,209.97445341543045,55.00767793727182,60.05109316913912
-27.50597682777402,209.97465806699938,55.01195365554804,60.05068386600123
-27.50813004649258,209.97486629997474,55.01626009298516,60.05026740005052
-27.510280694854515,209.9750748083486,55.02056138970903,60.049850383302775
-27.51243406672055,209.97528544888937,55.0248681334411,60.04942910222126
-27.5145850063364,209.9754918135235,55.0291700126728,60.04901637295304
-27.516721324237974,209.9756952817587,55.03344264847595,60.04860943648257
-27.518858459891344,209.97589809937253,55.03771691978269,60.048203801254935
-27.52100616554808,209.97610380526208,55.04201233109616,60.047792389475845
-27.52315073320785,209.97630609969468,55.0463014664157,60.04738780061063
-27.52528996547697,209.9765094128896,55.05057993095394,60.0469811742208
-27.527425081029616,209.97671231738065,55.05485016205923,60.0465753652387
-27.529546098693697,209.9769111778532,55.05909219738739,60.04617764429363
-27.531669939918913,209.9771117398248,55.06333987983783,60.04577652035037
-27.533824152364847,209.97731499233663,55.067648304729694,60.04537001532677
-27.53595561836126,209.97751087090316,55.07191123672252,60.04497825819367
-27.53807838294165,209.97770682120313,55.0761567658833,60.04458635759376
-27.540219950499765,209.97790636726367,55.08043990099953,60.044187265472644
-27.542375263243816,209.97810841771673,55.08475052648763,60.043783164566555
-27.54448408699862,209.97830140659573,55.08896817399724,60.043397186808534
-27.546634635652016,209.9785017826662,55.09326927130403,60.04299643466761
-27.548756655410074,209.97869679869459,55.09751331082015,60.04260640261085
-27.55088485567184,209.97889080317512,55.10176971134368,60.042218393649755
-27.55301857779684,209.97908453167418,55.10603715559368,60.04183093665163
-27.5551385262749,209.97927628998784,55.1102770525498,60.04144742002433
-27.5572655550166,209.9794688603903,55.1145311100332,60.04106227921938
-27.559401313057357,209.9796615252187,55.118802626114714,60.040676949562624
-27.561516131039802,209.9798497260203,55.123032262079604,60.04030054795943
-27.56364018833292,209.9800387146668,55.12728037666584,60.0399225706664
-27.565769221770495,209.98022652694655,55.13153844354099,60.03954694610691
-27.56790174838587,209.98041872078733,55.13580349677174,60.039162558425346
-27.570035782014557,209.9806067241053,55.140071564029114,60.038786551789435
-27.572181111537912,209.9808020107234,55.144362223075824,60.03839597855316
-27.57431521193457,209.98099063867562,55.14863042386914,60.03801872264876
-27.576437355254484,209.98117935655867,55.15287471050897,60.03764128688265
-27.578563474166796,209.9813647920384,55.15712694833359,60.037270415923196
-27.58070642599801,209.9815503813204,55.16141285199602,60.036899237359165
-27.582836800948687,209.98173585330397,55.165673601897375,60.03652829339204
-27.584967373506224,209.98191809732856,55.16993474701245,60.03616380534285
-27.58710671444398,209.98210317941235,55.17421342888796,60.03579364117529
-27.589237092852336,209.98228857889936,55.17847418570467,60.03542284220127
-27.591376451465997,209.98247293028487,55.182752902931995,60.03505413943026
-27.59350897393368,209.98265398016295,55.18701794786736,60.034692039674106
-27.595653989876155,209.98283649208363,55.19130797975231,60.03432701583272
-27.597787998670867,209.9830182019535,55.195575997341734,60.03396359609297
-27.599939438970306,209.98320144182117,55.19987887794061,60.0335971163577
-27.602077196645652,209.98337912417318,55.204154393291304,60.03324175165364
-27.604173844675817,209.98355266193425,55.20834768935163,60.03289467613147
-27.60628872542482,209.98372753380613,55.21257745084964,60.03254493238771
-27.608397875620806,209.98389925908268,55.21679575124161,60.03220148183467
-27.6105352260655,209.9840728547776,55.221070452131,60.031854290444805
-27.61265830971884,209.98424483272,55.22531661943768,60.03151033456
-27.6147850465101,209.9844151967197,55.2295700930202,60.03116960656057
-27.616882160950414,209.9845827027214,55.23376432190083,60.030834594557206
-27.61899551375009,209.98475361580407,55.23799102750018,60.03049276839187
-27.62111426466416,209.98492309798914,55.24222852932832,60.03015380402171
-27.62320946669587,209.98509041807355,55.24641893339174,60.02981916385287
-27.625324578721404,209.985256801923,55.25064915744281,60.029486396154006
-27.627443357445706,209.985423319245,55.25488671489141,60.02915336150999
-27.629576390803123,209.98558985654284,55.25915278160625,60.02882028691428
-27.63167671632697,209.9857538966204,55.26335343265394,60.02849220675921
-27.633770428462398,209.98591211759646,55.267540856924796,60.02817576480707
-27.635866013304458,209.98607191991343,55.271732026608916,60.027856160173165
-27.63797870059811,209.98623607198058,55.27595740119622,60.02752785603885
-27.640074531448338,209.98639531017216,55.280149062896676,60.027209379655666
-27.642192098000397,209.98655819315414,55.284384196000794,60.026883613691716
-27.644315367551155,209.9867182349475,55.28863073510231,60.02656353010503
-27.646431354887675,209.9868799548528,55.29286270977535,60.026240090294365
-27.648543677048373,209.98703934728752,55.297087354096746,60.02592130542495
-27.650637455933214,209.98718830452034,55.30127491186643,60.02562339095933
-27.652723887925816,209.98733745151662,55.30544777585163,60.025325096966746
-27.654793800142762,209.98748387576725,55.309587600285525,60.02503224846547
-27.656868261419618,209.98763161033412,55.313736522839235,60.024736779331754
-27.658927472365395,209.98777372218618,55.31785494473079,60.02445255562765
-27.661011783067494,209.9879207763813,55.32202356613499,60.02415844723742
-27.663078523195317,209.9880710632434,55.326157046390634,60.023857873513194
-27.665137681896816,209.9882199960863,55.33027536379363,60.023560007827456
-27.66720877485997,209.98836750630815,55.33441754971994,60.023264987383705
-27.669249152324088,209.9885143415396,55.338498304648176,60.022971316920774
-27.671343624062185,209.9886622620421,55.34268724812437,60.02267547591577
-27.673440436258502,209.9888071345054,55.346880872517005,60.022385730989164
-27.67558050793029,209.98895392608077,55.35116101586058,60.022092147838464
-27.677728209032917,209.98910178606752,55.355456418065835,60.021796427864984
-27.679869984855884,209.98925129102724,55.35973996971177,60.02149741794551
-27.682013867276748,209.98940192805455,55.364027734553495,60.02119614389091
-27.684154519336396,209.98955370219986,55.36830903867279,60.020892595600266
-27.686283894798294,209.9897062776164,55.37256778959659,60.020587444767195
-27.688394447264706,209.9898603618009,55.37678889452941,60.0202792763982
-27.690490120000977,209.99001450653594,55.38098024000195,60.01997098692809
-27.692549674870257,209.99016907128373,55.385099349740514,60.019661857432524
-27.69459751646086,209.9903169288388,55.38919503292172,60.01936614232237
-27.696638415170124,209.99046314368942,55.39327683034025,60.01907371262116
-27.698693144471964,209.99061181162946,55.39738628894393,60.01877637674107
-27.70073515967342,209.9907582501802,55.40147031934684,60.018483499639586
-27.702784676068894,209.99090421383733,55.40556935213779,60.018191572325335
-27.70486317070722,209.99104838092043,55.40972634141444,60.017903238159114
-27.706979084297622,209.99119075796412,55.413958168595244,60.017618484071754
-27.70907021061588,209.9913280156643,55.41814042123176,60.01734396867138
-27.711188940694488,209.99146709452933,55.422377881388975,60.01706581094134
-27.71329202111681,209.99160069175997,55.42658404223362,60.016798616480074
-27.715382886426674,209.9917369943395,55.43076577285335,60.016526011320984
-27.717469621432052,209.99187034318422,55.434939242864104,60.01625931363156
-27.71952575241707,209.9919994272872,55.43905150483414,60.01600114542562
-27.721579114427527,209.9921291227077,55.443158228855054,60.015741754584596
-27.723620032382964,209.99225487975824,55.44724006476593,60.015490240483544
-27.725656179653058,209.99238104352065,55.451312359306115,60.01523791295872
-27.727679854619996,209.9925058095736,55.45535970923999,60.01498838085281
-27.729698301485726,209.99262503579826,55.45939660297145,60.01474992840347
-27.731712890783847,209.9927412880932,55.46342578156769,60.014517423813544
-27.733740319810572,209.99286424523783,55.467480639621144,60.014271509524335
-27.73577626640601,209.99298278611937,55.47155253281202,60.01403442776126
-27.73781277915881,209.99310153432003,55.47562555831762,60.01379693135994
-27.739844095098224,209.9932165569364,55.47968819019645,60.013566886127194
-27.74190547519793,209.99333642316708,55.48381095039586,60.01332715366583
-27.74397710929008,209.9934555165068,55.48795421858016,60.01308896698643
-27.746034506891377,209.9935803819102,55.49206901378275,60.01283923617962
-27.74809567699518,209.99370032766444,55.49619135399036,60.0125993446711
-27.75014255742515,209.99382069953873,55.5002851148503,60.01235860092252
-27.752192815908952,209.99393137036378,55.504385631817904,60.012137259272436
-27.754216778484572,209.99404426186035,55.508433556969145,60.01191147627931
-27.75628651181779,209.99416192519254,55.51257302363558,60.01167614961492
-27.758336503016167,209.9942764722839,55.516673006032335,60.01144705543221
-27.76037007637609,209.99438863118337,55.52074015275218,60.01122273763329
-27.7624164758283,209.99450335551006,55.5248329516566,60.01099328897985
-27.76447729969911,209.99461537206597,55.52895459939822,60.010769255868084
-27.766519092310407,209.99472757890487,55.533038184620814,60.01054484219026
-27.76855548721912,209.99483932403157,55.53711097443824,60.01032135193687
-27.770607899990093,209.99495096698382,55.541215799980186,60.010098066032384
-27.772667132458416,209.99506211210573,55.54533426491683,60.00987577578854
-27.774721816803492,209.99517287975527,55.549443633606984,60.00965424048946
-27.77676760684368,209.9952845662543,55.55353521368736,60.00943086749139
-27.778813586275447,209.99539249462757,55.557627172550895,60.00921501074487
-27.780853336669306,209.99549890003854,55.56170667333861,60.00900219992291
-27.782900210279806,209.99560500904826,55.56580042055961,60.008789981903476
-27.78492890311751,209.99570591595835,55.56985780623502,60.00858816808332
-27.78698053161264,209.99580982198702,55.57396106322528,60.00838035602593
-27.789033679604973,209.99591128336837,55.578067359209946,60.00817743326327
-27.79107005864527,209.99601088487466,55.58214011729054,60.00797823025067
-27.793109657974213,209.9961121848906,55.586219315948426,60.00777563021881
-27.795164973100007,209.99621045215073,55.590329946200015,60.00757909569854
-27.79719208143787,209.99630861821777,55.59438416287574,60.00738276356447
-27.79921653425652,209.99640894439554,55.59843306851304,60.0071821112089
-27.80124312021969,209.99650721301126,55.60248624043938,60.00698557397748
-27.80328028865506,209.99660593468474,55.60656057731012,60.00678813063055
-27.805315706699442,209.99670341971247,55.610631413398885,60.00659316057506
-27.807345486311757,209.99680014024125,55.614690972623514,60.00639971951748
-27.80937605705652,209.99689493548,55.61875211411304,60.00621012904004
-27.811413688367224,209.9969923804461,55.62282737673445,60.00601523910778
-27.813458631225373,209.99708919469822,55.626917262450746,60.00582161060357
-27.815487896806086,209.99718406965266,55.63097579361217,60.00563186069469
-27.817530337616923,209.99728129672246,55.635060675233845,60.00543740655509
-27.819554918989663,209.99737250843887,55.639109837979326,60.005254983122235
-27.821590283891844,209.99746873780595,55.64318056778369,60.005062524388116
-27.823620611620022,209.99756366536326,55.647241223240044,60.00487266927345
-27.825645165612656,209.99765655788332,55.65129033122531,60.00468688423334
-27.827655237975883,209.99774633611162,55.655310475951765,60.00450732777676
-27.82968728458552,209.99783650481322,55.65937456917104,60.00432699037357
-27.83171928920314,209.99792934552605,55.66343857840628,60.004141308947894
-27.833753747890807,209.99801972184548,55.667507495781614,60.003960556309046
-27.835777432634433,209.99810914449057,55.67155486526887,60.00378171101888
-27.837791276302998,209.9981930121952,55.675582552605995,60.003613975609575
-27.83981523355483,209.99827801988724,55.67963046710966,60.00344396022553
-27.841838682350765,209.9983640809694,55.68367736470153,60.00327183806121
-27.843861525432356,209.99844903429633,55.68772305086471,60.00310193140736
-27.84589214534937,209.9985330164176,55.69178429069874,60.002933967164765
-27.84791378988015,209.99861791318,55.6958275797603,60.002764173639974
-27.84994472298106,209.99870339843608,55.69988944596212,60.00259320312782
-27.85196816922773,209.9987871814802,55.70393633845546,60.00242563703962
-27.853989319983402,209.99886867436624,55.707978639966804,60.00226265126752
-27.856004205775715,209.9989494904732,55.71200841155143,60.00210101905362
-27.85803561892347,209.99902771213766,55.71607123784694,60.00194457572465
-27.860057962865717,209.9991066118034,55.720115925731434,60.00178677639319
-27.86207378547539,209.99917945221623,55.72414757095078,60.00164109556755
-27.864087401670304,209.99925589196206,55.72817480334061,60.00148821607585
-27.866107747533132,209.99933056990795,55.732215495066264,60.00133886018406
-27.86811497138531,209.99940525944902,55.73622994277062,60.001189481101946
-27.870123953075385,209.99948353437355,55.74024790615077,60.0010329312529
-27.87213113189019,209.9995576264568,55.74426226378038,60.000884747086374
-27.874138271185164,209.999635903313,55.74827654237033,60.00072819337402
-27.87615177491104,209.99970855007817,55.75230354982208,60.000582899843685
-27.878160576008426,209.99978576231257,55.75632115201685,60.00042847537487
-27.88015922436296,209.99985675454485,55.76031844872592,60.00028649091031
-27.882172020452586,209.999930518569,55.76434404090517,60.00013896286202
-27.88418903112298,210.00000088899134,55.76837806224596,59.99999822201731
-27.886196552761426,210.00007168427317,55.77239310552285,59.99985663145367
-27.888211949861834,210.00014629710898,55.77642389972367,59.99970740578204
-27.89021846396395,210.00022127005502,55.7804369279279,59.999557459889964
-27.892225582339645,210.0002917673675,55.78445116467929,59.99941646526502
-27.89422699953766,210.0003612115153,55.78845399907532,59.999277576969426
-27.896219224474564,210.0004317886138,55.79243844894913,59.9991364227724
-27.898219433586796,210.00049753333099,55.79643886717359,59.99900493333802
-27.900205898194166,210.0005633691429,55.80041179638833,59.998873261714216
-27.902207849762867,210.0006285030088,55.804415699525734,59.998742993982354
-27.904221876975452,210.00069384509797,55.808443753950904,59.99861230980406
-27.906225735794454,210.0007570084655,55.81245147158891,59.99848598306895
-27.9081999578176,210.00081984285538,55.8163999156352,59.99836031428925
-27.91019899833001,210.00088987758863,55.82039799666002,59.998220244822726
-27.912206345308984,210.00096353416208,55.82441269061797,59.99807293167584
-27.91421314310391,210.00103519837893,55.82842628620782,59.99792960324213
-27.91622789765578,210.00110655453074,55.83245579531156,59.99778689093854
-27.91821543408953,210.00116924404358,55.83643086817906,59.99766151191285
-27.920219975811687,210.00123505530425,55.840439951623374,59.99752988939152
-27.922230163458522,210.00129753394674,55.844460326917044,59.99740493210649
-27.92422992317617,210.0013560271814,55.84845984635234,59.997287945637204
-27.926236487701267,210.0014174354937,55.852472975402534,59.997165129012636
-27.928246372219323,210.0014802474085,55.85649274443865,59.99703950518299
-27.930255629867844,210.00153998745012,55.86051125973569,59.99692002509979
-27.932271210765787,210.00160323954023,55.864542421531574,59.99679352091955
-27.934270912500132,210.0016629099328,55.868541825000264,59.996674180134384
-27.936281246214353,210.0017261760438,55.872562492428706,59.99654764791238
-27.938291127447176,210.00179030474123,55.87658225489435,59.99641939051753
-27.94029444504391,210.00185360586912,55.88058889008782,59.996292788261776
-27.942295036085827,210.00191455137744,55.884590072171655,59.99617089724514
-27.944292166875574,210.00197369228374,55.88858433375115,59.99605261543249
-27.946281437727883,210.00202927661672,55.892562875455766,59.99594144676656
-27.948284121572616,210.00208609114048,55.89656824314523,59.995827817719025
-27.95029978699368,210.00214683846508,55.90059957398736,59.99570632306987
-27.952302302008018,210.00220492849934,55.904604604016036,59.995590143001344
-27.954324826107907,210.00226367973414,55.908649652215814,59.99547264053174
-27.956342805136792,210.00232247352628,55.912685610273584,59.99535505294745
-27.958349083795476,210.00237698529014,55.91669816759095,59.99524602941973
-27.960354361766665,210.00243412064177,55.92070872353333,59.995131758716454
-27.962366740961215,210.002491894927,55.92473348192243,59.995016210145984
-27.964392497846173,210.0025465058474,55.92878499569235,59.99490698830521
-27.966412718348973,210.0025957154447,55.93282543669795,59.99480856911058
-27.968434550097438,210.00264912975024,55.936869100194876,59.994701740499515
-27.97044406136721,210.00270598788563,55.94088812273442,59.994588024228726
-27.972460947213783,210.00275759630776,55.944921894427566,59.99448480738447
-27.97445946357543,210.00280732522253,55.94891892715086,59.99438534955496
-27.97645987191865,210.00285606109097,55.9529197438373,59.99428787781808
-27.97847128685072,210.00290846321835,55.95694257370144,59.99418307356332
-27.980461153503914,210.0029582816026,55.96092230700783,59.9940834367948
-27.98245482642139,210.0030082190475,55.96490965284278,59.99398356190501
-27.98445808564941,210.0030564941207,55.96891617129882,59.99388701175859
-27.986466117689314,210.0031030934872,55.97293223537863,59.993793813025604
-27.988462577181902,210.00315197382963,55.976925154363805,59.993696052340766
-27.990448253651913,210.00319574683388,55.980896507303825,59.993608506332244
-27.992439782467788,210.00324095795875,55.984879564935575,59.99351808408248
-27.99443998518302,210.0032865255968,55.98887997036604,59.99342694880641
-27.99644067228605,210.00333089299326,55.9928813445721,59.9933382140135
-27.998464186121385,210.00337895954294,55.99692837224277,59.99324208091412
-28.000486303224335,210.00342491157414,56.00097260644867,59.993150176851735
-28.00248430304039,210.00346787720216,56.00496860608078,59.99306424559567
-28.004515032943154,210.0035134337972,56.00903006588631,59.992973132405595
-28.006511052760235,210.00355358044126,56.01302210552047,59.992892839117495
-28.00851486863753,210.00359479572907,56.01702973727506,59.992810408541835
-28.010508876182715,210.00363467707206,56.02101775236543,59.99273064585591
-28.012507826710642,210.00367292674764,56.025015653421285,59.99265414650471
-28.014493585378442,210.00371302210687,56.028987170756885,59.99257395578624
-28.016475670865624,210.0037502722095,56.03295134173125,59.99249945558102
-28.018457659054285,210.00378635478995,56.03691531810857,59.99242729042008
-28.020423446151515,210.0038200808649,56.04084689230303,59.992359838270175
-28.022398962081795,210.00385406622584,56.04479792416359,59.992291867548325
-28.024388563737165,210.00388723307069,56.04877712747433,59.992225533858644
-28.02635555990293,210.00392202315027,56.05271111980586,59.99215595369945
-28.028352833919097,210.00395773574644,56.056705667838195,59.99208452850713
-28.030340259810007,210.0039924550424,56.060680519620014,59.99201508991517
-28.03232180270966,210.0040266943297,56.06464360541932,59.99194661134058
-28.034311966013917,210.0040607395891,56.06862393202783,59.9918785208218
-28.036279535680578,210.00409589049022,56.072559071361155,59.991808219019546
-28.038264793945636,210.00412702857398,56.07652958789127,59.99174594285206
-28.040254124554213,210.0041543929784,56.080508249108426,59.99169121404322
-28.042231742542434,210.00418687714512,56.08446348508487,59.99162624570979
-28.044194016737258,210.00421293131214,56.088388033474516,59.991574137375714
-28.04617310049839,210.00423865670228,56.09234620099678,59.99152268659546
-28.0481472287922,210.00426795411082,56.0962944575844,59.991464091778376
-28.05012046417084,210.0042966555245,56.10024092834168,59.99140668895097
-28.05209003083487,210.00432136738644,56.10418006166974,59.9913572652271
-28.05407752221729,210.00434780376833,56.10815504443458,59.99130439246333
-28.05605313174005,210.0043735830418,56.1121062634801,59.99125283391642
-28.058028501799118,210.00439614205462,56.116057003598236,59.991207715890745
-28.059996432728394,210.00441503429784,56.11999286545679,59.99116993140436
-28.061988773745327,210.00443457766033,56.123977547490654,59.99113084467933
-28.06395820214482,210.00445545428596,56.12791640428964,59.99108909142808
-28.06592064940927,210.00447536807155,56.13184129881854,59.99104926385692
-28.06789297478796,210.00449721197535,56.13578594957592,59.99100557604929
-28.06986988850648,210.00451268846842,56.13973977701296,59.99097462306315
-28.071854540294037,210.00453247201284,56.143709080588074,59.99093505597431
-28.073829600095383,210.00454979768296,56.147659200190766,59.99090040463406
-28.07578796485711,210.0045654341972,56.15157592971422,59.99086913160562
-28.077759572568755,210.0045824377746,56.15551914513751,59.990835124450825
-28.07973492122486,210.0045992074856,56.15946984244972,59.99080158502881
-28.08169589403439,210.0046169242669,56.16339178806878,59.990766151466175
-28.083667760341726,210.00463260055147,56.16733552068345,59.99073479889703
-28.08563217861072,210.00464656689104,56.17126435722144,59.99070686621789
-28.087597251623833,210.0046627388001,56.17519450324767,59.990674522399786
-28.089573415434312,210.0046773053198,56.179146830868625,59.99064538936039
-28.091537346954674,210.00468821502352,56.18307469390935,59.99062356995298
-28.093490956026557,210.00469754010538,56.18698191205311,59.99060491978921
-28.095453012254247,210.00470766780307,56.19090602450849,59.99058466439388
-28.097400180189496,210.0047182889359,56.19480036037899,59.9905634221282
-28.09935483941203,210.00472722036102,56.19870967882406,59.99054555927799
-28.101329205736732,210.00473884891795,56.202658411473465,59.990522302164095
-28.103277181813855,210.00474773924623,56.20655436362771,59.990504521507546
-28.10523836563759,210.0047565216571,56.21047673127518,59.99048695668583
-28.107212700497747,210.00476543770938,56.214425400995495,59.99046912458125
-28.109162269875448,210.0047742348032,56.218324539750895,59.99045153039361
-28.11113938640976,210.00478176746543,56.22227877281952,59.990436465069166
-28.11310284927422,210.00478723903555,56.22620569854844,59.990425521928884
-28.115074673352336,210.00479100020374,56.23014934670467,59.99041799959252
-28.117042527558066,210.0047964847214,56.23408505511613,59.99040703055721
-28.119015167500805,210.00480305704056,56.23803033500161,59.990393885918884
-28.12096633901297,210.00480729952397,56.24193267802594,59.99038540095207
-28.122937808645048,210.00480943070556,56.245875617290096,59.99038113858887
-28.124879903286217,210.00481216091603,56.249759806572435,59.990375678167936
-28.126847546401216,210.00481320206046,56.25369509280243,59.99037359587909
-28.128800047819013,210.00481206424752,56.257600095638026,59.990375871504995
-28.130758226870196,210.00481256531435,56.26151645374039,59.990374869371266
-28.132740452922462,210.00481420171363,56.265480905844925,59.99037159657276
-28.134708137985655,210.00481300859553,56.26941627597131,59.99037398280896
-28.13668436158082,210.00481284652625,56.27336872316164,59.99037430694753
-28.138629568360628,210.00481095948163,56.277259136721256,59.99037808103672
-28.14058617902503,210.00480749043626,56.28117235805006,59.99038501912746
-28.142512907704113,210.00480295156177,56.285025815408225,59.99039409687647
-28.144493902992714,210.00480210433398,56.28898780598543,59.99039579133207
-28.14644589759612,210.0047978055565,56.29289179519224,59.990404388886994
-28.148392968376402,210.00479294304208,56.296785936752805,59.99041411391586
-28.150363800784415,210.00479213480202,56.30072760156883,59.990415730395995
-28.15231832291264,210.00478346001194,56.30463664582528,59.99043307997612
-28.154272164136188,210.00477422807904,56.308544328272376,59.99045154384189
-28.156226154941372,210.0047688033951,56.312452309882744,59.990462393209796
-28.15817995221674,210.0047597692135,56.31635990443348,59.990480461572986
-28.160127736866478,210.00473893168416,56.320255473732956,59.990522136631675
-28.16206482122106,210.0047217164974,56.32412964244212,59.99055656700525
-28.164003140759633,210.0047021507199,56.328006281519265,59.99059569856018
-28.165943695863668,210.00467967848226,56.331887391727335,59.990640643035476
-28.16787656734281,210.00465708624986,56.33575313468562,59.990685827500286
-28.16982601453869,210.00463742377744,56.33965202907738,59.99072515244513
-28.171769668825863,210.00461736651198,56.34353933765173,59.99076526697605
-28.173706509231046,210.00459507167497,56.34741301846209,59.99080985665006
-28.17565832563978,210.00457051912215,56.35131665127956,59.99085896175569
-28.17760731611725,210.00454420476032,56.3552146322345,59.99091159047934
-28.179546768412443,210.00452048037363,56.359093536824886,59.990959039252715
-28.18149343135622,210.00449347267806,56.36298686271244,59.9910130546439
-28.183450857138844,210.00446963056274,56.36690171427769,59.99106073887454
-28.18537471845027,210.00444619558803,56.37074943690054,59.991107608823924
-28.187305903186477,210.00442172375335,56.374611806372954,59.99115655249331
-28.18924513287364,210.00439221204056,56.37849026574728,59.99121557591887
-28.19117545364822,210.00436550606724,56.38235090729644,59.99126898786549
-28.193095623118843,210.004341072918,56.386191246237686,59.99131785416395
-28.195023623480758,210.00431227979226,56.390047246961515,59.99137544041546
-28.196964860332656,210.00428377966685,56.39392972066531,59.99143244066628
-28.19890038168801,210.00425261435947,56.39780076337602,59.99149477128103
-28.200830085860954,210.0042247708168,56.40166017172191,59.99155045836642
-28.20276142555418,210.00419247870335,56.40552285110836,59.9916150425933
-28.20469099445434,210.00415835424488,56.40938198890868,59.99168329151022
-28.20661426681981,210.00412553343835,56.41322853363962,59.991748933123276
-28.208547020651917,210.0040922105495,56.417094041303834,59.99181557890101
-28.21048852747511,210.0040588709427,56.42097705495022,59.99188225811456
-28.212420673137995,210.00402590367773,56.42484134627599,59.991948192644564
-28.214358814340358,210.0039905605376,56.428717628680715,59.992018878924796
-28.21629747215466,210.00395495294381,56.43259494430932,59.992090094112356
-28.218237738932963,210.003920296884,56.436475477865926,59.99215940623201
-28.220148789413336,210.003885724764,56.44029757882667,59.992228550472035
-28.222079544672372,210.00385048344512,56.444159089344744,59.99229903310974
-28.22402462362611,210.00381633217276,56.44804924725222,59.99236733565449
-28.225963219232664,210.0037789715822,56.45192643846533,59.99244205683561
-28.227920191425824,210.00374316613386,56.45584038285165,59.992513667732275
-28.22983660610421,210.00370512921177,56.45967321220842,59.992589741576445
-28.231760239085794,210.00366531765067,56.46352047817159,59.992669364698656
-28.23369264763371,210.0036247534614,56.46738529526742,59.99275049307722
-28.23563573053881,210.00358497625774,56.47127146107762,59.992830047484546
-28.2375737791137,210.00354340368511,56.4751475582274,59.99291319262976
-28.239512521414724,210.0035026849751,56.47902504282945,59.99299463004977
-28.241434105574577,210.00346085048994,56.48286821114915,59.99307829902011
-28.24336663025493,210.0034201866064,56.48673326050986,59.9931596267872
-28.245272963339215,210.0033764138679,56.49054592667843,59.99324717226418
-28.24717918685004,210.00333138898506,56.49435837370008,59.99333722202989
-28.249104595609598,210.00328417887062,56.498209191219196,59.99343164225875
-28.251016357030903,210.0032390654948,56.502032714061805,59.99352186901043
-28.252910553884753,210.00319298424597,56.505821107769506,59.993614031508045
-28.254827796872643,210.00314740995756,56.509655593745286,59.99370518008485
-28.2567494813495,210.0031021307898,56.513498962699,59.99379573842036
-28.258660577031748,210.00305332732597,56.517321154063495,59.99389334534806
-28.260568369349006,210.00300056593912,56.52113673869801,59.99399886812175
-28.262478997472815,210.00295355293997,56.52495799494563,59.99409289412004
-28.26439754615674,210.0029037894811,56.52879509231348,59.99419242103777
-28.26631149134623,210.0028544025416,56.53262298269246,59.99429119491682
-28.268239245202192,210.00280422305278,56.536478490404384,59.994391553894424
-28.270152910957027,210.00275274438124,56.54030582191405,59.99449451123753
-28.272077057478704,210.00270278930697,56.54415411495741,59.99459442138606
-28.273999010511144,210.00264906459233,56.54799802102229,59.994701870815305
-28.275916698805982,210.00259387931018,56.551833397611965,59.99481224137963
-28.27784278870731,210.0025437253735,56.55568557741462,59.99491254925302
-28.279750720878415,210.00248887642445,56.55950144175683,59.99502224715111
-28.281658445786483,210.00243205047056,56.56331689157297,59.9951358990589
-28.283576586684926,210.00237832834097,56.56715317336985,59.995243343318045
-28.28547323533111,210.00232085651163,56.57094647066222,59.99535828697673
-28.287382990347574,210.0022643349685,56.57476598069515,59.99547133006304
-28.28928480780322,210.00220535935816,56.57856961560644,59.995589281283664
-28.291190447807807,210.00214644900473,56.582380895615614,59.99570710199052
-28.29309031982118,210.00208699618486,56.58618063964236,59.99582600763028
-28.295003837069554,210.00202813868617,56.59000767413911,59.99594372262767
-28.296910185429663,210.00196900895335,56.593820370859326,59.996061982093316
-28.298833183861476,210.00191106293107,56.59766636772295,59.99617787413785
-28.30074146426775,210.00185083123955,56.6014829285355,59.996298337520905
-28.30265856265739,210.0017900705097,56.60531712531478,59.99641985898055
-28.304570979803927,210.00173205088615,56.609141959607854,59.99653589822771
-28.30647946790379,210.0016706704015,56.61295893580758,59.99665865919698
-28.30838747592913,210.00160869720534,56.61677495185826,59.99678260558933
