32.5,60.5,68,78
32.38989531555876,60.27210864413984,68.00576330107242,77.99853611013874
32.183354396970316,60.89645465481914,68.01088835924617,77.9973187591903
31.79569626766684,61.65547755349091,68.01573900544162,77.99602484726088
31.40063583439074,62.24340279809008,68.02063364614085,77.99470224159221
31.04832942068058,62.62444923078196,68.02535848260963,77.99352918554987
30.69738182726207,62.95527276359867,68.03004478806848,77.9923133261428
30.416342566948487,63.20964798718665,68.03482852271924,77.99106615006976
30.168856723460998,63.47504105782874,68.03978863685639,77.98970759677157
29.84145422530763,63.86962164297843,68.04486348723188,77.98829422682238
29.55243378764196,64.26639966674207,68.05000424611958,77.98688003405813
29.269855243459617,64.69952514741233,68.05523023506944,77.98544764571565
29.02969100696985,65.15495578791477,68.06046123061292,77.98399398037239
28.743140679850335,65.58813514302601,68.06573775956203,77.98256381371758
28.487485517162945,65.98094838779954,68.07108469983167,77.98119867003386
28.2529189370309,66.36585225650998,68.07642827784326,77.97982921224173
28.020352197661893,66.71788375107992,68.08173019096276,77.97849628272556
27.831390588560552,67.1111697132114,68.0870381910029,77.97714885578088
27.644576731136354,67.52217911613681,68.092334771532,77.97582014535472
27.44497842922869,67.92419601564558,68.09765825003261,77.97446224918063
27.23706750579276,68.32123632258461,68.1029912231843,77.97312233793166
27.031663073364406,68.73420467911386,68.10832691537637,77.97179174545957
26.830434988215593,69.17552941485775,68.11363969191903,77.9704471936915
26.63765394146592,69.61613496494806,68.11896033177077,77.9690847525494
26.402090568075195,70.09118224135702,68.12428452823636,77.96771262185445
26.19558038131578,70.54036084576583,68.12961196271215,77.96634380491304
25.999464104128613,70.99800421888563,68.13493518123481,77.9649895609432
25.78629968550124,71.4705734906635,68.1402586204545,77.96359865704353
25.58753294788165,71.96696564045821,68.1455889733163,77.96223343437364
25.40789116914761,72.43476806267202,68.15089631089187,77.96084663899542
25.25583823748734,72.90028117431577,68.15617944343276,77.95946887466559
25.07247082896096,73.35353120494084,68.16150128827368,77.95810438537208
24.88639155295455,73.78915396888088,68.16677519148661,77.95671116195061
24.736814996299763,74.22431116360451,68.17206843555446,77.95533170187421
24.56986321406385,74.68512267621676,68.17732209172208,77.95392988617579
24.404601232118424,75.12117606193988,68.18260592042006,77.95256007132592
24.240618968982204,75.60989790914634,68.18790061279395,77.95115352157396
24.060044866005896,76.0739044705415,68.19316155473328,77.94973429851049
23.891079242333802,76.52918910229761,68.1985099408924,77.94831372808302
23.701689420849682,76.9887020587588,68.2038289334166,77.94690835482582
23.493363317411067,77.4608487253881,68.20910886613345,77.94548575768937
23.288751034431733,77.88504483170041,68.21441620887701,77.94406839476568
23.144294793945313,78.33705536938024,68.21968684486198,77.94263282584522
22.985778395575487,78.78799972943241,68.2249723886605,77.94119266645559
22.76875713165399,79.27800207518854,68.23026466974027,77.93972648812695
22.555063810338467,79.73609513399585,68.23552114488703,77.93826674704584
22.35399647424906,80.19846782744781,68.24080287674488,77.93680070517748
22.176052041051335,80.62628409587575,68.24603025675307,77.93537425352667
21.998291433925218,81.06163893060628,68.25127145434462,77.93395761814232
21.830095806556578,81.45879918272144,68.25648952754808,77.93257272372949
21.693133911579693,81.85136380824852,68.26168193203242,77.93119239740751
21.531326195828456,82.23573554357606,68.26693998529049,77.92979369956817
21.359288109237873,82.6027746493051,68.27223155320699,77.92837959638643
21.24903782803144,82.95437956662595,68.27751041256734,77.92703638848425
21.112101992758035,83.36208230430162,68.28283162754393,77.92568093192027
20.988967370430295,83.74000756203142,68.2882091473745,77.92432579876963
20.83607258170678,84.17513175521245,68.29358788788649,77.92300304345389
20.700326058343954,84.55857614753555,68.2989309965056,77.921651282352
20.567899616243572,84.9637587606656,68.30424827003056,77.92032320504437
20.427381255363272,85.37901935292732,68.30958728366127,77.91896950575806
20.328363285396662,85.78769914445613,68.3149526100672,77.91763750439218
20.169874181593613,86.19862775552879,68.32026093156108,77.91626962922791
20.002696056982934,86.6232658595751,68.32559191222775,77.91489923578295
19.850056143872074,87.05280183253603,68.33089544917716,77.913529902738
19.67151752331094,87.47828357516289,68.33622702522604,77.91215576532363
19.502726932771125,87.88964075994241,68.34151320575253,77.91077742672468
19.3633257062492,88.28132609864416,68.34679745410736,77.90940228421803
19.210725678009588,88.69950007042968,68.35207084218105,77.9080190332396
19.08829254977494,89.14604102504629,68.35738865390242,77.90662648414815
18.96009161558991,89.56247938212219,68.36269492929686,77.90523522026413
18.852339432602356,89.9545443040759,68.36796785699282,77.9038593207537
18.734524067817148,90.32040913714994,68.37326484108365,77.9024768707349
18.632049342952186,90.71149060508452,68.37861329622663,77.90108608442858
18.564444911410433,91.08880831830999,68.38391927494601,77.89968891872365
18.532515707914378,91.42097035664781,68.38916472434134,77.89826928340464
18.49294433293479,91.78995898486166,68.39439431731428,77.89685725925389
18.462743852064833,92.16480702247729,68.3996774409695,77.89542144365092
18.374519112958225,92.52186708586115,68.40491981902974,77.89402308192456
18.12664293141544,92.8541173507664,68.41001303461432,77.8926443716102
17.76268879518934,93.10392496836491,68.41500535962923,77.89133317565309
17.313423141254077,93.34074565581285,68.41981568304084,77.89004594461514
16.978593289374658,93.62678445109624,68.42457669323812,77.88885347587072
16.59180938346769,93.86792647227409,68.42927546265551,77.88770197064154
16.153657493201088,94.24343523932652,68.43400454331002,77.88636364433854
15.742271467626736,94.62406076527675,68.43853905135265,77.88501334116776
15.267895502709855,95.04163219212694,68.44300976075031,77.88370215536749
14.858689046290912,95.45322252206887,68.44751922262232,77.88239617361852
14.451463830008827,95.81215013288818,68.45218172612842,77.88105673147514
14.040922943754708,96.11565035417242,68.45684580454486,77.87975219220792
13.594194115733252,96.43811661123658,68.46159773014953,77.87843128801534
13.037605189477098,96.74432011778146,68.46627224098704,77.87719450722157
12.442025233206898,97.06608134189354,68.47091646463126,77.87601110976723
11.79800836112193,97.31022143366329,68.47553214945214,77.87489867205637
11.315200306141023,97.50532635702568,68.48029080845188,77.87383828254784
10.82155383962479,97.6879079336891,68.48504843884534,77.87279558281712
10.41834472113932,97.90191365966777,68.48980178695749,77.87170621376077
9.8855204792238,98.19904077176051,68.49458904089198,77.87059163801278
9.396252447554716,98.50407550775708,68.49929744414638,77.86940214944478
8.846730004047991,98.85605146369542,68.50409761260819,77.8681195600588
8.30099892370761,99.31403570813218,68.508957800709,77.86681873714369
7.790296877459241,99.82899197874768,68.51391506436357,77.86548376205954
7.337317646072833,100.29485858437263,68.51893757924134,77.86415414101198
6.877432951325076,100.70925215710554,68.5239776119711,77.8628091647356
6.428957527789763,101.1024264024694,68.52900699841322,77.86145783921097
5.957369359034672,101.48861080608017,68.5340387712948,77.86007856922849
5.5134285055167,101.8927787138492,68.53909772633185,77.85868742198345
5.004515864235067,102.29849743467328,68.54414973351975,77.85731501138693
4.472583269122936,102.68427761371987,68.54929063957195,77.85594548829285
3.932480704292381,103.09861867184955,68.55440166541989,77.85457637795771
3.333086361740712,103.50129039676858,68.55952484606766,77.85322120603178
2.7572246134912533,103.91824257832988,68.56462175088414,77.85189055478129
2.206935230731574,104.34154414653,68.56969313305694,77.85055346252089
1.6024678003512847,104.75945952346652,68.57476139282723,77.84922010082546
0.9805742311997321,105.22887615302672,68.57981118638851,77.84787712614795
0.3806600995376641,105.67023831488562,68.58484062254132,77.84654462572192
-0.23776033507966332,106.09217491605551,68.5898514908986,77.84521746916234
-0.8552656569365027,106.53675313260524,68.59488238111801,77.84388288922372
-1.4786406192598776,106.96864924172144,68.59992307343444,77.84250467340986
-2.094886627081557,107.34761590310195,68.60492978996739,77.84117393596452
-2.684279390503818,107.65785026195016,68.6098918409742,77.8398481082446
-3.2515825705965113,108.00570159421615,68.61485511854087,77.83852042225496
-3.8001689997126533,108.34203528412357,68.6198415258149,77.83720131619425
-4.372450423326875,108.67753019175746,68.62480814921217,77.83588971213864
-4.909768950923478,108.9728113585075,68.62976284470994,77.83461591137247
-5.455782788529163,109.28524260875145,68.63471361753179,77.83333386666457
-6.00147535021906,109.56798800990684,68.6396954902173,77.83205574421677
-6.544420771267951,109.86618830781677,68.64469865702975,77.83078684366747
-7.04192480342887,110.15586367689706,68.64968132023617,77.82953446223067
-7.554845532152797,110.4366452139906,68.65466341698914,77.82831274622839
-8.048069025470753,110.74050200163943,68.65964208373217,77.82708221317088
-8.519386749176363,111.04097729916515,68.66458614062901,77.82585883150217
-9.001353378733626,111.3615980959003,68.66955749569462,77.82465304611824
-9.475753950367348,111.68959776464587,68.67451736040906,77.82345144145718
-9.933108009057698,111.98022781195341,68.67952144822966,77.82221791382435
-10.372109775537062,112.2853338490335,68.68453413455448,77.82100139649552
-10.763427912213274,112.49718756499627,68.68952136291637,77.81979964131637
-11.159638997110036,112.7232621621882,68.69448511291009,77.81861638788477
-11.56766300867963,112.9407680535963,68.69946185938454,77.81740959392968
-11.953600710281485,113.15112494388072,68.70444381614278,77.81620853227679
-12.312784289884725,113.31652436554768,68.70940477017196,77.81502447723672
-12.69160104133082,113.49689281838795,68.71436619683887,77.81386218751153
-13.015380319426832,113.68890395794591,68.71937857612049,77.81267088583546
-13.38154324635348,113.89383216861678,68.72437338768405,77.81147618763063
-13.709710152871018,114.12305740306812,68.72936403389097,77.8103284380826
-14.03270312942604,114.33419304662277,68.73434870287855,77.80916119469543
-14.361060638792765,114.54091098297103,68.73933145566275,77.8080013217834
-14.675284960132274,114.73945709210165,68.74430108966715,77.80686454690444
-14.980618216042167,114.9430079637529,68.7492653204887,77.80573659567803
-15.280181826347238,115.13973054995377,68.75421589105154,77.80459703584037
-15.574908804869658,115.34584135775562,68.75917370761634,77.8034815000535
-15.852105098607076,115.51600854100415,68.76409646648553,77.80239403244596
-16.1221360109242,115.66514710643128,68.76902665783807,77.80131048841803
-16.404103558247918,115.82063774533304,68.77393694169449,77.80021948084766
-16.63907722598593,115.99472260887154,68.77884901744684,77.79913537870391
-16.87720997849236,116.16614480139359,68.78375091839095,77.79805463907037
-17.101463339210106,116.36181414829264,68.78863195127359,77.79698105242709
-17.32124995260991,116.5493256581272,68.79352254062012,77.79589438787195
-17.530705466170303,116.73704865845775,68.79840346286534,77.79483115131188
-17.80932151113506,116.9766087385614,68.80330929079763,77.79376307078219
-18.088789107527724,117.2040177124959,68.8082181183028,77.79269621010188
-18.35700878865579,117.4085300360019,68.81308269484956,77.79163024944165
-18.62893801428382,117.59707551732102,68.81797657653698,77.790582368087
-18.872243606739104,117.81814204007361,68.82286853580248,77.78950536549145
-19.12893119256408,118.04823868778753,68.82775791338506,77.78843767826939
-19.368962171137056,118.28854818125103,68.83264517527763,77.78737733802133
-19.626524237317724,118.51034528056267,68.8375115866917,77.78631254952185
-19.851341651709006,118.7005548248535,68.84237581110224,77.78523798389323
-20.08749542521044,118.90142257409292,68.84726859155505,77.78416344728079
-20.320165873727753,119.09723322138194,68.8521346100401,77.78307926565401
-20.56133098169645,119.2794615665825,68.85699243127267,77.78200494453276
-20.74439339729605,119.48880567469493,68.86186644469615,77.7809532122156
-20.93646844627618,119.69932471023876,68.86672953818558,77.7798830309137
-21.127879633546357,119.91931474847837,68.87159605878688,77.77881555471335
-21.345702905780612,120.12558390329036,68.8764720570575,77.77774634699519
-21.54304689560064,120.36729367419954,68.88133043087976,77.77669572144994
-21.813163748850634,120.63467416932858,68.8862253183528,77.77558626193452
-22.084635121716822,120.91539680838386,68.89116289087885,77.77449056744973
-22.3685042794186,121.19938469260788,68.89607355955008,77.77339711129952
-22.61725534342451,121.46281961020328,68.90097915068712,77.77229639060303
-22.8973417059902,121.76999825662541,68.90586421665026,77.771225175735
-23.16937591854368,122.06730840138763,68.91075123049089,77.7701615287429
-23.451898178929078,122.36598252584047,68.91563934628961,77.76911000749456
-23.713014138266615,122.64311752290698,68.92052094891702,77.76805855689105
-23.99630828513923,122.91610831245536,68.92537903664952,77.76703002602349
-24.27339544986053,123.17294648346711,68.93020590582219,77.76598372941396
-24.557978720110754,123.41369730288304,68.93505128600617,77.7649331082003
-24.809320047089052,123.63302163330131,68.93986665375748,77.76391867702378
-25.06644708159987,123.83921258456903,68.94467785693057,77.76289036259261
-25.330047242536573,124.0637935088698,68.94949389287716,77.76186052230521
-25.58596146877808,124.27407338677057,68.95430067978705,77.76083491328939
-25.879876250765903,124.5233886768595,68.95908660887119,77.75982911781954
-26.189988098658638,124.78533220550436,68.96387881709639,77.75883244949543
-26.490885298612582,125.04358286954283,68.96869091672275,77.75783613726854
-26.8443911955166,125.30907535991184,68.97348417796853,77.75686382370965
-27.21220093142498,125.56004872838966,68.97825861566282,77.75588196674363
-27.571455396683632,125.82280367888521,68.98304877424562,77.75489794656612
-27.911946087312558,126.07299317600038,68.98781575854989,77.753926601376
-28.224022854004055,126.35617738108688,68.99256557203084,77.75296326198472
-28.538842812982338,126.60751110308402,68.99732809674171,77.75198376192583
-28.862805134334025,126.85845466449659,69.00209579373967,77.75099976867833
-29.188934813956877,127.11710103679604,69.00683902158431,77.75002379558669
-29.47821104525866,127.35942674257457,69.01154877989177,77.74908008022905
-29.768895852910966,127.60492221731542,69.01627641836303,77.74813485704662
-30.02848607704972,127.84632718407096,69.02099165381858,77.74719453169939
-30.315905168753375,128.10536589748807,69.0256889389982,77.74623925433264
-30.60921345642069,128.3579269446809,69.03038226794916,77.74528668366295
-30.889674729308652,128.60103851037732,69.03506514917049,77.74433587039488
-31.17661715439143,128.8621643511772,69.03975902033214,77.74338313374521
-31.475320712159444,129.17864649423194,69.04453604753886,77.74239396198128
-31.790349430841324,129.49026567891465,69.04929909756207,77.7414245673969
-32.08329627697097,129.81746391483327,69.05407527902577,77.74045355065307
-32.362861799116814,130.14351036135776,69.05882727735417,77.73951332798754
-32.62325872593166,130.46790842781195,69.06357347444776,77.73857790093166
-32.89448606996496,130.7955385666462,69.06834688094774,77.73763750565601
-33.15289529574473,131.09543852997598,69.07310075635829,77.73672251914391
-33.444566545778414,131.3683786841094,69.07788504986743,77.73581731282484
-33.74969918509617,131.64645605944105,69.08266012083082,77.73490170314892
-34.019177080751355,131.9088303229035,69.08740928334176,77.73399020615798
-34.299845572632165,132.1586414240168,69.09215725972575,77.7330705300239
-34.54845737493424,132.36558645821498,69.09691474986847,77.7321797041717
-34.55083178863268,132.57996962565366,69.10166357726536,77.7312826594078
-34.55320604910457,132.79233009069887,69.10641209820913,77.73039721549098
-34.55558158529845,132.982560203663,69.1111631705969,77.72951420904896
-34.557957490360934,133.1834092377898,69.11591498072187,77.72863478674954
-34.56033806084732,133.380263053475,69.12067612169464,77.72775320589902
-34.5627126327948,133.56736755256458,69.1254252655896,77.72687059870155
-34.56508199661322,133.7733237716594,69.13016399322645,77.72598979412741
-34.56744824853142,133.95731326773227,69.13489649706284,77.72511840195534
-34.56982249174203,134.14612996773948,69.13964498348406,77.72425329293746
-34.572200607071395,134.33856171786,69.14440121414279,77.72338264347697
-34.574572516083414,134.53081955862547,69.14914503216683,77.72250984405468
-34.576940328924984,134.7136951309735,69.15388065784997,77.72164447659367
-34.57931780457346,134.90757618066152,69.15863560914693,77.72079183227859
-34.58168867457997,135.10858687165268,69.16337734915994,77.71994967454893
-34.584060658794385,135.30008834479352,69.16812131758877,77.71911224965054
-34.58642951545374,135.49912869967062,69.17285903090747,77.71826210544432
-34.588790690347274,135.69747767909402,69.17758138069455,77.7174143579794
-34.59115178937956,135.89759068075824,69.18230357875912,77.71656343571325
-34.59353256732522,136.0819115105713,69.18706513465044,77.71571751168479
-34.59590440355023,136.26190094329021,69.19180880710046,77.71488062188821
-34.59826890862982,136.44987394929478,69.19653781725964,77.71403373240331
-34.60064078383946,136.6425114049683,69.20128156767892,77.71318973617353
-34.60301489184724,136.82476706517681,69.20602978369448,77.7123505828193
-34.60537806632988,136.99892604562663,69.21075613265975,77.71152090603067
-34.607743231425935,137.16830798520206,69.21548646285187,77.71069533559563
-34.61010642235543,137.35799743461217,69.22021284471086,77.70987912560292
-34.61246806660318,137.5390587350816,69.22493613320636,77.70905657587637
-34.61483579346245,137.7171639693872,69.2296715869249,77.70822896697204
-34.61721160793769,137.89565712020263,69.23442321587538,77.70740926652222
-34.619577377418175,138.07929576062142,69.23915475483635,77.70658596112374
-34.62195775421651,138.26316302980695,69.24391550843302,77.70576486059598
-34.6243180974806,138.45657881923137,69.2486361949612,77.70495555147292
-34.62669019366679,138.65151102166232,69.25338038733358,77.70414222636111
-34.62906265832268,138.82811749237803,69.25812531664536,77.7033244618172
-34.631432752139204,139.0043446960656,69.26286550427841,77.70250816293395
-34.633805883617946,139.17337363046255,69.26761176723589,77.70169790423219
-34.63617127749116,139.3418633519856,69.27234255498232,77.70088201180143
-34.638530204600606,139.5229148641517,69.27706040920121,77.70008061820467
-34.640898013120584,139.68450603952692,69.28179602624117,77.69926888603598
-34.643268723427965,139.84764793235377,69.28653744685593,77.69843829237786
-34.64562871302148,140.00117010370747,69.29125742604296,77.69762699810951
-34.64799350166316,140.14841819414158,69.29598700332632,77.69681848866425
-34.65036567344966,140.29884043387838,69.30073134689933,77.6959970881091
-34.65274481034819,140.44612049065648,69.30548962069638,77.69517075016861
-34.65512886229196,140.57843647318197,69.31025772458392,77.69431970681526
-34.657509711360184,140.72785299747773,69.31501942272037,77.69352257789
-34.659881463578614,140.91654397642782,69.31976292715723,77.6927179079022
-34.66221502382839,141.09759360909024,69.32443004765678,77.69191559434812
-34.66459040942617,141.27494169733598,69.32918081885234,77.69103956298683
-34.66693448419717,141.36434495867695,69.33386896839434,77.69017351326534
-34.669237322720704,141.47690711219306,69.33847464544141,77.68932713470467
-34.67157937777698,141.63005170584546,69.34315875555396,77.68850480793265
-34.67395194934443,141.75912106607942,69.34790389868886,77.68765022209112
-34.67630663641956,141.9169920022859,69.35261327283912,77.68682704655848
-34.678649788603444,142.12606898943253,69.35729957720689,77.68603310983046
-34.68098082220109,142.32784435725281,69.36196164440219,77.68528347062927
-34.683314274932016,142.47010216540605,69.36662854986403,77.68448170172158
-34.685616603243616,142.52767225300929,69.37123320648723,77.68368440229375
-34.68792459702793,142.54540127699678,69.37584919405586,77.68287228425133
-34.690263060467224,142.62119887281972,69.38052612093445,77.68208715549079
-34.69261048451193,142.7583194405697,69.38522096902386,77.6813141269759
-34.694955613033166,142.9471977830636,69.38991122606633,77.68051631883633
-34.69727982067657,143.1300055359834,69.39455964135314,77.67972782005197
-34.699629019505544,143.31407156521908,69.39925803901109,77.67893459777369
-34.70196719232478,143.4034041888985,69.40393438464956,77.67816307843268
-34.70428572075871,143.4525706300211,69.40857144151742,77.6773731899118
-34.70661734732401,143.51040113288624,69.41323469464803,77.67660937570605
-34.70894085667908,143.64992153962206,69.41788171335816,77.67582962771752
-34.711258629084746,143.78993117630318,69.42251725816949,77.67504956186144
-34.71357990726634,143.95003770422358,69.42715981453269,77.67427997029985
-34.715916154773204,144.11489961147333,69.43183230954641,77.6735178858037
-34.71826511893414,144.26638768786842,69.43653023786828,77.67276911090507
-34.72060331035429,144.3499335255464,69.44120662070858,77.67199421301683
-34.72292099458568,144.4725473994591,69.44584198917136,77.67122908938364
-34.72523827844664,144.60898557558173,69.45047655689328,77.67045795411839
-34.727549375797366,144.74698304634526,69.45509875159473,77.66970352329345
-34.72986409516139,144.8987478099515,69.45972819032278,77.66894562398397
-34.732188696768006,145.03261077920595,69.46437739353601,77.66817878643673
-34.73450945991677,145.17533129516553,69.46901891983354,77.667411773139
-34.73683226794098,145.3137653383955,69.47366453588197,77.66664304070773
-34.7391606114872,145.44032939643205,69.4783212229744,77.66589532553073
-34.7414719726387,145.58028254839886,69.4829439452774,77.66515193515801
-34.743796034069675,145.72965527407936,69.48759206813935,77.66439641847984
-34.746112173367884,145.88737055319575,69.49222434673577,77.66364497625771
-34.748434120880894,146.0396078182323,69.49686824176179,77.66290027835706
-34.75075019529693,146.17264801129807,69.50150039059386,77.66215107112906
-34.75306375814273,146.31001485475247,69.50612751628546,77.66140926702134
-34.75537901721416,146.45183308483098,69.51075803442832,77.66066676257185
-34.757696982748755,146.59366990524256,69.51539396549751,77.6599255224521
-34.76000484333408,146.7489321666656,69.52000968666816,77.65918186551366
-34.76229530792797,146.8987306660062,69.52459061585594,77.65842226035474
-34.76458137636954,147.05631324131014,69.52916275273908,77.6576714619255
-34.76688351593862,147.20260153200744,69.53376703187725,77.65690867132905
-34.769185980540314,147.33452348328538,69.53837196108063,77.65614503787147
-34.77148871632413,147.4837069414721,69.54297743264826,77.6553989544181
-34.773780429687754,147.62531433357293,69.54756085937551,77.65466208550342
-34.77606581058403,147.7740818186972,69.55213162116806,77.6539251656585
-34.7783632960193,147.9295241059245,69.5567265920386,77.65316933962082
-34.78065352420954,148.07134493504577,69.56130704841908,77.65242461731803
-34.78293858496883,148.21217024623428,69.56587716993766,77.6516730129903
-34.78522479033278,148.34362790775774,69.57044958066555,77.65092120980266
-34.78752147608307,148.48131182149586,69.57504295216614,77.65016959397917
-34.789829390529526,148.6129097359585,69.57965878105905,77.6494110192443
-34.792131006639686,148.77876214714183,69.58426201327937,77.6486649208996
-34.79442758901113,148.93937178883232,69.58885517802226,77.64791614943194
-34.7967217842275,149.09915609068742,69.593443568455,77.6471696315791
-34.79900914062763,149.25450738918198,69.59801828125526,77.64643696643087
-34.801292370445395,149.40074780796232,69.60258474089079,77.6456812577593
-34.803576423807726,149.54655682635013,69.60715284761545,77.64493370867368
-34.80587260373826,149.7164473044046,69.61174520747652,77.64419982688267
-34.80815473368564,149.891384987933,69.61630946737128,77.6434683225501
-34.8104586072441,150.0499458729731,69.6209172144882,77.64273802051804
-34.812743681604886,150.20235041907253,69.62548736320977,77.64200518268699
-34.81503171399393,150.35655513638258,69.63006342798786,77.64126288425922
-34.817336937680345,150.49756351381274,69.63467387536069,77.64053227961595
-34.81964836036359,150.6324194911045,69.63929672072717,77.63980467261426
-34.82194850048528,150.78236631096618,69.64389700097055,77.63908516285387
-34.82424405909151,150.93360725306073,69.64848811818302,77.63836860135002
-34.826542146489025,151.09410371336315,69.65308429297805,77.63764377528481
-34.82883441493447,151.24699937223448,69.65766882986894,77.63692083122224
-34.83112212965859,151.40776883753,69.66224425931718,77.6361925464499
-34.83340612261403,151.56781249947983,69.66681224522806,77.63546699866382
-34.83569814313773,151.71855531751817,69.67139628627547,77.63474410534492
-34.83798828129164,151.85639287580506,69.67597656258329,77.63402545353856
-34.840268748921105,151.99348241302636,69.68053749784221,77.63329910808275
-34.842554954446854,152.1556237706567,69.68510990889371,77.63258542239166
-34.844840866663624,152.31842626472266,69.68968173332725,77.63185808380541
-34.847123562535586,152.45782924140167,69.69424712507117,77.63114022325136
-34.84940285970179,152.61001499952678,69.69880571940358,77.63041813250771
-34.85168375005488,152.76331565750812,69.70336750010976,77.6297032639747
-34.85395023422595,152.91939639304024,69.7079004684519,77.62899111203464
-34.85623451288361,153.06209850212423,69.71246902576722,77.62827617127721
-34.85851692826547,153.2033180830545,69.71703385653095,77.62754581616983
-34.86078826040484,153.36195641856045,69.72157652080968,77.62683427133855
-34.86306438433567,153.52586750578723,69.72612876867134,77.62612393713312
-34.86533412518789,153.69504279502013,69.73066825037579,77.62540032252114
-34.86761719727781,153.84472006324393,69.73523439455562,77.6246737586764
-34.869893087692674,154.01029724668382,69.73978617538535,77.623949571631
-34.872170570195784,154.1651090129039,69.74434114039157,77.62323670708709
-34.8744442426756,154.30170658011497,69.7488884853512,77.62253031573178
-34.876708803021565,154.4392552303633,69.75341760604313,77.62181971920313
-34.878980489237506,154.5818441657891,69.75796097847501,77.62110710170462
-34.881261768689015,154.7109929544677,69.76252353737803,77.62040393095216
-34.883542019597414,154.85074231863166,69.76708403919483,77.61970846175859
-34.88580681088261,154.96640672070305,69.77161362176523,77.61899777685562
