1
528.7643,56.0725,18.8012,20.0999
527.6749,64.3553,17.9798,20.9559
526.6551,80.3819,18.0043,20.6088
525.5477,88.5871,17.8097,20.7412
523.0421,102.4089,15.8290,22.7067
522.2612,113.0765,16.1309,21.8103
519.1757,126.2877,16.2195,21.8471
512.7961,139.4658,17.7004,20.1057
511.1597,148.3938,18.1316,20.6058
519.6674,163.1646,18.0353,20.5735
528.0825,169.8648,18.5442,19.6773
536.7820,175.8797,19.5492,18.5907
535.5023,178.3972,20.3455,18.2540
2
0
0
0
0
1
605.8325,254.5002,12.7915,13.6859
611.1516,264.1040,12.4476,13.3825
611.5227,267.9991,12.6776,12.9817
616.8301,266.4732,12.5088,12.6302
619.8801,266.9056,12.3616,12.8671
624.7003,267.9976,12.0338,12.7389
628.1439,267.6342,12.0712,12.3848
629.7813,268.6068,12.0754,12.1897
634.6079,271.0231,11.6495,12.5132
636.9556,274.4021,11.4571,12.4640
640.1453,272.8972,11.2535,12.8004
642.7249,270.1841,11.1097,12.2330
642.8853,269.1987,11.2674,11.9989
644.0544,269.1531,11.2094,12.2301
645.3042,269.5371,10.8735,11.8438
646.1948,272.5064,10.9767,11.4874
647.1117,275.8239,10.6658,11.3375
647.4615,279.3569,10.7523,11.2026
651.3666,277.9274,10.0738,11.6696
652.0837,279.1391,10.6115,11.2083
653.0477,277.3994,10.5244,10.9692
