1
483.8049,499.5968,37.0218,119.6856
482.6266,485.1549,37.7024,122.4653
487.0235,471.9797,38.4949,126.3347
489.1720,457.0657,38.8500,128.7005
489.1490,440.7709,39.2256,130.3352
489.7190,425.6898,39.4794,131.9423
491.3954,411.1412,39.7393,134.1676
491.1781,398.5777,39.9815,134.4034
490.5360,385.7180,40.5853,133.1720
492.6075,372.8669,40.4238,133.7450
493.9084,361.4592,40.2712,133.1504
494.9764,352.0692,40.0519,131.6344
496.5336,342.4568,39.6448,129.1954
496.5173,329.5438,39.3798,127.2358
492.2515,318.3566,39.1888,124.3768
488.0595,310.3545,38.2090,122.0032
486.0157,299.4841,37.9555,122.0952
493.3459,293.1616,37.5873,123.1289
507.7039,293.3045,37.3011,123.3088
513.5601,294.0231,39.3429,122.6003
520.3836,293.1242,39.5818,124.4036
524.6756,290.0747,39.5757,125.0836
512.9661,284.9559,39.4342,125.2662
488.4593,277.8953,39.6571,124.3243
474.1089,270.7616,39.8664,124.7509
470.3563,265.8185,39.4072,123.8142
476.4039,268.3164,39.2576,123.2836
483.7444,270.5297,39.1363,122.2568
499.2479,274.3530,38.1575,122.2595
514.4340,284.6274,37.6767,123.2337
530.0378,296.8986,37.5656,123.3999
545.8477,307.0501,36.9210,123.5032
551.6691,315.3462,36.6882,124.6295
546.9760,317.5390,36.6048,124.3361
543.9785,310.2182,36.4366,124.5773
541.6973,304.3457,36.7135,125.5114
542.4285,300.4460,37.3395,126.5853
545.5660,296.3479,37.7201,126.9894
548.3785,291.6258,38.4039,128.3820
549.7489,283.2973,38.8941,130.4810
551.0168,273.9822,39.4498,131.1572
551.8364,266.2234,39.4658,132.5275
550.4891,258.0207,38.6392,131.9799
549.3059,250.9416,38.1618,130.6445
548.4510,245.3133,37.7823,130.7101
547.4863,243.3783,37.9802,133.5884
545.8326,239.6987,38.8057,136.6371
542.3107,236.9797,39.5500,137.3680
538.1550,235.0782,40.6053,138.8146
534.5447,233.9390,42.0209,141.5958
530.7285,232.1382,43.1665,145.0107
526.5777,232.4594,44.3234,147.0426
522.4840,233.6102,44.7572,147.9749
518.0627,238.7165,45.0101,148.6052
512.8296,249.4853,45.2977,148.2231
507.7209,259.3739,45.2440,149.1474
502.5547,266.8353,45.1580,151.4060
497.4501,270.7802,45.7291,154.2806
493.4143,273.3271,46.6374,158.9626
489.4505,269.0284,47.0774,161.6386
488.8113,267.6465,47.6018,165.2167
490.6721,268.9232,48.2678,169.1391
489.2017,269.4770,49.2464,171.5423
487.2846,266.9624,50.8621,175.6682
487.3562,265.1350,51.8177,180.3316
488.5417,264.9235,53.2307,184.8866
489.3086,263.3593,54.4791,187.9742
490.1167,260.0429,55.9576,192.1603
492.5758,256.4987,56.9112,194.3219
494.0996,250.3100,57.7323,196.8594
492.9920,243.7985,57.8549,198.1198
491.5794,239.5911,57.8732,199.7904
489.1609,232.4656,57.3605,198.8366
488.4796,228.1818,57.2356,199.7180
487.2906,225.3351,57.4050,200.4869
487.4641,225.9561,57.9131,203.7425
484.7927,225.8291,58.8366,205.6675
481.5094,227.1093,60.0409,207.7997
475.1006,224.8712,62.0890,210.6198
470.3025,225.3455,64.0911,214.0448
466.2876,225.9542,65.8279,217.6735
464.3102,224.6697,67.5557,219.7663
464.9795,225.4069,68.7173,223.4164
464.4283,225.4502,70.2451,227.9982
465.0957,224.3376,71.3369,230.8210
466.2274,219.5590,72.0205,238.8705
466.9610,219.1657,76.8380,244.8323
467.8549,217.3237,78.5247,250.4438
469.1321,212.7545,81.2402,255.6525
471.5451,212.9975,82.2343,261.5326
475.0475,212.2945,81.9271,267.8930
473.6097,215.2136,87.3581,267.5847
472.1554,214.3852,89.8832,269.3056
472.7026,212.7139,92.3192,273.3438
472.9870,210.4527,95.2217,278.9547
472.6871,207.0483,95.9792,285.0542
469.6521,205.8524,97.0438,293.1884
467.1079,205.1320,98.7970,297.8720
463.6258,202.9726,99.4717,300.7323
460.9695,197.3510,101.5268,301.8455
459.7956,196.6135,102.7437,307.5289
458.8891,189.1853,103.9414,307.7966
457.0452,186.5098,107.4579,308.1179
458.6796,183.0820,106.1793,311.2744
456.3627,188.2705,107.9445,312.8095
454.7371,188.5106,110.0409,314.7849
457.0158,191.6479,109.4473,320.3335
458.7697,190.8917,108.8561,326.6499
462.1212,194.1771,108.3911,332.9805
467.2632,199.3571,107.0310,336.8433
469.1209,201.8871,107.6180,340.1397
471.3218,205.4362,108.5413,346.3770
474.4699,201.0724,107.9475,346.3892
479.8282,206.7297,106.6156,345.0822
484.8130,202.5747,105.6116,345.1842
487.7623,201.0515,103.6378,345.7216
490.2144,199.3133,103.2318,346.8850
491.7626,196.0515,103.9431,351.7207
493.5741,197.9897,105.2565,354.5879
494.9943,193.6560,106.0950,359.1931
496.1227,194.3623,106.8911,360.4816
493.4860,190.9797,108.9283,365.5783
491.4826,181.1117,97.7514,390.8418
483.0768,180.0013,92.7171,406.9883
452.8101,181.1735,90.0517,415.1880
416.2757,178.7473,88.3508,418.4755
347.5275,159.4256,87.3503,418.3024
279.5500,162.6487,86.7216,415.1707
211.7015,218.2798,87.2155,409.9492
146.0791,291.7786,90.2369,391.2251
