1
145.0233,134.0454,79.9725,189.2277
142.7493,131.7261,79.2798,190.0675
140.0626,128.9679,78.1164,187.4195
137.4781,128.4544,78.0450,184.8896
134.6025,129.9323,77.3609,184.9410
134.5318,130.5005,76.9249,185.5262
132.7132,130.0972,76.4126,188.1496
128.2149,132.5024,75.7909,189.1361
124.6403,135.3794,73.5130,189.4292
122.2235,135.2182,72.9989,188.8653
119.3094,133.0005,72.0579,190.8046
116.0468,131.4539,72.5345,189.2901
113.9828,134.2057,72.2018,189.9916
111.2660,134.4785,72.0412,192.6510
107.7451,133.4405,72.9008,193.6344
103.7690,134.9651,73.1689,192.9627
103.0088,136.0228,74.2385,191.8102
101.6910,139.3331,74.0152,190.5528
101.9285,139.3485,74.0023,192.1549
100.7325,139.9012,73.7203,193.7139
100.6229,140.9152,73.5952,194.7860
101.2814,141.5757,73.1925,195.1694
100.5842,149.0146,71.8309,190.6949
101.0345,148.8574,72.8548,189.0767
99.5767,150.7228,72.9026,190.1529
98.4421,146.3716,73.6750,188.4550
98.7339,150.2844,73.4323,187.7865
99.2982,148.4127,72.7864,187.0754
99.1394,151.8537,72.2443,187.6526
100.2684,151.0482,72.0438,188.5049
100.2764,153.1109,71.1178,189.3125
99.6744,155.4767,71.4918,187.8932
103.1922,157.2738,70.2426,187.6467
102.1618,159.0758,69.8358,183.3278
104.6953,162.3836,68.7082,179.8138
104.3605,164.1814,68.3982,178.9895
106.1883,166.3014,68.1852,177.2957
105.6942,167.5609,68.3714,176.5492
107.0093,167.6612,68.1248,176.5315
105.1784,168.2872,68.2648,176.0376
106.8675,167.8170,67.6444,176.5675
107.2424,169.2061,67.6927,177.0493
105.8876,169.1631,68.3269,178.0715
105.1373,169.9368,68.5531,180.5628
107.5151,169.2258,69.8443,180.5001
106.0123,167.2400,71.0496,180.9704
108.3262,159.7826,70.9832,181.5811
106.4811,150.8099,73.3465,178.0447
107.9509,148.4815,76.8098,176.6267
111.4931,147.9993,81.3647,178.5690
116.7162,147.3059,85.9972,180.9801
118.5847,151.7295,99.3341,177.4636
115.8512,155.9201,109.4635,172.2613
113.0886,162.5418,115.9473,169.9305
103.4001,172.8775,133.2860,154.1643
102.8906,176.0378,142.4272,146.5551
98.7410,178.7983,145.9557,141.4880
101.1705,177.7796,147.5535,140.0742
100.2963,174.3381,147.2258,140.5739
102.0293,173.1759,144.4429,139.8587
101.3987,169.8204,144.1614,136.4203
100.4916,168.7157,143.7830,132.7490
101.1766,168.9282,137.6521,132.5717
103.3970,166.6679,135.3499,135.9884
104.3285,166.6398,128.3404,141.0574
105.8105,167.5910,124.1456,143.1194
105.0186,166.3456,121.3762,144.9719
105.1260,163.3759,120.7175,147.1976
105.2382,161.5499,120.4502,148.5184
105.2985,161.4467,121.3401,151.3144
104.3514,165.4924,122.1688,148.4948
103.8339,165.7534,122.7770,147.5446
102.6452,167.7598,122.5791,146.5343
100.4537,167.5322,123.6673,145.9770
98.2962,169.0083,124.7339,146.0088
93.1404,169.8198,127.3297,145.6660
95.4351,168.5385,129.6848,147.6566
93.3251,168.6064,129.8964,149.0372
91.3853,166.6790,131.0013,150.5722
92.3736,169.8526,130.0702,149.9722
89.6997,170.4011,129.8449,150.1417
90.3753,171.2783,130.5197,150.5794
89.6322,175.4454,129.9928,147.9285
90.5094,174.6212,130.5696,148.0159
89.2789,173.9825,129.7247,149.4608
90.3563,174.9477,129.8803,150.1295
90.4896,176.2066,129.8508,149.8217
90.1273,177.9384,131.0019,149.3487
90.1125,178.7352,132.4316,148.1784
89.6472,179.8261,133.0915,148.0113
88.0617,180.6486,132.3975,148.4772
88.8628,184.0198,132.9927,146.8718
87.1849,185.4426,133.9921,145.4910
87.8939,184.4025,134.9255,145.8724
89.0762,186.9236,135.1156,145.1300
90.9795,187.3209,134.4239,145.8730
94.0171,187.3962,133.2512,146.1492
93.5199,185.1120,133.5911,148.2833
98.8992,186.8470,130.6377,148.5736
103.3839,184.4193,125.6256,150.8524
109.3001,183.8996,122.0209,153.2269
111.8372,185.3470,117.6005,153.3868
112.7034,187.0892,115.3662,151.6379
116.7377,187.2658,113.3610,151.1060
118.0889,185.9147,112.6464,150.7979
119.5960,185.8348,110.7295,150.8855
118.9667,191.4811,112.2871,145.7460
118.0194,190.9615,114.0659,144.2715
117.4510,190.7918,114.5944,142.8019
120.1567,189.9863,114.2949,144.0689
119.0292,190.6371,114.7667,143.3544
120.5751,190.5686,113.7132,144.2310
120.8922,190.2893,112.7848,144.9582
121.0055,190.0654,111.4753,145.4831
122.5052,190.9174,110.0951,144.8334
123.0279,190.2559,109.6761,145.2012
124.1221,189.0577,108.8963,145.3517
125.5506,188.6872,107.4099,146.2966
123.2602,192.8289,109.3385,142.6637
123.2059,193.1018,109.3850,141.1866
124.3956,192.7175,109.0309,140.9568
124.7170,192.8891,108.4950,140.2747
125.1731,191.5386,108.3615,140.9174
127.4785,191.9345,106.6950,140.7632
127.3227,190.4998,106.2255,141.8470
127.8678,190.3154,105.1407,143.7393
128.3900,188.9034,104.0462,143.7863
128.6989,187.5591,103.0142,144.5629
129.9559,185.9600,102.0676,145.2994
130.7435,184.3555,101.2302,146.1629
128.9527,188.3083,102.2124,143.3242
127.0935,188.3302,103.2814,140.6230
123.6812,188.3036,105.3253,139.6819
123.4865,185.6523,106.6138,139.7757
121.9351,182.2261,106.8863,141.1376
121.4081,175.9290,106.9994,141.5629
123.1192,173.8285,106.5588,143.1840
123.3974,171.0490,105.3891,144.9273
123.2995,167.5188,104.2933,146.4829
124.3171,164.7526,103.8779,147.5743
124.5859,162.1299,104.4189,145.2144
119.8660,163.7113,104.3447,143.9460
115.7575,168.1048,108.9655,140.1601
112.0102,169.1708,111.2056,137.5464
110.0345,170.4788,113.4025,137.0431
107.8710,170.8580,114.0228,136.9330
109.5513,171.5249,112.5326,139.1432
110.1534,170.4702,112.3010,141.5141
106.7602,170.6343,112.5403,142.4666
103.7928,169.7755,111.8878,144.5264
102.8551,170.4612,110.2695,143.4603
101.7482,169.5958,110.7796,143.1756
100.6758,169.4341,110.5413,143.8292
100.9215,167.3392,109.2681,144.4678
100.4047,167.7752,108.0605,144.5117
98.3713,166.8517,108.2165,144.8603
100.8680,164.2113,105.6979,147.1495
100.7701,163.6909,104.3931,146.6316
100.5957,161.9198,103.1629,146.3552
100.4680,162.2731,102.0045,145.0457
102.3449,162.2488,99.0119,144.9688
102.6455,162.2021,96.3747,144.2978
104.4449,161.6990,93.4027,143.5356
106.7860,161.2817,91.9026,143.8171
108.5750,159.7753,91.0982,145.0762
108.2516,161.6262,89.8668,145.3035
106.6388,164.8214,90.0662,141.2788
111.8942,159.0497,88.4610,143.1024
108.8929,150.6513,87.3622,150.6821
107.1704,141.6998,88.3224,155.6840
103.3549,138.6282,87.3160,157.4757
96.4076,141.6220,85.0231,155.9900
93.2365,144.5084,85.5184,156.0672
90.3955,147.2241,86.1893,154.2097
87.3621,151.0581,87.5863,153.7269
82.4737,153.3526,89.2406,154.8485
77.7272,155.2502,89.7900,155.0156
72.3377,157.7710,91.6495,154.0097
61.9165,154.6467,92.6120,152.3689
49.6050,148.0193,97.3435,154.1480
43.2483,144.6988,94.5091,155.5006
43.4445,143.8203,92.4088,153.7191
39.4901,141.7096,89.1425,149.5200
34.4310,144.3242,91.1861,143.3737
32.0839,142.9609,93.4860,139.4243
25.4705,146.0137,101.0237,126.9651
22.6526,132.5402,105.5447,117.2693
21.7921,132.1891,104.7426,112.1906
17.3677,133.2217,100.9143,113.6688
13.5354,139.8723,93.3002,117.9384
15.2788,144.2189,85.3538,120.5269
17.9759,146.8971,79.2284,119.3612
30.3592,145.7731,76.1644,119.1703
40.7330,142.3660,75.7818,120.6185
42.3028,138.7050,71.8612,127.0971
47.4053,134.5601,68.9357,131.2286
57.3863,133.9725,69.0645,131.9835
63.7918,140.1904,71.9251,132.3677
66.5188,145.6300,73.6993,130.7597
69.5672,146.2072,73.5229,128.7917
70.9774,145.4035,73.5737,129.1950
70.3233,146.8654,73.2361,129.5611
71.4612,146.4793,75.9829,128.1097
68.7110,143.5941,73.2271,130.6523
67.1933,141.2883,71.4170,129.7460
66.9657,139.2655,70.1979,129.6708
64.9825,140.3257,69.7493,129.5324
59.8259,140.3467,69.5401,127.9430
58.9609,146.0077,73.9154,121.3157
59.1351,158.2342,83.8705,108.1218
58.6983,166.1908,93.9947,99.3194
59.4553,166.9447,95.9182,95.1264
54.4230,161.8620,92.9039,96.8954
59.2805,161.6341,92.1673,96.3527
58.9844,168.6085,90.3515,92.4195
60.7951,169.6516,88.0596,90.0656
60.6669,170.1023,87.0009,88.9621
59.8918,168.9352,84.7444,88.9119
60.8181,169.9810,82.8346,88.7603
58.4663,171.1846,80.0892,88.6425
2
0
0
0
0
1
151.1837,173.3070,67.9565,82.8514
153.9874,171.1405,64.9403,87.5362
157.3067,168.2014,65.1378,89.2193
157.7320,165.0341,66.7100,92.2585
160.6990,162.4595,67.4504,93.9040
168.8244,161.6752,65.9359,96.0997
170.6765,157.7356,66.0711,98.4910
175.2677,153.0761,64.5009,102.6054
179.5260,150.3395,63.1901,106.9669
183.5009,148.2678,62.4818,110.3461
183.9442,147.9069,62.3204,111.4343
184.7703,149.4484,62.3470,111.6327
192.2059,148.2457,52.4761,120.9909
198.5154,149.7272,47.2509,127.9131
203.1602,153.8387,45.1928,134.2731
209.6743,164.6617,46.2195,136.5003
218.2598,170.8366,45.8524,138.2817
222.6591,175.1381,48.2393,138.1110
221.8479,178.2787,49.0211,137.2400
223.6883,186.3965,49.1997,134.5537
225.8812,198.2721,48.7695,132.7572
226.8713,204.2060,48.0129,134.5266
228.2198,206.9389,47.8499,134.8503
220.9090,199.7350,50.3439,136.2782
221.5543,194.4868,50.5844,139.6676
218.5746,201.4663,53.2028,133.4357
220.0815,199.3279,53.1071,129.3100
223.2915,203.2763,53.2914,121.8084
226.8593,201.8685,51.3306,116.2881
230.6302,204.6447,49.6590,113.0963
223.8388,204.5002,48.7643,108.1036
219.9652,200.9692,48.6548,106.6114
216.0987,194.0015,48.4514,105.4669
214.1588,188.1086,49.3475,105.7876
213.2668,183.5888,50.1934,107.3208
213.6108,179.3864,51.8126,109.8127
212.0543,172.8625,52.5882,110.8867
211.2150,165.4442,52.9830,113.9832
206.3337,161.9852,60.4681,112.0249
202.9728,158.7810,66.2485,113.0206
200.2715,156.4718,70.9105,113.2456
197.1091,156.9469,73.6109,112.2854
191.1970,157.3385,75.9404,112.0070
189.4064,152.5701,75.3700,113.8732
186.4247,157.1827,77.2988,112.5973
186.5583,161.9390,78.3502,112.5239
192.8213,167.1254,77.4450,113.3090
197.8217,175.6914,74.8805,112.6142
205.8692,183.5367,71.6361,109.9794
210.0225,191.1021,69.3834,108.1411
219.0519,197.3409,66.5860,106.7425
233.1001,205.6330,65.4845,106.1621
246.0149,213.3057,65.9616,105.5746
260.1119,219.8883,66.2664,104.5354
268.9546,227.7921,70.1054,100.9222
283.6064,231.2282,77.1603,98.3815
285.7594,241.6661,77.7469,99.1939
307.2542,283.3476,84.0250,93.4531
364.6864,293.7133,85.3592,92.6293
386.7143,311.0034,87.6721,90.5375
395.6672,310.3783,83.7431,92.3293
438.7833,326.2345,77.6234,95.8228
513.3135,294.1888,76.4677,95.5634
544.5312,301.1504,72.7410,96.4095
570.5511,300.9062,66.8956,99.4533
