1
39.5831,602.3420,81.2508,54.2204
53.4354,600.8233,70.1744,64.3984
70.1833,605.6414,67.9364,66.0887
96.2560,605.6921,64.7395,65.7041
114.1323,604.3682,62.6984,63.7042
139.3103,600.5001,59.5138,63.5521
151.0425,599.0214,60.0098,61.5929
173.3631,593.9438,56.2908,64.0306
199.5029,593.4608,56.4924,61.9425
2
0
0
0
0
1
460.7201,590.9814,123.9132,55.6632
478.0025,592.2936,122.7836,56.9239
488.6582,593.3145,122.8269,54.9362
512.3013,593.3440,117.7970,55.7907
553.3002,592.6074,112.7462,56.0352
572.5915,592.8083,106.9447,56.1003
583.8090,592.6342,102.8525,57.0278
609.0260,592.0639,102.8109,58.1339
616.0519,586.0786,102.4380,58.4944
621.5700,581.8101,98.5664,59.4692
651.3027,573.1970,86.7778,67.8544
675.0670,553.2350,82.8232,73.9425
686.8250,537.4909,80.3799,78.4787
704.6275,525.9981,70.4456,91.2195
729.1707,498.0336,72.6494,95.5850
734.2660,455.1324,65.5926,110.7481
725.9597,426.0580,62.4528,118.7383
727.1475,401.3983,62.4126,124.1864
729.8080,382.1374,66.6083,117.1047
732.9588,382.9004,74.0251,101.4531
719.6000,374.0146,76.6258,86.3172
709.1918,375.8351,76.7612,76.9329
694.9154,376.5725,76.1814,68.0297
689.5560,375.8289,74.9530,63.8879
692.6369,375.1822,71.8518,60.2343
686.2053,374.8987,71.0755,58.6311
683.5579,372.3212,66.9389,57.8064
682.2201,371.7083,67.2974,57.6185
681.0440,370.0833,72.5222,55.9271
680.3694,369.2074,75.5872,55.8276
679.4820,369.2814,78.6785,56.0357
678.4679,368.1521,81.5427,56.0839
678.4464,368.3337,84.1054,56.5541
677.7568,367.5305,86.4954,57.1504
683.0048,368.3833,89.0890,57.6957
686.8840,368.5918,90.5781,58.2122
699.7615,366.8749,89.0434,59.2204
711.9502,366.0089,87.5327,59.9727
719.6086,365.3613,87.7607,59.3035
732.5200,365.8790,89.5692,54.5744
742.7841,364.7600,88.4006,56.5189
747.4026,362.1896,87.4960,57.4774
750.4019,362.3673,88.5307,58.0191
751.7469,361.8310,89.9039,59.0041
754.0280,362.7149,92.4575,60.1195
754.2336,362.0479,94.0557,61.3374
754.7374,362.3933,95.8046,62.5587
754.7078,361.4155,97.0012,63.5561
755.3167,361.2011,98.5049,64.1604
754.4802,360.4066,99.6362,64.6355
754.2625,360.0325,100.5161,64.6215
754.9040,359.3900,100.8793,64.8831
755.7893,359.3352,102.2819,65.7718
751.3264,359.8570,101.0836,65.2434
739.9072,359.0262,98.1726,65.3349
718.1425,362.7953,104.7464,58.9400
705.1740,365.2259,107.9785,55.3191
683.5389,366.6769,108.2930,53.5037
664.6699,367.3959,108.9088,52.1210
634.1023,367.0886,107.7138,52.1133
616.1249,365.8618,106.7480,51.2735
593.5085,364.2034,102.3571,51.3259
588.2368,358.0824,98.5413,53.4260
590.3502,353.2374,86.5378,64.5124
568.6776,366.5340,88.3941,62.9987
517.7079,370.1385,87.0794,60.2977
474.8170,363.5307,89.6229,58.1144
469.3121,358.2298,92.7364,56.3346
469.4633,358.7012,93.5648,56.6061
469.2186,358.2418,94.8909,56.7761
468.5360,358.6050,96.3020,57.0135
468.5495,358.1763,96.7843,57.3033
465.2605,356.6248,99.5115,55.3208
475.8239,354.3653,98.6453,57.1216
485.0483,344.3297,86.4396,65.7493
459.6828,338.3275,95.6828,59.6435
2
0
0
0
0
1
785.0952,353.4141,95.7654,62.7475
795.7627,352.3177,94.3081,61.9235
812.8428,337.6035,88.5819,72.0766
828.0853,336.0918,86.8684,77.4243
832.6008,318.0308,83.3139,86.1377
835.1924,299.1295,71.0952,100.1721
835.0374,273.8565,65.2463,112.4414
835.4807,244.4020,63.6441,116.7772
836.6907,234.2861,64.3353,119.7601
832.6228,215.6105,66.7560,113.0279
828.2083,215.9555,68.0086,101.9425
819.0209,216.2459,73.8244,87.2153
807.6698,214.1142,77.4439,77.1865
790.6328,213.1094,78.4274,68.4884
788.0183,214.2009,76.4063,62.1275
794.0945,211.5545,76.4816,59.2835
799.7090,212.2681,76.7842,57.3776
810.4885,212.2898,74.6040,56.8639
829.9100,216.7872,76.2216,50.4940
849.3869,219.6929,77.3567,46.7930
886.7990,210.8911,68.2862,54.0776
900.3840,195.5107,62.6414,65.6312
928.2384,188.6665,61.4632,71.5712
937.2473,176.5820,55.3863,81.4367
930.5162,192.6423,63.7972,74.6150
948.8312,202.4695,74.2504,65.9225
2
0
0
0
0
1
904.3033,114.4449,57.5829,43.3127
888.1434,116.2295,63.5873,38.8644
874.9545,117.7551,66.9830,37.0271
859.2493,119.2577,70.4922,35.2280
846.1935,121.3255,74.5569,32.9285
833.5159,121.4357,74.7636,32.7006
821.2551,122.5049,77.8671,31.2403
805.9785,124.1147,81.8677,29.6030
800.0829,124.8562,78.9584,29.4854
787.7561,125.1306,74.0497,28.7427
777.4838,124.7222,70.6541,28.5964
759.0527,125.0181,69.6236,28.4442
741.1375,125.1268,69.1906,27.8502
729.0381,124.1156,70.4152,27.7447
716.3977,125.7372,71.7264,27.1314
703.9637,126.8668,72.7105,26.5910
697.1628,126.0552,72.9343,27.3787
694.3777,125.8257,73.8599,28.4062
686.3850,124.8646,74.7989,28.4944
683.3835,125.2480,75.6066,28.8449
679.2240,125.2567,77.0180,28.8058
672.0429,125.0177,76.7222,28.6294
670.2406,124.9410,76.1364,27.4755
662.0065,125.1428,76.4369,28.1076
649.2417,124.5659,76.2123,27.6371
632.2521,123.9600,76.6160,27.8974
613.6616,123.8929,75.2279,28.5439
600.2509,124.0338,76.6786,27.7729
587.0295,123.7925,77.6041,27.6220
581.8375,121.8357,77.3889,27.8499
