1
662.4303,128.0137,30.7343,67.4270
661.1431,126.2879,30.2047,66.3886
660.3680,132.5338,29.6078,67.5799
660.4011,138.3698,29.0097,69.2029
658.9518,141.6595,28.6894,67.4793
660.0471,138.7850,28.0255,65.8779
659.8726,137.8568,27.9612,63.9509
658.4322,138.2018,28.0298,63.7523
657.2693,144.5528,28.3869,62.8155
654.6974,148.6089,28.8055,61.9328
654.2689,147.4124,28.0197,62.5868
655.0932,143.6383,27.7996,62.5529
653.5343,138.3648,27.7955,62.1684
650.3474,133.4333,27.6825,63.3014
645.5035,132.3189,27.7729,64.4534
641.2675,135.0878,27.4685,65.5875
634.9163,143.6838,27.5919,64.6592
633.6864,150.2990,28.1136,64.2378
632.4479,157.4039,28.7433,63.5833
628.5298,156.6964,28.1588,61.9776
630.5742,154.5441,26.8867,60.3763
633.6783,155.0362,26.2676,60.1983
636.9104,152.6194,25.5965,58.3968
638.2271,151.4752,25.5308,57.8538
639.7018,148.9708,24.9782,57.1466
638.4631,146.4802,25.2378,57.0288
638.8834,139.5909,24.6440,57.0760
639.5757,131.4335,24.2220,57.0086
640.9503,134.0360,24.6685,57.3029
641.5518,138.5956,25.7037,57.0107
642.9281,144.2461,25.8551,58.2341
641.2956,140.9355,26.1442,57.5552
642.5231,146.6286,26.1028,57.9343
644.0449,158.0947,26.8215,58.3651
645.7919,163.8236,26.8948,58.3486
643.0010,155.8149,26.2446,58.9148
642.4124,146.0353,25.5628,59.6434
642.7585,139.1513,25.6113,58.9645
644.2865,133.3879,25.2192,57.6950
644.5261,132.0854,24.7798,56.8716
643.4832,132.2744,24.3700,56.5792
640.4495,126.3883,24.3698,56.6821
640.2556,122.4078,23.7854,57.3580
641.8069,126.9734,23.7664,56.9886
641.7950,130.2104,23.5260,57.3352
641.1929,133.9915,23.6288,57.7389
642.2077,135.3437,23.0764,58.1062
643.9006,134.7869,22.7924,56.9369
644.3354,131.7178,22.7648,55.7923
644.8887,132.4535,23.3776,55.6188
644.5461,137.5737,24.2417,55.4582
645.3458,140.4682,24.4018,55.8572
646.7609,140.6908,24.0107,56.2912
647.0700,139.3408,24.1745,55.3734
647.3353,137.1808,23.7900,56.4615
646.6041,140.9816,23.9093,57.7213
646.9910,146.6852,23.8344,57.8996
647.8429,149.3958,23.2831,57.7690
648.3586,152.8235,23.7233,58.7773
649.6571,151.0549,23.2691,59.1034
650.7198,150.4392,23.4190,58.5026
649.7287,150.2389,23.8946,58.3931
648.9611,150.3540,23.9691,58.2551
648.8118,151.4413,24.1811,57.5035
649.9233,150.4358,23.7666,57.6603
651.4899,151.3537,24.7018,56.2292
654.1170,153.2486,24.6782,56.9508
656.3143,155.7731,25.2067,57.4680
658.5090,151.9984,25.2507,57.2295
659.1679,148.2169,25.5388,57.5930
660.9839,140.9286,25.8465,58.3069
662.5017,135.4230,26.1913,59.2996
661.6631,137.5772,26.0217,60.2813
661.4487,134.5047,26.2349,61.3504
659.7977,125.4375,26.4983,62.0088
657.2446,126.1122,27.0686,61.4947
659.0014,133.9942,27.8269,62.3292
661.5585,145.2479,28.1999,62.8610
663.6409,158.2662,28.2443,63.0592
666.1271,163.5584,28.1333,63.5709
667.4925,166.9400,28.4752,64.3258
655.6805,168.1506,28.0261,68.9390
657.3163,165.4113,29.0216,71.3449
658.9018,162.3248,29.6274,72.1727
666.7790,161.5448,29.7068,72.9639
667.5633,152.5277,31.0871,73.4659
667.6127,145.9707,34.0166,73.3493
658.6968,140.7827,33.0417,73.5907
654.7368,140.1821,33.5862,69.8518
649.8116,143.8174,32.0294,66.9783
649.7018,145.9668,30.5805,65.4934
648.3870,151.3903,29.6633,62.7152
647.9442,155.4338,28.6806,62.9288
648.4247,157.2815,28.2883,62.5968
648.4404,155.8073,28.1316,61.4566
649.5610,158.3555,27.1209,60.6958
650.4438,155.9828,27.0524,58.9594
652.2410,155.8760,26.2374,58.3136
652.8639,157.0294,25.4889,57.3347
652.7324,158.4121,25.2760,56.4945
652.7578,160.5896,25.1687,54.6831
651.4594,158.0789,24.2669,54.9749
648.9398,156.6499,24.4237,54.5835
646.9607,157.3822,24.7551,55.4715
646.1075,158.8171,24.9212,56.6017
646.0117,157.8854,24.8790,56.7372
646.7504,153.7679,24.9066,57.3347
647.1017,155.8606,24.7370,57.4216
647.4043,159.4762,24.8736,57.4828
649.0282,161.1970,24.9765,57.3918
650.1865,158.0332,24.3081,57.4165
650.2461,157.6043,24.6627,57.0276
649.5526,162.3826,24.2616,58.1725
647.8566,166.5067,24.2633,59.2081
646.5858,169.8738,24.3647,59.5117
644.5135,167.2258,24.0268,59.6582
643.4280,163.4002,24.2056,60.3750
643.6508,166.7224,23.9519,60.8370
643.7368,165.3071,24.1350,60.3900
644.4075,162.4561,24.4229,60.1258
644.5030,162.3913,24.3284,60.2551
644.2925,162.3659,24.6580,60.0411
643.5674,160.4925,24.2611,60.2727
643.4532,158.0540,23.9266,59.5557
642.0723,157.0907,24.3780,59.7901
642.4367,157.2872,25.1144,60.0571
642.8559,158.9167,25.0175,60.4140
643.5605,158.3661,24.7499,60.8818
642.6617,159.7713,25.4846,60.5059
641.5745,159.2268,25.8939,60.5254
640.0609,161.1000,26.3823,59.8930
638.5995,160.4846,26.8145,59.7498
638.6580,157.2645,27.1755,60.6589
640.4886,154.2903,27.5638,60.4240
641.2257,150.6155,28.1964,60.6639
643.3420,145.3665,28.2803,61.8339
643.8842,140.7910,28.7785,62.5350
642.5244,140.6195,28.6411,62.3795
642.7627,140.8008,29.0155,62.1305
640.3523,141.2514,29.2266,61.6266
641.2307,143.0949,29.1801,62.3276
641.2263,145.7331,29.0525,63.2364
642.8670,148.2433,29.2223,63.0751
642.9545,149.8416,29.6512,62.6305
643.0292,151.7958,30.0807,62.1423
641.7354,153.4060,30.3301,61.9311
642.0220,152.4738,29.9586,63.1975
640.6846,151.8467,30.0912,64.3812
640.1740,153.8754,29.9764,64.7166
640.1949,156.2439,29.6061,65.9259
642.4286,158.6694,30.4429,66.9632
644.0198,160.4135,30.4261,67.3792
645.2181,161.0953,30.4962,66.6587
644.2693,163.3487,31.0566,66.8237
644.2033,163.5957,31.3473,66.5636
644.4282,164.4367,31.6083,66.2114
646.2444,164.0548,32.0220,66.5110
646.8680,164.7304,32.1067,67.2327
647.7897,162.4467,32.4067,67.6151
647.8273,161.8027,32.1201,68.1617
647.4232,159.8627,31.8705,68.1627
646.0433,156.5083,32.0326,67.6871
645.3964,159.1449,32.3721,68.3232
643.6365,160.5635,32.9318,69.6098
643.7844,160.9009,33.0779,68.9993
643.1545,154.6276,32.7443,69.7203
643.0157,155.4823,32.8804,69.7357
644.6692,156.1139,33.1509,70.0175
645.6747,156.1263,33.2204,70.2348
647.1040,154.1567,33.6931,69.6897
647.9831,153.9870,34.1082,70.3790
647.1985,155.8589,34.4120,71.1216
647.8416,157.9132,34.8790,71.3217
648.7858,157.9633,34.9450,71.2620
649.7115,157.0574,34.6722,72.3432
651.7007,156.7024,34.9831,72.2191
651.8810,158.4762,35.5202,73.4838
650.4066,155.3735,35.3903,75.5707
649.6967,151.6619,35.6994,76.1340
648.9192,153.2035,36.4236,76.5378
650.7698,156.8874,36.5400,78.4616
651.4938,157.5906,36.5449,78.3141
652.5742,153.1671,36.3784,77.9834
653.0921,151.3731,36.2243,79.5939
652.8947,149.9337,36.6717,83.1730
653.9688,145.3503,37.1295,84.6934
656.4790,143.6197,37.6794,86.5561
659.0034,139.4017,37.9829,88.2395
661.3533,134.9259,37.7877,90.1244
661.4723,134.8484,37.5866,91.5657
