1
443.5412,177.0545,38.5560,47.8308
440.2466,175.5289,37.1877,49.6266
437.4955,174.8409,36.7739,51.5551
432.8559,173.3069,37.8125,52.2162
429.4515,172.4283,39.0470,53.2088
425.5507,170.8353,39.8635,53.6758
422.9222,169.5581,38.9600,55.2601
420.1012,166.6146,38.8518,55.9050
416.7962,165.7465,38.8396,57.8651
414.9368,163.0869,39.6760,60.1747
412.6631,160.9055,39.6775,62.0971
410.0153,157.7552,40.0149,62.1328
407.3401,157.5409,40.9081,63.7511
406.2965,155.6147,41.6820,64.2708
405.0646,154.0749,41.9315,65.5270
405.3199,151.4953,42.7177,65.5491
407.9604,149.1420,42.3878,66.4843
407.9987,146.7339,41.5410,66.8507
413.0274,142.4725,39.3233,69.0915
417.9277,138.7856,39.6351,69.3042
422.2718,134.8314,40.3889,71.0372
427.6364,131.9398,40.7895,73.1189
438.5612,128.5085,41.0083,76.0047
448.9887,125.1278,42.6935,77.1782
456.9010,120.7771,42.3190,80.4568
465.8669,114.3071,44.1677,82.9963
474.6437,108.6014,46.3694,86.5587
478.3334,101.4622,47.6890,89.5068
487.7524,97.6228,48.8961,94.6081
488.8313,77.9119,48.8473,97.4086
498.7015,60.3875,50.7457,99.2735
498.9182,49.3179,51.3587,99.9233
499.6515,39.4456,50.8668,99.3980
493.4838,37.9652,49.2202,99.4353
487.2447,36.3622,47.8983,98.0571
480.6254,35.6673,46.3571,96.0896
466.3714,35.3548,44.7129,96.2559
451.1637,32.8883,45.3285,94.7935
433.9515,32.2633,46.9123,92.9826
415.6374,23.1143,48.0439,91.2163
398.1110,23.3391,46.0258,93.1360
385.6290,27.9100,46.3771,91.4077
359.8879,30.2314,44.4334,91.9612
347.5867,32.8230,43.2877,94.4342
336.5876,33.2810,44.5865,92.9106
326.3629,30.2010,45.9442,92.7430
314.1176,21.6422,46.2093,94.0803
303.3700,19.6941,46.3834,95.0596
292.7094,15.6067,47.2968,96.7985
282.4967,11.2379,46.4197,98.2227
270.6995,-0.9425,48.4360,97.9354
258.4896,-1.5355,51.3539,100.4846
242.6946,-1.0699,53.0111,99.5852
220.3079,-6.1049,57.2341,90.8948
188.7236,-2.5590,59.6247,86.0316
165.2358,0.1286,60.3049,80.3498
140.3934,2.4804,60.4984,77.9172
120.4936,-1.9773,59.9536,77.7310
83.0454,17.9720,62.6089,73.2005
57.6087,7.6794,56.7768,78.5487
36.0877,-0.9563,53.8978,83.6140
10.7979,0.2084,48.5081,90.2741
4.8180,-0.0669,43.9154,97.1359
6.2775,-2.3169,41.7040,101.6324
20.3931,-2.7132,40.1614,104.6676
34.5268,-2.8486,37.5277,107.4988
55.1305,-4.5910,40.1248,103.9831
67.4223,-2.8936,39.7742,98.7057
76.7344,-7.1488,42.0230,90.9703
2
0
0
0
0
1
234.2388,-2.7785,296.0698,378.8632
248.2364,-1.8434,289.7058,385.6129
260.7828,-1.3864,287.3145,383.4226
271.0567,-4.1623,290.2657,382.3405
286.4829,-11.9828,289.5814,378.3103
300.8775,-13.5636,287.5517,373.0522
321.2398,-19.3489,281.5278,368.3107
338.0580,-18.1771,273.7671,359.5644
355.3813,-15.9484,268.5939,349.6049
367.9340,-12.8063,261.5867,342.4517
380.7385,-8.1190,256.2417,333.7356
395.6350,-1.0781,251.2919,328.6171
405.4531,2.4751,250.6639,327.5969
407.7298,3.9204,248.7495,332.6282
407.6324,1.4601,245.8584,335.0505
400.7519,1.8468,250.2134,335.6522
395.3853,3.3374,250.5080,333.3255
381.5927,-0.2917,257.9698,329.9085
369.5939,-5.2610,268.9698,321.2906
345.0094,-2.5036,274.7352,326.0116
328.9597,-1.7647,271.3027,326.7767
299.5685,1.1829,259.6423,328.5663
278.2120,10.0108,246.1593,331.6495
261.1172,19.0517,238.7592,324.4625
242.3600,30.3052,227.8586,315.2814
226.6314,41.5163,216.6837,301.6826
215.6790,49.9939,202.4949,288.2421
210.6288,58.6311,188.6443,271.9908
187.1983,73.5351,180.4684,256.6054
191.1272,83.9398,171.5113,244.0773
189.5552,93.2140,165.8388,234.9156
165.7423,104.4894,168.5136,231.8168
159.2773,112.9712,170.6894,229.9931
163.0644,118.1549,167.3544,224.3807
167.3230,123.3601,161.4667,219.2710
177.2431,130.2792,145.7062,222.5037
188.9388,132.2524,131.7288,224.0314
210.9148,135.9047,117.8069,230.7306
212.7609,132.9257,111.0195,224.8730
220.1351,134.9940,104.3450,217.3945
240.2903,140.1291,99.0766,211.9600
246.5293,136.7507,97.8027,201.3272
256.5075,141.5703,95.3866,194.2427
267.7775,144.4391,94.2939,187.3583
274.2242,148.1054,88.9530,181.6481
278.5556,153.6051,84.3328,177.7006
281.9839,161.4813,79.0645,173.7731
285.6915,166.3067,74.2883,167.4377
290.6127,172.0128,70.1309,161.9198
294.6203,179.7367,67.1951,157.4529
297.3720,184.5346,66.3679,153.3742
299.5494,186.4745,66.9072,148.9016
306.8361,189.8940,65.5372,145.4003
312.7782,190.7843,64.5770,141.6985
318.3189,193.9731,62.4569,140.0262
