1
592.7895,201.2605,42.3540,39.0307
591.1766,200.1142,41.4291,40.2969
588.8072,199.0855,41.4248,40.8061
585.5330,198.6419,41.7038,40.9642
582.6542,197.3786,42.1999,41.2698
580.6570,196.2271,42.8377,41.0219
578.6789,196.0234,42.1838,41.0416
581.3210,194.4086,37.9066,43.5547
584.3364,195.3827,36.0684,43.8013
583.5923,195.0358,29.0015,50.2688
585.6613,193.9361,25.3902,55.0535
586.0909,191.1856,23.8774,56.6573
585.4646,188.3176,22.9418,56.8600
581.8729,187.6256,22.7795,57.0108
581.5985,186.2065,22.5855,57.3185
581.1022,185.2334,22.3079,57.6955
580.5212,184.7547,22.1120,57.8451
579.8400,184.0982,21.8636,57.8529
579.0197,183.3589,21.7899,57.8000
578.4346,182.5599,21.7547,57.6408
577.6182,182.1894,21.7153,57.3588
577.0499,181.5067,21.7095,57.1386
576.2988,180.6477,21.7366,56.8544
575.4774,180.4042,21.7048,56.5734
574.6469,180.5297,21.8068,56.1169
573.7058,180.7862,21.8402,55.6909
573.1813,181.2839,21.8385,55.0747
572.7124,181.8596,21.8538,54.5548
572.5388,181.5189,21.6523,54.7095
572.0049,182.3008,21.3022,54.5765
571.5251,182.3632,20.9998,55.1087
571.0175,182.1838,20.7847,55.3375
570.8999,181.4380,20.3922,55.6431
567.5547,181.9915,19.7867,55.5517
568.6190,181.6164,19.6603,54.8683
566.1373,181.1341,22.0783,52.3577
560.2749,180.1544,25.2305,49.7459
559.2137,181.0331,27.2334,48.5368
557.2023,181.8606,28.8865,48.1289
555.5515,182.0743,29.8509,48.2899
553.8325,181.9934,30.8215,48.4615
552.4806,181.8768,31.8187,48.1788
551.0410,182.7753,32.4419,48.0245
550.6550,182.5782,32.9594,47.8537
549.9041,183.0006,33.2969,47.9262
550.0720,183.3795,33.3201,47.9582
549.6882,183.8629,33.3754,48.1552
549.8859,184.0395,33.2610,48.3201
549.6546,184.6535,33.1049,48.3942
550.1755,184.5222,33.0660,48.2449
550.6699,184.9121,32.9737,48.1709
550.7090,185.6501,33.1329,48.0475
551.6987,186.0237,33.2514,47.7453
552.8311,186.7025,33.1440,47.6044
554.6486,186.4782,32.8659,47.5280
557.9348,187.7069,33.3762,45.5314
562.3897,188.9885,27.3557,50.9912
565.7272,188.4691,25.7176,51.9447
567.8583,189.0835,30.5831,46.5998
569.5500,190.8803,34.9054,42.6429
571.4985,192.1292,37.9485,40.2710
573.7542,193.4178,40.1547,39.0164
576.1151,193.2553,41.5911,38.7144
578.7146,192.9178,42.7260,38.2066
580.3865,193.1528,43.0968,38.2161
582.3567,194.2184,43.4795,38.1925
584.0936,195.0157,43.4832,38.3538
586.8804,195.2028,43.5721,38.6229
588.0709,195.3735,43.5312,38.6538
589.9647,195.7497,43.7346,38.6549
591.9068,196.1768,43.7746,38.6867
593.6008,196.0904,43.9946,38.9090
595.6404,196.8321,44.3108,38.8680
597.3417,197.6330,44.2095,38.7764
599.5508,198.1186,44.4358,38.8456
601.2029,197.9741,44.5398,38.8650
603.5367,198.8946,44.6343,39.0457
604.9694,199.3577,44.7417,39.1988
606.5078,199.8465,44.6104,39.2404
608.4369,200.2460,44.7860,39.4221
609.5129,200.8818,44.8515,39.3957
611.8151,200.7923,44.4883,39.5562
613.2360,201.0031,44.6323,39.5420
613.9651,201.6176,44.7246,39.6139
615.8228,202.7188,45.1814,39.4990
617.0936,202.9120,45.2078,39.4160
618.5812,203.3459,45.2134,39.2801
619.5193,203.9384,45.2594,39.1093
620.8161,204.3661,45.8842,39.0468
621.9996,204.8194,46.4854,39.0860
622.4786,205.1935,48.0737,38.7593
622.6505,206.0337,49.8682,38.9800
623.1601,206.6499,51.3539,39.4917
623.6207,206.8772,52.4105,40.1353
623.9883,206.9669,52.9629,40.9521
624.3313,207.2071,53.2435,41.7015
624.6915,207.5629,53.4652,42.1929
624.3510,208.3029,53.4579,42.8690
625.0334,208.6165,53.3791,43.3220
625.7537,208.4670,53.0374,43.8848
624.7844,208.5066,52.2976,44.2533
625.1423,209.0351,48.6560,45.7654
621.1362,208.9862,43.4755,48.4933
624.6246,209.6674,35.3688,56.4815
625.6432,208.9780,30.4006,59.8411
622.0754,208.0369,29.4921,59.9494
620.4715,207.7524,29.7681,58.5844
619.2078,207.5294,30.1345,57.4431
617.2862,207.8979,29.9775,56.6575
616.4301,206.6438,29.4507,56.5823
615.6180,205.9115,28.8286,56.3340
614.4648,205.5287,28.2476,55.8532
612.4940,205.2229,27.7359,55.0479
610.8008,204.5608,27.5878,54.1806
609.3611,204.2731,27.3615,53.1210
607.5440,204.2172,26.6774,52.2954
605.9714,203.8280,26.8335,51.8117
603.8185,203.6793,26.6365,51.2036
602.1747,202.8550,26.2168,50.7536
600.5994,202.9406,26.2667,49.9021
598.8215,202.6850,26.1335,49.2409
597.3996,202.2210,26.0330,49.2710
596.1081,201.4195,26.0165,49.0148
594.7061,201.1104,25.6178,48.7854
593.2263,201.1259,25.4733,48.6416
592.2648,200.5804,24.9343,48.8292
593.7827,200.6113,22.4552,51.2557
593.5657,199.7717,20.8914,53.4117
593.0980,196.5569,23.5644,50.5569
592.8616,197.3647,29.7587,44.0481
592.1862,197.5948,33.2034,40.1044
591.9902,196.7528,34.5951,38.1407
592.0625,196.5702,34.6848,36.5160
592.9324,195.9657,34.3458,35.1834
591.7421,196.5938,34.1715,33.7550
592.7895,196.5818,33.9366,32.4566
592.4180,196.6352,32.8240,31.7379
593.6188,196.6846,31.8645,30.6892
594.2472,196.4351,30.3128,29.8504
595.2019,197.0672,28.9890,28.7875
595.8224,196.9857,27.6785,27.9676
596.4057,197.4853,26.7247,27.0838
597.1182,196.5845,26.0795,26.2668
597.5671,196.7979,25.3869,25.5292
597.4505,197.2883,24.9167,24.8246
599.0647,197.2218,24.6294,24.3224
599.7446,196.6340,24.0297,24.1309
600.5533,196.6711,23.9277,23.6815
601.6961,196.7724,23.9411,23.2966
602.1511,197.4203,23.9042,23.0046
603.5628,196.9290,23.8035,22.9177
605.2190,196.2171,23.8067,22.9669
605.9377,196.7366,24.1469,22.8177
607.8082,195.9070,24.8193,22.7729
610.2726,195.7826,25.5397,22.5083
612.3134,195.7167,25.4619,22.8989
617.2721,196.4334,25.6599,22.9973
619.1744,196.8699,25.9155,22.9563
621.2220,196.6492,26.4857,23.2695
623.2425,196.8493,26.9161,23.6289
624.6522,197.0668,27.7611,23.9296
626.3619,197.1947,28.7196,24.3085
628.1887,197.1672,29.5272,24.6053
629.8830,197.4722,30.0693,24.8651
631.7769,197.5808,30.4303,25.1368
633.7109,197.1607,30.7275,25.3554
635.5997,197.4934,30.5488,25.7025
637.1818,196.5323,30.7651,26.2414
635.1279,196.0312,31.0733,26.5814
633.6248,195.3941,30.3042,26.8529
622.7970,180.2988,28.9185,28.9146
617.4749,176.9527,29.7652,29.3455
2
0
0
0
0
1
614.2183,196.0994,56.2698,50.4704
613.2700,196.1932,56.9700,50.6111
613.4870,196.5382,57.6609,50.6237
613.1951,196.5989,58.2821,51.1394
613.0498,196.2888,58.1927,51.6466
613.0380,195.8776,58.2202,51.8844
612.9868,195.9352,57.6588,52.2439
612.2118,195.7086,54.7491,53.0535
612.2032,194.8956,48.8095,55.8153
616.6714,196.1662,40.0037,63.8382
619.6699,197.7431,32.1759,72.4659
614.7415,196.2137,30.1944,73.3249
614.2006,194.2256,29.7843,72.4868
613.2640,195.8155,29.6498,72.0654
611.9408,194.1775,29.7187,70.3666
611.1625,196.2303,29.3612,70.3469
610.4064,194.2068,29.1771,69.3117
610.0568,193.5273,28.9308,67.7002
609.7631,192.7527,28.5419,66.2001
608.9141,195.0165,28.1811,65.5226
608.0005,193.8580,28.1010,63.5852
607.5940,195.3516,27.6662,63.8392
606.7513,193.8082,28.0707,62.0477
606.6299,195.5136,27.5452,61.9622
605.8171,195.8404,27.3237,62.0480
605.0892,196.5742,27.2052,62.0649
604.1573,194.6628,27.4353,60.5055
603.0527,195.8809,27.4296,60.4221
602.0977,196.6088,27.6002,60.4458
601.3708,196.7553,27.4841,60.7364
600.0563,194.7265,27.8764,59.2149
599.6133,195.9611,27.5201,59.3485
598.9602,196.4921,27.1888,59.7291
597.7615,197.1883,27.2637,59.5326
597.0085,195.6753,27.6080,57.9711
596.0190,196.6194,27.4954,58.2193
594.7874,195.2934,27.8798,56.8390
594.2974,197.0222,27.6323,56.6059
593.4579,195.4251,27.8515,55.3553
593.1780,197.2915,27.5606,55.3897
592.6608,195.7642,27.9458,54.3676
591.4982,197.2126,28.0074,54.3135
591.1448,195.5514,28.1800,53.3794
590.8530,197.2983,28.2834,53.1104
590.7783,196.0174,28.5100,52.0665
588.4248,194.1249,30.0951,50.3139
583.2866,196.1303,34.8645,44.9382
577.2914,198.0986,39.6514,40.9301
567.6618,199.5466,43.0801,38.8274
559.7407,201.0412,43.9953,37.8542
557.1402,202.7371,44.4030,37.0590
554.4194,204.0854,44.5168,36.6899
551.0545,205.2088,43.7041,36.6695
547.9171,205.5937,42.4825,36.3724
545.3693,206.7712,42.1789,35.7001
542.0292,207.2959,41.5541,35.0932
539.7852,208.1008,41.5347,34.5269
535.2020,208.7868,41.1684,34.4942
531.3345,208.6083,41.1455,33.9684
527.5219,208.9795,41.2796,33.7706
523.2774,209.1241,41.1058,33.5820
519.6996,210.4726,41.1275,33.5928
515.5253,210.5140,41.5121,33.8445
511.6476,211.6073,41.4437,34.0340
508.8993,212.4501,41.1560,34.5884
507.2928,213.5546,42.4506,35.0154
505.0569,214.5995,45.9425,35.3475
502.7790,215.6683,48.6257,36.1576
500.1718,217.0715,49.5420,37.7753
497.0143,217.6889,49.5041,39.0813
493.5231,218.1781,49.9108,40.0069
489.6764,218.9157,49.3751,41.0862
485.1937,219.9195,49.4927,41.7555
480.0093,220.5406,50.0542,42.1408
475.4531,221.0239,50.2151,42.4459
470.8264,221.9141,50.7740,42.8234
465.9575,222.6973,51.0881,43.1091
460.4500,223.6914,51.8389,43.2129
455.1678,224.0717,53.2753,43.5881
450.0576,224.2643,54.1193,43.8755
445.0683,223.9193,54.8631,44.6785
441.2399,223.8065,54.8209,45.3780
438.2193,224.1980,54.7989,45.9281
436.6965,224.2643,53.6664,46.6765
437.0663,225.2288,51.4379,47.3926
439.1046,227.2723,48.4294,48.4862
439.7898,228.3095,44.8064,50.2025
439.9659,230.1092,42.5306,51.1549
438.5916,231.2489,41.2368,51.2188
437.8155,231.5557,40.0898,51.4186
436.3828,232.3414,39.6169,51.5024
435.5141,233.2411,39.1408,51.9217
433.9922,233.5099,38.8831,51.9914
433.7554,234.0537,38.4244,51.8940
433.0424,234.7002,38.1205,51.2907
432.9741,235.6047,37.8352,50.4904
432.4604,236.1396,37.6020,49.5348
432.3591,236.7213,37.2211,48.4915
432.3099,237.6888,36.9654,47.3258
431.3344,238.0880,36.9162,46.5373
430.8133,238.4905,36.6526,45.7572
431.0265,238.5982,36.5263,44.6012
431.0355,238.6461,36.6811,43.2208
428.3939,238.5887,37.9485,40.7322
423.1800,238.8808,41.2196,38.7082
419.5212,238.6478,44.9117,37.7945
415.7378,238.9237,48.5153,37.6119
412.3165,239.1505,51.1802,38.1057
410.2068,239.6212,52.8795,38.9113
409.1420,239.9958,53.6824,40.1020
408.7818,240.9426,53.6914,41.2003
407.5032,242.1086,53.6922,42.0851
406.9322,243.1505,54.4500,42.6760
405.8974,245.0332,54.6455,43.1137
405.1287,246.7786,55.0315,43.3590
404.1801,248.1083,55.2251,43.8675
403.3186,248.6903,55.4067,44.3040
402.2946,250.0504,55.2226,44.6133
402.5050,249.8284,55.2400,44.8175
402.5691,251.1319,54.3339,45.1385
405.4180,252.6334,52.3533,46.4306
410.1356,254.5735,49.1915,48.0688
413.2820,255.7860,46.2162,49.0840
415.9114,257.5680,43.8480,49.3823
416.9785,258.2574,42.2279,49.4621
417.8106,258.6443,41.2833,48.9397
419.3558,258.3415,40.2668,47.4815
419.3901,258.2782,40.1385,45.8642
420.3816,259.2012,39.7923,44.4415
421.5743,259.7741,39.4439,42.9576
422.0931,260.0486,39.0827,41.6386
422.8816,260.2546,38.8042,40.4353
423.9539,260.3563,38.6393,38.9491
424.4303,260.1136,38.4728,37.6797
422.8240,259.3396,39.5803,36.6005
419.1696,259.1725,42.3755,35.6256
418.1708,259.0880,44.5426,35.5649
416.0905,258.4056,47.2344,35.7888
413.5364,257.0933,48.7443,36.6276
413.1584,256.3079,48.7880,37.4207
413.6996,255.4396,48.6301,38.2494
412.9915,255.2851,48.2923,38.4506
413.6346,255.0641,47.7805,38.6888
413.3840,255.3602,47.4892,38.6234
414.0329,255.2460,47.4482,38.5546
415.1677,255.2866,47.5881,38.5592
416.0227,255.2914,47.2918,38.7576
416.8208,255.6068,47.1775,38.8685
418.5023,256.1100,46.8584,39.3750
419.8710,256.0676,46.8809,39.7469
421.4773,256.5630,47.0382,39.7984
423.7768,256.2491,47.1591,40.4030
425.2932,256.4774,47.4570,40.6490
427.2972,255.8811,47.5157,41.4811
429.5030,255.5091,47.9562,41.6356
431.8900,255.0768,47.8179,42.1735
435.1330,255.2482,47.2694,42.7659
440.2196,255.1977,45.5159,44.3810
447.1182,255.3365,42.4811,45.6387
457.2830,255.9035,39.6364,46.6662
464.3943,252.2647,38.1858,46.9127
472.9983,252.2612,31.5474,54.1097
475.9207,249.3666,27.6328,57.9067
482.3429,246.9594,25.7122,59.6266
484.1367,245.7220,24.3699,60.2874
489.5263,244.3283,24.0992,59.7332
491.0992,242.8955,23.4521,59.7904
493.0581,241.5635,22.9392,58.9890
499.1919,240.4215,22.6353,58.5538
500.7840,239.3074,22.3790,57.7562
502.7571,238.5637,22.1459,56.6035
508.8961,238.0532,22.0589,55.4512
510.9671,237.1771,21.6424,54.5119
516.2023,238.4232,21.3231,54.8369
517.8882,235.9852,21.1950,54.1554
523.2276,233.7433,21.1895,53.7806
525.1348,232.2028,21.1792,52.4091
530.2972,232.6547,21.0983,52.9677
532.1814,230.2685,21.1220,52.4052
537.1003,228.3591,21.3473,51.6181
538.6455,228.9431,21.0354,52.0652
543.6909,226.3011,21.0436,52.1362
545.4656,224.7480,20.8450,51.4013
547.5832,223.5039,20.7241,50.1908
551.8677,223.0736,20.9269,50.6744
553.2668,223.1791,20.8501,50.9512
554.3219,219.8425,21.3323,50.4254
553.2726,217.3404,23.6018,47.7178
547.1349,214.6200,25.6549,45.0325
542.5923,215.6751,31.7071,40.0807
538.4595,215.4417,35.8673,37.2250
536.1345,214.4265,37.8934,35.5004
534.9277,212.8948,38.4757,34.7663
535.6768,211.5398,38.8358,34.2538
536.7794,209.7190,39.0787,34.2627
538.0582,207.9273,38.8173,34.6564
539.3999,206.2687,38.5297,34.7275
539.4003,204.4624,38.4490,34.6814
540.2992,202.8039,39.0694,34.2184
541.0955,201.5795,38.9733,33.9986
541.9611,200.3966,39.1601,33.7614
543.0387,198.9786,39.4021,33.7904
543.1607,197.5362,39.5342,33.9148
543.6526,196.7438,40.0652,33.6805
544.7684,195.4137,40.6168,33.8595
544.7845,194.3123,41.3515,33.6159
545.0758,192.7951,41.7726,34.2778
545.3757,191.6661,42.2412,34.5986
545.7626,190.6772,42.2949,34.7292
546.5929,188.6817,42.6804,35.2999
546.5693,186.9942,43.3294,35.4509
546.6028,186.0398,43.9768,35.9558
547.0392,183.9004,44.4124,36.9103
547.6021,182.2629,44.6052,37.6206
547.8769,180.2294,44.9914,37.9858
547.6120,178.3262,45.2466,38.5413
548.2985,176.1782,45.0909,39.6079
552.4371,174.5051,43.3521,41.8189
560.9843,172.6393,40.3168,44.1721
566.6819,172.4856,32.5628,51.6301
575.2797,171.7170,25.8521,59.8223
576.8745,166.0163,22.3764,63.3549
577.4270,163.9484,20.8297,65.2894
577.6649,160.1412,20.0877,65.6512
577.8936,160.0098,19.6347,66.0441
577.7997,159.0000,19.5193,66.4761
577.4772,157.8464,19.4198,67.2163
577.4359,157.2769,19.1666,67.6000
577.3408,153.9102,18.8717,67.1492
577.1157,153.8194,18.8415,67.3594
576.7151,153.2576,18.9000,67.8698
576.6818,150.3539,18.7055,67.8094
576.3043,150.7911,18.8460,67.8794
575.8790,149.9658,18.8722,68.4846
575.2151,146.9331,18.8784,68.1158
574.9476,147.7372,18.9118,68.5459
574.4472,144.4510,18.8559,68.4087
574.0708,144.9875,18.9352,68.4432
573.1871,144.2857,19.1087,68.9100
572.4373,143.9550,19.1254,69.7301
571.4674,140.5865,19.2273,69.8695
570.3386,141.1366,19.2599,70.3923
569.8943,141.7367,19.0710,71.1279
569.6879,139.4226,18.8653,71.1517
569.1886,140.1000,18.8360,71.8294
568.7818,137.1376,18.8384,71.3496
568.4452,138.3139,18.8178,71.5955
568.2876,136.2504,18.6570,71.7262
567.9399,134.3163,18.5926,71.2572
567.4593,135.9068,18.5826,71.4236
567.0632,133.6062,18.5313,71.4010
566.7200,135.5943,18.5897,71.6289
566.4456,133.5604,18.5522,71.5312
565.8793,135.1157,18.6288,72.0970
565.4460,132.6348,18.5509,72.0987
564.9528,134.2930,18.6457,72.4454
564.8719,132.2016,18.5506,72.6917
564.9548,131.1045,18.3095,73.0916
564.2712,130.1369,18.9495,71.9712
552.8765,128.8575,25.9659,63.9036
545.1375,132.0195,35.7271,54.3441
539.1207,134.1426,42.7261,48.7712
534.1220,135.1078,47.8537,45.3444
529.8057,135.1707,51.1685,44.1825
526.8446,135.2083,53.1232,43.8421
524.6375,134.9670,53.5844,44.2966
523.6204,134.6138,53.6257,44.7474
522.6815,134.6944,53.9629,45.0522
521.0929,134.7483,54.3012,45.1560
520.2812,134.9523,54.5077,45.5269
519.2464,134.6698,54.6408,45.9571
519.1937,134.5401,54.5233,46.5060
519.0601,133.9333,54.8485,46.6491
518.2913,133.7263,54.9926,46.9629
518.0624,133.8282,54.8519,47.5337
518.1578,132.9919,54.9433,48.0415
517.2851,133.2527,55.2377,48.0270
517.5878,133.0916,55.2876,48.1884
517.4559,132.8008,55.4755,48.2647
516.5483,133.1861,55.5889,48.3368
517.1274,132.7884,55.2678,48.6283
516.6539,132.8892,55.5099,48.7454
516.9742,131.8112,55.1773,49.2175
517.4236,130.8613,53.9444,50.0558
522.5881,130.1541,50.7181,51.8604
532.2877,131.2129,46.7040,54.0521
538.0117,132.1844,37.8251,62.2291
541.1149,129.1524,32.8878,65.9320
544.6028,131.2035,27.1124,72.2835
546.5811,127.9960,23.8138,75.7003
547.9374,129.7926,21.9874,77.5833
548.4810,127.3872,21.0185,78.3878
548.5060,129.0768,20.5554,79.0307
548.4299,126.6338,20.1963,78.9148
548.2292,128.6228,20.0728,79.0392
547.9897,126.2503,20.0065,78.8610
547.9233,128.7882,19.8964,79.2593
547.7735,126.5780,19.8814,78.9240
547.4764,128.6443,19.8839,79.4116
547.1863,126.3673,19.8891,79.5967
547.1495,125.4334,19.8234,79.4074
546.8016,124.4542,19.9421,78.9326
546.5532,127.2479,19.9232,79.3513
546.4988,126.0033,19.8105,79.3053
546.3043,128.5865,19.8132,79.6873
546.2612,126.8700,19.7759,79.6802
546.0021,125.3580,19.8746,79.4294
546.1803,124.3514,19.7609,79.3486
545.9800,123.3557,19.8128,79.0458
545.9780,123.2883,19.7070,78.9473
545.8737,123.2007,19.6477,78.6941
545.9831,123.1170,19.5780,78.5033
546.0603,122.9067,19.4929,78.3221
545.8779,123.0834,19.5285,78.1218
545.7310,122.8855,19.5145,77.9409
546.0714,122.5087,19.2735,77.8775
545.7524,122.4363,19.3481,77.6332
545.5021,122.1085,19.3075,77.6267
545.2397,122.0310,19.2895,77.3471
544.8356,121.6749,19.3606,77.1072
544.3618,121.2275,19.4137,76.5933
543.9933,120.7897,19.3393,76.1780
543.7778,120.4398,19.2200,76.1195
543.7416,123.8105,19.0344,76.3680
543.6502,122.0653,18.9817,76.1491
543.2230,120.7546,19.0311,76.1741
543.1270,120.5562,18.9062,76.0649
542.9599,120.4135,18.8447,76.1068
542.6583,119.8232,18.8610,76.1073
542.3881,119.4985,18.8256,75.8572
542.1064,119.1860,18.8768,75.3857
541.7289,118.6215,18.9448,75.1617
541.5230,118.1568,18.8993,75.2166
541.4446,121.2415,18.8765,75.7545
541.0181,119.0535,19.0903,75.3309
539.8679,118.4175,20.3771,73.7069
540.0121,116.8373,25.2552,68.1013
539.5015,116.0953,30.2188,62.7180
538.8218,117.3732,33.0629,58.9112
539.3688,118.1122,34.6750,56.7969
539.2998,118.2734,35.4398,55.8860
539.3579,117.7176,35.8641,55.0689
539.8514,117.5193,35.7981,54.7076
540.4519,117.3011,35.6503,54.4121
540.7542,116.9315,35.6126,54.2706
540.5634,116.5418,35.5171,54.0287
540.9543,116.0058,35.3284,53.9241
540.5716,116.3717,35.2166,53.5810
540.2247,115.8062,35.2279,53.5598
539.3696,114.8680,34.9671,53.5191
537.3179,115.0844,35.2975,51.0966
539.1311,116.3778,29.9103,56.4347
539.0118,113.2520,27.8280,57.8554
527.5729,114.8630,33.5394,51.6172
522.2184,115.7550,39.0670,46.8899
516.5295,111.4812,43.8090,43.6573
512.7961,111.9608,46.2051,42.1470
510.7010,111.5667,47.6661,41.7634
509.5361,111.7055,48.0861,41.6219
509.8073,111.1578,48.2077,42.1082
509.6847,110.8614,48.2952,42.3712
510.0215,109.9688,48.3903,42.7533
509.3454,109.8649,48.5679,42.7392
508.6542,109.5654,48.8407,42.6237
508.1607,109.4867,49.0973,42.5538
508.2068,109.2921,49.1447,42.8250
507.0842,108.3557,49.1113,42.9224
506.4322,108.0181,48.9653,42.8939
506.9081,108.2086,48.8235,43.2296
506.6110,107.8333,48.9944,43.4034
505.6999,107.1589,49.2065,43.3706
504.7732,107.1877,49.0572,43.0897
504.9029,106.7202,49.2304,42.9328
503.9599,106.7608,48.9992,42.9160
503.8694,106.2270,48.8455,43.2392
503.7792,106.0625,48.6111,43.3315
504.4903,105.8495,47.9160,43.6887
508.0952,106.1887,45.0122,45.3279
516.9604,107.4032,41.3481,47.8458
521.3370,108.9182,33.4706,55.8308
524.9360,106.0947,30.0164,59.8745
527.0363,102.2011,30.8732,59.5184
527.3609,101.3719,32.7337,57.1861
525.7308,102.1437,33.4821,55.1123
525.5557,102.8626,34.0284,54.0132
524.0458,103.6184,34.1729,53.5268
523.2624,103.7155,34.1121,53.0377
522.4846,103.4023,34.1029,52.4948
521.7888,103.6372,33.8845,52.3563
522.0900,104.1231,33.4884,52.4509
521.5978,104.0177,33.3825,52.1210
521.0383,104.3395,33.3403,51.7455
520.6386,103.5598,33.2790,51.5243
520.5448,104.1206,32.8246,51.4277
520.4542,104.4676,32.7187,51.0670
519.5433,103.9974,32.7112,50.6355
519.7458,104.0385,32.4828,51.0606
519.1949,103.6640,32.5032,50.9946
519.2160,104.2020,32.3353,51.0510
518.4650,104.3096,32.6054,50.7401
518.7209,104.4207,32.3469,50.8408
518.6221,104.7679,32.2144,50.7306
518.5533,104.0647,32.0651,51.0539
518.1505,104.9545,31.8348,51.3002
517.2675,104.6896,31.7523,51.4704
516.8373,104.4049,31.0240,52.2247
517.2802,105.9933,27.4409,55.5448
519.6289,108.3178,22.9265,61.5752
511.9232,103.7003,26.7174,58.0152
504.2716,102.1001,35.7958,49.3423
497.4508,104.5714,42.2908,44.0386
493.2984,105.7980,46.6589,41.5779
491.2433,106.6911,49.3782,40.5543
491.0434,108.0818,50.5214,40.0183
491.1921,108.4359,51.2026,40.3650
491.7359,108.3811,51.4078,40.6366
491.8181,108.4526,51.6511,40.6337
492.2302,108.3541,51.6709,40.7356
492.8454,108.4091,51.5719,40.7610
492.9176,108.7742,51.8533,40.5824
493.2781,109.1833,52.0817,40.4963
493.6548,109.1777,52.1293,40.7692
494.2518,109.5589,52.3584,40.9347
494.9015,109.7406,52.3273,41.1123
494.8776,110.2160,52.1815,41.0240
495.3412,110.3433,52.0186,41.4701
496.2537,110.6429,52.0072,41.8617
496.3390,110.7648,52.0267,41.8674
496.6728,110.8450,51.9248,41.9380
497.2866,111.0259,51.7753,41.9329
497.7369,111.5098,51.9913,41.7400
498.9246,111.3072,51.7527,42.1569
499.9662,111.2899,51.6513,42.1427
501.0359,111.6664,51.6406,42.0654
501.9058,112.1627,51.5492,42.0280
502.6969,112.2726,51.3111,42.1238
503.3799,112.7582,51.0823,42.1990
503.8743,112.7141,50.8413,42.3090
504.8382,112.7104,50.7554,42.3583
505.5468,113.4123,51.0070,42.1322
505.2317,115.1586,51.2104,41.6012
506.5905,116.2715,51.0270,41.8134
506.6876,116.4428,51.3117,42.1631
507.7322,116.3626,51.3601,42.6033
507.5643,117.2413,51.9470,42.4792
507.1585,118.0225,52.3637,42.6587
508.2586,118.2538,52.3157,42.9830
508.4612,118.3607,52.5954,42.9543
508.1157,118.6858,52.7016,42.9758
508.2117,118.4883,52.9889,43.1277
508.4120,119.0461,52.9310,43.4575
508.7639,119.1242,52.9811,43.7116
509.1950,119.6979,53.0905,43.7207
510.2243,119.5930,53.1947,44.0701
510.2594,119.7802,53.5188,44.0180
510.6730,120.4489,53.6632,44.0134
511.5692,120.3397,53.6648,44.4574
512.5280,120.0590,53.8809,44.7648
512.4005,120.9244,54.2421,44.7756
512.3300,121.6858,54.5162,45.0533
513.7111,121.3969,54.5988,45.4884
514.4880,122.5789,54.6128,45.4655
515.3209,123.0349,54.5909,45.6596
515.9038,123.4553,54.6599,45.7738
517.1343,123.6108,54.4789,46.2991
517.6102,123.9575,54.7671,46.4469
518.5977,124.4393,54.7050,47.2734
519.2463,124.7099,54.7737,47.6114
520.0342,124.1902,54.7256,47.8868
521.1568,124.5557,54.7822,47.9281
522.4162,124.6288,54.8762,47.9725
523.5980,125.0623,55.2525,47.7290
524.4850,125.3730,54.9560,47.5745
525.3256,124.9948,54.9736,47.5239
526.0654,124.6029,54.7239,48.0670
529.2632,123.5434,52.6514,49.6432
536.4517,124.7738,48.5126,52.2149
554.4639,125.5095,37.3030,64.5553
557.6496,124.7264,30.1019,72.5102
559.6108,119.6199,28.4168,71.8074
561.4306,118.4460,28.3253,70.8229
561.9925,118.0927,28.5436,69.1167
561.9543,118.0767,28.6261,67.5297
562.7281,118.4380,28.6600,65.9850
562.3743,118.6829,28.6612,64.6522
563.2767,119.4118,28.5633,63.3241
562.6929,119.4085,28.6074,62.0043
563.2734,120.6683,28.2226,61.1563
563.4940,119.8375,28.1208,60.6840
563.4662,119.7779,28.0062,60.0861
564.3588,120.2410,27.7929,59.4415
564.6655,120.5016,27.6270,59.2737
565.3851,119.9619,27.0978,59.4181
566.6240,119.8487,26.1596,59.9575
567.2999,120.1397,25.3998,60.1812
567.8867,121.3744,23.8915,61.5191
569.4824,123.2141,21.2440,65.0152
558.1505,119.5705,29.7591,56.3330
552.9753,121.2232,37.2018,49.8601
547.5995,122.2201,43.0472,45.4157
543.3507,122.7830,47.0105,43.0576
542.0887,122.2521,49.1757,42.3684
542.2620,121.5580,50.1127,42.4142
542.2913,121.2999,50.3292,42.5427
543.0132,120.9387,50.3903,43.2734
543.8058,120.5348,50.5104,43.7250
544.5259,120.1759,50.8796,43.9844
545.0568,119.6823,51.2407,44.3125
544.8447,119.4401,51.2189,44.4405
544.5287,119.0674,51.0762,44.4466
544.3066,118.6166,51.2103,44.4336
544.8854,118.6771,51.2605,44.4891
544.7131,118.8905,51.3707,44.0911
544.6072,119.0832,51.2742,43.8542
545.0188,118.8750,51.2138,43.9365
544.8388,118.7403,51.0870,43.8280
544.5956,118.5610,50.8714,43.5682
544.8819,118.8443,50.8441,43.6053
544.8273,118.9182,50.8476,43.4462
545.8174,118.1040,50.5354,43.8519
550.7308,117.3693,47.0947,46.4721
563.0891,118.6139,37.6905,54.5992
567.5848,119.5728,31.3913,59.8882
571.2443,116.1034,31.6576,60.1328
572.5869,112.8298,33.7455,58.4813
572.7379,113.5240,35.1025,56.9765
571.6860,113.8350,35.9141,55.7197
571.1345,114.4166,36.1278,55.0310
570.4740,115.5086,36.0644,54.8399
570.5121,115.2098,35.8784,54.8746
570.6671,114.4509,35.8054,54.9715
569.3959,114.5903,35.9177,54.9718
570.0952,114.6968,35.7304,55.1886
570.0305,114.6339,35.8273,55.1299
570.1448,114.5106,35.8349,55.0997
569.0162,114.4435,35.8863,55.1438
570.2287,114.3527,35.6691,55.2723
569.3640,115.1919,35.6676,55.1413
570.0942,114.6799,35.6324,55.1970
569.8864,114.8636,35.6132,55.3311
570.3153,114.6272,35.5465,55.3590
570.2236,114.5881,35.6204,55.1828
570.0510,114.5490,35.6856,54.9021
569.8287,114.3181,35.6505,54.8928
569.8069,114.0570,35.5679,54.7443
570.3616,114.1309,35.2093,54.9179
570.9816,114.1099,34.8915,55.1089
570.8819,113.8453,34.9268,55.5500
571.3228,113.5271,34.8109,55.8802
571.6487,114.2106,35.1787,56.2642
572.2640,114.1313,35.8056,56.8526
572.7147,114.5570,36.7715,57.2339
573.0131,114.7561,37.6450,57.4180
574.1825,115.0148,38.2804,57.5918
574.7839,115.0033,38.8364,57.9480
575.9324,114.2933,38.8521,58.6406
576.7462,113.6033,39.2021,59.0008
577.4297,113.0980,39.6187,59.2747
577.9152,113.4964,40.0285,59.2320
578.9520,112.8338,40.1660,59.7479
578.9642,113.1295,40.2968,59.4902
580.1715,112.6943,40.2346,59.9531
581.2394,112.5804,40.3013,60.0309
581.7183,112.3523,40.4089,60.0144
582.2490,112.3274,40.5107,59.9908
582.0816,112.2065,40.7095,59.5913
582.4317,111.5045,40.8789,59.5159
582.2991,112.2562,40.7211,59.2631
582.8353,112.3656,40.5453,59.1575
583.2034,111.9223,40.5502,58.9032
583.3914,112.3710,40.4259,58.7504
583.3939,112.1344,40.4349,58.4063
583.3685,111.6133,40.1653,58.3413
583.1517,111.1601,39.3766,58.3283
579.2748,112.5105,38.9607,55.8369
583.6635,114.4470,30.4814,65.1419
574.2784,111.0564,33.0367,62.6973
567.6150,111.9074,40.1573,55.9861
562.6337,111.5281,44.9853,51.4294
560.4399,110.7511,47.6852,48.7848
559.6467,110.0973,48.7393,47.1785
560.1071,110.0692,49.3926,45.8778
560.4209,109.9320,49.6871,44.9390
560.7240,110.0653,49.4795,44.7307
561.0161,110.2622,48.9921,44.3496
561.0554,110.0474,48.7454,44.0835
561.2504,109.3898,48.5195,43.9121
561.0585,109.3136,48.3782,43.7281
560.8572,109.5478,48.6888,43.2734
560.1423,110.0144,48.8729,42.6363
558.5057,110.2006,49.6737,42.1583
557.0553,110.4746,50.1504,42.1307
556.1592,110.5060,50.4863,42.1745
555.2122,111.3100,50.5437,42.3456
554.5418,111.2333,50.8098,42.4729
554.0728,111.6876,50.7815,42.4410
553.6874,111.4413,50.7896,42.3404
553.0853,111.3528,50.6503,42.4602
552.6224,111.1623,50.4618,42.4564
552.2396,111.3831,50.4153,42.3097
551.6203,111.6612,50.4237,42.1651
551.6815,111.8323,50.0519,42.0006
551.2051,111.5968,50.0288,41.9965
551.7379,111.0403,49.9147,42.1271
551.5424,111.4792,49.7889,42.0611
551.5765,111.2568,49.6954,41.9496
551.6960,111.0161,49.5842,41.7347
552.2659,110.8145,49.4842,41.6835
553.1263,110.1542,48.8684,42.0304
559.5430,109.6918,45.3767,43.7901
571.3921,110.3046,36.3099,52.1373
575.5963,107.8275,30.3331,57.0599
579.7004,107.5766,28.4927,58.7490
581.0668,106.3900,28.4452,59.0041
580.9175,105.6659,28.8407,58.4659
580.2927,105.3045,29.1809,57.7262
579.0198,105.3092,29.6622,57.0498
578.6763,105.9260,29.4540,57.1625
577.7635,105.5554,29.6301,57.2732
577.2831,105.7505,29.7087,57.2925
576.7045,105.4934,29.0512,58.0992
577.4507,106.1422,26.2998,60.4863
578.5427,108.0780,22.5819,65.9975
565.7599,104.6521,30.7153,56.9205
559.7109,106.8635,37.9415,49.4759
554.0731,108.4130,43.3705,44.7532
548.6210,109.3109,47.2184,42.0507
545.3033,109.7553,48.7020,40.7734
544.0820,109.4542,49.9614,39.8454
543.6456,108.9903,50.4080,39.5493
544.3834,108.8965,50.3286,39.4141
544.1821,108.6696,50.3796,39.3363
543.9842,108.5164,50.6043,39.2498
543.8142,108.2503,50.7792,39.1839
543.5145,108.7483,50.7188,38.9714
544.1383,108.2329,50.3849,39.1971
543.7734,108.4046,50.4081,39.1344
543.4366,108.0605,50.2844,39.1235
543.2018,107.7256,50.1198,39.3441
543.9979,108.1570,49.7994,39.3620
544.6653,107.1000,49.4429,39.5765
549.3029,107.2319,46.7877,40.9960
561.3872,107.8701,37.5796,48.7878
566.3959,108.9600,31.0852,54.2658
573.7288,104.7130,31.0730,54.9838
573.6109,104.0878,32.3641,54.0929
573.1353,103.8849,33.1470,53.6270
571.9295,103.7613,33.9171,53.3926
572.0939,104.1314,33.9334,53.7320
571.8238,104.1020,34.0351,54.0297
572.0971,103.5797,34.0581,54.4729
572.2079,103.6130,34.1267,54.4446
572.0942,103.6460,34.2356,54.5289
571.8815,103.4145,34.3800,54.6095
571.2726,103.7338,34.5085,54.5454
571.7565,103.0874,34.3334,54.9028
572.0022,103.2890,34.3304,54.8245
571.4099,103.3241,34.2804,54.7724
571.7719,103.4105,34.2314,54.6939
571.7897,102.8054,34.2998,54.9133
572.4047,102.6675,34.3469,54.6404
571.7512,103.2911,34.4175,54.2544
572.0281,103.1661,34.4782,53.6488
571.6333,103.4526,34.3416,53.5804
572.1854,103.1167,34.1431,53.3710
572.8478,103.0467,33.8742,53.3828
572.7711,103.5357,32.4159,54.1915
575.3008,105.2986,26.1002,61.6980
571.5114,103.4075,27.8045,59.4464
563.2708,101.9548,35.6948,50.3050
557.7080,103.9615,40.7403,44.9860
552.1649,104.9749,44.8033,41.5914
548.8591,104.9146,47.5411,39.7868
547.6941,104.9744,48.1534,39.3031
548.3790,104.7757,48.3775,38.8879
548.4454,105.2790,48.1370,38.6283
549.0014,105.0977,47.8789,38.6597
549.9703,104.5843,47.7665,38.7782
549.4466,105.0820,47.5300,38.1440
549.1014,104.6288,47.6558,37.7220
549.2476,105.1845,47.6036,37.3005
548.8842,105.6543,47.5409,37.1922
549.2226,105.2067,47.4221,37.0737
548.5162,105.5469,47.1105,36.9135
547.5871,105.5720,46.7481,36.9307
548.0208,105.3288,46.8213,36.7081
547.3950,106.0981,46.6207,36.7199
546.0760,106.8542,46.6347,36.5159
546.1730,106.3783,46.8477,36.3992
545.1216,106.0593,47.2295,36.3730
545.0137,105.5441,47.6690,36.3034
546.5927,104.6303,46.6371,37.2949
556.2160,104.5881,42.2733,40.6033
566.9315,105.1437,33.8972,48.8090
571.2285,106.4048,26.4073,57.9077
573.3507,103.0979,22.0684,62.9248
574.4774,101.3071,19.7123,65.6322
575.0828,103.2889,18.4641,68.0534
575.2081,100.9448,17.8714,69.1311
575.5594,100.1033,17.5162,69.6228
575.9330,102.7758,17.3226,70.4847
575.9874,100.9571,17.2589,70.9359
575.9761,100.1882,17.2273,71.0503
575.8141,102.5112,17.2822,71.6803
575.9672,100.9310,17.3541,71.9716
576.0654,99.9878,17.4197,72.3251
576.5703,102.6525,17.4387,72.7780
576.7195,100.7775,17.4757,73.1673
577.1956,103.6758,17.5052,73.8875
577.2734,101.4703,17.6292,74.2805
577.3705,100.1196,17.7520,74.4978
577.4123,102.9649,17.8256,75.2977
577.5432,101.3690,17.8579,75.9479
578.0450,100.3705,17.9744,75.9702
578.3560,101.7748,18.9382,75.4943
579.0580,97.6153,25.1926,68.1068
578.7855,99.5863,30.6219,62.8297
579.0427,101.1068,33.9098,60.5397
579.7750,101.4410,35.9939,59.7759
580.5930,101.7864,37.1260,59.3316
580.4464,101.5762,38.0645,59.0142
581.3260,101.4548,38.7131,58.9639
581.0930,101.6651,39.2226,59.0496
581.9103,101.5821,39.5490,59.1040
581.6190,101.8098,39.8870,58.7550
581.7175,102.2823,39.9415,58.5681
582.7329,102.0682,40.0688,58.7707
583.8373,102.3223,40.0954,59.0982
584.6135,102.6069,40.1119,59.2361
584.6422,102.6617,40.2755,59.2549
585.3395,102.6465,40.4468,59.2980
585.4385,102.8702,40.3562,59.2503
585.6870,102.8539,40.3737,58.9247
586.1169,102.8282,40.3033,58.8095
586.2415,102.5104,40.2376,58.8790
586.3433,103.0638,40.2084,58.7201
586.4274,102.8745,40.1723,58.7786
586.6915,102.3304,39.9721,58.9065
585.9987,102.3732,38.4524,59.1513
584.7037,105.2491,30.3445,68.1789
583.7006,102.6383,29.7601,67.9906
575.3956,104.2512,37.5225,59.9431
568.1097,100.5192,45.2663,52.3794
563.9840,102.1467,49.0753,48.2373
561.3859,102.5717,51.0770,46.0422
561.5465,102.7433,51.2133,45.1080
562.0225,103.6891,51.2950,44.1939
562.2313,103.6868,50.9299,43.5169
562.0327,103.9972,50.4073,42.9830
562.8545,104.0783,50.0440,42.6927
563.1428,103.8505,49.9874,42.0917
562.8946,103.9111,49.8449,41.6120
562.1943,103.8208,49.6498,41.0783
561.6863,103.9462,49.1457,40.6122
562.5678,103.7413,48.7035,40.4829
562.9478,103.8896,48.4025,39.9467
563.4306,103.8121,48.2263,39.5925
563.2264,103.8240,47.9678,39.0364
562.9036,103.9148,47.6458,38.4629
563.4608,104.2598,47.1902,38.0832
563.8811,104.4712,46.7636,37.7246
564.3270,104.5246,46.3968,37.6552
564.7584,104.7736,46.2951,37.3232
572.0523,104.4154,44.2414,38.3217
582.0186,105.6362,40.3754,40.6640
586.0009,106.9857,37.7301,41.7539
590.7457,106.4075,38.1636,41.4508
593.2664,105.4176,39.5760,41.3055
593.7144,105.1084,40.8306,41.0575
593.6365,105.5170,41.4708,40.7712
593.9351,105.5090,42.0503,40.7998
594.0569,105.7504,42.2465,41.0120
593.6838,105.5606,42.1339,41.3450
594.6282,105.0710,42.1302,41.7042
594.5855,105.3648,42.3893,41.7169
594.9233,105.0170,42.6619,41.9270
594.9477,105.2541,43.1341,41.7685
595.6910,104.7272,43.3913,42.5274
596.3463,104.9864,43.5225,42.8318
596.5129,105.1118,43.9092,43.0726
597.7822,104.5857,44.2926,43.6120
598.0764,105.2302,45.0271,43.9355
598.7691,104.7758,45.6077,44.7132
599.2963,104.1779,46.2818,45.2902
601.6445,103.8869,47.0307,45.3472
602.8053,103.1836,48.1815,45.2873
603.7307,104.1500,49.3963,45.0157
603.5095,104.1010,50.0367,45.3497
603.7330,103.3422,50.8475,45.6508
604.9141,103.1236,50.9994,45.9612
605.8330,103.4727,51.4999,46.0489
605.8980,103.1821,51.6685,46.3136
605.7546,103.5320,51.8273,46.6370
607.0243,103.2647,51.9538,47.0685
607.1692,102.5502,51.6060,47.5166
606.9053,103.0592,52.2224,47.3473
606.9479,102.9544,52.1861,47.4707
607.2466,102.7309,52.2449,47.5358
607.9861,102.5937,52.2084,47.6089
607.5042,102.4707,52.1620,47.7491
607.8445,102.8520,52.2545,47.5304
610.0424,102.3679,51.8877,47.8699
610.2035,100.2742,48.9611,49.1664
613.3026,99.9110,39.3904,57.5597
610.2477,97.0858,34.2904,60.9353
603.0688,98.8114,39.4946,54.5010
598.0941,99.1802,44.6321,49.3640
594.3938,100.0499,47.5618,46.0105
592.3787,100.2900,49.1735,44.5402
592.4327,99.9900,49.6271,43.6570
592.5931,99.3013,49.6380,43.2005
592.8633,99.1889,49.5379,42.7543
592.5601,98.7105,49.4755,42.3036
592.5984,98.9644,49.0833,41.8476
592.2349,99.1175,49.0597,41.3154
592.4279,98.8337,48.9386,41.1168
592.5976,99.1534,48.6652,40.7378
592.5461,98.7684,48.5778,40.6921
592.4649,99.2110,48.3989,40.5645
592.3593,99.2060,48.3279,40.4111
592.4742,99.2038,48.5611,40.0532
592.2726,99.2922,48.4762,39.8292
591.4987,99.5036,48.7170,39.2732
591.8711,98.8265,48.4598,39.1142
590.8749,99.1843,48.0814,38.5246
591.9964,99.2205,47.6654,38.2958
591.5560,99.0964,47.7036,37.6951
591.7200,99.2201,47.6050,37.3351
591.7642,99.6074,47.5408,36.8574
591.8891,99.3909,46.9254,36.7277
594.9924,98.8680,45.7694,37.3985
605.7347,99.1523,41.5461,39.7078
611.2104,99.8387,32.9172,48.0197
618.1945,97.1177,35.0943,45.8842
618.2913,96.9236,38.6479,43.8193
617.0526,98.0726,42.0678,42.3212
616.4955,97.9638,43.9873,42.1189
615.9786,97.9833,45.2202,42.3197
615.0759,97.2489,45.6664,42.6379
614.3374,96.9945,46.2848,42.7952
614.1673,97.8543,47.1023,42.7910
613.5502,97.4896,47.4413,43.3529
612.6003,97.4373,47.4025,43.8195
612.8904,97.6752,47.5385,44.1454
612.6017,96.3802,46.3139,44.9904
610.6878,96.2325,42.1273,47.1305
613.4492,96.9879,34.7308,54.2537
608.4164,94.9586,38.6412,49.0241
605.1537,96.9262,41.1580,45.5807
602.7711,97.5634,43.1811,43.0420
600.9993,97.3084,44.1960,41.8099
597.3264,97.0469,45.6028,40.8346
593.5942,96.4385,47.1514,39.7367
591.7082,95.6456,47.3844,39.4495
591.4174,95.0782,47.1345,39.4652
592.0613,95.1566,46.9110,39.5817
591.6212,95.5200,46.7389,39.3656
591.7150,95.1285,46.8543,39.2319
591.8826,94.6659,46.6400,39.0913
591.6181,94.4926,46.6129,38.8267
592.1532,94.3590,46.6066,38.6994
592.6645,94.2594,46.4018,38.6288
592.5636,94.1922,46.4751,38.5005
593.2225,94.2377,46.4932,38.4350
593.3461,94.3513,46.6385,38.2242
594.7296,93.9623,46.1308,38.3399
599.5579,94.2464,43.2842,39.9247
616.3840,95.0510,34.7929,46.9734
621.5242,95.2313,34.6085,45.2631
623.9070,96.4769,38.0955,43.6478
624.8645,96.0992,41.2043,43.0817
625.2605,96.2214,44.1145,42.4278
624.5786,96.6839,46.4956,41.8919
624.6053,96.2595,47.7663,42.1358
624.8727,95.9940,48.8065,42.5424
624.8127,96.0396,49.9681,43.0220
624.8576,95.3116,50.5289,43.7141
625.0480,95.5967,51.2041,44.2043
625.1738,95.2021,51.2443,45.0116
625.8229,95.2495,51.5662,45.5019
625.5715,95.3159,51.7353,45.8965
626.9319,94.9937,52.0202,46.0065
627.7217,94.9107,51.7085,46.3889
627.8260,95.0153,51.5195,46.5204
628.6747,94.9917,51.5018,46.4098
630.6219,94.9483,51.5068,46.1509
630.1233,94.0535,51.2226,46.1470
630.8210,94.1227,49.6420,46.2882
630.0896,94.0488,44.6430,48.4951
634.0414,94.8881,36.3067,55.6205
626.7020,95.3341,40.4311,51.1638
623.8161,95.6681,44.2157,47.1138
620.3668,96.2669,47.3528,44.5949
617.2596,96.1079,49.7477,43.3040
615.3064,95.8267,51.0113,42.5000
614.5906,95.6805,51.1672,42.3542
614.7393,95.9220,50.7891,42.2782
615.6919,95.9277,50.2115,42.4052
616.4563,95.6082,49.7361,42.5213
616.8493,95.6609,49.5357,42.1887
617.0383,96.0673,49.6297,41.6015
617.3256,95.8578,49.3941,41.4927
617.5334,96.1059,49.4108,40.9546
618.7008,95.9111,49.2604,40.7627
619.4880,96.0608,49.1311,40.4301
619.1916,95.9468,48.9504,40.3070
619.3376,96.0084,48.6699,40.3955
619.5454,96.0372,48.4451,40.3413
620.4983,96.0030,48.2673,40.3299
620.5114,95.8355,48.2041,40.2605
620.6249,96.1007,48.3350,40.2131
621.6989,96.0151,48.3034,40.2169
621.7693,96.1043,48.5082,39.9187
621.3902,96.5960,48.7683,39.4782
621.2970,97.0621,48.6149,39.3925
621.7360,96.7140,48.3319,39.6353
622.0941,96.3469,48.1815,39.6168
622.0751,96.0061,47.9268,39.5500
625.4691,95.5808,46.0525,40.9034
637.2156,96.1082,42.0032,43.1863
647.1656,97.6081,34.0040,50.7803
651.0690,94.5634,36.2285,48.2983
651.8420,93.5807,40.1461,45.5010
651.4003,93.9001,43.7732,43.7288
650.5900,94.7332,46.1224,42.8708
649.9304,95.1333,47.7130,42.4856
649.7704,95.2970,48.7155,42.7841
650.1992,95.1604,49.1894,43.1668
650.1893,94.7757,49.8226,43.4304
651.2040,95.1026,50.3756,43.7173
652.1401,94.8745,50.5822,44.0474
651.8879,95.4291,50.5260,44.1952
652.2371,95.0564,50.7766,44.4066
652.7707,95.4100,50.9049,44.5864
653.1556,95.4224,51.1346,44.6675
654.3955,95.3988,51.1579,44.9009
655.3900,95.5199,50.9726,45.4287
655.9359,95.5524,51.0081,45.7244
656.2288,95.3238,51.3127,46.0257
656.6094,95.8071,52.0748,46.2815
656.5758,95.4473,52.8252,46.5353
658.3533,95.5905,52.7312,46.9323
659.0465,95.3376,52.6500,47.3561
659.7545,94.9682,51.5508,48.1972
658.7361,93.3357,46.0894,51.0268
660.2153,92.5217,42.7749,52.0435
663.7971,94.2079,35.2367,58.9495
657.0801,97.0800,40.4046,52.9753
654.5977,97.6038,43.6629,49.1502
651.7729,97.6406,46.3071,46.3060
648.1229,97.0825,49.0120,44.3772
645.5505,96.8693,50.1573,43.5741
645.3803,96.3224,50.3208,43.2236
645.4369,96.3920,50.2838,42.6913
645.6123,96.2418,50.2465,42.6551
646.2451,95.9711,50.1263,42.4174
646.1701,96.0523,50.1742,42.1514
646.9515,96.2801,50.0916,42.0282
647.1412,96.1423,50.0133,41.6546
647.2561,96.4463,50.0483,41.5080
647.8505,96.2915,49.9621,41.3530
648.1797,96.2403,50.0820,41.0321
648.9770,96.1622,49.8200,41.0798
650.0016,96.2830,49.5607,41.0451
650.9720,96.2799,48.8498,40.8969
654.7003,95.8475,46.5505,42.1638
665.9266,97.0096,42.5148,44.3854
672.3026,96.9705,34.0183,51.7608
679.6421,91.7053,33.8593,52.4087
680.9988,92.4184,34.3359,52.7632
681.0160,92.5306,34.8952,53.5511
681.3411,92.9596,35.5333,54.2955
681.3615,92.6779,36.1143,54.8458
680.6382,92.0818,36.8898,55.0274
681.0884,92.4321,37.2125,55.4180
681.6355,92.4131,37.5051,55.9208
682.2120,92.4789,37.9926,56.3743
682.2075,91.4793,38.3919,56.6483
681.6097,91.9251,38.8432,56.8305
681.9781,92.2106,39.1381,57.3955
682.2599,91.6627,39.5123,57.8938
683.0677,91.7127,39.8518,58.4722
683.5433,92.0902,40.2285,58.7050
684.5760,92.3253,40.2653,58.8551
684.7496,92.3606,40.3218,59.1362
685.4147,92.3851,40.4874,59.3305
686.0565,91.9268,40.6868,59.3802
686.4073,92.1589,40.8103,59.5071
686.5849,92.0281,40.7225,59.3779
686.3410,92.8965,39.2121,59.4554
689.5488,97.9832,31.3457,69.1188
681.1627,93.8483,31.6789,67.7267
672.8654,96.1157,39.7770,58.7478
667.5981,97.5923,45.9088,52.6226
665.6084,97.8339,48.8421,49.1595
665.3062,98.4480,50.3063,47.7014
665.5233,98.4699,50.4536,46.9493
666.3959,98.9123,50.8048,46.1721
666.8484,98.7897,50.6991,45.5715
667.2383,98.6270,50.4744,45.4322
667.6917,98.9639,50.1303,44.7385
667.8502,98.7146,49.9716,44.4285
667.5758,98.8973,49.8139,43.9388
667.4109,99.0088,49.7143,43.3536
667.8124,98.8140,49.5125,43.2778
667.6533,98.6268,49.5292,42.8274
668.3648,98.4453,48.7887,42.7247
672.5659,98.2711,45.4883,44.5820
684.3799,99.1204,36.7496,52.0151
686.9526,99.7664,36.5799,50.3587
690.2175,98.5169,39.2476,47.4472
690.1011,99.1784,43.0055,45.2825
688.1734,100.0434,46.5432,44.2777
686.7021,100.0208,49.0399,44.2054
686.1477,100.3879,50.5483,44.8652
685.6452,99.8329,51.4950,45.6933
685.5810,99.3101,52.2071,46.2435
685.8700,98.5052,51.9127,47.2614
685.5782,98.0046,52.0519,47.7679
686.4597,97.6048,51.7321,48.4283
687.1442,96.7842,51.3809,48.8107
686.4589,97.2246,50.6962,48.8149
688.1691,96.6455,49.1212,48.8743
686.3100,95.9730,44.7229,50.5664
689.9461,97.0138,37.0459,57.3643
681.4104,96.9556,36.6986,57.1562
675.4764,98.0942,43.1583,51.3593
670.7548,99.6522,47.9169,47.5628
668.8495,100.0545,50.1796,46.0408
668.2586,100.0591,51.2033,45.3914
668.2877,100.0196,51.3929,45.2113
668.3876,99.8683,51.3172,45.2263
667.6642,99.8171,51.5782,44.9377
667.9005,99.4773,51.5192,45.0565
668.2189,99.0902,51.5542,45.2115
668.4982,99.3247,51.7117,45.2437
667.8959,99.3607,51.7254,45.2338
667.2952,99.0554,51.7724,45.2555
667.7056,99.2193,51.7299,45.5452
667.5327,99.3600,51.7028,45.6212
667.8474,99.2800,51.6460,45.6716
667.7864,99.3704,51.7038,45.7068
667.9852,98.7606,50.6300,46.5486
673.8669,98.4845,46.4973,48.8125
689.9297,98.9254,38.1990,56.7115
688.4887,96.6625,38.1615,54.9120
690.6588,94.8608,37.6327,56.0349
691.1529,94.8748,38.1150,56.3458
690.9148,94.8914,38.5351,56.6061
689.7806,94.4488,39.0687,56.4641
689.8613,94.4047,39.2142,56.5968
689.2263,94.9110,39.2904,56.5873
689.8255,94.2709,39.3461,57.0340
689.6956,94.4003,39.5019,57.2685
689.6678,94.5073,39.7204,57.5225
689.4802,94.3128,39.9153,57.8677
689.6419,93.8885,40.0889,57.9236
689.9053,94.4777,40.2679,57.8540
689.6311,94.1508,40.5514,57.8075
690.2781,94.0953,40.5070,57.9893
690.5138,93.9617,40.5448,57.9717
691.1608,93.9502,40.4737,58.0379
692.2927,93.9168,40.4521,58.1059
691.9711,93.8292,40.6132,57.9462
692.8035,93.7171,40.7155,57.9506
693.1093,93.6842,40.7842,58.0376
693.7372,94.3144,40.6702,58.0450
694.5104,94.8013,40.6768,58.2398
695.8585,95.1666,40.6247,58.6848
697.0457,94.5829,40.6954,58.9449
698.2941,95.1703,40.7561,59.1606
699.2515,95.5072,40.8470,59.2408
699.8336,95.8094,41.2044,59.6410
700.3993,98.2683,41.1506,59.9485
701.8459,99.9426,41.6659,60.1262
703.3373,101.5707,42.1743,60.2477
704.8806,102.7837,42.6992,60.5223
706.3906,103.1559,43.0940,60.7782
708.3939,104.8847,43.3601,60.8994
709.7484,105.8789,43.6701,61.3728
711.3469,106.4196,44.0071,61.7855
712.9382,106.5559,44.1454,62.3543
714.8958,107.5024,44.3045,62.3814
716.8743,108.4426,44.3980,62.4579
718.7626,110.4331,44.2906,62.5755
721.7372,112.6915,44.3682,62.4772
724.5576,114.2968,44.3830,62.8102
727.7407,115.4134,44.3660,62.9015
730.5903,116.9665,44.1860,62.6833
732.5541,118.9962,44.4280,62.4869
734.9802,120.9793,44.5010,62.0134
736.9188,123.3125,44.2884,61.3622
739.0204,125.6134,43.7706,60.8323
740.9857,127.4977,43.5479,60.3063
743.6924,129.6532,43.2895,59.6248
745.2583,130.9286,43.1478,59.4800
747.1313,132.2184,43.0907,59.1175
748.9529,134.1626,42.8158,58.8809
750.8513,136.0175,42.6174,58.9217
752.5825,137.8667,42.5321,58.8614
754.3368,138.9554,42.1865,58.7726
756.2584,139.1702,42.0389,58.4894
758.2294,140.8115,41.8004,58.4124
759.9791,142.1302,41.3993,58.2458
760.7966,144.0366,41.0058,57.7604
761.9141,146.1198,40.2131,57.6582
761.0873,147.7463,40.2129,57.3137
761.5540,148.2608,40.1250,57.5847
760.2154,148.2411,40.3183,57.7913
759.0824,148.6388,40.0455,58.5095
757.6035,150.0635,39.7171,59.4061
754.2455,152.4307,39.9488,59.5872
750.1417,154.4423,40.3208,59.9944
742.1158,157.1372,43.4761,56.2544
738.8691,159.8727,47.1580,53.6401
737.4485,160.3853,49.7522,50.8182
735.9958,162.3710,49.3961,50.0400
733.5086,164.4266,51.7662,47.2746
724.9813,171.8863,52.9821,46.7351
717.1642,181.3628,52.3944,47.7819
708.0731,188.8558,51.3376,48.1917
708.9221,191.7905,50.6424,47.5087
698.5178,195.3597,52.8389,46.3925
695.8963,196.7361,53.7879,47.4497
695.9396,195.9834,54.6016,48.6441
696.4321,194.0590,55.9380,49.6488
697.6105,192.1128,57.8130,50.4155
705.2850,189.6742,57.9984,51.1009
706.2574,185.7360,58.2832,52.4827
708.8378,181.3477,56.1428,55.3835
721.9839,178.5722,55.1032,56.2860
733.6984,178.6622,55.7356,56.5869
746.6201,169.8249,52.6169,60.8610
744.7555,165.3387,50.9610,64.1227
738.1659,164.2972,52.0858,64.9334
727.5114,162.4392,53.1410,65.0768
724.4501,159.7080,53.0409,66.1179
722.5230,155.5349,51.0762,67.6107
719.1620,154.0022,49.9089,68.4824
716.7816,154.6916,49.4598,69.7777
715.1501,155.0942,49.7075,69.9088
714.2885,153.6377,50.3901,70.0744
712.1942,152.5578,50.8775,69.6624
709.0983,151.2477,51.3960,69.6563
708.3386,148.6897,50.9936,69.6579
708.6977,147.8424,50.2430,70.4307
709.5397,148.5364,50.3069,70.3850
712.2592,147.9948,50.4886,70.3433
716.2663,147.2810,50.4939,69.8744
722.3139,146.4565,50.2027,69.4253
729.7158,143.7050,42.1055,78.5124
734.3043,142.3239,34.3794,88.8320
737.5074,142.5230,30.1621,97.6473
739.4261,136.5094,28.6441,102.6992
740.2891,132.5160,28.2268,105.7738
740.2712,129.0448,27.9638,106.8435
739.5227,129.4158,27.9815,108.9230
733.1649,124.1973,27.8471,107.9398
733.6236,124.5439,28.0578,108.1502
732.9572,119.5333,28.0309,106.4229
731.7406,120.0096,28.2264,106.0947
2
0
0
0
0
1
747.2734,173.9951,17.4760,55.9385
744.5921,172.5689,17.4931,55.5099
742.0525,170.7616,17.6188,55.0453
739.1035,169.0465,17.8103,55.1528
736.0416,166.5836,18.1158,55.3135
732.3283,165.2179,19.5615,54.9729
725.4821,162.8049,22.4442,54.3104
722.1639,161.6219,24.5633,54.3442
719.7051,160.9958,24.9063,54.7512
717.7644,159.5528,24.3844,55.1329
715.2091,159.2951,24.0066,55.1850
712.4439,158.3820,23.7622,55.4578
710.0072,156.4122,23.9206,55.1278
707.5768,156.7307,23.5085,54.7629
705.0632,154.8593,23.1439,54.5842
702.5020,155.0481,23.3221,54.4030
700.3118,154.2033,23.6004,54.2113
698.1207,155.2276,23.5067,54.5672
696.5424,154.9989,22.6497,55.7288
694.0776,157.6127,22.3345,55.6869
692.1486,161.9220,21.5927,55.8911
690.1816,168.8904,20.9627,55.8615
685.3802,179.4651,20.6610,56.0098
683.6133,193.4155,20.2622,55.6804
677.8928,208.5544,20.0675,55.0784
671.9469,231.6586,19.7501,54.9735
667.3427,255.3658,19.4591,53.4430
661.5999,265.4748,23.3121,48.6127
660.2280,266.6327,25.5187,46.9638
658.4726,267.8116,25.9581,45.6656
657.3199,269.1497,25.6911,45.2184
