1
650.9537,275.2547,26.5675,138.1427
651.1710,280.1787,28.5715,138.0432
651.9670,278.9138,30.7009,138.3186
652.3937,281.2840,31.6650,139.6529
646.3318,281.6720,32.7931,141.9149
639.8641,285.5278,33.7024,141.9527
639.6261,286.3024,33.5954,141.8793
643.7212,285.6466,34.2296,143.0090
644.2133,286.2345,33.6944,145.0592
640.7908,283.7152,34.3360,148.3274
636.7216,286.6100,35.5161,150.3787
633.5500,291.9391,34.5352,151.0747
631.5538,300.5031,34.4595,150.6817
627.8495,307.3244,35.3470,150.5026
624.3333,309.5180,34.7111,150.1402
625.2090,311.7398,33.6900,147.0410
629.6265,310.6887,34.8072,143.6467
634.1960,305.4642,34.9372,143.9084
637.8278,300.5647,34.3089,144.5159
636.2048,300.8703,32.9015,143.4366
631.2844,303.1455,32.6826,142.3141
633.3300,305.9749,32.1872,139.9892
644.5538,300.5034,31.8390,140.8770
648.9219,301.4867,31.4310,140.1292
647.0907,298.9098,30.7523,140.8816
648.5568,298.9608,30.3265,141.5945
650.4471,298.6191,29.9824,140.3939
652.7477,296.0681,29.6822,141.0009
655.0446,290.3889,30.6109,141.2268
658.2065,283.9426,31.2370,141.9203
658.3321,278.6067,31.4076,142.2333
660.1971,275.5898,31.9169,141.8642
663.6258,269.3620,32.7431,142.5957
663.2733,262.0130,33.3823,144.3490
657.1784,258.1405,33.5508,144.4570
651.9669,255.7814,32.9317,143.8054
647.7722,253.9104,32.3125,144.1625
646.2717,249.1344,31.8083,146.0999
644.6665,245.9626,31.6544,146.9417
641.9887,244.4824,31.6976,148.0642
637.9708,242.2690,31.6896,149.0515
631.4710,243.7896,31.7542,149.5325
624.2089,244.0636,32.0716,149.3380
626.1240,241.4332,33.9415,148.1242
630.1435,237.3341,34.7368,146.0676
634.0197,232.3771,33.6219,147.0666
633.6522,230.5236,32.0004,147.5583
631.4877,232.7851,30.7268,145.5914
633.8791,232.3507,31.5036,145.7367
638.6577,234.8053,33.2740,142.7828
643.7917,235.5733,33.6685,141.2385
646.6714,235.7231,34.0465,140.5677
646.8969,235.0039,35.0071,140.2484
647.0483,233.6211,35.3271,139.8992
645.8870,231.8733,36.5123,139.0853
646.5056,233.3355,37.1735,139.2091
649.1759,234.3479,37.5527,138.1385
651.2081,234.2886,39.5127,135.9854
652.2165,234.0162,40.5462,135.7710
654.0065,236.9142,41.3476,133.8224
657.5198,234.9425,42.3294,134.9900
662.0405,231.9348,42.0809,136.1054
666.5145,230.5051,42.0329,136.3462
670.5264,229.2714,40.6592,137.1355
675.1438,230.1423,39.3996,137.0460
680.5116,229.5479,37.4064,137.9378
691.8458,228.3157,38.0877,134.0875
694.5908,226.8288,38.6745,132.3034
697.0883,226.1236,38.9289,131.1902
699.1151,225.3996,38.3365,129.1122
697.5188,222.5632,38.8332,128.8047
696.4704,219.5526,38.8771,129.0064
698.8203,215.3997,38.6492,128.5391
701.2134,211.7864,38.2618,128.6449
702.7410,210.5256,37.7941,128.6834
703.8788,208.4164,37.4314,128.6576
703.7369,204.2610,37.2995,127.6435
705.4406,202.3468,36.9129,126.4667
708.3198,203.1597,36.4965,125.0651
713.9360,202.3637,35.2796,127.5653
736.6754,197.1801,34.6734,129.8630
749.6742,192.6995,35.3086,131.3962
755.6600,188.8107,34.0915,133.2663
751.7070,189.5307,33.7130,133.8714
747.8141,197.7081,33.6309,134.5138
748.8661,203.9621,34.2685,136.3968
753.7278,207.5362,34.1761,136.5996
752.7608,210.6282,34.1782,137.8322
750.1207,214.3883,33.2345,138.3851
750.2869,215.8496,33.1345,139.0367
746.3157,217.0750,32.8054,138.7289
743.8734,220.8458,32.1026,138.0580
742.2203,222.6910,31.5845,138.8148
740.9960,221.4896,31.4344,139.1910
743.4011,219.8311,31.5575,137.9779
741.5624,214.2111,32.9580,138.9919
731.6211,211.4818,32.7407,139.5319
732.5056,209.3266,32.8280,140.5425
737.5180,206.5829,32.8763,139.4790
741.6270,205.5635,32.3453,139.2301
744.7310,201.9399,31.9809,138.6693
745.2408,197.3972,31.5443,137.1992
744.2359,192.9604,31.0473,137.1494
747.5671,190.9243,31.6307,137.5538
753.4843,190.1008,31.7960,135.9787
757.4609,191.4920,31.2894,136.0444
757.3637,190.4877,30.3403,136.6043
756.7444,189.0938,29.9440,135.3728
759.4940,187.7139,29.9728,134.5674
763.6265,187.5389,29.9967,134.3470
766.2340,190.5121,29.9001,134.0727
767.2128,193.2099,29.2558,133.2479
768.8875,196.7363,28.4141,129.9900
772.1170,197.4322,28.0121,126.9209
774.2734,197.3532,28.1261,125.4086
771.5132,196.6302,27.9951,124.7259
768.1110,196.4687,28.4833,125.0693
766.5292,199.7272,29.6645,126.0875
765.7731,200.4836,29.7699,128.6664
763.8123,197.6062,29.3736,128.8402
765.1557,192.7791,29.3265,127.0123
768.2729,190.9404,30.2146,126.9106
770.7022,193.8359,33.0583,126.9173
773.0068,197.5125,34.0233,130.5971
771.0994,196.1457,36.1330,131.8593
772.5161,200.1076,37.4275,132.3566
775.4924,201.9726,37.1269,134.7155
774.8244,204.0019,35.8015,137.2343
773.0599,206.7659,34.3404,141.8152
773.9798,208.4035,33.0684,142.5297
777.2229,208.4133,31.8924,140.9836
778.8301,209.6869,31.4982,142.6312
778.4280,209.5149,33.0647,142.5511
780.8074,207.6026,33.3647,140.9222
793.1767,207.4818,33.4524,141.7426
796.8890,208.1207,33.1896,140.9678
811.2155,207.3166,33.3909,138.7420
823.7822,202.5595,33.3371,137.5755
825.1606,205.7936,34.8545,142.2057
836.2338,210.1950,39.5227,142.6051
848.3826,205.8738,43.5944,141.1789
862.3283,199.6033,44.9806,144.3574
878.0427,194.0087,43.8279,149.0046
888.3795,188.8720,45.6736,150.0127
883.1760,189.3467,48.4156,152.1569
877.6226,185.2678,50.4209,158.0906
873.0137,181.0219,51.8144,162.7941
873.0396,173.9224,47.3913,174.4129
872.0660,165.9125,45.8942,179.1231
872.5359,160.3421,44.7344,184.8252
872.2128,160.3855,44.6569,187.5102
868.6965,161.1736,44.7258,190.8010
865.9964,164.5544,44.1242,193.5665
864.7630,166.0107,45.3604,194.1618
868.4683,171.4063,44.5157,194.8165
871.3922,179.1933,43.6817,197.0494
870.4459,190.8672,43.9785,198.0021
866.5864,198.9530,45.4258,198.0037
860.6520,208.3523,49.0835,194.0426
856.6011,214.9557,50.5907,190.6219
856.3400,224.1385,51.1987,184.2686
855.4509,230.2145,52.4746,175.4381
852.4283,236.7948,55.3786,165.8284
849.6849,231.8728,57.0041,161.0435
850.5149,224.2803,60.3945,157.1100
851.9051,230.8701,61.3176,154.9448
853.7354,235.7828,60.7832,156.1003
868.0044,231.3925,56.8504,155.8747
869.2361,232.4800,54.0356,157.6124
866.3249,237.8353,55.7952,152.6043
856.6469,239.0791,56.9766,149.7331
845.7675,228.2469,57.2952,148.1028
860.1194,224.2858,59.3264,144.7020
871.6180,227.2092,57.3854,144.2410
869.9624,227.5794,58.7114,139.7016
854.1577,221.2580,59.6997,133.3326
841.8871,208.1388,60.3246,130.8515
817.9830,198.3926,61.3372,131.8081
818.7601,204.6723,57.3267,137.9635
824.8105,184.2466,49.8615,154.3005
849.2728,211.3307,49.4582,156.1362
842.9468,202.8236,56.4766,142.9508
842.6602,211.6158,60.2694,137.5050
829.2776,216.0906,60.5223,139.0444
843.5719,227.4357,58.4911,141.6821
869.6647,252.2573,57.6517,145.1414
895.0737,272.7264,58.9506,146.0058
908.0804,282.0633,59.8687,148.1642
907.7335,300.1412,61.0494,149.1023
895.1206,302.5014,63.0601,146.7121
885.5781,295.1447,62.8274,144.1890
864.8167,302.5834,77.5206,129.9674
840.8356,331.8395,69.3016,129.0968
856.8021,361.0617,64.7871,124.0798
2
0
0
0
0
1
660.7073,212.1817,190.8163,193.8878
660.7783,216.7733,194.4077,196.9488
600.8331,238.8091,191.1152,200.8433
572.2005,235.4848,179.6174,210.0009
568.5971,231.5708,170.0444,215.6380
563.5345,224.9564,163.9270,218.9067
561.3944,213.3359,162.2632,213.5309
569.0451,204.0884,140.1238,236.3895
596.0568,198.5783,122.2458,258.6324
602.4728,249.2212,118.1045,258.4715
625.8560,259.5552,119.2979,252.5512
631.1003,268.6775,125.4024,238.6023
651.5030,283.2754,127.9543,229.2901
640.7977,290.2523,147.0611,210.6343
637.6425,300.2723,155.0266,195.8749
640.2482,303.7892,155.8485,190.2979
645.0440,280.2452,157.5292,188.6724
660.6119,245.1607,155.3741,190.2024
661.3939,243.1599,151.6153,191.9166
665.2791,236.5053,129.9818,213.6518
659.4893,228.4937,106.2568,238.5610
662.8220,207.0710,90.1569,254.6805
659.7424,175.3954,82.4167,263.3508
655.3990,156.0630,78.5201,270.6955
649.8881,147.4347,77.2872,266.1893
630.5519,140.1494,78.8193,260.3830
623.8175,128.9892,79.1581,257.0872
619.1932,133.6525,75.5470,261.2810
592.5334,127.1196,87.9367,249.1145
586.0569,116.1514,92.8275,241.9103
580.7508,129.6492,95.9577,230.9253
573.9428,139.3908,96.0353,225.6417
571.8397,144.8566,95.8728,224.5089
568.7751,154.0857,97.1696,225.1676
577.2124,223.7000,89.8508,237.2305
581.6747,228.6224,84.5117,249.8687
579.3812,224.9030,79.4414,256.6462
578.2665,221.5040,76.6083,256.6451
591.2836,221.8643,75.7624,255.8952
