1
167.8013,64.0417,90.4345,66.5060
132.9350,88.8755,89.6660,68.7970
105.0214,100.2249,87.6024,73.8005
82.3084,97.8872,85.9853,78.3705
63.5155,103.7969,81.4659,79.7210
60.0865,119.4007,77.2698,80.5172
63.4170,130.1405,75.5727,80.8401
72.4789,143.6585,82.8688,79.0525
109.1307,148.2974,87.2956,76.2497
133.1367,140.0839,91.5138,74.6304
167.5887,124.1929,88.6507,78.5279
210.7567,123.9811,83.7137,81.7612
243.1057,130.6445,80.2599,82.0182
260.9870,137.7707,85.3661,80.5395
286.8094,131.4204,88.9836,78.1347
305.3308,131.2191,93.9512,81.3689
296.2630,137.6996,96.4816,83.2259
304.7440,136.0665,91.1474,86.3590
329.1193,140.1385,88.5108,85.7854
360.2123,147.5275,89.8281,84.1415
372.2346,156.4539,89.4160,81.2759
377.1923,172.4436,85.9383,77.8922
381.1932,179.8128,80.9545,74.8329
384.0215,177.3516,76.1137,75.4353
375.1061,162.1983,73.9254,77.1827
353.8979,142.0633,69.6259,77.3320
326.3441,130.0611,69.4631,74.7513
293.1770,126.4589,72.0080,73.8543
275.3098,128.8169,76.0377,75.0124
268.1659,131.0498,75.1996,75.3856
264.6328,137.5026,76.8415,73.2067
244.7644,140.8410,77.6541,68.7640
227.7371,144.6234,76.6201,66.9842
212.1182,144.1735,73.7733,64.8891
197.6584,140.9187,69.2858,63.6700
184.5547,139.0696,63.9030,63.7301
174.3970,140.2384,60.0511,62.7968
172.2614,137.1009,57.6358,64.8142
176.1009,134.0085,56.0317,66.4640
182.0315,125.8829,57.6918,65.5764
192.0548,124.1388,59.3047,60.3002
197.4438,131.6259,58.8401,57.8417
206.4013,143.7157,58.8715,56.5878
224.5868,140.2857,61.9986,55.1794
241.4138,139.9362,61.0132,53.1439
256.3795,146.0083,63.7490,51.6130
278.1992,145.5602,61.5397,51.5523
294.2363,148.1305,60.3040,52.0062
305.8374,152.3985,59.3488,50.9314
309.4950,150.5622,57.4948,49.8400
307.5980,151.5885,56.7187,48.3286
313.6496,142.5474,56.5467,48.2889
313.3124,141.0828,56.4641,48.3943
308.1335,140.5156,56.4623,48.4017
304.3653,143.4697,56.4597,48.4093
301.6535,143.9982,56.4335,48.4511
302.7790,143.9365,56.3965,48.4917
302.1393,143.1230,56.3641,48.5211
327.9216,159.0983,52.4775,49.0924
327.7594,152.2868,50.4444,48.4241
331.4940,157.8818,49.4391,48.8803
328.6585,157.6380,49.3319,48.8938
319.4566,156.3395,49.4039,48.8063
313.7098,157.9451,53.3087,48.4633
314.5107,162.1791,54.0391,48.4637
309.7397,164.2519,54.3519,48.4025
310.2197,163.9694,54.2420,48.4984
313.4536,165.6658,54.2366,48.5166
305.3508,168.0647,54.1380,48.6373
306.5723,171.8310,53.9026,48.4863
309.3981,173.1716,53.7998,48.3692
312.4734,168.2516,53.8265,48.3243
307.8345,163.4491,54.0603,48.3048
303.4198,164.3427,53.9980,48.2369
307.2633,165.0922,53.8086,48.2828
311.8553,166.8415,53.4261,48.3050
311.7962,172.4167,52.5678,47.5451
311.6485,173.6072,51.9542,48.5675
302.4325,176.0919,49.7726,49.3736
290.8320,174.8029,47.9536,50.5318
271.0721,175.8441,44.5292,51.7110
244.9466,175.2921,46.3632,52.0033
235.0356,173.4277,45.1649,51.0372
229.2336,169.4674,44.8508,50.4553
233.8645,167.3336,44.0770,49.2552
246.1160,163.3501,43.1291,49.9792
258.6888,159.5099,45.4954,49.0560
274.4270,157.0581,52.9855,46.2891
295.0770,165.8731,51.3207,47.6573
312.7057,169.8127,51.0786,47.8555
324.3721,169.4173,48.9120,47.6510
333.8552,165.3409,50.1179,46.9161
341.4051,158.5503,52.8181,42.3148
340.8895,157.1215,52.4889,43.9354
343.3055,163.5257,50.2944,45.8361
362.2287,173.7291,48.5772,46.0794
367.3395,180.7265,49.7188,43.3996
378.0675,180.0170,49.4382,43.0406
380.5294,183.2530,49.8231,42.2509
391.0100,189.5449,46.6538,47.2150
370.7386,186.6398,47.8919,50.1228
355.1540,184.1617,46.4300,53.5656
347.8447,190.0866,46.4231,53.7245
2
0
0
0
0
1
166.9490,200.7101,42.5741,63.3355
166.6018,204.2978,43.4247,66.3315
175.5545,205.3340,43.7513,69.7262
194.0603,207.4556,42.7903,72.3493
219.7507,212.8825,43.4186,73.6311
246.7177,218.1795,42.4607,76.2515
273.2032,212.7657,41.9575,78.6205
303.5757,211.5523,48.7631,75.1479
318.0716,204.0246,48.1808,74.1470
318.7924,208.0456,52.8912,69.9644
321.2159,210.1911,47.3508,77.6763
294.2641,208.0760,47.2604,77.8603
316.9843,210.0105,46.9020,78.3876
333.5820,193.7831,46.4483,79.2715
338.4062,190.3526,50.1400,75.5175
313.7937,189.4674,50.0204,76.1243
302.3452,187.8383,50.3892,76.1075
305.5475,195.0032,50.3870,76.1039
284.5939,201.3650,49.4724,76.0553
280.3028,201.1998,49.0353,76.1785
2
0
0
0
0
1
300.0481,191.2138,70.3308,78.1667
300.8136,184.5266,69.2960,80.4099
296.8000,184.3860,68.5523,78.3835
293.7649,183.7650,66.1704,77.9730
294.8970,178.3018,64.5843,78.3835
286.9787,172.2789,66.7655,75.5900
280.1603,166.7772,66.7012,73.7726
275.5536,161.8336,64.1385,73.9538
273.3688,155.9937,61.3395,73.1923
282.0634,147.5417,55.9560,75.5857
290.6572,148.9777,55.8022,75.6506
291.5000,150.2230,53.8648,75.4373
292.8397,158.1636,50.9856,78.7063
244.4111,142.8204,51.6492,72.9956
234.2859,144.3843,53.8727,69.6242
271.3343,154.1433,52.4945,66.1457
267.7254,157.6013,49.2885,64.5156
267.3146,152.4717,48.8594,61.2416
278.7510,148.5383,45.3522,61.9483
250.2462,144.5742,44.2484,62.5294
2
0
0
0
0
1
380.3033,167.3905,63.1832,52.3035
376.0252,181.1936,63.9123,53.9546
365.8826,179.0379,67.0805,54.1612
371.0489,175.6728,68.0228,54.3527
363.3045,173.3652,70.9082,54.6214
357.9693,173.2755,71.7406,55.8912
359.2381,170.4731,73.9757,60.0175
363.9523,170.1129,77.0760,62.5727
365.0453,169.8023,77.5337,64.8243
357.3933,165.2903,75.9926,65.2460
357.2538,161.5059,73.1367,64.9701
375.5040,174.3469,73.5564,68.6769
394.4407,189.6160,74.4520,66.6231
