1
191.3211,346.7573,45.3903,111.4619
198.8922,347.7513,42.5382,115.0736
204.4436,349.3301,42.4810,117.8773
208.1366,350.2408,43.3879,119.1951
222.2698,360.0847,42.8349,120.2705
236.4890,360.1724,42.4527,120.5676
249.7933,361.8733,42.9887,120.8397
260.1697,364.3524,43.1681,120.2034
272.8521,366.3062,41.6849,123.0559
287.1653,364.5309,41.9179,123.2513
301.0524,360.4530,43.2171,123.9487
317.3971,357.7899,42.1344,128.0374
333.1878,360.6923,42.7863,127.8252
348.8897,360.4315,42.9776,129.7641
364.3219,361.1183,43.6730,132.3779
380.8467,359.4567,43.0091,136.7521
396.3917,366.6433,44.5054,138.4900
412.5443,369.3276,44.4895,143.1924
427.9998,384.1530,46.6377,145.5096
437.1774,399.0179,54.6402,137.3337
445.9999,393.6833,78.2838,115.4980
450.7127,399.8544,70.3549,121.2255
457.3525,380.2307,62.2462,129.2224
470.0495,373.0053,61.8714,131.4467
482.3051,373.2623,64.6162,128.7160
509.3922,371.8289,64.9098,134.5833
527.1661,370.1448,61.5892,140.7451
538.8704,381.6252,59.1165,143.7352
529.3419,389.7184,59.9223,143.9124
518.4561,386.2634,60.6304,143.0853
517.8096,383.8071,64.6110,140.5291
509.2718,389.2701,81.3523,124.7127
500.4077,362.2583,74.8659,129.5310
530.1748,299.6154,66.6132,137.7349
555.5922,297.3217,66.4915,137.8312
624.7239,354.3260,64.1353,139.4906
641.9846,350.5174,54.9663,160.7488
629.8785,354.8869,49.8524,179.7053
617.6523,344.1005,48.1555,197.5104
588.7216,334.0699,49.1813,208.0308
539.7114,268.7526,51.3174,204.7032
2
0
0
0
0
1
647.5781,104.1393,110.6457,315.3062
676.2206,80.7433,115.8705,322.6477
694.9554,95.2745,139.6985,304.4138
667.1678,118.8613,178.5594,268.0855
638.7089,162.4920,207.1275,241.5312
612.2979,199.8525,228.1241,226.9746
603.7657,227.4171,234.8584,232.7259
600.0814,245.7185,223.6187,255.4495
584.4155,261.6629,212.9503,274.5220
566.1842,243.6387,205.5914,278.5443
541.7963,231.0025,201.8371,282.4675
540.7246,211.9498,201.9823,294.1933
544.8000,203.1389,198.8526,305.3759
521.4315,178.1930,230.2070,267.8761
508.7805,179.6460,248.6236,244.0923
507.0941,175.4494,249.2119,239.8590
529.4049,164.4736,230.7923,257.8088
564.5665,157.1075,206.9279,280.1067
583.2801,173.0001,197.7393,282.3964
620.9156,186.7649,195.5764,284.4906
648.9902,204.8828,180.7913,299.1931
669.7655,249.9642,174.2100,308.4738
709.6182,297.3651,168.3597,306.7072
717.6740,311.3584,156.1406,306.5414
754.4049,348.7201,145.3162,308.0040
731.9696,372.5182,138.0124,294.3609
742.7886,394.2151,120.8174,296.3900
753.0496,389.1788,102.6922,299.1247
756.7264,393.2499,89.5915,299.1458
759.1645,397.2569,81.0220,295.4807
759.8803,401.5023,76.7937,289.2925
761.9142,404.9262,73.6171,282.7868
764.3193,408.3117,71.0556,276.5607
765.4725,413.6123,70.8386,272.8914
768.4299,410.2903,67.8916,269.9878
768.9302,407.9959,65.4434,269.3484
768.1543,410.0208,64.8973,269.0150
766.6943,396.0348,62.9549,273.7693
765.5687,395.4824,62.5583,277.9974
765.2975,394.9399,62.5019,278.5967
765.0295,394.8450,63.3272,277.5738
764.8572,392.5871,63.7572,277.5189
764.6036,388.1515,63.0590,278.6139
763.9482,384.8822,62.0079,282.4889
763.4586,385.9028,61.8280,281.2544
764.8452,380.5701,60.3843,281.0552
763.8552,385.6688,60.0164,280.8327
764.4991,378.2178,59.2207,283.3077
764.2404,368.8803,58.8685,286.9743
762.4412,372.8073,59.7702,288.7819
761.4858,375.3364,60.1958,288.0612
760.6042,375.4055,60.7461,287.6902
760.2144,376.5195,61.4548,286.8900
760.9345,376.5909,62.3136,286.8869
762.5738,377.2291,63.1489,285.2090
764.1537,379.4627,63.6301,283.7823
766.3092,383.3810,63.3504,280.6243
767.5935,385.5385,63.4704,277.3193
769.3208,384.6147,62.9751,277.1218
771.2796,385.5903,62.3920,277.0466
772.9481,387.4819,62.1665,274.9892
773.8790,390.3545,61.5158,272.5282
774.4464,391.5315,60.9838,269.2423
774.8471,395.4170,60.0210,265.7677
774.4641,398.8646,59.5833,260.4486
773.3237,384.3237,58.5434,258.2595
771.9004,386.8985,58.5167,253.0571
771.2303,386.0760,58.3086,250.4498
770.0858,384.7633,57.9408,248.8358
768.7719,384.7427,57.4248,247.6964
