1
493.7306,402.5120,43.9886,43.4052
492.3077,390.6223,46.4399,43.7770
491.7004,380.6034,49.3850,43.4176
494.6026,372.0208,48.8923,44.0884
496.9738,368.2514,45.5947,43.2243
499.2058,368.3552,44.3249,41.7057
500.7364,371.1751,43.6108,40.2624
501.8436,376.3185,43.0438,40.7359
502.9588,383.5916,43.2544,40.3540
504.4174,392.3814,43.7052,40.4895
506.7693,406.0504,42.8148,43.1432
508.6709,425.1094,42.6098,42.6412
511.9888,424.0909,44.4019,40.4855
510.7243,397.3969,45.5355,40.8875
509.3632,372.3153,45.7735,41.9553
508.7992,355.0649,46.7120,42.6821
508.8043,339.3572,46.5481,45.6529
508.9434,325.1270,45.8501,49.1002
510.4550,314.8925,44.1619,51.5421
507.9700,305.1501,44.4235,48.9981
507.4358,300.3687,44.5273,47.5212
509.1792,297.5058,43.5599,46.1446
511.2597,301.2616,42.7901,43.6051
510.6963,306.8452,42.0903,42.2292
511.8770,313.9937,41.6842,41.7100
511.0113,323.0119,42.8383,42.0440
514.0446,336.8504,42.0855,42.3434
514.5527,357.0248,42.0265,40.3322
515.2628,375.7462,41.3060,40.8564
516.9658,398.8352,40.7011,41.3039
517.6226,427.8377,40.4664,40.4603
518.7226,434.9857,40.9846,40.1217
519.9867,410.8715,40.0030,41.0925
522.3232,391.8197,41.0833,40.7185
525.8181,373.4051,42.6217,42.2977
524.8395,360.2797,43.4194,43.0325
529.6797,346.8206,44.1043,43.7888
532.3114,340.1241,45.6567,43.1855
533.1372,334.1841,44.7202,43.2760
536.4550,329.8158,43.4536,43.5152
539.8159,329.6539,43.4542,43.2989
542.1138,334.7029,43.7135,42.7118
545.1990,339.7498,43.6968,42.8894
546.7153,346.9880,44.6436,41.0840
549.5256,361.7941,43.1453,42.0580
552.9182,375.7336,43.8049,41.5935
558.7513,395.3912,44.0101,41.9270
554.4559,379.9153,43.8563,41.9004
548.1721,352.0409,43.5323,41.9987
542.3053,324.9797,43.2360,43.8309
534.7422,303.3310,44.6797,43.8453
526.2623,286.1145,43.4867,44.4731
519.9147,271.9647,43.0033,44.4299
513.2088,260.2781,43.8737,43.9797
504.5095,250.5363,45.3289,44.2657
497.4302,241.3200,47.2373,45.2569
488.2888,240.1337,48.1611,44.3095
480.7054,240.2489,48.8226,43.2078
473.3271,242.1605,48.2410,42.9056
467.4922,246.3418,48.2096,43.6405
460.9015,256.1412,47.4055,44.8685
449.8799,270.4756,48.6198,44.4959
445.1122,289.8473,48.0233,43.4366
439.6735,310.1844,46.2928,44.9116
426.2280,333.9379,50.1373,45.2818
421.8662,359.8742,51.1545,47.7378
415.7070,387.3224,50.1089,47.8920
409.1897,382.1157,49.8612,48.1185
406.3860,365.5968,50.7909,52.2608
404.1866,352.0709,49.6916,55.2890
399.2938,343.3092,50.5847,53.4054
395.0010,339.2047,52.2086,52.8919
393.7212,336.1652,51.7626,50.6222
393.2452,336.7257,50.2670,48.8620
393.7237,340.7143,48.6872,49.2357
393.4383,343.8391,49.3385,50.8906
392.4274,355.9640,50.0578,51.0839
391.3153,369.3157,50.6992,50.5221
390.0273,382.8441,53.3742,50.8665
383.0847,404.4983,52.0611,51.5813
383.0201,432.5312,49.4073,49.4267
382.1001,455.1404,48.6885,47.0677
383.2896,443.6275,45.4303,45.6115
384.8096,425.9238,44.2051,43.2357
388.2517,409.0336,44.6261,44.0341
389.0013,392.8320,44.8932,42.6271
388.2916,384.8668,45.2192,42.5393
388.9503,376.9164,45.0915,42.4246
388.3607,371.8375,43.8909,40.7456
390.5624,370.3924,43.0186,39.3079
389.8647,371.2191,42.1055,37.8742
392.3357,374.0536,41.3521,39.7350
394.2928,383.6055,41.4100,40.2283
397.4188,391.5212,40.7371,40.7514
397.6921,406.8537,41.3428,40.7492
398.5871,426.8979,42.3996,39.8248
400.1592,441.8694,42.8491,40.8751
404.9849,457.1218,42.7737,41.6371
407.4411,435.1369,41.5397,43.7807
410.0211,411.7613,44.4325,44.0727
408.2232,392.3688,49.5440,44.4616
421.6723,376.2094,48.6403,44.2466
425.3247,361.9789,48.7146,45.5001
431.6319,350.7347,48.7019,46.8216
