1
595.8885,488.1838,72.6331,83.9160
595.4355,488.9823,72.0063,83.5352
595.6431,488.2890,71.4798,84.5454
595.9914,488.1997,71.1019,85.0772
596.6622,489.3718,70.4836,84.8948
599.1774,491.2171,69.8627,85.5436
599.6689,492.6305,69.4611,85.9242
600.9020,494.3265,68.5088,86.5051
601.4501,498.5704,67.5387,86.1363
600.8194,504.2712,66.9332,85.3391
602.8173,504.0459,66.1300,84.9192
601.8939,505.8827,65.5707,84.4697
601.5267,507.1354,65.5560,84.2262
601.4160,506.9916,65.3072,84.5447
600.5342,507.5090,65.0437,84.5106
599.4688,507.2356,64.7331,84.7791
601.4173,510.0286,64.7734,85.2746
599.7165,507.4096,64.4273,85.5405
601.0168,509.1271,64.5210,85.4362
599.7902,509.2540,64.8220,85.5680
601.1580,507.0287,64.0249,86.3420
603.1536,507.7066,64.5572,86.6772
601.2856,506.8184,65.1732,86.6553
604.5065,509.1885,64.8271,87.5644
601.1596,509.6323,65.3717,87.5154
600.5100,511.9845,65.5595,87.4376
602.4428,517.2917,65.7233,87.3633
601.9177,519.2828,65.7868,87.2304
603.4609,516.2079,65.9389,87.1670
603.6254,520.5624,66.1047,86.5864
605.3016,517.4058,66.2704,86.5609
607.7916,523.0223,66.6280,86.5302
606.9110,518.4894,66.6889,86.4571
611.5650,524.4576,66.9141,86.4085
612.1730,518.9761,67.3693,86.3068
613.6899,513.4623,67.3824,86.2963
615.7227,516.9464,67.4944,86.2016
618.7928,521.1335,67.7197,85.7384
621.1418,515.2256,67.6031,85.9370
624.0861,520.2618,67.5609,85.8801
629.0241,523.8082,67.3126,86.1054
632.6640,523.3966,67.1986,86.1858
635.5089,525.6568,67.0841,86.2777
626.8990,523.3715,67.0817,86.2705
626.1266,524.4016,67.0821,86.2703
623.3622,527.5475,67.0826,86.2705
620.2431,529.5131,67.0834,86.2700
617.2812,532.2600,67.0836,86.2696
613.8555,534.9581,67.0838,86.2691
607.1253,518.9538,67.2309,85.4240
610.1547,521.5131,67.2349,85.4085
604.6502,516.1738,67.2815,85.2452
603.4713,512.8481,67.2816,85.1987
602.3915,507.0249,67.3097,85.1335
601.2735,509.5578,67.3101,85.1327
599.0798,513.1884,67.3105,85.1320
595.7709,519.6430,67.3100,85.1324
589.5597,521.9600,67.3111,85.1314
586.1263,523.8940,67.3118,85.1307
585.6627,526.8411,67.3114,85.1310
587.0894,532.4421,67.3110,85.1313
589.0192,535.9322,67.3115,85.1308
590.0316,539.3597,67.3118,85.1306
589.8869,546.0061,67.3117,85.1306
586.4924,553.4417,67.3117,85.1307
583.5471,558.3508,67.3114,85.1311
585.2111,563.2044,67.3109,85.1317
588.5995,567.7028,67.3102,85.1323
594.0124,569.9919,67.3097,85.1327
599.8238,572.3209,67.3095,85.1328
604.7292,570.6229,67.3093,85.1329
609.2387,566.4493,67.3092,85.1330
615.0026,562.9151,67.3091,85.1330
619.7375,557.5217,67.3091,85.1331
624.6301,553.3745,67.3091,85.1332
627.3345,548.5046,67.3089,85.1333
626.8774,542.4951,67.3089,85.1334
626.7471,541.0569,67.3088,85.1335
628.0438,541.3516,67.3087,85.1336
626.3007,544.2687,67.3087,85.1336
623.4655,544.1761,67.3086,85.1337
622.8528,542.4384,67.3085,85.1338
623.4637,538.0259,67.3084,85.1339
620.4612,532.4797,67.3081,85.1341
2
0
0
0
0
1
756.6885,535.0830,82.8811,89.9143
763.2975,532.8712,80.8941,91.1805
768.1364,532.0604,79.2654,92.1735
773.7980,530.1355,77.8483,93.3135
780.1069,528.7917,76.9070,94.0888
785.3201,527.3877,76.7069,94.1786
790.7502,528.2770,76.2463,93.9568
795.5676,528.4042,75.3344,93.9989
800.8409,529.2574,75.2865,94.2067
804.6443,530.5846,75.8531,93.2498
808.9270,529.8708,76.1364,93.3723
820.3587,529.9822,76.4193,93.7089
821.5086,530.0404,76.6253,93.9916
823.5415,529.7475,77.0394,93.8618
825.7585,531.1048,77.5192,92.7673
836.8450,532.9890,77.4530,92.5484
829.2856,532.3772,76.8575,92.0488
828.6335,530.0187,76.6915,91.2152
828.0771,532.9587,76.4431,90.5646
828.3638,534.2174,76.4046,90.6581
829.0928,534.6650,76.3836,91.2686
830.1832,533.2662,76.5462,93.2585
828.2261,529.2630,76.9942,94.6083
825.0104,527.2206,77.5781,95.0636
828.3561,529.4645,78.4261,96.1856
832.7740,528.6348,78.9004,97.5644
824.9567,525.9992,79.7875,98.2945
816.8067,522.7990,80.6614,98.1896
819.2949,524.1022,81.3226,96.9972
812.3664,520.3496,81.8324,97.3306
805.3814,517.3754,82.5477,97.0715
798.1985,515.0397,84.1055,96.5410
784.6891,515.9250,84.4035,95.7455
781.1799,513.0535,84.8814,95.0023
776.0298,509.9594,85.6345,94.1486
765.4896,500.9681,86.4393,93.2977
754.2992,496.6525,86.4746,92.2204
743.2365,495.5431,86.0653,91.9241
745.1196,487.3135,85.7342,91.9878
747.6780,488.4539,85.2815,92.0865
747.9362,475.4257,85.4130,92.1483
749.7332,474.3432,85.6567,92.1294
757.4521,480.9254,85.6529,92.6910
745.1154,449.3666,86.0427,92.4362
753.6354,470.1418,86.4802,92.4840
757.1967,478.5249,86.6562,92.3223
721.2865,422.7890,86.5363,93.1989
