1
781.1877,284.4954,90.5379,133.2291
783.5485,281.0760,90.1470,131.5367
782.3557,276.3901,91.4241,130.2162
782.5618,272.5114,91.9291,129.7097
783.4332,264.8863,93.1937,128.7395
784.1425,258.7402,94.2795,127.5742
787.8637,254.0099,96.8763,128.8274
789.9930,251.1989,99.4604,127.9128
794.2970,248.5755,104.6384,127.5127
808.1412,241.8179,109.6092,128.6573
811.2391,239.6278,115.4003,127.8118
817.2978,237.9344,118.7845,126.1770
822.0321,233.5269,119.8255,126.9843
823.7217,228.0098,118.3092,128.8438
829.0407,225.8325,119.1450,129.1952
834.8868,214.6710,118.9586,125.2166
839.9200,203.6822,118.2033,124.7020
865.8374,192.2639,114.9417,126.7272
873.3608,191.1953,111.7463,128.0840
879.2106,182.2826,110.6917,123.5053
885.3687,174.3352,110.3805,117.0712
887.5770,175.7733,112.9935,113.5691
893.4383,163.2766,112.5643,114.0436
898.6593,163.2926,110.7227,112.9489
908.8036,152.2622,109.3801,111.2028
915.7120,151.6952,107.0706,110.1607
924.3568,150.0522,104.7265,109.7247
932.4263,146.3871,102.1329,112.1821
937.0891,144.5855,99.1169,112.4893
940.3546,142.7108,99.2528,110.4881
944.1093,141.3694,99.0071,107.8101
949.3207,139.7263,97.0683,106.1713
951.8364,138.5148,96.5911,106.3079
955.5446,137.1839,93.4736,105.3025
954.2706,141.1927,92.6936,102.2108
955.7723,147.9881,90.2882,99.6708
963.3643,152.3332,84.8457,99.6492
969.6061,165.2881,79.4598,100.3698
969.1741,171.3965,76.9907,98.1502
968.7698,180.1820,75.0755,94.9017
967.5002,188.0346,74.4749,92.8187
964.8523,203.0505,72.1669,91.8708
963.1505,217.2971,69.7864,91.3284
960.5605,222.0353,69.3773,89.7410
955.4185,237.8787,70.0506,87.8454
943.2466,253.7876,70.4751,86.1689
937.7716,266.2982,72.5717,84.2776
921.3516,279.7811,72.4317,83.5194
910.6271,282.0030,70.9809,84.4022
894.2798,302.0380,70.5130,85.4657
871.6225,312.5160,71.8368,85.0128
859.9551,329.2511,73.6972,85.0757
848.1292,337.0832,72.8132,86.2605
829.5967,347.7824,72.9131,86.4492
801.3351,365.3486,71.9407,88.5692
773.3245,372.1042,72.7650,88.1717
746.5201,381.0897,74.0050,87.2395
729.0848,390.4877,75.2291,86.5727
712.6696,389.0992,73.4971,89.4509
686.4538,401.7153,74.1236,88.6975
666.6914,412.3452,75.9628,88.4013
646.4855,412.0163,79.1519,86.8247
627.1685,408.8134,83.7963,85.8398
618.0383,415.8777,83.6313,87.6407
599.1429,419.1274,82.7339,90.5619
597.0137,421.7511,83.3564,91.2458
596.9517,423.0949,82.8343,94.0908
594.5375,425.7350,85.5840,95.9238
590.3427,425.7019,88.8422,95.8821
580.6431,423.9166,89.9406,98.0493
574.4112,419.7203,91.0640,99.7743
567.3664,415.8177,92.7648,102.7602
561.2643,412.4817,95.0350,105.1888
554.2182,422.8760,97.6537,106.4886
548.0137,419.8970,100.4133,106.9472
