269.5,75.5,34,64
266.785531225382,73.07911846352397,33.70243560755506,64.2895963725889
266.7816306379011,73.40156888199056,33.702377130586235,64.2896003875692
268.7465702818178,70.19764727323962,33.70248718067398,64.29064095080469
271.56185945710854,70.81648073502998,33.70230853407205,64.29090778214491
273.1851675881479,72.02738058158113,33.70213697414166,64.29094065053555
275.3876582546012,73.00926244523357,33.70206096044894,64.2910050100837
278.4982627184976,72.64099413034657,33.701996232027575,64.29107594733755
282.35687357237884,69.6316598408639,33.70189707904416,64.2912284626127
286.3067045260383,67.02081802132646,33.70187191717813,64.29129201883237
290.11594459027367,63.9736589221525,33.701864364848745,64.29129802617076
293.100713142298,61.54674999161823,33.70184735281055,64.2913027158526
296.60806370613943,60.982956059974285,33.701837101134686,64.2912937239769
299.5193808696243,63.35291921138854,33.70182602703371,64.2912880372983
301.28791720309107,66.35309944319319,33.70181862766304,64.2912847247205
303.0462721853213,68.08553815531218,33.70177936709042,64.29130827094151
305.00540982574546,69.84419266296834,33.70172627519169,64.29132704112112
306.6067978760169,71.68677064132277,33.70146386941201,64.2913228998267
309.1059496649331,68.63339301064255,33.70120239820805,64.29140682787414
317.55690665636826,66.31014121289182,33.708456658745945,64.28403554926061
323.6714101583686,62.64819105175381,33.71195449941086,64.28069063609351
326.68931467213366,60.25975059713976,33.71178332741049,64.28034175940243
328.96120659087353,56.803885819932226,33.71101830783235,64.2811278056693
331.4944894469898,52.672984774658424,33.70989086616859,64.28155828366808
334.6664949702862,48.16696509581569,33.7088168122211,64.28238719976419
337.6696471336628,44.58155475412596,33.70857403942298,64.28217831542514
345.67400168894585,43.02034569304485,33.71304661525826,64.27781807340584
348.912745125083,39.76907503734647,33.71337203317553,64.27832519748571
352.09127779086083,36.13548512370457,33.713626533468116,64.27853343663475
355.01208984940445,33.945505925213816,33.71364956451317,64.27843354504203
356.83845858021607,33.69473518284743,33.713464469146594,64.27787581379046
358.80140259991276,35.234678963574794,33.7133591102647,64.2776331707775
360.66585234188517,38.33857128195743,33.71336029732519,64.27750014915506
363.6639837464521,41.94882209804424,33.713452068116815,64.27721002287133
365.33312675656913,44.299128439831364,33.713530172180896,64.27647317090108
367.1598018140233,46.328180840100416,33.71353136418781,64.27643092376874
369.93789663877396,49.599789939898415,33.71351408559707,64.27636982485024
372.66808734224406,51.943106530326226,33.71344170728242,64.27632540818529
378.0711349507252,52.40726264549331,33.714538339074984,64.27531136606065
382.46882051396364,52.64598604586615,33.71576278602349,64.27414260214778
385.2863197998953,54.49415559061229,33.71573917067259,64.2740982972014
387.83693874490694,56.974333839766345,33.71548203931628,64.27406465579637
390.3181522586887,59.52952450836754,33.71497813415873,64.27456321666527
392.39892796533155,61.37539316265724,33.71504590727443,64.27546478213982
395.1319090248008,64.03852547954088,33.71493986362286,64.27565383413302
397.85139433022437,67.43197290715383,33.714741454313724,64.275696215693
400.891204574466,70.06431567582504,33.71466407953898,64.27570346170633
405.188909997468,72.54526242477354,33.71454246388173,64.27562865887768
409.6690534865399,75.53392172037866,33.7141801836138,64.27552249671407
413.96492211005267,78.08353685163354,33.71344158618549,64.27527552201559
417.56105634359704,79.11529202280954,33.7128649945545,64.27521813872424
421.2579689991427,80.04514855722343,33.71277795326909,64.27516796033075
424.88834456019737,79.99390394741735,33.7125658860303,64.27513381581623
426.6991820544625,79.04844307398076,33.71256185888017,64.27513230104695
429.39011220035474,76.53877436235939,33.71253607408409,64.27511251985241
430.61616326546584,75.10518471337382,33.71252325355433,64.27509120480173
430.9769473295353,73.92787447978023,33.71251071604496,64.27508883110755
433.2343176421817,71.23154635335808,33.712436171227075,64.27510497012126
435.9471920553882,68.15619084986017,33.71182724883626,64.27513543512494
438.57682318820264,64.85577194576528,33.71154096587338,64.27511074026293
439.659020682049,62.02843440987163,33.71115769502333,64.2751494289936
439.08379272107175,60.85507451521735,33.71678076747531,64.26945556397476
438.32716735478715,58.98700090619003,33.71645642298757,64.26916832234312
437.91903479757264,57.89500754306775,33.7160414040738,64.26895690748967
438.12002756298745,57.07650892820868,33.71580220588965,64.26872517144852
438.45905881873887,55.68293192022483,33.71485984352239,64.26802022440353
439.1581502031058,54.18462961185357,33.71432600533818,64.26722360365825
439.4589728614649,51.729646942085495,33.713870361566954,64.26670176820662
440.2351473975209,49.877460562049635,33.712790820704896,64.26514071899794
440.2068706812806,47.25793975172031,33.711454970482166,64.26325321291709
441.7730601175031,45.03417096227618,33.70727472169422,64.25701967745599
443.4564728007308,41.91409923396732,33.705125353926675,64.25346024558493
444.5460375153801,37.719459443367036,33.703797772085956,64.25242190991538
445.67943124527324,32.0781984507387,33.702862763624104,64.25168736441034
446.8258337935914,25.96892779413411,33.70167839834153,64.25170946680409
447.9339781923885,20.49318814508188,33.70075620269127,64.25198637233042
448.347645845278,16.966527874014417,33.69979208984444,64.25224399866335
447.9665570497777,13.45653399369823,33.69784940010245,64.25211018489387
448.6781401059908,11.280884266405884,33.695382645662626,64.25136887180888
448.7933123752969,7.765367794211315,33.68918615700106,64.2504618328301
449.3278304154073,4.444406080057632,33.68691836539271,64.25098683126686
451.2290134120844,2.57472031924695,33.68535507971054,64.25153565429508
453.37041374739357,1.09288144267434,33.68063964087318,64.25188385383618
455.19261793006496,0.110817984903683,33.67682885739383,64.25166269160344
456.4591189264571,-1.0934592994885222,33.674748800644664,64.25213286784025
459.02371668961905,-1.7957694233899772,33.67217261331003,64.25274794577469
459.9210437946664,-2.351343244527655,33.670752751512495,64.25288146031872
460.8920585971956,-2.745465531215359,33.66855619145983,64.25261517468152
461.5249759525035,-2.5688549240815846,33.6658439202285,64.25259868758683
463.1690740288332,-2.819424745081349,33.66185194233351,64.25227551239428
463.16994448337175,-1.954896713901178,33.660111033256506,64.25213216117743
463.17139861056177,-2.7219440520305653,33.657202778876474,64.2529542134204
463.17244470745896,-2.115898731323938,33.65511058508211,64.2533211096582
463.17464874449,-2.377179438030602,33.65070251102003,64.25478992940164
463.17539209420363,-1.7301700650598946,33.6492158115927,64.25483725497054
463.1760261949781,-1.5076117095989332,33.64794761004386,64.25499179763443
463.17702965849094,-3.3480317059015476,33.6459406830181,64.25511169937357
463.1783253247173,-4.719671570631121,33.6433493505654,64.25510791862459
463.17924376113865,-5.449933915761214,33.64151247772265,64.25532524918934
463.18047638953027,-4.432126563431758,33.63904722093943,64.25578542131571
463.1815634086385,-3.8845052052688516,33.63687318272293,64.25654957525967
463.1827389298213,-4.439624469786523,33.63452214035735,64.2571041138165
463.18434609470006,-4.1978160184054545,33.63130781059987,64.2571204014478
463.18485359200474,-2.505077778147097,33.63029281599054,64.2569343052237
463.18521758601514,-2.2211054928096132,33.629564827969766,64.25697485198418
463.1864844234767,-2.8493661417773595,33.62703115304654,64.25666688813989
463.18692693980864,-2.1122584447815242,33.62614612038268,64.25653181832119
463.18814779283593,-0.8470465000345939,33.62370441432819,64.25806460149579
463.18947082392606,-0.07549143205670816,33.621058352147884,64.25933179250535
463.1911959881709,-0.2699421448815684,33.61760802365821,64.26085777398126
463.1927070994721,-0.21556702480432222,33.61458580105578,64.2621575340771
463.1938329265579,-1.2405768718468337,33.61233414688424,64.2631268970464
463.19496138694564,-1.5362629158637873,33.61007722610878,64.26436770227392
463.19639274210874,-2.2096035546779405,33.60721451578249,64.2655594779491
463.19751623415846,-3.1410228384816676,33.60496753168303,64.26594315435172
463.19892982930594,-4.481037949638278,33.60214034138816,64.26667068425161
463.2001288218367,-4.921775980032798,33.59974235632656,64.26686626322531
463.2014621825218,-5.63503008373398,33.597075634956354,64.26692266837395
463.20269606993315,-5.786118113501814,33.59460786013371,64.26696126362472
463.2038202592605,-6.296413389559653,33.59235948147898,64.26696747087651
463.20509158878355,-7.367136857525793,33.58981682243291,64.26670984748262
463.2060922199426,-8.657781570924207,33.58781556011484,64.26631945326504
463.20718728798147,-9.110803711152855,33.585625424037104,64.26547888465083
463.20789736777067,-9.992681362842156,33.584205264458674,64.26500429434505
463.2084830769981,-10.144160701408609,33.58303384600383,64.26453640773818
463.20908652063423,-9.450288727174446,33.58182695873153,64.26442363717207
463.20968787088566,-7.902678474818394,33.58062425822873,64.26446065313563
463.21055009216224,-7.225493394183964,33.57889981567553,64.26493530044526
463.21128414774387,-6.339537060257847,33.57743170451223,64.26516504287135
463.21179168528545,-5.413138277589496,33.576416629429076,64.26544536602341
463.212795143537,-5.431929591724213,33.574409712926,64.26637646119582
463.213966304556,-5.032812107885498,33.57206739088808,64.26765531035188
463.2152382279517,-4.380278445101283,33.56952354409652,64.2686302983592
463.21632825495215,-3.244027106278395,33.56734349009576,64.26935221292229
463.2174802120434,-2.5880052703626077,33.56503957591313,64.27040470674775
463.2185543554877,-1.7743722263917334,33.56289128902457,64.27144751105607
463.2201213669543,-0.7979304228483244,33.559757266091445,64.27297457615705
463.2213291151673,-0.023914544380787106,33.55734176966542,64.27422691975451
463.2226823178201,1.037197874934897,33.55463536435976,64.27585576459482
463.22422418205696,2.0943744508259883,33.55155163588607,64.27708865521682
463.225550094576,2.1305767976477057,33.54889981084795,64.27829457283332
463.22686028540164,3.148678529886652,33.546279429196744,64.27941076854219
463.22850108001467,2.911413105700717,33.54299783997068,64.28028973092773
463.2290815858546,0.6661893498894642,33.54183682829076,64.28092534527241
463.2296673666402,0.014713911868483365,33.5406652667197,64.28141519321531
463.23046142884067,1.1914496004684239,33.53907714231866,64.28227173311443
463.2311202973443,1.9629660932483688,33.537759405311384,64.28273523707938
463.23191345075907,1.6714128576436096,33.53617309848185,64.2833775497539
463.2325086092404,1.1272178334675758,33.534982781519155,64.28383644194751
463.23384578061047,-0.608993390068008,33.53230843877909,64.28515498238721
463.2353406360581,-1.8530695658038923,33.52931872788387,64.28646136370517
463.23662462025976,-3.0356650860868086,33.52675075948045,64.28787285944068
463.23765215059535,-2.7485132177670906,33.52469569880927,64.28849985028309
463.2386126172456,-1.8457888250533188,33.522774765508736,64.28886378133961
463.23930266501486,-1.7019632780289555,33.521394669970334,64.28932684759019
463.2400408460613,-1.3808895124836198,33.51991830787744,64.28969837329655
463.24076253181903,-1.6103598745658303,33.51847493636191,64.29017867709086
463.2421204752691,-1.339044982103644,33.51575904946189,64.29029740300405
463.24305134894684,-1.7841488951467355,33.51389730210634,64.29054333076336
463.24386083226716,-2.0661799415928,33.51227833546565,64.29077171012399
463.2449598516507,-2.6893184654890874,33.510080296698604,64.2909865983783
463.2459812686007,-2.9225752481076412,33.50803746279864,64.29078724175757
463.2468114898413,-2.6615353216510016,33.50637702031732,64.29045199772338
463.2475441666494,-2.707561280570509,33.504911666701176,64.29035959018684
463.2482898251964,-3.452798617380921,33.503420349607104,64.29020518684996
463.2491035628576,-3.4088912318295357,33.50179287428479,64.29016109385016
463.24993737260803,-3.5150702624262777,33.500125254783924,64.29027684976487
463.2511853207037,-3.738128215280476,33.49762935859262,64.28994708176911
463.25183866915853,-4.342636193501576,33.49632266168297,64.2898304860644
463.2526203405112,-4.678138017335925,33.49475931897753,64.28955506097157
463.25341332582775,-5.135754435243783,33.49317334834446,64.2896595465294
463.25449441489843,-6.791943425613297,33.49101117020314,64.28962216586402
463.2555616126902,-8.048736160333227,33.48887677461955,64.2891545289959
463.2563646903311,-8.570205685736035,33.48727061933777,64.28859589818377
463.25697949211246,-8.024935894586662,33.48604101577507,64.28831920574709
463.25758916937093,-8.327189115988048,33.484821661258174,64.28836672044164
463.25819364080843,-7.586177592701695,33.48361271838317,64.28806066433982
463.2589753537116,-6.343013334997387,33.48204929257677,64.28762825946588
463.25992982426436,-5.514466167295794,33.48014035147128,64.28740190501972
463.2609465184806,-5.173152802742685,33.47810696303883,64.28779946313732
463.26167909898504,-4.978141620398169,33.47664180202994,64.28807308080913
463.26225728277205,-4.774810748021153,33.47548543445588,64.28819643675357
463.2628203179084,-4.002214294674175,33.474359364183194,64.28842787221507
463.2636093119616,-3.4774803775065095,33.47278137607676,64.28873766487101
463.26422167881714,-1.9942750256663118,33.471556642365684,64.28888017240277
463.26495915653237,-1.6311394728835964,33.47008168693522,64.28942995297244
463.26579373980456,-3.062971008410045,33.468412520390864,64.28987400127448
463.2666225812588,-4.286425446079477,33.46675483748243,64.2907076755788
463.2673819660031,-4.955206782175772,33.46523606799379,64.29111762827371
463.2681887658453,-4.9714625019393,33.46362246830935,64.29128438752127
463.2691452548462,-4.896072012519909,33.46170949030757,64.29148271895662
463.26988365532856,-4.147211627725625,33.46023268934287,64.29163620931678
463.27081189968334,-3.5317080000143903,33.45837620063336,64.29143983455532
463.27180180189964,-4.158620969853516,33.45639639620073,64.2913478417232
463.2733388295466,-4.057492137372861,33.453322340906766,64.29103223317935
463.27480849002154,-4.153299883767744,33.45038301995695,64.29162318411426
463.27614329616154,-3.9370675344201658,33.44771340767697,64.29297971654589
463.277209020229,-3.663102001720823,33.445581959542025,64.29397637550862
463.27836798291776,-3.2257456834401097,33.4432640341645,64.29462804253606
463.27951743526313,-2.527781064918301,33.44096512947371,64.29543948046498
463.2804272242606,-2.6848395337294306,33.439145551478816,64.29565654340004
463.2815125529719,-1.9872639798894625,33.436974894056206,64.29628695274891
463.2822347582903,-2.225983915054833,33.43553048341931,64.29685265039213
463.2837371197085,-1.9619482035574833,33.43252576058293,64.29699347667645
463.28478194639774,-1.4321023690353982,33.43043610720447,64.29835973285658
463.2856389341835,-1.5832617020746653,33.428722131633,64.29953528913668
463.28670682555975,-2.037099760950561,33.426586348880484,64.30104962176274
463.288210827981,-2.4568567468927682,33.42357834403798,64.30169902875153
463.2894353146244,-1.7754898064196638,33.42112937075113,64.30207855112563
463.29061388836965,-2.527856177106635,33.41877222326072,64.30315168651966
463.2915893541933,-3.5934342641741424,33.416821291613395,64.30364398888953
463.29263446726344,-4.17726028450398,33.4147310654731,64.30422242210444
463.2936629951644,-4.602827691636456,33.41267400967116,64.30459314058616
463.2946310089087,-5.112001701129564,33.410737982182575,64.30487773355462
463.2957540730337,-5.1206808176787035,33.40849185393257,64.30555967482951
463.2969823009902,-5.224881750523167,33.40603539801961,64.30620302444521
463.2979228381641,-4.890705877858828,33.404154323671825,64.30643508944597
463.298639327577,-4.723060585965605,33.402721344845936,64.30671284429211
463.29960610562796,-4.280425571449584,33.40078778874404,64.30714065690435
463.3008301646446,-4.143534175195249,33.398339670710854,64.30796415187508
463.30181486168414,-4.827243793291295,33.3963702766317,64.30869561340897
463.3030687970245,-5.3342219501797175,33.39386240595099,64.30960375518875
463.30440283027446,-5.589049984895624,33.39119433945106,64.31010258422978
463.3055674304946,-5.787392184447185,33.38886513901078,64.31061386378792
463.3065901906487,-5.3207074119026885,33.386819618702546,64.31093230364232
463.3074834753225,-4.661707745568293,33.38503304935496,64.31126099393038
463.30893388675054,-3.7841755562522863,33.3821322264989,64.31258110721883
463.3099150119169,-3.3591539052316364,33.38016997616614,64.31353537235435
463.310975915257,-3.400293887287525,33.378048169485936,64.31459259367018
463.3125030106955,-3.6383786704394154,33.37499397860906,64.3157958127564
463.3139445176896,-4.577174285371868,33.372110964620745,64.31672800693863
463.3150379490476,-5.193705137777691,33.3699241019048,64.31749849013163
463.3158171522475,-4.413787294711881,33.36836569550493,64.31803789841376
463.3164187606995,-4.390931083915511,33.367162478600974,64.3184245957094
463.3177559743963,-4.4974613889856485,33.3644880512074,64.31881936486629
463.3185181327709,-4.51068911691619,33.362963734458205,64.31907881962981
463.319652170594,-4.629190649010127,33.36069565881201,64.3195715474186
463.320817282525,-4.148633403447597,33.35836543494992,64.32010474563604
463.3219105702432,-3.4808787533120977,33.356178859513655,64.32074180004034
463.3227294387408,-3.1681425079544,33.3545411225184,64.3211072314212
463.32345824602794,-3.3683743158389134,33.35308350794407,64.32168847099622
463.32431800012296,-3.146438260873076,33.351363999754035,64.32250122415506
463.32545202640785,-3.1458643200256162,33.349095947184296,64.32349926985954
463.3263408847136,-2.7181006351177146,33.347318230572775,64.32429853969599
463.32765170212195,-3.000422396087032,33.344696595756126,64.32523375627574
463.3284763969046,-3.786633343893527,33.34304720619077,64.32601456435668
463.3292840668925,-3.438372621723964,33.34143186621498,64.32658678561738
463.3303344316878,-3.346525603914735,33.33933113662443,64.3271703142861
463.33139602888605,-2.5400268510651642,33.337207942227906,64.3278404158944
463.3325033747979,-2.7438163805271643,33.33499325040416,64.32854693410604
463.33383245620166,-3.5812555046239467,33.33233508759667,64.32943838973522
463.33469018324854,-3.6380039734272316,33.33061963350298,64.33001107191109
463.3357080371671,-3.917757373614016,33.32858392566582,64.33026215309978
463.3365313618264,-4.792919048384292,33.32693727634716,64.33056368734034
463.3375139980151,-5.0168878879309915,33.32497200396986,64.3311053562733
463.33842319312885,-5.677730633653937,33.32315361374236,64.33159917920875
463.3400503995508,-5.856594928391985,33.31989920089836,64.33163084805153
463.34113348594485,-6.903258524580188,33.31773302811032,64.33182053775765
463.3421183841794,-6.668763974804456,33.31576323164119,64.332009429358
463.34303424399224,-6.161713582322392,33.31393151201555,64.33210217924494
463.344147950295,-6.027600987939856,33.31170409941003,64.33179456393187
463.34562625273276,-5.80832719226904,33.30874749453447,64.33123531344488
463.34685270647304,-5.906072842412733,33.30629458705392,64.33020920583813
463.3482642572858,-6.940861938212272,33.30347148542845,64.330129833274
463.3492602696694,-7.678449867843945,33.301479460661206,64.32949361501507
463.3502248975552,-7.577294819055197,33.29955020488959,64.32940336130201
463.35117562080626,-7.486995998422259,33.29764875838748,64.32922118646394
463.35201786642085,-6.786247855888639,33.29596426715826,64.32916885967917
463.3529554815802,-5.837170652675503,33.29408903683964,64.32899240144168
463.3539107432534,-5.500400333806304,33.29217851349323,64.32877616985029
463.3549708608654,-5.016533033733623,33.29005827826914,64.32879801988116
463.35623502837495,-4.9553824106264415,33.287529943250085,64.32909543663925
463.3575268396877,-4.489965279519751,33.284946320624606,64.32968305037954
463.35846133322474,-4.30734672275441,33.28307733355049,64.33003677742694
463.3595623298428,-4.835262537921899,33.280875340314374,64.33069203046547
463.3607679955868,-4.340022341961351,33.278464008826454,64.33127189550238
463.36156000207825,-3.934390171481745,33.27687999584345,64.33202201510683
463.3619908471258,-3.286306824916373,33.27601830574837,64.33227494249
463.36287779886266,-3.0424685922859354,33.27424440227463,64.33241981779004
463.3640137823568,-3.1094559796018757,33.27197243528644,64.33309257437554
463.36530044484607,-3.064849320854215,33.269399110307845,64.33336894783967
463.3662916705245,-2.6423091898443616,33.26741665895096,64.33339010193096
463.367770021719,-2.9195777735230095,33.26445995656197,64.33430573875542
463.3685578204734,-4.203296141216455,33.262884359053096,64.33479143768906
463.37050894195295,-4.5639417436391625,33.25898211609412,64.33572516486953
463.37094846056675,-3.412576763596526,33.258103078866554,64.33559058175264
463.3715473694849,-2.532564594858698,33.25690526103013,64.33523530975245
463.3720625466216,-0.3660400111750377,33.25587490675685,64.33470853465808
463.37286594299724,1.0442931288558626,33.25426811400549,64.33395468822054
463.37381806699426,2.1558408609479685,33.252363866011464,64.33309275789559
463.3749145346703,2.451599454541231,33.25017093065931,64.33279445946867
463.3780867506,2.1018829373824275,33.24382649880002,64.33174476768917
463.3838419467646,1.9077508092530522,33.23231610647076,64.33057158689043
