478.5,143.5,80,111
475.257075430909,139.82625575451482,79.0525548419173,111.48436459723257
472.2184741748791,142.48018942802867,79.05220694275286,111.48408487380104
470.0370749248874,146.22923899112146,79.05201601707704,111.48412799004714
478.491098418342,146.9938197017956,79.05170294740415,111.4839651820564
480.921297427974,148.43489548201575,79.0512826503081,111.48408634195303
483.2101248981711,148.7268730602554,79.0506478782184,111.48427893680504
485.0452702412249,149.08237131384516,79.049781010699,111.48453631108
486.5981692292982,148.6449486745554,79.04795332378275,111.48519686199072
487.59288427948087,149.01024873871543,79.04615728618448,111.48592206202072
489.5191348604697,148.97904191212612,79.04437724504112,111.48674926813926
491.34628106923424,148.87524723384394,79.04256161507917,111.48750630520556
493.36097079555464,149.0188810941198,79.0407977096186,111.48808473266791
496.0297275801263,148.54620512140644,79.03837573135662,111.48917363707514
499.2522869206781,147.87021824579057,79.03536854240998,111.49062451252108
503.23573525142467,148.54649844655745,79.0325555524866,111.49197205375921
507.4135284470754,149.72469893269823,79.0302435065831,111.49278481705814
512.1362211640105,150.34551597083467,79.02529634328168,111.49487008015596
518.9537846861176,150.99678138124636,79.0216066007034,111.4961356698932
526.1545184671251,150.09048270523044,79.01560870421567,111.49846628875551
535.296010882541,148.6733362199868,79.00957661691407,111.5011576395223
545.2314295267283,148.19183428886686,79.00121758476509,111.50416623198679
553.421821273149,147.65686423572578,78.98081807935053,111.51218593383473
560.3591505079414,145.34014475733076,78.95883409401848,111.52208305865457
566.7872318115366,142.21631319189527,78.91940866181616,111.54454601328655
573.806257667281,139.26680789853452,78.87005495600363,111.56932907620435
578.9003758797058,137.41367080627285,78.79953436672506,111.60076042625501
584.3549584237912,135.5822778443732,78.69468103087364,111.66195762401063
588.762405803186,132.89846006439495,78.55222775462812,111.74148721930646
592.7908680052703,132.4248493487151,78.43081780053257,111.80822716911403
596.4325912388015,130.89401444614373,78.26863769852167,111.89969929664451
599.9843362233042,129.0337477158173,78.17641062319278,111.96188801166134
600.9538917354305,127.64352051102644,78.09221652913891,112.01890844983805
600.9975054184288,126.03833888935439,78.00498916314234,112.0809476804258
601.0477204959075,124.85517493856342,77.90455900818506,112.14825648372587
601.1033225155601,124.00234486982133,77.79335496887985,112.22417244911381
601.1508967574241,123.01874789281796,77.69820648515169,112.2889821219621
601.2020528045958,121.88425882147845,77.5958943908083,112.35755156751281
601.2429728474781,120.76386625610655,77.51405430504384,112.41420889063944
601.2896697948403,119.0823530442549,77.42066041031953,112.48046235749459
601.3341498576924,117.56755622199934,77.33170028461525,112.54324744449534
601.3785253264203,116.03811091587845,77.2429493471593,112.60500694749945
601.4230512909993,114.28090957501931,77.15389741800138,112.66777617584859
601.4679871812307,112.88490168969827,77.0640256375386,112.72538475998248
601.5120109549583,112.01153377342054,76.97597809008332,112.77726549858195
601.559407351687,110.97371065461279,76.88118529662603,112.83592560452936
601.6002873995326,109.79097854165109,76.79942520093488,112.88515643392262
601.6376124825787,108.04612038420962,76.72477503484271,112.92825752968935
601.6771893354677,106.48847591166526,76.64562132906457,112.9710166819924
601.7162204348537,104.46484144339382,76.56755913029271,113.01487194131971
601.7560744049481,102.17529990086894,76.48785119010371,113.06074522564927
601.7971401763411,100.39299216458318,76.40571964731761,113.10337278318174
601.8311543299008,98.41652098721593,76.33769134019859,113.14038224416316
601.8604010967712,95.87167736832306,76.27919780645767,113.17339023313909
601.8837731925479,92.90794350435596,76.2324536149042,113.20225881327666
601.907101221687,90.27936010910616,76.18579755662608,113.23082653227357
601.9287047275808,88.09393978959585,76.14259054483847,113.25659299450588
601.9454371299806,85.67229030469755,76.10912574003883,113.27816945682564
601.9582337744051,83.33416871598641,76.08353245118977,113.29537170636098
601.9700496196233,81.01491315716461,76.05990076075341,113.30988132101385
601.9808140155856,78.9678208449932,76.03837196882894,113.32434973975975
601.9909306189362,77.4022913051575,76.01813876212769,113.33657694649108
602.0012975967915,76.03714406123794,75.99740480641705,113.34867933380532
602.0098004301701,74.0856162482204,75.98039913965974,113.35870765423735
602.0172709402129,71.8501248715258,75.96545811957424,113.36687416922327
602.0246820154238,69.67204431631126,75.95063596915253,113.37502330913229
602.0301274832159,67.66833150553566,75.93974503356833,113.3809578608898
602.035436322637,66.41946361177989,75.92912735472594,113.3865943632756
602.0408861402001,65.53934704192594,75.91822771959981,113.39192001416058
602.0464145172325,64.38114620518787,75.9071709655351,113.3969134063104
602.0516346134597,63.4783186737566,75.8967307730807,113.40140253079558
602.0560856809848,62.52901115307854,75.88782863803046,113.40514347623494
602.0603059649364,61.36829147470631,75.87938807012713,113.40890748088285
602.0640042604169,59.68035869494323,75.8719914791662,113.41221349298469
602.0677834363499,58.11369100034883,75.86443312730007,113.41555019824405
602.0716428266365,56.872268173011484,75.85671434672687,113.41904385554325
602.074883639684,55.73043315612352,75.8502327206321,113.42203084870029
602.0781103795015,54.702199114246824,75.84377924099714,113.42486214313178
602.081768373982,54.11955981854721,75.83646325203613,113.4279743774906
602.0852745335559,53.668214054075,75.8294509328882,113.43091519690132
602.0885938800483,53.37429503704523,75.82281223990346,113.43374836483767
602.091884028965,53.00632720963883,75.81623194206999,113.43650170859242
602.0951145509855,52.87366151535101,75.8097708980289,113.43899252814875
602.0982588836878,53.01069357590658,75.80348223262455,113.44143807944094
602.1015874709249,52.95271505240211,75.79682505815016,113.44390899293404
602.1047680296858,53.008397150923976,75.79046394062836,113.4464275312619
602.108196502841,53.22197580878494,75.78360699431792,113.44911459496502
602.1115758521469,53.304087715748075,75.77684829570617,113.45160935341691
602.1148888491023,53.184700586061126,75.77022230179539,113.4543092694671
602.1179799972382,53.13006136777407,75.76404000552353,113.45667258228052
602.1211707666804,53.33775877903665,75.7576584666392,113.45929481931995
602.124169297643,53.342731820731544,75.75166140471394,113.46196427599503
602.1271396926384,52.874976727499636,75.74572061472317,113.4645298666451
602.1299857908269,52.73808904499775,75.74002841834621,113.46694554956574
602.1336427503697,52.48252143586225,75.73271449926057,113.470156807151
602.1373157136509,52.16762944164713,75.72536857269826,113.47330375401249
602.1398615658264,52.56145819842035,75.72027686834721,113.47545856689733
602.1421329704062,53.120226484248036,75.71573405918764,113.47735730560572
602.1446372531395,53.982693199117506,75.71072549372086,113.4796752863511
602.1478276342976,54.87226382748434,75.70434473140479,113.48259477199566
602.1515894763606,55.4423810172589,75.69682104727865,113.48600591742517
602.155650677224,56.09245840586439,75.688698645552,113.48994199772
602.1595721277693,56.4808568194352,75.68085574446145,113.49329546488227
602.162907103279,56.236600736907455,75.6741857934419,113.49618662464106
602.1666718577442,55.40320802468439,75.66665628451165,113.49959762510647
602.1712276990129,54.67183028317711,75.65754460197427,113.5038973071109
602.1748300830612,54.157864531145584,75.65033983387751,113.50701396704248
602.1780865833879,53.73928171512777,75.64382683322422,113.50973209598821
602.1814876669616,53.464262598178806,75.63702466607683,113.51253615229672
602.1848254396664,53.26103366374571,75.63034912066716,113.51546118830197
602.1882418551453,53.14086204829644,75.62351628970936,113.51851771740206
602.1914307816422,52.927929958673175,75.61713843671545,113.52090236941356
602.1945835271819,53.23432001153983,75.61083294563632,113.52338656021193
602.1975605305372,53.11849314437521,75.60487893892571,113.52572504342919
602.200923491267,53.07905463646836,75.59815301746602,113.5283178965427
602.204222331605,52.91084079081673,75.59155533678997,113.53082698657148
602.2074160013786,52.99226511052253,75.5851679972426,113.53339433453228
602.2106298061383,52.686857481836185,75.57874038772333,113.53588697151312
602.2136469047965,52.56079199889475,75.57270619040699,113.53822823748392
602.2168057290168,52.47592073672662,75.56638854196649,113.54059878842483
602.2199830998394,52.52049528916047,75.56003380032112,113.54306077087936
602.223004662003,52.554766225645,75.55399067599404,113.54543581881066
602.2262549603572,52.45931740643207,75.54749007928551,113.54795932531856
602.2294288965684,52.322284436489234,75.5411422068633,113.55037882517509
602.232433037513,52.36785946878582,75.53513392497385,113.55272869674535
602.235904133522,52.341311558606236,75.52819173295588,113.55536629075158
602.2390638919329,52.32018271431624,75.52187221613411,113.55771842378529
602.2422913346632,52.3508231048227,75.51541733067366,113.56020456929939
602.2457516105678,52.37092870528516,75.50849677886444,113.5626833288244
602.2487707651899,52.555915015215575,75.50245846962027,113.5648862236616
602.2518891271566,52.53113202371725,75.49622174568688,113.56721254916681
602.2552672786869,52.42749704470247,75.48946544262606,113.56971998879045
602.2585881338522,52.460269197528056,75.48282373229556,113.57216495054813
602.2619703917,52.507965839759464,75.47605921660006,113.57469115999896
602.2653627011076,52.56702500949587,75.46927459778468,113.57711059330084
602.2686176865701,52.69331211632872,75.46276462685984,113.57947626358252
602.2717333369551,52.72853819147526,75.45653332608978,113.58186510937604
602.2748268977248,52.87981575073409,75.45034620455037,113.5842459230178
602.278092183965,52.93613203276914,75.44381563207,113.58672265360065
602.2811891072996,52.86033010070616,75.43762178540068,113.58916617729825
602.2844586999264,52.82749712047309,75.43108260014722,113.59162469023555
602.2875411338686,52.82992575024981,75.42491773226283,113.59401891453602
602.2907583004434,52.98706013744271,75.41848339911334,113.59654680057349
602.2939945085697,53.04534710497472,75.41201098286078,113.59917250655839
602.2973290184584,53.20632895339262,75.40534196308317,113.60166252123229
602.3006023205339,53.04991343014433,75.39879535893226,113.60428277351843
602.3038366378703,53.0755355798189,75.39232672425938,113.606655139473
602.3071073301057,53.02068938847871,75.38578533978848,113.60904752375079
602.3104201909746,53.02763999179376,75.37915961805085,113.61163827971745
602.3134671246738,52.927754111278546,75.3730657506523,113.6139356355784
602.3165870633004,53.113181399578295,75.36682587339929,113.61629461836802
602.3197296494977,53.001085275094155,75.36054070100457,113.6185825448313
602.3230712754561,52.81617118332681,75.35385744908784,113.62121416845999
602.3262920490496,52.77264345564595,75.34741590190085,113.62386584818933
602.3301668108987,52.72645125627405,75.33966637820254,113.62680994587244
602.3340622673988,52.385082652771814,75.33187546520232,113.6297845510245
602.3371337844684,52.19163380567088,75.3257324310633,113.63208399006889
602.3402987064981,52.29772579286,75.31940258700395,113.63446058402333
602.3436289797093,52.43987887213959,75.3127420405816,113.63678469832945
602.3467505427075,52.32726764499328,75.30649891458496,113.63907716829094
602.3499372913353,52.30048655637104,75.30012541732944,113.64155942038573
602.3530655113962,52.250059271875685,75.29386897720781,113.64383861340227
602.3563849446899,52.31081421207237,75.28723011062011,113.6462608561931
602.3598273041872,52.16825027686957,75.28034539162549,113.64867704189487
602.363205932016,52.02777582804427,75.27358813596818,113.65107266229137
602.3663696065387,51.85258799794509,75.26726078692266,113.65350567217158
602.3694460272226,51.639973591173735,75.26110794555488,113.65583324274287
602.3722116572957,51.784211447608676,75.25557668540866,113.65790904330645
602.3750996044367,52.1049335391254,75.24980079112657,113.66020026905596
602.3784804054732,52.15941230805775,75.24303918905373,113.6627613749877
602.3816324276586,52.31253211350141,75.2367351446829,113.66522116333324
602.3847179624197,52.252789336761,75.23056407516059,113.66751537976506
602.388063010952,52.15714193452871,75.22387397809601,113.66992835484865
602.3914613310017,52.27601874557485,75.21707733799668,113.67238474435781
602.3946160540512,52.11054203115759,75.21076789189763,113.67473499492962
602.3976622135382,52.086798346570006,75.20467557292353,113.6770566539536
602.4006057905461,51.82946729786523,75.19878841890781,113.67924451249063
602.4037565130159,51.95723204616471,75.19248697396826,113.68154948020326
602.4069492125511,51.926336266304034,75.18610157489775,113.68378419807433
602.4100522710289,51.76494924460401,75.17989545794205,113.68603056870674
602.413404227794,51.630608242180266,75.17319154441196,113.68856332090111
602.4165430201986,51.64073225873939,75.16691395960281,113.69083850282342
602.4194337893736,51.74035127145838,75.16113242125282,113.69297058253281
602.4226282950794,51.60237225814111,75.15474340984116,113.69547418144823
602.4252819552688,51.647024759343665,75.14943608946244,113.69750474389488
602.4281172358594,51.67857715169537,75.14376552828124,113.69966470573821
602.4314415715003,51.42553710383106,75.13711685699955,113.70222169012345
602.4341333531187,51.45988402748048,75.13173329376274,113.70423840499417
602.4368915606804,51.681507918281625,75.12621687863926,113.70634085313202
602.4400624995643,51.535026668432224,75.11987500087136,113.70883349776071
602.4428552524435,51.49170866406767,75.11428949511314,113.71086370836454
602.4456309137946,51.361794042507796,75.10873817241077,113.71282057861862
602.4484467152648,51.58362329902627,75.10310656947038,113.71485853870331
602.4513149846327,51.829247266678706,75.09737003073458,113.71714257556832
602.4543418873593,51.82576138065587,75.0913162252813,113.7193322725516
602.4576284083234,51.771681488940004,75.08474318335303,113.7217621258805
602.46067375232,51.84881629061365,75.07865249535996,113.72400205605773
602.463909255358,51.89619934308686,75.07218148928398,113.72636587719677
602.4669422082109,51.91831533609412,75.06611558357838,113.72869036768587
602.4702163553088,52.16122567194813,75.05956728938246,113.7311309188172
602.4735952317743,52.03813569885627,75.05280953645142,113.73367221541805
602.4766223475949,52.2171753652679,75.04675530481019,113.73600521203015
602.4796864343551,52.26614974227123,75.04062713128984,113.73822154947847
602.4827495546621,51.95856209554159,75.03450089067589,113.74052185819654
602.4859578711444,51.89199233453789,75.02808425771133,113.74284052470563
602.4887957385163,51.76485642924946,75.02240852296755,113.74492326529614
602.4917377636117,51.64846409437067,75.01652447277671,113.74705143042269
602.4949339635365,51.60462352887879,75.01013207292701,113.74949582576448
602.4978786060901,51.70109614564673,75.00424278781972,113.75175444786234
602.5011711208044,51.58981367601451,74.99765775839114,113.75422868495069
602.5041950404594,51.60713737905648,74.99160991908126,113.75643258438132
602.5068701101861,51.66524099248579,74.98625977962779,113.75837788652393
602.5099182998441,51.83645513489293,74.98016340031167,113.76066761094313
602.51307103506,51.76545468275036,74.97385792988003,113.76295139827633
602.5164852509017,51.53504745804788,74.96702949819667,113.76541378855539
602.5194646345783,51.45353018397694,74.9610707308435,113.76771445808475
602.5221867183759,51.595535109000984,74.95562656324813,113.76973498995461
602.5251439277622,51.47835321379051,74.94971214447553,113.7719997092305
602.5279730545473,51.44789178256753,74.94405389090542,113.77415527157733
602.5308897206629,51.361294569713294,74.93822055867422,113.77637325220695
602.5337751039417,51.30121537137569,74.93244979211669,113.77848931396795
602.5366895453778,51.63721700614056,74.92662090924436,113.7806794267014
602.539562144316,51.66495582466097,74.92087571136787,113.78295297212732
602.5425498252254,51.56947007826284,74.91490034954934,113.7852079043214
602.5451741832414,51.65706395972815,74.90965163351723,113.78724884548566
602.5481438449567,51.593750890806845,74.90371231008653,113.78964444203942
602.5508165040309,51.81458308165549,74.89836699193825,113.79172123289423
602.5537222230969,52.14646582132575,74.89255555380628,113.794053215731
602.5567603255508,52.5324303123518,74.88647934889836,113.79639804644974
602.559702552289,52.64223246336157,74.88059489542199,113.79862841890777
602.5630072084524,52.432118579802825,74.87398558309512,113.80127826368106
602.5660313873332,52.386173358807,74.86793722533372,113.80355444845625
602.5690051126849,52.35957949374843,74.86198977463037,113.8058228432379
602.5721689072428,52.35054265473521,74.85566218551428,113.80832526416484
602.5753967344302,52.157537387446325,74.84920653113957,113.81087122392876
602.5782936722482,52.275340633373624,74.84341265550363,113.81306690974178
602.5812514981902,52.48586490753792,74.83749700361952,113.81525178106993
602.5844252521991,52.58028417616946,74.83114949560172,113.81764255741885
602.587495752338,52.48538570236414,74.82500849532411,113.81994624035434
602.5906598057259,52.5060296670872,74.81868038854819,113.82233244462624
602.5937238017907,52.62949665393657,74.81255239641854,113.82464553015353
602.5969903750923,52.25206639610267,74.80601924981534,113.82716382170024
602.6000806018599,52.12867473375175,74.79983879628014,113.82944820808001
602.6031181748372,52.36062336503582,74.79376365032564,113.83176703285318
602.606039998439,52.364565617631506,74.78792000312198,113.83396945336212
602.609105675436,52.472904860053276,74.78178864912796,113.83622602603944
602.6120837340688,52.2772254723579,74.77583253186226,113.83855175208518
602.6152834112982,52.38273641884886,74.76943317740381,113.84080794409662
602.618592866646,52.207988456617464,74.76281426670798,113.84314782073837
602.6219086037205,52.110843392547366,74.75618279255893,113.84563589423493
602.6248123810636,52.12060213536155,74.75037523787277,113.84779532523564
602.6278589191216,52.03768380156731,74.7442821617566,113.84997569847826
602.6309924580062,52.13176296546054,74.73801508398769,113.85234719399503
602.6340861912495,52.35662313665234,74.73182761750114,113.85455761294871
602.6371276885282,52.395944652417825,74.7257446229438,113.8567810896036
602.6402251574436,52.50892690694947,74.71954968511272,113.85907302964367
602.6434618358313,52.75067502397204,74.71307632833741,113.86147943284179
602.6470973382139,52.69148252534628,74.70580532357205,113.86420541670277
602.6502029222623,52.47682169360932,74.69959415547535,113.86655692612969
602.6532311186581,52.623932593448345,74.69353776268366,113.86876553540625
602.6565186873225,52.137682536105146,74.6869626253549,113.87112513333469
602.6595891433392,51.933813412429984,74.68082171332162,113.87333623601452
602.6623653928308,52.132260132002855,74.67526921433831,113.87537528364132
602.6651179755294,52.37649176555278,74.6697640489412,113.87742262926768
602.6681370618758,52.47105945685101,74.66372587624836,113.87963818356087
602.6712195130008,52.599094817149435,74.6575609739984,113.88189581136223
602.6743937507357,52.44468623313393,74.65121249852862,113.88441901500725
602.6775001252785,52.497882814642644,74.64499974944299,113.88675314321621
602.6805454976607,52.60595545783445,74.63890900467858,113.88922151120768
602.6836616544721,52.6968816577961,74.63267669105585,113.89165327678597
602.686830959638,52.88419918698874,74.62633808072414,113.89389791047833
602.689908622697,53.08706379436748,74.62018275460608,113.89623034909647
602.693101021976,52.86494246664963,74.61379795604813,113.89888543720276
602.6962433594013,52.85713959294432,74.6075132811976,113.90119822099683
602.6993288009451,53.075790995484084,74.60134239810976,113.90343002046671
602.7022737980064,52.765458095030176,74.59545240398707,113.90578596591341
602.7051857792565,52.551606245845484,74.58962844148705,113.90805716105938
602.7079021605969,52.534770148604515,74.58419567880617,113.91002475091561
602.7109341790048,52.48620656869048,74.57813164199052,113.91239924140928
602.7138756349212,52.62376694429596,74.57224873015755,113.9145533968336
602.7168824306991,52.83236427878721,74.56623513860171,113.91679175535697
602.7200252492114,53.11186092968697,74.55994950157708,113.91924106715913
602.7230739693205,52.78496074194071,74.55385206135897,113.92174041630736
602.7258508800103,52.91800013775616,74.54829823997953,113.92365379334139
602.7287310661713,53.0172160887209,74.54253786765722,113.92573820472634
602.7317541975326,53.171235097637926,74.53649160493478,113.92808884136274
602.7345647844041,53.02537211994506,74.5308704311918,113.93041263968021
602.7378144635678,52.98346905429627,74.52437107286431,113.93293398719722
602.740753596049,52.99180124440123,74.51849280790208,113.93515312586194
602.7438347931028,53.19917006948565,74.51233041379433,113.93755268129384
602.746891089557,52.79973785933556,74.5062178208859,113.94004838344675
602.7496901768222,52.916614307460236,74.50061964635546,113.94215319743967
602.7525521494554,53.07748215880683,74.49489570108929,113.94429846522453
602.7556883078431,52.69876571618138,74.48862338431373,113.94679513221372
602.7584809161843,52.88237822793918,74.4830381676314,113.94892778401207
602.7612495239904,53.29119362754266,74.4775009520193,113.95112507785701
602.764134549706,53.1881449928763,74.47173090058803,113.95357525520498
602.7668364653858,52.71848679047842,74.4663270692283,113.95575614240354
602.7698462816832,52.93990445179321,74.46030743663376,113.9580005338338
602.772967140849,53.149575189319165,74.45406571830199,113.96033992645386
602.7760335783811,52.89530298671156,74.44793284323782,113.96283964582845
602.7790474491295,53.463332054430374,74.44190510174101,113.96520602611501
602.7820462171569,53.16201845646995,74.43590756568621,113.96760181296298
602.7852497884423,53.079748816121125,74.4295004231154,113.97012391214494
602.7880417950046,53.08708615655316,74.42391640999081,113.97241093622047
602.7910332685314,52.891662531882325,74.41793346293726,113.97488382714654
602.7940238513769,53.042833995190705,74.41195229724629,113.9771648023738
602.7970251472183,52.81971139838768,74.40594970556354,113.97960635776002
602.7999772330992,52.7259423963398,74.40004553380173,113.98182690513352
602.8030998745606,52.79259918488063,74.39380025087875,113.98415436646968
602.8062565812857,52.82517113348898,74.38748683742861,113.98654235296956
602.8095756664709,52.91161059573917,74.38084866705833,113.98900567535925
602.8128670592479,53.02059090650996,74.37426588150416,113.99136717102711
602.8158105650211,52.814421260792244,74.36837886995775,113.99382528789818
602.8190902105504,53.0219941074057,74.36181957889936,113.99616992798997
602.8218298975004,52.53180861923893,74.35634020499921,113.99832985905832
602.8247446081142,52.638398202234185,74.35051078377154,114.00046542406966
602.827728920225,52.84375879662894,74.34454215954996,114.00268524408638
602.8307969206631,53.06080376669735,74.33840615867375,114.00494743770048
602.8336815434345,52.80915287304468,74.33263691313084,114.00723242937059
602.8365615380281,52.99983594449464,74.32687692394376,114.00939845295169
602.8394638054339,52.72925832699803,74.32107238913224,114.01181859625866
602.8424280605456,52.886877230467604,74.31514387890893,114.01398777150297
602.8454301296113,53.08784799598003,74.30913974077747,114.01626255980071
602.848330482186,52.92995300239153,74.30333903562794,114.0187101545331
602.8511268288379,53.22229684364833,74.29774634232419,114.02075944911986
602.8540747653689,52.816743369555006,74.29185046926223,114.02319957201202
602.8571313296748,52.920990519071225,74.28573734065048,114.02556723899349
602.8600769372558,53.02035399003779,74.27984612548836,114.02782447703396
602.8634145142735,52.817338239124666,74.27317097145294,114.0305345934766
602.8661984875755,53.07791749554691,74.26760302484901,114.03269472897043
602.8693629839776,53.16922978125956,74.26127403204494,114.03525341440968
602.8722887105494,52.98703259788333,74.25542257890136,114.03766054800022
602.875214113702,52.81598760085423,74.24957177259614,114.04007696331925
602.8781869441415,52.90911093634681,74.24362611171699,114.04221972774458
602.8809127736961,52.99726906167996,74.23817445260784,114.04418128252587
602.8840941879454,52.73511545257466,74.23181162410933,114.04668190302681
602.8870420815716,52.72620194491817,74.22591583685683,114.04873959128041
602.8898470698331,52.70158224188818,74.22030586033387,114.05071756925243
602.8926666952211,52.7413139758698,74.2146666095578,114.05289972413865
602.8954237925333,53.02662038631605,74.20915241493334,114.0550163715918
602.8983389749876,52.835520006574555,74.20332205002468,114.05744753759754
602.9014051934403,52.89160508091912,74.19718961311956,114.05969537399008
602.9042975193544,52.83009088105947,74.19140496129127,114.06185033737763
602.9071265743062,52.935939548837695,74.18574685138766,114.06390390065923
602.9099747793958,53.00673702349995,74.18005044120824,114.06598804862952
602.9128584291979,52.71999193073779,74.17428314160425,114.06828799615488
602.9155013068847,52.634690997643695,74.16899738623049,114.07023656789899
602.9180715090797,52.51617278684682,74.16385698184055,114.07218249533685
602.9208107261805,52.723877087219215,74.15837854763893,114.07424700216843
602.9236561576455,52.68009995340063,74.15268768470894,114.07639776036757
602.9264494297081,52.7886727433089,74.14710114058381,114.0783836055741
602.9289413251056,52.9664891034467,74.14211734978892,114.08024225931432
602.931414670452,52.433022159632046,74.13717065909591,114.08235943361049
602.9336808861436,52.47752135478371,74.13263822771276,114.08399880913196
602.9363144668596,52.57547018095899,74.12737106628074,114.08598987383672
602.9387849198636,52.52382070261258,74.1224301602728,114.08773766286262
602.9410042786225,52.663256821582536,74.11799144275504,114.08943280272842
602.9435082022644,52.72875496555606,74.11298359547125,114.0913466173872
602.9461243905594,52.83468243070819,74.10775121888135,114.09328413035838
602.9487692405047,52.90942220487838,74.10246151899061,114.09535055365001
602.9514442688621,53.07717086190168,74.09711146227575,114.09744995410003
602.9544102857219,52.96849519214502,74.09117942855616,114.09989106953326
602.9575570419207,52.94661184132778,74.08488591615861,114.10248344880102
602.9607213914235,53.03634648044626,74.07855721715302,114.10478938285196
602.9640136223702,52.93833189271109,74.07197275525954,114.10735065816533
602.9670976711983,52.94786566344215,74.06580465760341,114.10950244102376
602.9703517340531,52.47017193208656,74.05929653189379,114.11212408132437
602.9734283426085,52.4369200800595,74.05314331478311,114.11443929010012
602.9766077151725,52.53700048704698,74.04678456965506,114.11689244080202
602.9796751160877,52.57182161495678,74.04064976782462,114.1190817913109
602.9826024339712,52.777633870593895,74.03479513205755,114.12127516257452
602.985415130232,52.86887265157943,74.02916973953606,114.12337990853821
602.9883883035008,53.00934200990992,74.02322339299853,114.12557916900049
602.9915969523347,52.943869911916615,74.01680609533068,114.12813859602424
602.9946019341495,52.627865026622345,74.01079613170094,114.13060154549538
602.9974577794428,52.52515252523151,74.00508444111426,114.13266736162772
603.0003466070846,52.75833883448433,73.99930678583081,114.13486738950157
603.0031233455535,52.882591065551416,73.99375330889309,114.1368501655361
603.0061958664483,52.89771214390674,73.98760826710347,114.13909941338865
603.0089681057732,53.06538195984338,73.98206378845371,114.14121559063173
603.01192090198,52.86143950458176,73.97615819604002,114.14362345418841
603.0145645592607,53.19708823882163,73.97087088147842,114.14548320082709
603.0174840380926,53.20190820214367,73.96503192381495,114.14762087538782
603.0204627395434,53.138232003423404,73.95907452091316,114.14992506757189
603.0233920606993,53.038927522622934,73.95321587860153,114.15221094732182
603.0263291227659,52.6822058921089,73.94734175446808,114.15454963653059
603.0292385914468,52.59957855674718,73.94152281710647,114.1566150451023
603.0326354622639,52.61235922656661,73.93472907547228,114.15906830946568
603.0355958156166,52.746840902023656,73.92880836876685,114.16123915626353
603.0386268760989,52.58414837093447,73.9227462478022,114.16362155220693
603.0419204828293,52.45690887626452,73.91615903434142,114.16618693442632
603.0452445757722,52.60726696488568,73.9095108484555,114.1686926087713
603.0482066266677,52.669224605976524,73.9035867466646,114.17097804725745
603.051431271723,52.788586925691085,73.89713745655406,114.17351414500904
603.0546050876341,52.80488585358351,73.89078982473181,114.17604244260387
603.0573846817526,52.78662677089879,73.88523063649482,114.1782221411502
603.060300409114,52.80635884863333,73.87939918177194,114.1804481750725
603.0628306110957,52.86294395295665,73.8743387778086,114.18241556583449
603.0655182706881,52.98981372915364,73.86896345862378,114.18452498743
603.068464795227,53.13322105037563,73.86307040954603,114.18671085615544
603.0712872136558,53.080938862221664,73.85742557268841,114.18882337155868
603.0741234983568,52.9728097212058,73.85175300328628,114.19096662997744
603.0767902227014,53.16904251126358,73.8464195545971,114.19298747716901
603.0793559678815,53.17214950655733,73.84128806423692,114.19506934951698
603.0819559760247,53.25135781449188,73.83608804795065,114.19699758764511
603.0846256397771,53.43506845821621,73.83074872044585,114.1990323231743
603.0874328369925,53.315199202600134,73.82513432601488,114.20109951873643
603.0904564089366,53.23930035880315,73.8190871821269,114.20348467865
603.0933200769057,53.06535010247949,73.8133598461886,114.20565074405648
603.0964463405111,52.99533882755278,73.80710731897774,114.20803421839226
603.0994365423298,52.96175110426268,73.80112691534043,114.21043498781505
603.1025508722385,52.95823041993808,73.79489825552301,114.21275759503878
603.1056782146345,52.93829185577644,73.78864357073105,114.21514817016993
603.1090056514689,52.83651101964902,73.78198869706219,114.21762883470572
603.1121176657683,52.907923866404126,73.77576466846341,114.22008818133567
603.115427823735,52.53509666461871,73.76914435252999,114.22252446099368
603.1187525155102,52.314721627976496,73.76249496897958,114.22491077356835
603.1216574515112,52.228439425880815,73.75668509697763,114.22695917856176
603.1245426097562,52.24532676610622,73.75091478048755,114.22910157532448
603.1274011941221,52.103517143200996,73.7451976117558,114.23121127270925
603.1302246565909,51.90079044858978,73.73955068681813,114.23328039364783
603.1330537858541,52.05625748975443,73.73389242829164,114.23535393427576
603.1357606791657,52.103270907112915,73.72847864166854,114.23737099176356
603.1387813977343,52.13353548675808,73.7224372045313,114.23947315640683
603.1414893044399,52.05054043347627,73.71702139112017,114.24145445185422
603.144177027742,52.02816250980911,73.71164594451614,114.24338169833487
603.1469175497728,51.872362869358305,73.70616490045461,114.24533696559321
603.1496744527999,51.888995955323864,73.70065109440031,114.24736290127399
603.1526263475324,51.82532723651623,73.69474730493523,114.24942222361673
603.1556492306341,52.03188323125656,73.68870153873175,114.25159921891162
603.1586004955759,52.015188336947766,73.68279900884806,114.25373373624343
603.1613969436728,51.96984692151111,73.67720611265429,114.25585683527565
603.1639832478612,52.16070100119243,73.6720335042776,114.25777227591912
603.1665972091757,52.284261037201844,73.66680558164848,114.25978769813247
603.169422713367,52.44236551756157,73.66115457326593,114.26197783890876
603.1727451504893,52.357745450998166,73.65450969902143,114.26453017055528
603.1755646673017,52.303839817074646,73.64887066539653,114.26648220347323
603.178361587611,52.20413787367319,73.6432768247781,114.26845682072391
603.1809991047336,52.280550424169505,73.63800179053285,114.27028619279761
603.1841017889694,52.18397261036854,73.6317964220612,114.27241225685336
603.1868018643207,52.35743039223177,73.62639627135844,114.27432250546669
603.18981935992,52.41086509938675,73.62036128016015,114.27655519129063
603.1929574560072,52.65348692299279,73.61408508798569,114.2789252816617
603.1957241070236,52.75578502295287,73.60855178595287,114.28094470855352
603.198599704799,52.56748359875905,73.602800590402,114.28309255201067
603.2016435016998,52.40370300290583,73.59671299660054,114.28533361909095
603.2045660018393,52.33210323473603,73.59086799632124,114.28753620754598
603.2072959143954,52.562933076508976,73.58540817120902,114.28955604627602
603.2103211382357,52.638228843434845,73.57935772352864,114.2918439591692
603.213414442492,52.40225087072971,73.5731711150161,114.2941873359626
603.2164887261578,52.29453412698866,73.56702254768452,114.29650423723636
603.2192795021272,52.268325435438015,73.56144099574564,114.29863978275506
603.2218144676266,52.33253863027009,73.55637106474678,114.30051524114484
603.2244302511416,52.1490845530291,73.55113949771679,114.30241784285812
603.2273830146432,52.280993087626726,73.54523397071344,114.30462449893409
603.2303651252942,52.24240043962038,73.53926974941173,114.30682865683661
603.2331886376487,52.15114677976883,73.53362272470257,114.30883484333621
603.2361492159704,51.94602275400555,73.52770156805926,114.31095442468036
603.2390275056846,51.84161386260985,73.5219449886308,114.31313759658042
603.2417648262228,52.04682841697515,73.5164703475543,114.31515111241875
603.2445327228837,51.86964523930282,73.51093455423258,114.31713585093259
603.2472948700257,52.007586855915854,73.50541025994868,114.31902197467254
603.2499043293232,52.20716442093449,73.5001913413537,114.32093583009745
603.2526624691723,52.37666013976351,73.49467506165553,114.32296354603439
603.2559852224377,52.405654794148795,73.48802955512454,114.32547203156413
603.2589514390033,52.37300512987841,73.48209712199335,114.32764965385758
603.262076655866,52.29802858726087,73.47584668826786,114.3299260178774
603.2649431684023,52.25179076186955,73.47011366319545,114.33205056392372
603.2676948092884,52.21076081277484,73.46461038142316,114.33415364746641
603.2702979718676,52.04352043404805,73.45940405626475,114.33599021055545
603.2729569934817,51.99599250414891,73.45408601303667,114.33788981457208
603.2757273429895,51.94573914572865,73.44854531402109,114.3398091823554
603.2783910502333,51.84227207194371,73.44321789953335,114.34172477976773
603.2811983422406,51.6800995913893,73.4376033155187,114.34367542944848
603.2835726406996,51.67374029751053,73.43285471860081,114.34529687938978
603.2862710906145,51.735123879235665,73.42745781877112,114.34716863100145
603.2889173978889,51.85060195569515,73.42216520422225,114.34899983386309
603.2916569740861,51.981821839992364,73.41668605182787,114.35091179084696
603.2943771580866,51.96910624458757,73.41124568382683,114.35285015737033
603.2975716396354,51.951920965328384,73.40485672072919,114.35501132697698
603.3005343848909,52.11631995325618,73.39893123021827,114.35715431295915
603.3032832921973,52.49508037170424,73.39343341560529,114.35917910031917
603.3062128352708,52.46704536222145,73.38757432945845,114.36134686950147
603.3093562725776,52.611088954277704,73.38128745484484,114.36364534889833
603.3123865849021,52.546809496965935,73.37522683019574,114.36580336065455
603.3154710205248,52.343656337719544,73.36905795895048,114.36801259891662
603.3185388796668,52.318558464843036,73.36292224066649,114.37036709004789
603.3215981125666,52.35724825310109,73.35680377486696,114.3725818425313
603.3246965105176,52.486911575345715,73.35060697896473,114.37490671400275
603.3276448691668,52.312370965396816,73.34471026166648,114.37718626549501
603.3304370997992,52.38582435292742,73.33912580040179,114.37933623798953
603.3332981102353,52.3889753084423,73.33340377952945,114.38155943680965
603.3362975767989,52.08611547233107,73.32740484640229,114.3836978593182
603.3392537268943,51.841360882503665,73.32149254621149,114.3858193818075
603.3418666486102,52.02934609711717,73.31626670277954,114.3875245454798
603.344482672363,52.32422703730905,73.31103465527396,114.38932642633033
603.3473834373419,52.42485058883701,73.30523312531606,114.39149011264495
603.350779276882,52.32587078041065,73.298441446236,114.39383245604776
603.3537772964922,52.38947544984736,73.29244540701544,114.39590812488957
603.3567501858595,52.0688300271543,73.28649962828095,114.3979966139372
603.3595302716772,52.113802071714254,73.28093945664568,114.39992215473681
603.3623893407145,52.11849006043892,73.27522131857098,114.40195136867173
603.3652949238603,52.11300802275363,73.2694101522792,114.40393218960963
603.3680027494069,52.199968656033114,73.26399450118623,114.40584820141676
603.3705802068082,51.978719991893385,73.2588395863837,114.40773488249468
603.373562107663,51.96402114909733,73.25287578467398,114.4096033470587
603.3762084021523,51.98757677375357,73.24758319569543,114.41135970337281
603.3787140800368,52.21846835420579,73.24257183992636,114.41302518615275
603.3813825782531,52.34870322223509,73.23723484349371,114.4147300564174
603.3845549204591,52.50354951372338,73.23089015908174,114.41713034391468
603.3873220359412,52.47616398175939,73.22535592811761,114.41911176816107
603.3902628966165,52.63790603438402,73.21947420676695,114.42108607031386
603.3930966925315,52.54485514854805,73.21380661493713,114.42311791047868
603.3958303099568,52.59899678502741,73.20833938008646,114.42505051004613
603.3985489364306,52.68350803944259,73.20290212713881,114.4270215379265
603.4014424717767,52.696682967010084,73.19711505644662,114.42903957469922
603.404444796802,52.724169828109986,73.19111040639606,114.43113285932581
603.4074319050883,52.67905202488499,73.18513618982345,114.43312834894117
603.4102531813116,52.65990488639455,73.17949363737677,114.43510627954491
603.4130609089514,52.73068180814096,73.17387818209734,114.4370817021711
603.4160072818246,52.70102904460232,73.16798543635088,114.43922360701808
603.4188136437291,52.75700695569774,73.16237271254178,114.44123784100343
603.4217384266772,52.6561325946825,73.1565231466456,114.4431225629519
603.4245516579434,52.861305357001804,73.15089668411322,114.44517373750342
603.4273498903365,52.931878354581436,73.14530021932711,114.4472273798764
603.4301852848549,52.746863186210106,73.13962943029021,114.44926507707743
603.432827017505,52.92231908248697,73.13434596498999,114.45120297662994
603.4356454740168,53.002258129004716,73.12870905196641,114.45329865802759
603.4385050404528,52.97980473408905,73.1229899190943,114.45545011974012
603.4415087029342,52.75278314896251,73.1169825941315,114.45765956501762
603.4440700025372,52.87074337360755,73.11185999492571,114.45946415008365
603.4471376443613,52.641356047629785,73.10572471127735,114.46164916285232
603.4498745649068,52.794470740615495,73.10025087018633,114.46362219258563
603.4526532202157,52.529583695627316,73.0946935595687,114.46580624616978
603.455582103564,52.74910219186164,73.08883579287193,114.46789202401058
603.4582805553674,52.73908290514905,73.08343888926507,114.46972649141782
603.4604072394326,53.082483377573844,73.0791855211348,114.4712842706855
603.462161368113,53.184918415862576,73.07567726377393,114.4726598548899
603.4640740486631,52.91274167438706,73.07185190267386,114.47408535741796
603.466014316103,52.432264068725914,73.06797136779383,114.47547683659303
603.4675195184801,52.83164233570838,73.06496096303982,114.47633431486946
603.469590234563,52.662084197372366,73.06081953087387,114.4776683277857
603.4718387643788,52.667311701064584,73.0563224712423,114.47896994635904
603.4738372114997,52.36561791277381,73.05232557700052,114.48030334422585
603.4760085473977,52.02698667566414,73.04798290520475,114.48181478800008
603.4783104517741,51.740675653434884,73.04337909645196,114.48351618626795
603.4804028993947,51.725983025577506,73.03919420121065,114.4850503465596
603.482702592525,51.80673246572201,73.03459481494987,114.48667948464981
603.4851668949917,51.73685588606478,73.02966621001663,114.4884002522969
603.4877711332516,51.85345456239679,73.02445773349685,114.48985316878361
603.4901407117352,51.998496996586105,73.01971857652956,114.49134045397325
603.4924119246084,52.22059766059616,73.01517615078312,114.49262394298118
603.4950736170443,52.44968541466253,73.00985276591133,114.49429743482555
603.4977103338725,52.570716205371006,73.00457933225488,114.49611999962214
603.4999704844239,52.92150226070547,73.00005903115226,114.49770108195018
603.5024743992567,52.74124949718427,72.99505120148655,114.49960003207303
603.5051143926078,53.04923840395685,72.98977121478443,114.50137918130406
603.5079842057763,52.95881171718199,72.98403158844731,114.50341462701641
603.5106660914206,52.876296773839414,72.97866781715874,114.50541962625897
603.5137934195384,52.659669560061054,72.97241316092321,114.50765948620209
603.5166713232048,52.93663663782553,72.9666573535904,114.5095689223632
603.5199359277276,52.81474618461071,72.96012814454475,114.51193093068721
603.522868856778,52.28507647982201,72.95426228644403,114.51408254462558
603.5255233197964,52.19300291941151,72.94895336040705,114.51598537950545
603.528246225027,52.16915580602638,72.94350754994598,114.51790617089168
603.5310806396162,52.3762587373161,72.93783872076753,114.51992678474313
603.533909550995,52.71004095786088,72.93218089800997,114.52192659078491
603.5365912432785,52.76265944380253,72.9268175134429,114.52374618448438
603.5395004481459,52.15330770565148,72.92099910370825,114.5258008437241
603.5423657948108,52.30919364320051,72.9152684103782,114.52771715741731
603.5452548130694,52.45465120801487,72.90949037386127,114.52961601432843
603.5480660290849,52.58778967042907,72.90386794183017,114.53143708621177
603.5508604739415,52.41950811308985,72.89827905211708,114.5332509194838
603.5535531040699,52.17988937224351,72.8928937918601,114.53513265276149
603.5562807234743,52.14776687184791,72.88743855305142,114.53700916002552
603.559229491909,52.209861164016054,72.88154101618201,114.5391435454835
603.562204426915,52.33797699063708,72.87559114617012,114.54121022970101
603.5653626593569,52.37870696119451,72.86927468128636,114.54327043281032
603.5682699382669,52.63470929611118,72.86346012346617,114.545122710399
603.5712375880946,52.808809609210435,72.85752482381072,114.54717521916639
603.5740933078517,52.35007586949926,72.85181338429659,114.54943233233966
603.5767622979774,52.47186461264156,72.84647540404515,114.5512751380749
603.5795406147099,52.37701440633905,72.84091877058022,114.55319639232611
603.5820294302471,52.008785087643815,72.83594113950586,114.55490207666406
603.5847641153256,51.964713777105295,72.83047176934879,114.556654589871
603.5872830534241,52.275580755689546,72.82543389315178,114.55845161662737
603.5900452284576,52.43614852767223,72.81990954308479,114.56027692623866
603.5929068852117,52.610173425613446,72.81418622957659,114.56223788303414
603.5956354638628,52.920505974383374,72.8087290722744,114.56408923876043
603.5985755309055,52.545741607144535,72.80284893818911,114.56614556780445
603.6016107592876,52.45396045396922,72.79677848142471,114.56821514317993
603.6041902489333,52.387709539749764,72.79161950213349,114.56996247099133
603.6069999986513,52.25541199700054,72.78600000269735,114.57173775968916
603.6098467219738,52.2774815959686,72.78030655605241,114.57366610880614
603.6128798811554,52.1037609785614,72.77424023768907,114.57568728107859
603.6159302360726,51.951378807873596,72.76813952785483,114.57766157671597
603.6188373569946,51.91993384489596,72.76232528601065,114.57956147458792
603.6216165317567,51.81662031573642,72.75676693648654,114.58142033715866
603.6244360611857,52.067057288791865,72.75112787762842,114.5833115697282
603.6273347047095,52.322727897633825,72.745330590581,114.58528060566442
603.630153866737,52.51631046038352,72.73969226652594,114.58712573073342
603.6330382243679,52.65018264259631,72.73392355126437,114.58919979148637
603.6361395655881,52.718908602336334,72.72772086882385,114.59134066857042
603.6387809218834,52.41011390695355,72.72243815623335,114.59331379737692
603.6416021292058,52.522254029107394,72.71679574158838,114.59523715860188
603.6443661462506,52.53073970821005,72.71126770749888,114.59705426290131
603.6472588803448,52.4668124952312,72.70548223931043,114.5991033108988
603.6500606282517,52.47636744113284,72.69987874349667,114.6011047044095
603.6526782932261,52.64052982767793,72.69464341354765,114.6028898553973
603.6554996664975,52.76653572667162,72.68900066700516,114.60487368457476
603.65822851034,52.38717612703575,72.6835429793199,114.60685755898687
603.6610304975362,52.48477853626599,72.67793900492765,114.60867924659271
603.66380471893,52.63584320629069,72.67239056214,114.61053514461858
603.6665342747743,52.646571432847274,72.66693145045137,114.61238668178818
603.6692453859231,52.69482733576198,72.66150922815373,114.61414605217776
603.6721238494589,52.37130993873355,72.65575230108229,114.61625960304384
603.6749049896339,52.45013629051573,72.6501900207322,114.61813156376229
603.6776651218198,52.6580737449477,72.64466975636043,114.61999169508618
603.680443442267,53.02376015267186,72.63911311546596,114.6218211582519
603.6831716979342,53.04051795320089,72.63365660413162,114.6238494236494
603.6858723853406,52.978663415848985,72.62825522931871,114.6258971407716
603.6888350074945,52.681594702515035,72.62232998501091,114.62811949642891
603.691734504458,52.76370238161947,72.61653099108395,114.63000869335005
603.6949031743766,52.33864526093376,72.61019365124679,114.63220370902872
603.6977020403789,52.1045390081416,72.60459591924214,114.63391876354606
603.7007482145206,52.09634916246555,72.5985035709588,114.63590065679209
603.7037874959013,52.034084693924285,72.5924250081973,114.63788658673923
603.7068067509279,51.92657745909589,72.58638649814425,114.63996131716873
603.7099765076587,52.116111008337064,72.58004698468261,114.64196602464035
603.7126937864886,52.32441214955783,72.57461242702283,114.64374868163097
603.7156325826207,52.37708399280444,72.56873483475843,114.64572439485222
603.7183470730743,52.17956216448363,72.56330585385145,114.64746945535012
603.721224578837,52.0190054577634,72.55755084232611,114.64940947315688
603.7241704859795,51.81934279893751,72.55165902804106,114.65117803884218
603.7267725103745,51.55995636428454,72.54645497925101,114.65297097536309
603.7296510695764,51.18533731231294,72.54069786084703,114.65485183004634
603.7324940177648,51.17442316957045,72.53501196447047,114.65680041677795
603.735245289813,51.2082281769033,72.5295094203741,114.6586218635061
603.7380877214207,50.84479176472721,72.52382455715849,114.66054431468551
603.740844437799,50.678580643051646,72.51831112440219,114.66219120770438
603.7436566765891,50.70361080688366,72.51268664682178,114.6639897000615
603.7462432835129,50.57385826743687,72.5075134329742,114.66553317793618
603.7489085489449,50.416102966836796,72.50218290211018,114.66721236038366
603.7516274277082,50.36441893194484,72.4967451445836,114.66879581345881
603.7541397313087,50.26812921890911,72.49172053738273,114.67038184110231
603.7566899263496,50.29283733365992,72.48662014730077,114.67201948579532
603.7592562007146,50.17756057920917,72.48148759857071,114.6736131362793
603.7619136673612,49.91422017066693,72.47617266527762,114.6752562474655
603.764605738084,49.86341086905093,72.47078852383201,114.67680929154871
603.7672549829533,49.74557576143719,72.46549003409332,114.67844964747177
603.7700721135368,49.432991686810745,72.45985577292639,114.68018295509181
603.7728921375759,49.34557272100517,72.45421572484824,114.68191774789852
603.7755039372906,49.08728183290147,72.44899212541877,114.68363800000085
603.7780399106525,49.346988051093994,72.443920178695,114.68535642346764
603.7805125937132,49.392059882429514,72.43897481257362,114.68701833062416
603.7832154465918,49.20368334989851,72.43356910681625,114.68875017643262
603.7859607049764,49.131955327027775,72.42807859004712,114.69046454405539
603.788921152897,49.41656690601638,72.42215769420599,114.69242822661239
603.7917985592585,49.27955133850087,72.41640288148291,114.69440308007678
603.7946491348744,49.23690690073602,72.41070173025138,114.69626228378252
603.7976653829568,49.17013337861855,72.4046692340865,114.69812642544291
603.8003476662087,49.28214539266632,72.3993046675826,114.69984449901668
603.8030941671931,49.25049133434522,72.39381166561384,114.70161207162583
603.8058101485057,49.16304221737467,72.3883797029886,114.70338462130562
603.808507877867,49.23671232925109,72.38298424426614,114.70521473666028
603.811157430993,49.25087828408121,72.37768513801385,114.70700831459584
603.8137437827759,49.191762730239574,72.37251243444821,114.70866579796623
603.8163743032327,49.179358507889894,72.36725139353457,114.7103821981482
603.8190494938389,49.143998605131806,72.3619010123222,114.71215269169271
603.8217435549994,49.21381468174205,72.35651289000117,114.71386326780228
603.8246136401231,48.85886778237101,72.35077271975388,114.715671291169
603.8273765874451,49.12082826448069,72.34524682510987,114.7173757346454
603.8300342021341,49.64061728381004,72.33993159573166,114.71902253328987
603.832874776508,49.630136568532535,72.33425044698402,114.72075082275043
603.8355501135304,49.74791289367382,72.3288997729392,114.72246666504732
603.8383678764978,49.4763686157314,72.32326424700435,114.7242402614061
603.8410773210629,49.35331420267963,72.31784535787415,114.7260193667741
603.8437579556071,49.22183459405217,72.31248408878582,114.7278515293377
603.846553211368,49.30108362851312,72.30689357726388,114.7297122618999
603.8493624034031,49.25248695249894,72.30127519319367,114.73130273649019
603.8522589526941,49.354052662705705,72.2954820946117,114.7329506429924
603.8552851840735,49.42227028784818,72.28942963185294,114.7347844446169
603.8579963658129,49.45944194166571,72.28400726837411,114.73640835198343
603.8606350034287,49.31774941033706,72.27872999314268,114.73811202602417
603.86356208507,49.34634171847302,72.2728758298599,114.74004541985595
603.8662895097638,49.373944496933156,72.26742098047254,114.74165401568307
603.8689364166944,49.390630597432725,72.26212716661125,114.74317974932934
603.8717809286129,49.45629441904961,72.25643814277421,114.74487968945624
603.8747415468863,49.353528225920556,72.25051690622752,114.7467354198258
603.8774371520389,49.2452955886874,72.24512569592233,114.74849051830105
603.8800876061241,49.201699160989826,72.2398247877519,114.75004407573401
603.8827692862789,49.03824710189554,72.23446142744233,114.75178471030289
603.8854697347043,49.72938618922812,72.22906053059131,114.75351565848624
603.8881780770826,49.84426862487938,72.2236438458349,114.75513038556285
603.8909080507756,49.87104543404952,72.21818389844893,114.7567492739424
603.893545662319,49.917722196270866,72.21290867536217,114.75833208309642
603.8962509087955,49.86734404743491,72.20749818240895,114.75993253751042
603.8988439440146,49.834186826206796,72.20231211197068,114.76156454844762
603.901455769263,49.90464484403985,72.1970884614741,114.76315140181865
603.9041923389427,49.923065308855556,72.19161532211449,114.76485035121127
603.9068702802758,49.93585646309218,72.18625943944846,114.7665582510032
603.9094382397126,50.00992154459979,72.18112352057476,114.76810984984883
603.9121880880843,49.931802232257546,72.17562382383134,114.7698629508326
603.9148161055656,49.79185856345149,72.17036778886876,114.77149259062405
603.9175876086815,49.64254847602557,72.16482478263696,114.77328297559896
603.9203111799332,49.84257275048223,72.15937764013364,114.77505833477622
603.9230162823347,50.007018759710874,72.15396743533042,114.77677131657643
603.9256154979172,49.8692434021006,72.14876900416571,114.7784495370994
603.9282225420352,49.84158657886138,72.14355491592957,114.78010003410179
603.9309294952259,49.80921178485988,72.13814100954833,114.78181494608941
603.9337048046146,49.951150242584816,72.1325903907706,114.78343316284742
603.9363053813515,49.997724437995586,72.12738923729695,114.78503282200032
603.9390446426654,49.95150278415586,72.12191071466913,114.78673689439782
603.9416378496527,49.99439819458701,72.1167243006947,114.78838507414206
603.944276559764,49.78418562189547,72.11144688047186,114.79013202524071
603.947056941087,49.80910067346213,72.10588611782597,114.79196746661727
603.9495882111305,49.619821059357605,72.10082357773904,114.79345588045521
603.9520730418768,49.62779733689156,72.09585391624631,114.79500374828226
603.9549392331081,49.49486736119205,72.09012153378367,114.796756025321
603.9575306853662,49.50963166632961,72.08493862926743,114.79849093039908
603.9603229938313,49.5067776587465,72.07935401233742,114.80018511523508
603.9629004341829,49.29471997240407,72.07419913163436,114.801749183818
603.9657013055562,49.14018002976485,72.06859738888761,114.80342985578238
603.9684981086549,49.226485176868984,72.0630037826901,114.805147605631
603.9714551228401,48.92152530121606,72.05708975431978,114.80698476444952
603.9741427126667,49.19547202635239,72.05171457466665,114.80886089454108
603.9769048369405,49.174248020196785,72.04619032611897,114.8105241343668
603.9795226763583,49.09499097115638,72.04095464728343,114.81209330189418
603.982258300085,48.8995112300387,72.03548339982986,114.81375485174314
603.9850410655042,49.11919117193709,72.02991786899152,114.81551109233791
603.9877571105708,49.02980354959888,72.02448577885855,114.81716974925627
603.9901861028164,49.40487324074915,72.01962779436707,114.81875252395723
603.9925696644917,49.32010575740396,72.01486067101665,114.82022459511118
603.9950447886081,49.17229239445367,72.00991042278372,114.82175917246936
603.9976195493275,49.199798409516745,72.00476090134488,114.82334131297318
604.0003471820226,49.33053826312133,71.999305635955,114.82498899233399
604.0029582198857,49.63321599441515,71.99408356022852,114.82659942921381
604.005602244488,50.025667038204254,71.98879551102387,114.8281577412633
604.008323252912,50.13826279600693,71.98335349417606,114.82975282422115
604.010967442332,49.974521156606336,71.97806511533594,114.8312862255218
604.0136586287072,50.178879781015425,71.97268274258576,114.83292087895009
604.0163140468798,50.005892868905384,71.96737190624039,114.8343581304754
604.0189302602256,49.909979241619446,71.96213947954882,114.83597480422146
604.0215447162678,49.9799529079937,71.95691056746428,114.83769149964068
604.0242178020369,50.02791869780288,71.95156439592613,114.83941470225794
604.0267876364555,49.960935598352215,71.94642472708895,114.8410797494068
604.0295135440059,49.970170388985224,71.9409729119882,114.84278736298944
604.0322123997685,49.87350133974674,71.93557520046312,114.84444240749608
604.0349174022678,49.93386127692618,71.93016519546441,114.84606783166586
604.0376109599655,49.91664909421885,71.92477808006898,114.84768479476777
604.040381818823,49.86653866462639,71.91923636235391,114.8492792116991
604.0430567013772,49.906650597029646,71.91388659724565,114.85085891460012
604.045592026642,50.01831603939615,71.90881594671605,114.85231660623164
604.0480322925716,49.888006096634825,71.90393541485682,114.85372012355589
604.0506667666185,49.671322690312444,71.89866646676305,114.85518321629861
604.0529129930849,49.540368887969805,71.89417401383018,114.85653066606903
604.055403803601,49.73164447041566,71.88919239279795,114.8581412715211
604.0578888119057,49.45089969123678,71.8842223761886,114.85957032878024
604.0603783409105,49.502931127796025,71.87924331817906,114.86110762645289
604.0628081936388,49.7701468969185,71.87438361272227,114.86262990795969
604.0653270328294,49.66558274353867,71.86934593434123,114.86408734727625
604.0679395874153,49.700120243413686,71.86412082516946,114.86554815632788
604.0706005368753,49.66408580385393,71.85879892624936,114.86715616458538
604.0731791962854,49.64414969716576,71.85364160742911,114.86861301304063
604.0755535163248,49.61357818031143,71.84889296735044,114.8701126589548
604.0780103399435,49.444856460061544,71.84397932011302,114.87168091611068
604.0804954291704,49.67106723766507,71.83900914165937,114.87320881235016
604.0831276654575,49.77088765334707,71.83374466908502,114.87474530981116
604.0855777574221,49.795786866350994,71.8288444851557,114.87614158887237
604.0881569790575,49.847974861191396,71.82368604188498,114.8775432204608
604.0907055274891,49.811921300521085,71.8185889450218,114.87898947500445
604.093357261485,49.75681569922997,71.81328547702988,114.88045835853923
604.0957548062987,49.53724817603125,71.80849038740259,114.88185605924117
604.0982546620374,49.77126337772175,71.80349067592508,114.88339000431941
604.1009382904082,49.74745673817291,71.79812341918357,114.88499819085585
604.1034424502599,49.64515457342708,71.7931150994802,114.88647294569103
604.1059427727365,49.612429019339245,71.788114454527,114.88789896472198
604.1084285470291,49.54708081771799,71.78314290594166,114.88930740981935
604.1109458725379,49.748136788939284,71.77810825492426,114.89080516042715
604.113570687314,49.72837090744017,71.77285862537208,114.89245097068446
604.1160778019281,49.69726985726769,71.76784439614373,114.89387243033791
604.1184599248359,49.64317960545024,71.7630801503283,114.89536509017321
604.1210152821193,49.44730413321186,71.75796943576154,114.89678572001375
604.1235627278122,49.5534137873762,71.75287454437552,114.89842151434334
604.1262106937206,49.383056871067936,71.74757861255878,114.90003328735713
604.1287717258264,49.402766072650955,71.74245654834733,114.90163114621573
604.1313200910688,49.49344645082349,71.73735981786245,114.90319697018053
604.13371552431,49.64723915731144,71.73256895138003,114.90462015553227
604.1364261813653,49.37631239616873,71.72714763726927,114.90620591229569
604.1390628913477,49.59797676682282,71.72187421730442,114.90776099438229
604.1415858924789,49.56419359881279,71.71682821504221,114.9091524507322
604.1439363960038,49.6737771901715,71.71212720799228,114.91057943572413
604.1465958107506,49.416292702065036,71.70680837849892,114.91218314322978
604.1491126020788,49.86981536765305,71.70177479584233,114.91373623505791
604.1515803341335,49.8606334667288,71.69683933173289,114.91521041633408
604.1541104647338,49.95472937212661,71.69177907053256,114.91669645495043
604.1566384033177,49.82243833002726,71.68672319336461,114.9181586925667
604.1589895879226,49.70125274027581,71.68202082415485,114.91955031980062
604.161445015492,49.57246509903969,71.67710996901603,114.92098435690772
604.1639143519244,49.590365032642914,71.67217129615123,114.92252056724239
604.1662551020406,49.64790552735375,71.66748979591866,114.92391000414175
604.1686426440796,49.77276308056483,71.66271471184092,114.92541417033311
604.171167508255,49.81196157778321,71.65766498348984,114.92683827076692
604.1735972163474,49.80718796345523,71.6528055673052,114.9284185153595
604.1760845153945,49.903306340805194,71.64783096921116,114.93003364883934
604.1786253882352,49.77695364598303,71.64274922352962,114.93153293849664
604.181103037835,49.70027264672632,71.63779392432996,114.93302982720877
604.1837198489696,49.668880373133035,71.63256030206072,114.9345656211755
604.1863061385063,49.3620632443152,71.62738772298736,114.93609254229001
604.1889218475067,49.279702784113255,71.62215630498665,114.9376230829551
604.191202539952,49.40104841070759,71.61759492009605,114.93895051856438
604.1936521200575,49.49156733343237,71.61269575988486,114.94039022183327
604.1963803884291,49.71382629761669,71.6072392231417,114.94200706934163
604.1989641289722,49.93963076337441,71.60207174205567,114.94341659452365
604.2015803265508,49.802749009992915,71.59683934689836,114.94501527966189
604.2042699859256,49.674840704388515,71.59146002814875,114.94661599474108
604.2067130702053,49.70522901775312,71.58657385958934,114.948070256766
604.2091177041381,49.67944167392574,71.5817645917239,114.94946848785014
604.2116663922977,49.72387752854138,71.57666721540464,114.9509072106357
604.2141653658581,49.73438147231348,71.57166926828386,114.95239191252053
604.2168412767439,49.65645878064154,71.5663174465121,114.95394273054438
604.2192797944896,49.52645339799841,71.56144041102087,114.95548796734249
604.2217862688065,49.69241553190472,71.55642746238706,114.95709466199706
604.2243335143038,49.82562620950146,71.55133297139231,114.95866580329407
604.2267993258013,49.7555481616456,71.5464013483975,114.96013847560586
604.2293003070561,49.514198281922866,71.54139938588787,114.96166558399885
604.2316988374519,49.7702927329341,71.53660232509633,114.96305962684637
604.2339799645183,49.577001305560046,71.53204007096349,114.96442332485239
604.2364285027136,49.76527343492811,71.52714299457293,114.96578914368813
604.2388567526176,49.703617533905515,71.52228649476473,114.96731211616827
604.2415119985209,49.64844858888142,71.5169760029582,114.96891232143014
604.2440717760311,49.53283695279717,71.51185644793792,114.97035390633897
604.2466883728881,49.37912764952591,71.50662325422371,114.97184505745622
604.2492585140641,49.63103460028846,71.50148297187177,114.97326360927738
604.2518369551378,49.46081227270031,71.49632608972426,114.97475015006808
604.2543091772824,49.63428423047008,71.49138164543527,114.9762369276781
604.2567392472987,49.504514608278726,71.48652150540262,114.97770990528568
604.2592068543139,49.55327787058537,71.48158629137214,114.97910316718524
604.2617042763476,49.54925371642878,71.47659144730487,114.98062563349117
604.2640614877398,49.76674953065479,71.47187702452028,114.98208719846528
604.2664490126217,50.105967504293055,71.46710197475656,114.98350838600778
604.2691227267487,50.30426079397127,71.46175454650253,114.98499932439924
604.2719515723445,50.330325379142685,71.4560968553109,114.98662665558204
604.2744322071674,50.25274449204591,71.45113558566531,114.98805148080861
604.2768676592864,50.31952917119143,71.44626468142727,114.98947418556308
604.2794118403385,50.463738479454015,71.44117631932288,114.99102745710324
604.2818536140467,50.493484557007605,71.43629277190676,114.9924696854182
604.2841740144166,50.61527900418236,71.43165197116674,114.99378383398117
604.2863986897333,50.8356820229477,71.42720262053336,114.99509274567687
604.2887256168444,51.03902348299607,71.42254876631114,114.99650652648688
604.2908899777914,51.19377408648567,71.41822004441732,114.99776793351946
604.293108796907,51.48697011726531,71.41378240618617,114.99909841186191
604.29560485769,51.42436533662599,71.40879028462004,115.00060586428053
604.2982195027434,51.501963432716465,71.40356099451299,115.00209049447201
604.3009687815676,51.6788157631218,71.39806243686489,115.00374258653382
604.3036237038319,51.9955756311851,71.39275259233611,115.00543485459194
604.3063534913377,52.27527865752308,71.38729301732445,115.0071457357386
604.3092076966759,52.33788910025994,71.38158460664812,115.00887597850928
604.3120329965266,52.24201321890265,71.37593400694696,115.01058536470562
604.3148696129405,52.206619470413,71.37026077411916,115.01217931968128
604.3174312641311,52.17864786156401,71.36513747173782,115.01372788990021
604.3200396963841,52.06557000876246,71.35992060723181,115.01530713716839
604.3226072110205,51.979408102134904,71.35478557795909,115.01686087152602
604.3252809222686,51.870621321034264,71.34943815546286,115.0185454268742
604.3276914438522,51.863581943279485,71.34461711229558,115.02003518128697
604.3302399868285,51.62806113330398,71.33952002634307,115.0216631035184
604.3328247719976,51.68273527445034,71.33435045600483,115.02326346580415
604.3355195046585,51.808357150613375,71.32896099068306,115.0248712890911
604.338227081404,51.847151122967816,71.32354583719199,115.02654590647833
604.3408498414492,51.797604232542376,71.31830031710167,115.02811654195158
604.3436452500714,52.040106531692985,71.3127094998571,115.0297870272876
604.3463721363389,52.14336327507747,71.30725572732209,115.03151577808653
604.3490831318179,52.239945122062224,71.30183373636413,115.0332474261094
604.3515121748227,52.48039113908642,71.29697565035467,115.03484071620537
604.3542557195217,52.89204748393766,71.29148856095651,115.0364882582839
604.3568841410605,52.70657642295651,71.28623171787895,115.0383114513369
604.3595724585139,52.4804576841938,71.28085508297228,115.04001363146851
604.3621929137279,52.25772470062317,71.27561417254418,115.04179534849342
604.3649468862172,52.47268133802324,71.27010622756542,115.04352541070462
604.3675835492008,52.37773642976973,71.26483290159838,115.04509055224769
604.3703669714026,52.07372579023028,71.2592660571948,115.04680062927734
604.3731043240917,51.94663070101951,71.25379135181642,115.0485957440602
604.3756382774543,52.018224859532054,71.24872344509129,115.05028930135799
604.3783162123912,51.823340802462226,71.2433675752176,115.0520484037522
604.380928087212,51.83903468651714,71.23814382557579,115.05363637637313
604.3832004370311,51.918234286542855,71.23359912593789,115.05494591464873
604.3854579502953,51.7219649097609,71.22908409940943,115.05632525296758
604.3877181227604,51.72274033039331,71.22456375447939,115.05766718786234
604.3900113344084,51.71548668975229,71.21997733118307,115.05903270481649
604.3922486711613,51.78567328014325,71.21550265767753,115.06033751459033
604.3943521278409,51.55103896342644,71.21129574431829,115.0616352403358
604.3964903681389,51.53982518819451,71.20701926372229,115.06282822817914
604.3986606028203,51.50793339192672,71.20267879435931,115.0641509623399
604.4007516097015,51.33907650718769,71.19849678059701,115.06545301726412
604.4030711445832,51.31373381470233,71.19385771083353,115.06691987798743
604.4055832108825,51.30399335129612,71.18883357823498,115.06855304701334
604.4081167432481,51.321297622292214,71.18376651350383,115.07023591430503
604.410736010984,51.16208217126694,71.17852797803191,115.0719269889611
604.4134601444852,51.16872005421841,71.17307971102974,115.07360413412218
604.4161065824834,51.16862505881601,71.16778683503324,115.07522826052697
604.4186840973588,50.99468528443038,71.16263180528246,115.07683283733626
604.4210042731379,50.82340335906417,71.15799145372414,115.07813291701154
604.4233611543243,50.59862815738432,71.15327769135138,115.07941934737359
604.4257278375151,50.59551412260921,71.1485443249698,115.08079713691832
604.428487414239,50.551057426189196,71.14302517152203,115.08236750008048
604.4309082596502,50.396573858520526,71.13818348069961,115.08368368188655
604.4333559604471,50.15904366882586,71.1332880791057,115.0850643995251
604.4357584290337,49.8252692087084,71.12848314193243,115.08648867786472
604.4384110358609,49.969858380500725,71.1231779282783,115.08799411042028
604.4411310651677,49.58049013285217,71.11773786966451,115.08962771808693
604.4435900576801,49.25464139311008,71.11281988463973,115.09106218611558
604.446244162446,49.24231766414428,71.10751167510799,115.09261974343434
604.4490478771536,49.0665883514452,71.10190424569281,115.09417263953868
604.4513930781734,49.15040252620833,71.09721384365311,115.09551190955072
604.4540981120282,49.14677007566951,71.09180377594369,115.09701184985136
604.4564342039251,49.22581644655281,71.08713159214973,115.09836428957374
604.4590231083608,49.50461270570146,71.08195378327827,115.09989975770756
604.461472587307,49.59991611516801,71.07705482538601,115.10131107515657
604.4638214727988,49.741765109492555,71.07235705440226,115.1027728233792
604.4664379743515,49.506786222169026,71.06712405129709,115.10439568477247
604.4688013008738,49.666933509555186,71.06239739825243,115.10582868387176
604.4713167187439,49.60627009622873,71.05736656251231,115.10728666577714
604.4737962866852,49.53291964659187,71.0524074266296,115.10870689095093
604.4762824560864,49.494507928375924,71.04743508782718,115.1101183370979
604.4787170415057,49.497653045162,71.04256591698872,115.11141243601423
604.4812465470533,49.72614773412155,71.03750690589335,115.11276754743115
604.4836827690401,49.82119887259222,71.03263446191968,115.11418675116931
604.4863279343555,49.79898223218842,71.02734413128903,115.11579162856361
604.4889013674657,49.81193132193663,71.0221972650685,115.11721072342904
604.4916953000652,50.03324587456276,71.01660939986962,115.11887183891425
604.4942811311465,49.75851986939933,71.01143773770701,115.12032327512917
604.4971678533445,49.9625026847823,71.00566429331087,115.1219611506899
604.4998046503464,49.92408354403185,71.0003906993072,115.12348579702034
604.5023034048653,49.91868286787761,70.99539319026943,115.12488868428403
604.5047876697433,50.08527672128959,70.99042466051336,115.12641580738179
604.5074634036456,50.19147718787904,70.98507319270887,115.12791250477521
604.5101035885316,50.04338515453915,70.97979282293676,115.1294277777767
604.5125716596366,49.89979888408764,70.97485668072689,115.13081628275863
604.5152738811328,49.82050665690102,70.96945223773434,115.13242016300086
604.5180837317034,49.608173653982355,70.96383253659319,115.13408115418021
604.5205748216318,49.500277612922346,70.95885035673642,115.13547097790408
604.5231835490732,49.44598749973701,70.9536329018536,115.13690133507119
604.525838598955,49.32824480913503,70.94832280208996,115.13836482909196
604.5284992616429,49.10649019784764,70.94300147671422,115.13984651265191
604.5308622857854,49.33913230768696,70.93827542842931,115.1411709663074
604.5333520184568,49.35252644523459,70.93329596308645,115.14267662679418
604.5357884544154,49.52023117919776,70.92842309116915,115.14411696756078
604.5383779293758,49.744411575927444,70.92324414124852,115.1456164190908
604.5408434186593,49.974533420368275,70.91831316268146,115.14697330207994
604.5433539518806,49.704055872521145,70.9132920962389,115.14837821257065
604.546130871372,49.899098063457856,70.9077382572559,115.14988368088453
604.5488322951985,49.59503139470622,70.9023354096029,115.15131779010106
604.551531699933,49.48872850789477,70.89693660013396,115.15283411658326
604.554187343986,49.577368446235646,70.89162531202801,115.15423923447987
604.5568302356236,49.72988224793497,70.8863395287528,115.155588773749
604.5593830274319,49.94384399929241,70.88123394513633,115.15696999000536
604.5619169659558,49.799048923024955,70.87616606808831,115.15836301257545
604.5645123901903,49.903556909513036,70.87097521961934,115.15980740441786
604.5671161817721,49.834952606005345,70.86576763645567,115.16123205597842
604.5696713250021,49.76368010960605,70.86065734999589,115.16264573712196
604.5722843231496,49.957651879964445,70.85543135370087,115.16398770122314
604.574791469161,49.722115929923085,70.85041706167796,115.16535807275666
604.5774496697421,49.858569018007834,70.84510066051577,115.16680134765222
604.5799533634377,49.988759399739116,70.84009327312471,115.16831185983396
604.5824161221461,49.80975988482429,70.83516775570767,115.16968926662437
604.5849831554995,49.802823507030666,70.83003368900097,115.17099434653915
604.5873254520407,49.86932504449456,70.82534909591867,115.17228049158683
604.5899483856123,49.83563094633361,70.82010322877548,115.17365736338385
604.5926992482124,49.69337601890406,70.81460150357529,115.17510255483276
604.5955078735286,49.68538739111118,70.80898425294272,115.17671294060384
604.5981667698834,49.76350407797762,70.8036664602333,115.17825577360274
604.6007181800557,49.93229151468945,70.79856363988877,115.17956617768877
604.6032887530034,49.803032793012214,70.7934224939932,115.18091625191597
604.6058862700394,49.86258495481974,70.78822745992116,115.18229728624112
604.6084117314426,49.83440336558122,70.7831765371148,115.18359608827454
604.6108087438878,49.8494142491237,70.77838251222448,115.18483303836888
604.6133721003504,49.99469650872338,70.77325579929932,115.18619368124646
604.6159118834425,49.77428755177039,70.76817623311494,115.18752693929535
604.6183755882431,49.89522378949813,70.76324882351369,115.18889824755226
604.6212268743046,49.78576434854417,70.75754625139075,115.19040954526982
604.6237718230572,49.69719589594316,70.75245635388568,115.19174669322963
604.6264410417672,49.79639587864736,70.74711791646565,115.19314487967193
604.6290015276041,49.7017883983442,70.74199694479181,115.19459202170812
604.6314910340064,49.60177208639792,70.73701793198714,115.19590079296624
604.6342406815116,49.681382167559136,70.7315186369768,115.1973481692867
604.6369311542769,49.7483695402153,70.72613769144614,115.19884430603251
604.6397024403352,49.5968088480892,70.72059511932964,115.2003536409435
604.6422684208013,49.587736337636535,70.71546315839733,115.20171396780306
604.6447641159159,49.647191203743496,70.71047176816822,115.20309464163743
604.6472744064911,49.65082847630399,70.70545118701786,115.20447080546005
604.6498279565878,49.77324215671365,70.70034408682432,115.20576365910301
604.6524938168393,49.70962242513528,70.6950123663213,115.20720969503083
604.6550393650334,49.87054507273396,70.68992126993324,115.20859165636995
604.6575440398708,49.90442625888339,70.68491192025846,115.20991382408059
604.6600304347902,49.491937471790095,70.6799391304197,115.21129438431683
604.6626422283703,49.519800319920805,70.6747155432595,115.21265273435964
604.6653005697178,49.44644745716679,70.66939886056436,115.21407674268646
604.6678778630693,49.400573594394835,70.66424427386136,115.21548047134793
604.6703479020148,49.32319316399112,70.65930419597044,115.21677898178686
604.6729936949662,49.34436770811122,70.65401261006767,115.21821233635481
604.6756649485982,49.47693734201868,70.64867010280373,115.21966151801804
604.6783142117242,49.61437596285323,70.64337157655153,115.22114499674498
604.6806576806551,49.419810166490976,70.6386846386898,115.22242812283474
604.683079663184,49.17055670923664,70.63384067363195,115.2237330581831
604.6853007051384,49.537066191148156,70.62939858972331,115.22496487828036
604.6877096070799,49.67191453345912,70.62458078584008,115.2263310744129
604.6902145635452,49.5620496748508,70.61957087290966,115.22759285570979
604.6924355658404,49.57261728867422,70.61512886831926,115.22878035543022
604.6947401664481,49.70664313669339,70.61051966710366,115.2298658928876
604.6970403981791,49.62811480501304,70.60591920364175,115.23108646580278
604.6994685720666,49.49354351844877,70.60106285586686,115.23239610407491
604.7019665491617,49.4416798539923,70.5960669016765,115.23379848527304
604.7044975516916,49.43846316275774,70.59100489661684,115.23522221469543
604.7068769024492,49.29086027441662,70.58624619510161,115.23655950926478
604.7092468235902,49.47553306101265,70.58150635281955,115.2378405346693
604.7115689090504,49.23661882550443,70.57686218189933,115.23911142306893
604.7141616435443,49.32534044126789,70.57167671291126,115.24050237654625
604.716631231149,49.646992788479515,70.5667375377019,115.24186989710789
604.718870314923,49.59900761934819,70.56225937015398,115.24304684116258
604.721269890505,49.40330376115585,70.55746021898997,115.24428404296368
604.7236887749916,49.207312779862,70.55262245001677,115.24553854516701
604.7262743578355,49.34654840955664,70.54745128432907,115.24692253708999
604.7286793359112,49.56607155241311,70.54264132817752,115.24830683294671
604.7312557421037,49.13831986295507,70.5374885157926,115.24960019275116
604.7337026675896,49.32060121608423,70.53259466482089,115.2508728253238
604.736217538539,49.42313410566112,70.52756492292191,115.25222411500908
604.7385355569329,49.392511819122106,70.52292888613424,115.25333386744703
604.7409839437254,49.29027004864913,70.51803211254926,115.25450370008762
604.7434191936732,49.69645387436868,70.5131616126536,115.25586742100494
604.7458428048039,49.59938570842876,70.50831439039212,115.25711324292173
604.7482969061855,49.43984780882114,70.50340618762895,115.25832298497946
604.750669514982,49.51471885160325,70.498660970036,115.25952593701862
604.7530424523612,49.23937631091592,70.49391509527754,115.2607671178081
604.7554642689848,49.48862123527467,70.4890714620303,115.26211433979411
604.7578145550334,49.7068753900388,70.48437088993317,115.26331291798786
604.7600200929696,49.87555401071176,70.47995981406082,115.2645227547555
604.7624468070721,49.92551091015378,70.47510638585563,115.26577839304149
604.7648500659511,49.8359894992386,70.47029986809783,115.26696673651263
604.7672085085667,49.70683119599913,70.46558298286654,115.268161243592
604.7694080287118,49.591591786737915,70.46118394257628,115.26926495303793
604.7718247623204,49.55489510451162,70.45635047535926,115.27053110192627
604.7741059236272,49.56972459770778,70.45178815274554,115.27176116098106
604.7765068024594,49.60756222521423,70.44698639508124,115.27299518728158
604.7787917175356,49.66748858670224,70.44241656492895,115.27412751778523
604.7811511194592,49.74886668251735,70.4376977610817,115.27522030741626
604.7832442782949,49.672948864873405,70.4335114434103,115.27630186348148
604.785510086048,49.809413261628364,70.42897982790387,115.27744971057749
604.7878657846202,49.92444955350226,70.4242684307597,115.27870127798803
604.7903683683346,49.802601574602726,70.41926326333068,115.2799560733201
604.7928184338547,49.881229847157755,70.41436313229063,115.28124211656319
604.7954967750152,49.83112026046757,70.40900644996971,115.28261509281526
604.7981205196119,49.90508020719458,70.40375896077626,115.2839658977894
604.8005587018406,49.75072749695745,70.39888259631887,115.28516287943805
604.8029784862488,49.708830407136745,70.39404302750248,115.28646230846053
604.8054403955338,49.324479600788564,70.38911920893251,115.28764951352215
604.8078780706443,49.34538142633692,70.38424385871144,115.28884402359235
604.8103465695054,49.573262439377245,70.37930686098912,115.29007167327197
604.8127927109717,49.73749659775928,70.37441457805659,115.29128543844568
604.8152230829497,49.94236997199502,70.36955383410053,115.29247960532035
604.8177006183195,49.907543012430835,70.36459876336112,115.29373498174652
604.8199418734246,49.813783412898424,70.36011625315098,115.29490519120544
604.8225196609143,49.73478318070606,70.35496067817147,115.29613292285549
604.8247587120064,49.6656112767169,70.35048257598707,115.29732222617702
604.8271837867239,49.50540643444503,70.34563242655211,115.29855744220346
604.8296136051829,49.584082653244984,70.34077278963431,115.29972245469777
604.8320427740001,49.59431418713974,70.33591445199974,115.30084724302218
604.8345457922384,49.54815561422215,70.33090841552324,115.30209671708153
604.8371347087333,49.3121749153536,70.32573058253352,115.3034372144261
604.8396527558007,49.75508138294851,70.32069448839874,115.3047836863751
604.8421648524417,49.84504198409694,70.31567029511656,115.30601266715988
604.8445465690777,49.882007344005785,70.31090686184469,115.30714038522603
604.8472501902853,49.4721217679592,70.30549961942944,115.30843217816927
604.8498743768589,49.60671235507546,70.30025124628216,115.30962223239325
604.8523881739587,49.31961537300689,70.29522365208261,115.31083167990975
604.854900225575,49.60434971550467,70.29019954884997,115.31219995618358
604.8572968504914,49.40264279481265,70.28540629901735,115.3133746537192
604.8597603375554,49.27824705431685,70.28047932488926,115.31453611969519
604.8620263486902,49.49448332910858,70.27594730261966,115.31574473032329
604.8645497551012,49.567812908937235,70.27090048979758,115.31701218435445
604.8668665859834,49.54504811961932,70.26626682803311,115.31826163629943
604.869386966627,49.46135947524655,70.26122606674618,115.3194538291387
604.8719138048785,49.27517499489354,70.2561723902429,115.32064955705091
604.8744881907512,49.51456721037718,70.25102361849761,115.32201332230403
604.8768627754908,49.546428317224006,70.24627444901829,115.32326163172935
604.8792205507702,49.60620747403972,70.24155889845949,115.32436438308034
604.8814535639802,49.39502350638707,70.23709287203941,115.32549049852709
604.8836472088278,49.33848458888616,70.23270558234441,115.32661170735207
604.8859288819453,49.17548934845554,70.22814223610942,115.32771541915699
604.888324690288,49.3002740948185,70.22335061942418,115.32894349618282
604.8907579082938,49.538732290494146,70.21848418341233,115.33019314858991
604.893196339284,49.485382159111154,70.21360732143184,115.33139918782084
604.8955653847901,49.47809281149806,70.20886923041975,115.33257218003885
604.898039320483,49.49345503841019,70.20392135903401,115.33382171030706
604.9005295019286,49.343611003684465,70.19894099614262,115.33509975153929
604.9030828786209,49.307219525441646,70.19383424275817,115.33626829357142
604.9055941565636,49.479549176796596,70.18881168687281,115.33762140436326
604.908036812614,49.446916499325035,70.18392637477189,115.33874709513326
604.9105197607854,49.4507496839364,70.17896047842923,115.33991056078152
604.9131116872326,49.08544490616998,70.17377662553494,115.34118796728558
604.9158790657199,49.28113447016789,70.1682418685603,115.34251365396223
604.9184935830265,49.52855013271648,70.16301283394709,115.34370953027916
604.9210549133029,49.25041918759799,70.15789017339425,115.3449540088073
604.9235448997592,49.44006936879126,70.15291020048154,115.34623356504375
604.9258883237546,49.40231731515729,70.14822335249067,115.34740812472762
604.9282962689794,49.34760278693319,70.1434074620413,115.34861878695595
604.9307623003047,49.29875410390736,70.13847539939059,115.34971052427873
604.93320154916,49.70163349859465,70.13359690167995,115.35082797706495
604.935578920861,49.50035007947511,70.12884215827796,115.3519752651236
604.9380705047953,49.60317937108043,70.12385899040952,115.35325122337682
604.9403486137994,49.726056587272474,70.11930277240123,115.35440809320163
604.942774580328,49.7067549585126,70.11445083934397,115.35558259168293
604.9452962401244,49.61781661050843,70.10940751975102,115.35685731153504
604.9477692424563,49.572460372797316,70.10446151508746,115.35799548720455
604.95014199247,49.34688109837974,70.09971601505998,115.35917082666813
604.9524701216262,49.288600693083865,70.09505975674752,115.36026935645
604.9547317442305,49.496933579006374,70.09053651153904,115.36139760358883
604.9571465152347,49.31028396926203,70.0857069695305,115.36256160111935
604.9592619638827,49.62615143813113,70.08147607223472,115.36363415659099
604.9613954932413,49.48305379267339,70.07720901351738,115.36463877582412
604.9636305879401,49.490583996171104,70.07273882411972,115.3658285936127
604.9657256247126,49.5496653513179,70.0685487505748,115.3669421386883
604.967987898479,49.379177001200816,70.06402420304188,115.36812068647572
604.9701816475622,49.28667454778723,70.05963670487569,115.36933183991735
604.9722941285285,49.59902386330205,70.05541174294318,115.37050570167793
604.9745993957291,49.502685884610884,70.05080120854174,115.3716460669811
604.976828808826,49.2605245116292,70.04634238234807,115.37270958209234
604.9791500356512,49.36983734664575,70.0416999286976,115.3740032508816
604.9815904381843,49.58816269238609,70.03681912363145,115.3752574835552
604.9838567856164,49.74985224233924,70.0322864287672,115.37641271044068
604.986461327701,49.630068916063806,70.02707734459806,115.37783961441824
604.988937267148,49.473681196915855,70.02212546570397,115.37906088901975
604.9913253446629,49.78159669862799,70.01734931067429,115.38028941442315
604.9938592776099,49.975243559785646,70.01228144478031,115.3815856405236
604.9961915951155,49.72550384055115,70.00761680976886,115.38273141624425
604.9986454527498,49.92029770787439,70.00270909450035,115.38385859520442
605.0010795571632,49.86772460982222,69.99784088567378,115.38511191361081
605.0032378156956,49.61379419558883,69.99352436860892,115.38619861459422
605.0054350410533,49.639830808453944,69.98912991789338,115.38735194549294
605.0077126594739,49.75743345197182,69.98457468105225,115.3885014267334
605.0101647772276,49.84901978095767,69.97967044554491,115.38988042500789
605.0123104879245,49.51090026832029,69.97537902415098,115.3910368859287
605.0147681558442,49.600895849236466,69.97046368831167,115.39229398662096
605.0173614914213,49.654156080721606,69.96527701715732,115.39368690600207
605.0198649736597,49.71138562623257,69.96027005268058,115.39497894734919
605.0223791775893,49.80358714360902,69.95524164482146,115.39632891535908
605.0247181300364,49.92448034127716,69.95056373992725,115.39756749508422
605.0271601097247,49.4679629898115,69.94567978055048,115.39891613520274
605.0296328665736,49.73207268065261,69.9407342668529,115.40020349647477
605.0319937955802,50.03292137083234,69.9360124088396,115.40141270085499
605.0343386314438,49.76016843021687,69.93132273711237,115.40270332014974
605.0369420048968,49.89659404860324,69.92611599020644,115.40411653821862
605.0393471023935,49.50148252178505,69.92130579521285,115.40541650711913
605.0417152389546,49.745106608581395,69.91656952209088,115.4066565308531
605.0443242519354,49.860678807653095,69.91135149612919,115.40802168614216
605.0465937404457,49.71589618906841,69.9068125191086,115.40924829192001
605.0490269329108,49.80520156252422,69.90194613417836,115.41034106375668
605.0513860166136,49.813151447867114,69.89722796677286,115.41149104524669
605.0537231459027,49.54522162853454,69.8925537081946,115.41271829913477
605.056223660029,49.775347123565005,69.88755267994198,115.4139896796507
605.0587701263023,50.1441586275748,69.88245974739546,115.4151922312472
