288.5,143.5,35,42
290.2587549214989,141.45816264964148,35.22034892928002,41.90435007379443
290.11982631800436,142.83280689792366,35.218711612267,41.905446623235335
290.54932314259315,142.6740948992811,35.21845096146059,41.90568557623179
293.09337133742497,143.6366794586063,35.21800200984622,41.90604319574824
294.42292837910276,143.34541066199074,35.2174660839156,41.90641453445892
296.0581458709987,142.88183648759778,35.216857035487436,41.906857344018285
297.4830207062105,142.66363021237322,35.216030809811855,41.90741280709372
298.6288669807829,142.44327570364126,35.2155124340221,41.90778485208254
299.8110292345792,142.92514944407282,35.21506283869145,41.90807502800353
301.09369328593914,143.62770782708654,35.21474051523791,41.908296668538874
302.51820852058773,144.27980229241086,35.21439292634237,41.908546328893664
303.56239968043843,145.05203082246504,35.21416563784524,41.908721346002366
304.1163876445306,145.12806713483792,35.21385012244922,41.90897180334608
304.82218071225583,144.6116246632216,35.21345497363214,41.909291510487115
305.5137383256691,144.29319654069084,35.212967949243925,41.909695736333965
306.10443549391283,144.97906207375746,35.21270247227641,41.90991911127131
306.68847853238947,145.30654028705007,35.21226959833369,41.910293223435765
306.8887304917536,145.5279995835681,35.21187824893754,41.91063693923568
307.3202515184398,145.98164368645632,35.21106917867752,41.91132905629708
308.04891779199346,146.36597258792722,35.21036924570592,41.911920275362235
309.0100297831349,147.31315863489914,35.20946486734304,41.91267368972682
310.0850917756724,147.574594723097,35.208447623219485,41.91354246057768
311.29488272866854,147.9848398006784,35.20624175863968,41.915389634802494
313.1425384494394,148.25436263517665,35.203120487385895,41.91828268793965
314.89611326308045,147.77971793228517,35.191522684673565,41.92960938286523
316.6988882198286,146.9396968678689,35.167766794691175,41.95431107857708
318.03407760797836,145.86236143116884,35.13619555356311,41.98432861259116
319.65631696973713,144.16276446374556,35.10908328703098,42.01244906301697
320.7403088134279,142.54263449145304,35.08613534336296,42.034787273745806
322.1182617419589,140.9439808937841,35.06297322638261,42.057737293256665
324.17395233421473,138.66364061039263,35.017817570588,42.10663044548878
326.4607163218257,136.47611207846109,34.98920288729723,42.137847863966144
334.3532298066618,133.53139779466662,34.85598656368224,42.299308692449856
337.1568557384966,130.51486417092107,34.715544926453006,42.46923011169389
339.5177494389555,127.30776337689706,34.568557540031065,42.65272453116282
342.5202470431944,125.05283359394687,34.42214768921927,42.844024927293894
340.5286689306688,123.25833506566616,34.25139518471728,43.054196557753656
343.1897838103896,121.90195484808415,34.11218697068576,43.210508056455275
346.57701275165266,120.34648196382278,33.98693763384455,43.36550141904844
349.9941729660045,117.93903009606835,33.896551359651326,43.46913577589519
353.621314985274,114.68978966585459,33.811616514685255,43.58876474575875
356.4316200473954,111.98168942179791,33.78481170355284,43.626958775589614
358.7465336693004,110.17340612721176,33.75185631261759,43.66589627540644
360.49375434033306,113.20391982678294,33.620041046296954,43.8397993915534
362.0554091128166,111.6314329131922,33.57572148393483,43.8943122030336
364.03384966198183,111.17018506044542,33.5496577512507,43.92468254040887
365.7862715547225,111.3400548151321,33.50708088776651,43.96916234966381
367.2773135761036,112.11341339200581,33.439516393420334,44.044092077019926
368.92637589924584,113.09747395887051,33.38493680252528,44.097585733253275
370.6155655261746,113.68495320835206,33.29258569541162,44.19257380945497
372.58613717553214,114.14380789826288,33.152821838911464,44.36116659085008
369.43276659774887,114.346726891198,32.97743866586471,44.545770010752996
371.7451873701999,114.9585703003182,32.794374350271724,44.77743454520425
374.1732766846982,115.17707297225576,32.69048644698314,44.8971951748971
371.1271707241692,115.73546347339112,32.57123825451576,45.018513628459786
372.9282448345899,117.00358122288777,32.49454908480648,45.1138756483874
375.6740491196963,116.94240769501799,32.43605075171536,45.172994216158514
373.3185936597167,117.94178432943887,32.269839746320514,45.361966252874
375.95547903872205,118.35944113549716,32.1965327601299,45.4511278337811
373.45613831432655,118.62920718223032,32.05860989983883,45.60900072097429
376.4645894596007,119.16062916848352,31.981856916541552,45.70027171009202
374.1305397386234,119.73674870188937,31.905570162359737,45.78489530273466
371.058177645715,120.17903206237966,31.80077547686912,45.93152207655084
373.22909415548867,119.42540516407277,31.706963583115265,46.06102929113337
369.83993965321656,119.2123890002404,31.587927998426018,46.2210863819054
371.4457677205526,119.77973222593937,31.52338256436122,46.29762222150019
368.58984263043175,119.52180554144776,31.39838543930512,46.48993642284083
370.58655728671727,119.89075427540817,31.337873960062296,46.585065602487745
372.7530589329414,119.2528782362449,31.279142632640802,46.6594076256538
370.0121349673815,119.36379763021259,31.207640591989506,46.77721374662343
372.58507082236594,119.72311524835295,31.126883380159065,46.88300647264586
375.52968995746136,119.62289091914792,31.080452402906456,46.94989371359548
372.92854956324015,119.79445595745227,30.99821590314082,47.06933406583504
375.75168518480615,120.03043205682019,30.961352561772717,47.12655422799627
373.4093080381347,120.43556135299275,30.880242482862144,47.2419918894277
375.9236644719804,119.6010355491577,30.839715974576375,47.29025265790256
379.22011274719324,118.810322443621,30.820082592485644,47.32398120566877
384.05502514289964,116.87505206452747,30.8195941200425,47.338073551914306
391.0146514471326,115.34167243677983,30.84371233066843,47.321022239553734
397.98880409179094,112.91290167669993,30.849087079803862,47.3177496651701
405.52576467995846,111.55049710712643,30.88171039809772,47.28839315490302
411.16921927350893,109.89449892042069,30.91249873602126,47.257702875177294
418.2764522382272,109.34451791945156,30.939958046147737,47.2292990028251
424.3930281943638,108.6102185242456,30.95760054457999,47.208079339448275
429.0099460213232,108.1158675468751,30.96320676230435,47.19927729829387
432.20968052760793,108.67184001783731,30.967902540841987,47.19248305598493
435.39510264202175,108.78281462839526,30.973459259585177,47.185185046965245
436.862437727842,108.526319086429,30.978735739403465,47.17872630084251
439.2418095951288,109.25201903578002,30.991942249733327,47.16354788251006
441.22597434133655,110.22186880387684,31.021376629464488,47.13125443800648
444.147995172164,110.67628584304327,31.029989901739143,47.122328604283425
446.4095750293017,110.8200976816463,31.037673922204775,47.11604260550983
448.93139016382673,111.61574476551591,31.048300569200933,47.10700260914208
452.6744456419022,111.69869678684647,31.07277635163642,47.089073579141
456.2154607277964,111.67768051505436,31.09810368183159,47.06784412949582
461.6059651188752,111.80974109954944,31.160910703201893,47.00862838104744
465.7718411359017,110.67786764003475,31.18457687441015,46.99009890809378
471.04246379278095,109.14670179122484,31.201692614118414,46.97788879853891
475.2801259386225,107.17318989370403,31.20036543852411,46.98321904919271
479.66729049135444,104.97974174157058,31.209740137076416,46.97745855032852
482.673965468878,102.17848346383329,31.208129436027054,46.98345039037952
486.42871299481493,99.83182892724508,31.20635914611616,46.99082968831787
491.9561381324505,98.11148100858628,31.211786809687744,46.98759990651012
498.2252307272027,96.6814413849277,31.21496152161159,46.98552753105509
502.4909554625868,95.19534686995011,31.213041622376654,46.98902592723643
509.21823399334534,94.80246078058092,31.216947276008444,46.983880709429435
512.6563399719762,93.42086698555822,31.21493184813515,46.98592652243625
518.871556369541,92.1135762524639,31.218381766323212,46.98230983226808
522.1858727219391,90.88483867656917,31.213619911136604,46.987302522128196
526.0478515695215,88.99743796792444,31.212129638457093,46.98753752744564
528.9672050587172,86.65224529893246,31.21090034408665,46.987756392040936
531.544442733298,84.40265433319627,31.210041423300513,46.987614478603646
533.7104059964089,82.81329088088003,31.20690460807715,46.991298515575565
536.1490344676166,81.53258273343117,31.20602095667742,46.992583499056686
538.6024123506755,79.60763008466091,31.206410690742633,46.9954209636504
539.9636785944706,78.51627194060681,31.202739783047576,47.00127978029255
541.3999310613875,77.10649394901027,31.197526776551232,47.009770089657515
542.0259258747881,75.7901578986627,31.192162334762976,47.019896232787346
543.3758029279811,74.38535039933826,31.18670697257857,47.02873093511053
544.6294748724878,72.66692327643676,31.182716679298803,47.03599209467085
546.3853850124967,70.9441226417731,31.17724405553099,47.04535936665319
550.0751026895109,69.49857353831013,31.176498944269852,47.04826968829475
554.739994646425,68.29491941533615,31.175103244553096,47.055578792549554
558.6902423817016,66.8383779159162,31.173318024854325,47.0609250131302
562.7245317494333,64.79550194388156,31.17161951552637,47.066928803512944
568.7908557708809,63.63392633896167,31.176356840978293,47.06369666107306
576.2806000292452,62.840204781178926,31.20348110195955,47.038182537487565
583.8242823025913,61.92005213465998,31.254048378997737,46.98844922102075
591.4582055999513,61.449390709394876,31.31944706168275,46.923778824518784
596.5755023040209,61.19200890338462,31.38363504850181,46.85914201635041
600.9619786974679,61.10782379691,31.422329676769024,46.817318535661805
602.4207236091719,60.88045935010952,31.43870110900685,46.79906362193739
605.9266704665567,60.79419365280266,31.471113195628664,46.763163072300046
607.8892587075056,59.746120375550845,31.475754390275046,46.75504274486092
609.6254239142638,58.88842407859594,31.483409213880236,46.745405512606496
611.5140651461238,58.56155690298237,31.490366519142263,46.737350208148214
614.9908904703083,57.83689558661393,31.492876892959565,46.73398212032693
616.3383960060929,56.759175857910435,31.49033923295041,46.73657857922928
617.9847466680086,56.16756298803373,31.487319105331945,46.7392587505165
619.3356632479841,55.16506794572613,31.48239537302365,46.74503108648973
620.8420114582559,53.805534420983975,31.47964386825162,46.74870769217217
622.4886943877167,52.325990187263415,31.476985359107143,46.751514736044555
624.2636469246947,51.598069152669176,31.47270615061044,46.75612914028552
624.2647798325049,50.49334383517365,31.4704403349902,46.75913932651559
624.265983127023,49.724019656174235,31.468033745953985,46.76221539409388
624.2672096372183,48.58271455703823,31.46558072556331,46.765383997288374
624.2682529263731,47.596045735901384,31.463494147253883,46.768247396398
624.26943715155,46.4191187960196,31.461125696899884,46.771317928078076
624.2706507195179,45.188044171355564,31.4586985609642,46.774700001731716
624.2717701976735,44.097596226924395,31.456459604652885,46.77772370965534
624.2732255040984,43.01031242073848,31.45354899180314,46.781493497167546
624.2743788647484,41.76039916768546,31.451242270503187,46.78452291846523
624.2754864230607,40.68078138691354,31.44902715387877,46.78747367089653
624.2766446080577,39.23337620529696,31.44671078388458,46.79080835663945
624.2778899970217,38.77186592029116,31.444220005956556,46.79393172797398
624.2792941565843,37.852193771770345,31.441411686831355,46.79745391960791
624.2804229417467,36.82969840404173,31.439154116506707,46.80049991286238
624.2816580387166,35.8586476294238,31.436683922566694,46.80391246864425
624.2830760500805,35.302073291275065,31.433847899839076,46.807422215574654
624.2841427752948,34.461582118050146,31.431714449410475,46.810194541959184
624.2853074355105,33.06871495416147,31.429385128978982,46.813469849121915
624.2865651716484,32.189045294387526,31.42686965670335,46.8166613071891
624.2877067997127,31.253439034244504,31.424586400574427,46.81976936961991
624.2893406458758,30.274298681012578,31.42131870824853,46.823879491405116
624.2906337007869,29.456352464958414,31.418732598426242,46.82721715399745
624.2922041643749,28.655864290938673,31.415591671250226,46.83114128550709
624.2935592608386,27.28720801508785,31.412881478322774,46.83482890205859
624.2947836823326,26.218641606915416,31.410432635334807,46.83828900417006
624.2958659224906,25.007164378394144,31.40826815501866,46.84118592604109
624.2971733342524,24.05069045961249,31.40565333149521,46.844331803612945
624.2984831694987,23.024842323130855,31.403033661002585,46.84777001039885
624.2997259706971,21.922966646270158,31.400548058605843,46.851056638625856
624.3010532435957,21.140685596902074,31.39789351280871,46.85441251578152
624.3026442012685,20.249819607213958,31.394711597462877,46.8581989766641
624.3041055861596,19.496267204912755,31.391788827680845,46.861840512986475
624.3058005083941,18.923689833487323,31.388398983211758,46.86564248312463
624.3074422785359,18.13810182473314,31.385115442928363,46.8697310887525
624.309111516374,17.261877601808287,31.381776967252218,46.87372102992539
624.3107535344932,16.330026942985157,31.378492931013646,46.877455115821164
624.312335976535,15.988031458221432,31.375328046930086,46.88077695645381
624.313846200661,15.259711401045017,31.372307598677992,46.884253089368954
624.3156513021926,14.430902497388608,31.36869739561478,46.88852268920802
624.3172986908412,13.636177540880858,31.365402618317688,46.89232835707581
624.3188001194638,12.970472570895947,31.362399761072204,46.89566300731938
624.3204025057865,12.351641509673463,31.359194988426964,46.899223119037416
624.322110434136,11.884896722945637,31.355779131727918,46.902802867168056
624.3239363985139,11.385526541321493,31.352127202972238,46.90692326486306
624.3257699007796,10.86184072669635,31.348460198440687,46.910960410013004
624.3274512111365,10.245987545016483,31.345097577726982,46.914603428417294
624.3294485761282,9.893629351886307,31.3411028477436,46.91883607530158
624.3309529951572,9.425627929079074,31.33809400968564,46.92213482984396
624.3327489393455,9.013460567320099,31.33450212130898,46.926029261003514
624.3346912362247,8.968194152703418,31.330617527550597,46.92999994101021
624.3361109133591,8.372120565479129,31.32777817328175,46.93310752748424
624.3377162192363,8.104071515182756,31.324567561527303,46.93647862497945
624.3395315614397,7.929793763375038,31.320936877120655,46.940176465678704
624.341406359222,7.686042540563626,31.317187281555963,46.94387224158946
624.3431245122312,7.156481363699967,31.313750975537722,46.947471915034185
624.3449844657852,7.048201443291806,31.310031068429584,46.951248687432006
624.346681441206,6.928801984422073,31.306637117588053,46.95469526781109
624.3481979487179,6.639824899252968,31.30360410256404,46.95777551389393
624.35012757855,6.853006781172322,31.29974484290008,46.96125705335226
624.351856224949,6.637734674010783,31.296287550102036,46.964435040763796
624.3534404907283,6.7650146935161075,31.293119018543287,46.967517360294636
624.3549395693095,6.747373714614515,31.290120861380995,46.97062051754474
624.3566340295249,6.469493296965304,31.28673194095018,46.97396186918151
624.3584049980508,6.212173365225851,31.283190003898536,46.977288771082044
624.3601200688331,6.135332524138477,31.279759862333805,46.98080373310489
624.3622968059061,5.937652945685112,31.275406388187868,46.98490339856799
624.363646928345,5.772228279553406,31.272706143309957,46.98751427339007
624.3653829450801,5.794693200160221,31.269234109839687,46.990857198349325
624.3671569320651,5.442788432742297,31.26568613586975,46.99424593631399
624.3686642071405,5.434503267501981,31.262671585719012,46.99687466308188
624.3703853435022,5.151795810337095,31.25922931299563,47.00011114447022
624.3718879489618,5.075195198323964,31.256224102076448,47.00279193948132
624.3733337733865,4.814854978242611,31.253332453226957,47.005689214666
624.3749300089736,4.492358766194535,31.25013998205278,47.008794152781164
624.3765991330673,4.392911324959261,31.246801733865304,47.011979300096606
624.3782887219471,4.6726758880896995,31.243422556105873,47.015049355964635
624.3798218299848,4.584886391680264,31.240356340030417,47.01789539952661
624.3814883166054,4.576570360910008,31.23702336678909,47.02125418281583
624.3831049606392,4.412574681665841,31.23379007872155,47.024177812546306
624.3847904983587,4.925760824354516,31.230419003282673,47.02701680989906
624.3864664067355,4.499390410131433,31.22706718652894,47.030311878095134
624.3877131528448,4.467582413192897,31.224573694310404,47.03269290605176
624.3892386363922,4.580113402228484,31.22152272721556,47.035464199007194
624.3906247564112,4.647874208163749,31.218750487177697,47.03791881632749
624.3921642603557,4.684113345243926,31.215671479288687,47.04083524710507
624.3936157044637,4.339883732213355,31.21276859107251,47.04352390193437
624.3948634964889,4.316568267505524,31.210273007022206,47.045863800734466
624.3962449732682,4.190182671674233,31.20751005346359,47.048400686538436
624.3977885041455,4.573915695180784,31.204422991708846,47.05120462949268
624.3993445810343,4.659152493400903,31.201310837931473,47.053845869268415
624.4011077249247,4.3399282827048715,31.197784550150605,47.05730115473137
624.4026958431067,4.689589138112876,31.1946083137866,47.06003763998317
624.4040766395736,4.625259505107575,31.191846720852602,47.06263270976479
624.405837661232,4.6196826019596315,31.188324677536002,47.06601863945052
624.4074286775489,4.260083487015372,31.18514264490227,47.069028676971485
624.4088776782694,4.431317289607687,31.182244643461143,47.07174650064466
624.4106698460363,5.038551001321665,31.178660307927437,47.07486762110861
624.412225302889,5.496661930337346,31.17554939422184,47.0776012679715
624.4145903204379,5.43810295178287,31.170819359124142,47.08192208400532
624.4161048347207,4.963257990182587,31.16779033055846,47.084723918025894
624.4176532435353,4.892272976909492,31.16469351292941,47.087722407220475
624.4192860810386,4.534969465816083,31.16142783792266,47.0906720245077
624.4209629022495,4.54622727072946,31.15807419550103,47.093661670588716
624.4226716809312,4.587475342489068,31.15465663813759,47.0968272065758
624.4239951216056,4.679239237031943,31.152009756788786,47.0992460459414
624.4257144444632,4.7950476107331035,31.148571111073522,47.102172994584954
624.4273534584593,5.21356356547339,31.145293083081476,47.10496230454866
624.4289448405679,5.1003719378713654,31.14211031886424,47.10776488641572
624.430677547914,4.944044608293311,31.138644904172022,47.11083200732949
624.4327410961569,4.421442613230894,31.13451780768617,47.11437092024485
624.4345095886347,4.340114002916948,31.130980822730578,47.11755108579996
624.4359710935825,4.120664993221759,31.128057812834996,47.1202147502175
624.4373481632136,3.892896610048666,31.125303673572713,47.12274057005146
624.4388145272752,3.945072789261115,31.122370945449486,47.1254999636598
624.4399991725105,4.0381512721435655,31.120001654979085,47.1277399583918
624.4417453113823,4.134172354468152,31.116509377235285,47.130489289542645
624.4430701076126,4.240775832123454,31.11385978477491,47.13280581560106
624.4445165163262,4.404165668174631,31.11096696734769,47.13536466426401
624.446323858355,4.559229686201164,31.107352283290115,47.13835276142399
624.4480402988689,4.559637896222316,31.103919402262214,47.141301165392115
624.4498426461153,4.766385969965185,31.100314707769446,47.14430320211048
624.4514872559843,4.7043731903246915,31.097025488031587,47.14718636655075
624.4527815264008,4.351484004673001,31.09443694719827,47.14983502908719
624.4541801522403,4.161647693275469,31.091639695519376,47.15238554771432
624.4558202272716,4.183690079711347,31.088359545456857,47.155287403166355
624.4570478253819,4.291714370098823,31.085904349236284,47.15738115303792
624.4583062474413,4.544901020959276,31.08338750511743,47.159716566755854
624.4598815143548,4.32816582520498,31.080236971290415,47.16279341144476
624.4615756291037,4.105331794021794,31.076848741792727,47.16572350703524
624.4630231764764,3.698421056092773,31.07395364704705,47.16834227798682
624.4645450933218,3.9389938259680903,31.070909813356398,47.170900262110464
624.4660924029135,3.7834404629228437,31.06781519417286,47.17366929975491
624.4677657917752,3.3294943265006154,31.06446841644974,47.1767777872562
624.4692866928257,4.045161876409196,31.061426614348722,47.179302870201184
624.4708846954388,3.8107853845908437,31.058230609122386,47.18203884601013
624.4728249617172,3.739287571968866,31.05435007656567,47.185756118993496
624.4748964115406,4.194652662545465,31.050207176918754,47.189012263104274
624.4761937730469,4.076512881884746,31.047612453906126,47.191397401775376
624.4775471202638,4.259062789363863,31.044905759472343,47.19381255473554
624.4792195763316,4.539266017066016,31.041560847336818,47.19672304059252
624.4812171334846,4.774928417254362,31.037565733030668,47.200177160627895
624.4824235475193,4.80500923063903,31.035152904961397,47.20235863580706
624.4836766615158,4.734301171068001,31.032646676968483,47.20456006044915
624.4850707542159,5.000661724085617,31.02985849156812,47.20684112640717
624.4869871559266,5.275729104665931,31.02602568814683,47.210038157601126
624.4886000447591,5.056497608190988,31.02279991048189,47.21284525865572
624.4898717738849,4.89282672999677,31.02025645223005,47.21486274789518
624.4920814037717,4.965344797255661,31.01583719245653,47.21850402207262
624.4937458515699,4.919109617037307,31.01250829686029,47.22110907797966
624.4959078525585,5.034047401314105,31.008184294883034,47.22449583971972
624.4976875821196,5.228217530010472,31.004624835760715,47.227170098680595
624.4998792390891,5.4685114629633205,31.000241521821827,47.230253838361904
624.5021051837837,4.690996700584758,30.995789632432665,47.234028017774484
624.5041430654129,4.798226325338426,30.99171386917427,47.23721718502473
624.5062037544566,4.937294111281677,30.987592491086907,47.240477555110964
624.5079545119723,4.649438423371922,30.984090976055413,47.24327146953521
624.5094967057698,5.300689951569769,30.981006588460378,47.24556284387224
624.5116377700874,5.190176985934009,30.97672445982515,47.24921921871676
624.5134086504094,5.120576201360379,30.973182699181184,47.25205635767489
624.5156519736031,4.619395726628209,30.968696052793888,47.25529182648737
624.5172860190308,4.924927381939838,30.965427961938257,47.257781861067514
624.5195482545511,4.50292114254,30.960903490897962,47.26090870067652
624.5212107122104,4.442408515358931,30.957578575579106,47.26346262314426
624.5235329761366,4.450926633036893,30.95293404772679,47.26687240331022
624.524957263249,3.944390994703671,30.95008547350197,47.26924476544877
624.5270659746957,3.888832761396266,30.94586805060863,47.272510844371126
624.5289524278339,3.817094580743934,30.942095144332168,47.27573024945612
624.5309483279361,3.5133660343552293,30.93810334412784,47.27889804894434
624.5333086143354,3.454836118250938,30.93338277132926,47.282523849547204
624.5346677580687,3.596382016617259,30.930664483862497,47.28466650410851
624.5366904819709,3.149432653924002,30.92661903605806,47.28798755558297
624.5385307677848,3.4427639536355983,30.922938464430406,47.290660397749136
624.540057793306,3.4973076254358517,30.919884413387987,47.29293585415073
624.5422099531628,3.784173246571868,30.915580093674418,47.2960740400365
624.5439263171097,3.5695760648736368,30.912147365780633,47.29865695013821
624.5459207717753,3.4644712519757768,30.908158456449538,47.30174807963514
624.5473205461085,3.332320658640736,30.90535890778293,47.30397756740118
624.5492826692373,3.4675683239943993,30.90143466152531,47.30704481704092
624.5511139349443,3.5471177993345684,30.897772130111488,47.30979409851066
624.5525072963491,3.7779316699758603,30.894985407301935,47.31190077538184
624.5545387079173,3.490901738639625,30.89092258416537,47.31496453238338
624.5562245057239,3.6329524686232304,30.887550988552306,47.31743925406633
624.558158578974,3.5779758841977234,30.883682842052032,47.32023965543792
624.5602282044396,3.51249846650402,30.87954359112082,47.32336479011694
624.5626336382185,3.187707443681173,30.87473272356303,47.32725210309662
624.564303593574,3.8414699376406887,30.871392812852005,47.329502348446326
624.5666471936031,3.556442379991619,30.866705612793716,47.33300214252788
624.5683968328224,3.970438288642381,30.863206334355258,47.33549453667121
624.5702868670559,4.026943415820419,30.859426265888363,47.33823983287847
624.5718012764394,3.8707128912231106,30.85639744712129,47.340507194395705
624.5736706382148,4.24216899464443,30.852658723570432,47.343342374962276
624.5755094403705,4.381744324817635,30.848981119258884,47.345931217761084
624.5771020082275,4.441772259453668,30.845795983545074,47.34820453886244
624.5790815678915,4.230322331485073,30.841836864216997,47.35111060679571
624.5811414553336,4.201051523309577,30.83771708933264,47.354345829493546
624.5833650939746,4.3068285929706,30.83326981205079,47.357775689900656
624.5850400486555,4.440966847137748,30.829919902689007,47.360282397327545
624.5868512942917,4.070655777805076,30.826297411416633,47.36300332520798
624.5883566216104,4.210395875983682,30.823286756779247,47.365305249317
624.590924557602,4.3808858396660995,30.818150884796147,47.36934788111812
624.5927702880439,4.1676033496252956,30.814459423912268,47.372154145808565
624.5950838884866,4.302554921396627,30.809832223026877,47.37601135082433
624.5969649071075,4.3228318263455385,30.806070185785018,47.37846445280032
624.5987420177429,4.543803508685603,30.80251596451425,47.381137376066896
624.6006295050702,4.977899449812025,30.798740989859596,47.38374157821804
624.6030661344292,5.19980978661588,30.79386773114161,47.38708690044659
624.6047264713648,4.213444962622688,30.790547057270448,47.389954325761465
624.6067078932687,4.057148781981166,30.786584213462678,47.392631055035004
624.608538799195,4.264834018562706,30.782922401610033,47.39552225889867
624.6100931450592,4.335049772891093,30.77981370988165,47.39757613041463
624.6125004505893,4.569589180761007,30.774999098821418,47.40131893776173
624.61478733075,4.1508416064076314,30.77042533849988,47.40496388152387
624.6166019461529,3.9987911421799467,30.766796107694212,47.40791070312385
624.6183868642771,4.196601394082425,30.76322627144579,47.41087176374531
624.619950500185,4.061365335927313,30.760098999629918,47.41326915895759
624.6219175372889,4.490789878586352,30.756164925422212,47.41626526893294
624.6237503931359,4.359894675013045,30.7524992137282,47.419223102188866
624.6259225915366,4.096676737509586,30.748154816926842,47.42290251986699
624.6283852792114,3.7678767886461806,30.743229441577082,47.42670187047084
624.6312241601922,3.8795041336872025,30.737551679615503,47.43022166430794
624.6336324875379,3.828057078505573,30.732735024924224,47.433746971468096
624.6357778319526,3.717309080114152,30.728444336094835,47.43677403395338
624.6379817096877,3.7924904191977333,30.724036580624563,47.43984397833813
624.6407955727308,3.735132269697811,30.718408854538385,47.44298929321284
624.6437447371022,3.5086044125615174,30.712510525795608,47.446934708136595
624.6462050014856,3.9014024661552362,30.707589997028883,47.449893805817474
624.6487086405449,3.8285870205761086,30.70258271891019,47.453252075582526
624.6509964883589,3.8047527294521757,30.69800702328205,47.45639881195322
624.653486890133,4.352953514575997,30.69302621973401,47.45970889827601
624.6556255697296,4.226755042037976,30.688748860540656,47.4628148257005
624.6580162821105,3.791538272398327,30.683967435778992,47.46622745996194
624.6600854497922,3.7195415810980883,30.679829100415567,47.468828537069065
624.6620139362806,3.6468444205261825,30.675972127438875,47.47145195689051
624.6644750926364,4.241705899391487,30.67104981472711,47.47472728922185
624.6666911864096,4.537449290688329,30.666617627180702,47.4775298094541
624.6689129087407,4.2628527006794705,30.662174182518616,47.48078372279014
624.6717131243645,4.086649434516016,30.65657375127112,47.48463108415567
624.6738558509032,3.963526720301367,30.65228829819354,47.48770187026052
624.6760157652172,3.858930384329117,30.647968469565534,47.49092473171918
624.6784763285145,4.221375912634716,30.643047342971002,47.49410953703883
624.6809881197854,4.0121166538230355,30.638023760429235,47.49766945843264
624.6833820644484,4.217594993257304,30.63323587110311,47.50097784594937
624.6855136219674,4.359773400426942,30.628972756065238,47.50436564311179
624.6890836137009,4.186979584908414,30.621832772598296,47.50998292388334
624.6914433582027,4.480743126405134,30.617113283594627,47.51338707763383
624.694511280711,4.438599507597807,30.610977438578,47.51775468644952
624.6982888494271,4.83474094379924,30.6034223011458,47.52312060154513
624.7005464759578,4.447278669714677,30.598907048084452,47.52696346369436
624.7031677490259,4.581518663188305,30.593664501948233,47.531095213998384
624.7051694394172,5.027540225709178,30.589661121165534,47.53416633198719
624.7067789204694,4.787841906525085,30.58644215906115,47.53721674580894
624.7084935155337,4.6479325548120265,30.58301296893262,47.540344101874446
624.7103501799819,4.373045834942097,30.579299640036304,47.54372963077141
624.7127162762403,3.4005782822188166,30.574567447519374,47.54721890873384
624.7140131887446,3.5868397336836892,30.571973622510864,47.54945904753879
624.7164774198404,3.782021662507468,30.567045160319253,47.553215436063184
624.718653179714,3.828622453415022,30.562693640571876,47.556526425225286
624.721106863101,3.661830259831003,30.557786273798104,47.5601981200849
624.7235948909681,3.5719233656334346,30.552810218063687,47.56394615060936
624.7261454483203,3.5406351754520458,30.547709103359423,47.56728977075137
624.7283694162305,3.4188769280461706,30.543261167539015,47.57023725518619
624.7300776856295,3.04947998708181,30.539844628741147,47.572960146552475
624.7322262255758,3.1702403570195834,30.535547548848484,47.575734646125476
624.7340178464522,3.385183235843307,30.53196430709564,47.578301656565415
624.7369673091537,3.2244220459356434,30.526065381692735,47.58229239108274
624.7393642292475,3.1178208443120745,30.521271541504984,47.585634260854
624.7416594626811,3.619520890970108,30.516681074637805,47.58866288610483
624.743529283049,3.189955317324582,30.512941433902018,47.59144623409473
624.7457890533062,3.1929210376453305,30.508421893387634,47.59442184800418
624.7486841034364,3.193797602455586,30.502631793127243,47.59791836720428
624.7512889975088,3.288088701495834,30.497422004982386,47.60103391563906
624.7543688673178,3.261583699419411,30.491262265364508,47.60543103088948
624.7565681108639,3.168461134343193,30.486863778272276,47.608845067372975
624.7585005312106,3.0347779159305617,30.482998937578802,47.611581752754375
624.7606937971223,3.114136350496061,30.47861240575552,47.61473703213717
624.7631426543578,3.1400195397680513,30.473714691284318,47.61776924920047
624.766018140665,3.236254630759447,30.46796371867006,47.621569369155736
624.7682445597147,2.9684259332120853,30.463510880570475,47.625083648253145
624.7707021200443,2.9655821675708367,30.458595759911226,47.628344580150426
624.7728438213998,3.1428825019698756,30.454312357200497,47.63102836784382
624.7756243616245,3.2986819559032874,30.448751276751054,47.63503703753933
624.7782421184777,3.3699062647072857,30.443515763044594,47.63911252142707
624.7809058125955,3.0257463018627746,30.43818837480899,47.64317744318696
624.7837056991887,3.283205960600558,30.432588601622754,47.64689393513293
624.7862977607897,3.0087956487532175,30.42740447842057,47.65068944858286
624.7882694788057,3.382366302000026,30.42346104238861,47.653275212420816
624.7906251517883,3.079609601839582,30.418749696423518,47.65675988521027
624.7928126329513,3.50731038422062,30.414374734097503,47.65970329258183
624.7950013592249,3.8944398277659324,30.409997281550307,47.66296255868182
624.7966906062239,4.000939626531114,30.406618787552034,47.665650072171545
624.7985442743995,4.579876654368761,30.40291145120089,47.66824805190427
624.8004330414517,4.458057840808205,30.39913391709668,47.671487331647604
624.8031719858304,4.736344798142234,30.39365602833922,47.6755857597568
624.8056115557996,4.0165486127071155,30.38877688840085,47.67949321126974
624.8079006967045,4.371391655560036,30.38419860659104,47.6827684416726
624.8104939506798,4.461945734210399,30.379012098640548,47.686665591569444
624.8129795886686,4.505666710345054,30.374040822662835,47.690367992451456
624.8153229510476,4.43648986699435,30.36935409790467,47.69403455347003
624.8184841781487,4.443675291147418,30.36303164370268,47.69872464285165
624.8211928724976,4.096627171465762,30.35761425500474,47.70250778140014
624.8236289543321,3.905181592917181,30.352742091335802,47.705929007371665
624.8267508630634,4.061517664679673,30.346498273873262,47.71009149242868
624.828737583965,3.9276776512726634,30.34252483207,47.71295940738815
624.831017570722,3.639231918179874,30.33796485855608,47.71613667689175
624.833540156437,3.802350583855688,30.332919687125827,47.71960285534771
624.8362427046676,3.659515259876329,30.32751459066471,47.723619950058975
624.8383154846623,3.699519787888338,30.323369030675487,47.72658494795427
624.8405702736242,3.744642367388952,30.31885945275172,47.729660441795566
624.8431797212241,3.969574507671645,30.313640557551665,47.73303959565935
624.8453507694877,3.9788561913353213,30.309298461024614,47.736059742620064
624.8472551625432,3.5908946106887036,30.305489674913613,47.73882852597598
624.849573009747,3.3725032491828912,30.30085398050592,47.742216787117414
624.8521334947698,2.84854721962126,30.295733010460463,47.74625660903517
624.8546538799811,3.0310510624383546,30.290692240037668,47.74946204052363
624.8570904253006,3.1713654428085647,30.285819149398797,47.752344620401345
624.8591699739067,3.5077787659259023,30.281660052186787,47.754664851932326
624.86154819999,3.3346746530514793,30.27690360002,47.75788646416913
624.8638121728575,2.9948787392414147,30.272375654285106,47.76100962142107
624.8653998502966,3.2801576575424853,30.26920029940667,47.762909873216906
624.8672778491684,3.2645743450686204,30.265444301663027,47.765734022050005
624.8689628355806,3.0228595381881895,30.262074328838803,47.76810116394426
624.8705798553274,3.2755986972296967,30.25884028934521,47.77034552166157
624.8722731951615,3.816525611875221,30.255453609677094,47.77255188447867
624.8740083799019,4.071853958335193,30.25198324019628,47.77479459036244
624.8762205647544,3.656103075675965,30.247558870491332,47.77778762097783
624.878780920467,4.203364817290549,30.24243815906611,47.78106820726771
624.8807111551334,3.7719762198180433,30.23857768973306,47.78365125557957
624.8829943558906,3.8211722293519905,30.234011288218923,47.78684249382922
624.8844242766656,4.085297387012929,30.23115144666872,47.78860830275585
624.8858022768474,3.376367880900883,30.22839544630521,47.790948911926655
624.8879295535869,3.9168349874476185,30.22414089282624,47.794065592616754
624.8897442181632,4.139840406514956,30.22051156367359,47.79662277077274
624.8911358583218,4.076784466781131,30.21772828335643,47.79896901773021
624.8923602280365,4.200878195936895,30.215279543926886,47.80115310497189
624.8939005023624,3.5606953147665017,30.212198995275337,47.803853729068045
624.8954362913123,3.8889124336651797,30.209127417375335,47.806235650042204
624.8966746005553,3.9179059153686104,30.20665079888928,47.808369451755134
624.8979439123873,4.184163047245594,30.204112175225454,47.81043786250449
624.8999122674642,3.948476164076446,30.20017546507158,47.813883755708176
624.9011759244005,4.478964780484951,30.197648151199093,47.81592794432366
624.902354496372,4.314636418123012,30.19529100725605,47.81798706787223
624.9036414547743,4.107307132841509,30.192717090451463,47.820345766990535
624.9049558570568,4.405067818320088,30.190088285886393,47.82245447959432
624.9065887528293,4.794439431013199,30.186822494341424,47.8250850530553
624.9080580800414,5.081374530813772,30.183883839917257,47.827372065711536
624.9099104814145,5.021194819736884,30.180179037170962,47.830615424032075
624.9112446574983,5.133776946376223,30.177510685003515,47.83289449329273
624.9125556819469,4.967955707337634,30.174888636106346,47.835175294200106
624.9139017091961,5.073799500874543,30.172196581607796,47.837511401522306
624.9158098028596,5.003798403217171,30.168380394280902,47.84045775276852
624.9173740568233,5.040032512070606,30.16525188635347,47.842870596973235
624.9194623828826,5.01479445748906,30.161075234234836,47.84592305283175
624.9215419241142,4.781307158478185,30.156916151771533,47.849312363520966
624.9233761133946,4.506494251697287,30.15324777321078,47.85234522626184
624.9251079706756,4.205079241879822,30.149784058648613,47.85514464487214
624.9266608605438,4.680829399367489,30.14667827891232,47.85725176989162
624.9288540254564,4.395894694324774,30.142291949087078,47.86046929923593
624.9300813020723,3.718132436706597,30.139837395855558,47.86254911899957
624.931826942815,3.5975962161782604,30.1363461143701,47.865080627520115
624.9336078420907,3.3346508215467523,30.132784315818554,47.8676164096115
624.9355622573917,3.1281277672644805,30.12887548521678,47.87074415031334
624.9370027245772,2.7065646485608816,30.125994550845668,47.873068969892934
624.9385392181819,2.772660440611645,30.122921563636286,47.87522993570195
624.9399455809787,3.2207560305355933,30.120108838042707,47.87726227517931
624.9415361930254,2.90550145827973,30.11692761394921,47.87977044503589
624.942924338915,3.1787096156271417,30.114151322170134,47.88191159064914
624.944909432938,3.200841830777872,30.11018113412399,47.88451046666143
624.9462911613392,3.4920686550077598,30.10741767732163,47.88661041755926
624.947984087826,3.5688721795802536,30.10403182434802,47.88894255999409
624.9496132053883,3.9028158008742473,30.100773589223216,47.89115821171229
624.9507861683749,4.465598079050071,30.098427663250217,47.892675407184065
624.9521489018312,3.8577173691942725,30.09570219633764,47.89490378303427
624.953418498976,3.716360672818226,30.093163002047916,47.896839572398534
624.9550941440914,3.6122207451906085,30.089811711817298,47.89945978483818
624.956609293574,3.0523837096281703,30.086781412852005,47.90208797659904
624.9581289604727,3.4515380993406026,30.08374207905472,47.90399372621165
624.9592961610542,3.3416032545423775,30.081407677891477,47.90578572639885
624.9607007576644,3.7281791837750653,30.07859848467108,47.90820563144894
624.9623122306383,4.047802292044107,30.07537553872334,47.91063452954251
624.963874662585,4.376488568929638,30.07225067483001,47.913139574057126
624.9650972055337,4.198028549820556,30.0698055889327,47.915089425326514
624.96658076721,4.270338289552264,30.066838465580183,47.91741352994761
624.9680556217155,4.517603738644976,30.063888756568897,47.91946806047694
624.9693836477496,5.12461270936279,30.06123270450081,47.921428264640674
624.9707883750783,4.810816581770492,30.05842324984337,47.92381667194014
624.9720087055603,5.010741123155071,30.05598258887941,47.925628538162755
624.9738309587867,5.225452202978435,30.05233808242659,47.928489660796
624.9753590894272,5.10231416508379,30.04928182114555,47.93097201061788
624.9771266676465,4.800537594712267,30.045746664706964,47.933932478536065
624.9785259296922,5.023500621403379,30.042948140615604,47.936117095005145
624.9800548928813,5.578367376016608,30.03989021423731,47.93850850567004
624.9818918615762,5.720849423833414,30.036216276847718,47.94148804144703
624.9838603606528,5.714094594692671,30.03227927869454,47.94459237626037
624.985247531264,5.704769509470477,30.029504937472048,47.9468286233518
624.9867239806456,6.162811269534355,30.026552038708797,47.94916452394319
624.9883664404175,5.6418699835311195,30.023267119164963,47.95210607021571
624.989918269688,5.66152367350556,30.020163460623937,47.95463605097674
624.9914266036816,5.20646985618173,30.01714679263692,47.95743856420258
624.9929057364698,5.079086510853969,30.014188527060575,47.95989858490762
624.9941999472522,5.049823373968508,30.011600105495507,47.96218875177618
624.9955613982431,4.737723237615118,30.008877203513837,47.96447809480309
624.9971401469631,5.127838145954829,30.005719706073787,47.966807434541515
624.9983935999012,5.114184266995469,30.00321280019768,47.96889480018836
624.9999448873959,5.80226528161003,30.00011022520806,47.9711854296125
625.0015445972255,5.640620501706319,29.996910805549074,47.97390186811064
625.003375264176,5.803482857067024,29.99324947164795,47.97677777265221
625.0052449234574,5.604925617592411,29.989510153085114,47.9800739327576
625.006593955046,5.609244291048075,29.98681208990789,47.98242629280957
625.0081859441799,5.723323335225498,29.98362811164029,47.98496023345405
625.009611641012,5.971458067326228,29.98077671797596,47.98719603377324
625.0111081068763,6.177779492681246,29.97778378624737,47.9896878216111
625.012566795001,5.752198849822616,29.974866409997976,47.99237442595095
625.0140744542967,4.972670437669464,29.971851091406524,47.99502928225493
625.0158606272424,4.551990813544954,29.968278745515196,47.99800271011516
625.0178048958214,4.359165210538034,29.9643902083572,48.00112990260971
625.0190428499759,4.185941962515987,29.9619143000483,48.003066260618986
625.0202697950881,4.502198697172226,29.9594604098239,48.00502861852361
625.0215239682904,4.346994489551207,29.956952063419394,48.007122769945
625.0230278544852,4.2058835527762035,29.95394429102944,48.0092543710684
625.0243869624584,4.089608009470101,29.95122607508317,48.01145980617323
625.0261011197833,3.9258320505272657,29.947797760433446,48.01380207664183
625.0275484928791,3.5681058004706436,29.944903014241884,48.01604798753312
625.0288442352745,3.433988935019798,29.942311529451032,48.018128531875135
625.0302315370626,3.3092234174041906,29.93953692587486,48.0201787127143
625.031379446096,3.4551165180393753,29.937241107807928,48.021858751611546
625.0328954608241,3.165642253690997,29.93420907835176,48.024132938152846
625.03405278318,3.136188616478684,29.93189443364002,48.026007429993044
625.0353367263689,3.0242415570125836,29.929326547262303,48.028131366673314
625.0369728643478,2.964541095852784,29.926054271304242,48.03062525119832
625.0385656332797,2.8003313420759994,29.922868733440502,48.03305306859305
625.0399405403261,2.9909596626127453,29.92011891934783,48.035002824814555
625.0412393863637,3.228404968932061,29.91752122727267,48.03692552852114
625.0424886117537,3.0324482018835646,29.915022776492716,48.03906313078296
625.0440845963815,2.6902213172537977,29.911830807236946,48.041662413577036
625.0453225458125,2.546427061781646,29.909354908375008,48.04368653171624
625.047226810957,2.5696762390840853,29.905546378085933,48.046460703166936
625.0482824198373,2.410273040079236,29.9034351603254,48.04808634842242
625.049535101433,2.137014595948255,29.900929797133937,48.050125595101896
625.050963352079,2.0285911471657734,29.898073295842075,48.05217340144696
625.0524452586149,2.008120263877508,29.895109482770184,48.05457307245173
625.0537308407223,2.0759496416847405,29.892538318555385,48.05654902631469
625.0552688648555,2.236095245446009,29.889462270288917,48.058687088344385
625.05654922837,2.2191283589809174,29.88690154326,48.06050429542121
625.0577186858413,2.331252774424456,29.884562628317237,48.06225809810576
625.0592668009522,2.4024295302927783,29.88146639809568,48.064531814748364
625.0607508080209,2.62156388192394,29.878498383958284,48.066785961045824
625.0621766087239,2.4748832909617384,29.875646782552224,48.069344664179944
625.0633737647648,2.104047793010917,29.873252470470266,48.07139300755092
625.0645873749552,1.8451663064033461,29.870825250089553,48.07334948462272
625.066064515999,1.8006115856793343,29.86787096800198,48.075679622222
625.0675141131899,1.592324820838332,29.864971773620145,48.077876028786555
625.0688148012101,1.2857729934911717,29.86237039757982,48.08011629589619
625.0700960404,1.1882304202458336,29.859807919199888,48.082054230119944
625.0718272578149,1.098656227328167,29.856345484370138,48.08459134147446
625.0729191570408,1.2539649836371893,29.854161685918466,48.08630666763014
625.074178083119,1.4968265485385146,29.851643833761933,48.08815930725193
625.0756670675196,1.3410267242367624,29.84866586496081,48.09055917562968
625.0773680006365,1.5582442355116228,29.845263998726885,48.092959084453554
