73.5,126.5,29,23
73.66226455744953,126.02594679768441,28.728290613952254,23.349705633013286
75.50092271420931,125.6045274693989,28.728130510378367,23.34977359389797
78.71501569686204,123.79129203949921,28.727050448698417,23.350646976738105
80.96198946616892,123.95017611280367,28.726158730549738,23.35153548329501
82.90301416710012,122.80024305484116,28.7249210199715,23.35281332331061
85.00027711408221,121.97870751656608,28.717327689789084,23.360229592770015
89.05842684635111,121.48017980063727,28.71762635452372,23.360890807613323
92.36996555875005,121.74503937457658,28.714226950203148,23.364981798437103
94.69264150512976,121.6888611584724,28.71022008155261,23.369274160301483
97.13054370259391,121.81883203236802,28.707169783609185,23.372369647055
103.41830842657464,122.09965824154736,28.710126778213624,23.370122019097764
108.41799495136692,122.04937082407187,28.716318418265292,23.364933485740224
112.56007534563645,122.09835108248613,28.720095747707212,23.36154198888496
116.2364681930659,121.9526706546629,28.72464705083413,23.35687142906894
119.45490689791485,121.92343883967261,28.728870238517825,23.353576410445363
123.05973583268809,121.79747550914531,28.732548836714265,23.35041515941729
127.13973444632283,121.89458612513624,28.733981014657182,23.349140540270355
129.47537247601937,122.46183627752336,28.730413829012885,23.352652287078467
131.76135554801783,122.80151599690758,28.726049365771573,23.357044669827953
134.19419063624272,122.8608680101488,28.72134777910453,23.361790654360433
136.89343292570743,123.28668239169055,28.719877818095025,23.363199963863025
139.06435949824623,123.47928637763549,28.718440150770085,23.36449106905481
140.98055754499254,123.99821238149117,28.717041524318535,23.3657934717057
142.76819962499573,124.59129672607725,28.716434593239757,23.366295801134005
144.6784052805717,125.22565387451851,28.71477962402202,23.36773836460304
146.49096951631356,125.39743757970474,28.71411089603805,23.368334819081582
148.15279517853537,125.78981803386061,28.71300510000631,23.369340214309123
150.16017318635488,125.89365880574255,28.71160004795981,23.37062760794225
152.1804358145836,126.29893193972846,28.710770054411267,23.371364332333403
154.29454954010038,126.4027311418333,28.710391133193422,23.37172538635566
156.26107487119918,126.91885873130708,28.709560453142995,23.372538864329478
157.89164450790733,127.15288634964772,28.709228455498813,23.37285314139829
159.94052975051184,127.09240378977631,28.70905175462209,23.373037480229634
162.02608497623623,127.04489067835794,28.708775844494088,23.373311324304623
164.16526202635933,127.01515751036003,28.708296214004996,23.373778311868612
166.53628970652116,126.7692912392411,28.70810839594814,23.373973670583304
169.16465514797804,126.3102240055017,28.707762839419903,23.37433232829725
171.91322480684607,125.68709715263105,28.7074625681621,23.374654766300193
174.17405077927944,124.85604697735766,28.70725875867132,23.37487128582279
176.89420567658743,123.95595097467908,28.706956650670325,23.37517563401443
179.52048359894889,122.99622174928322,28.70675352048599,23.375374059781745
185.59795944921214,122.62764760914939,28.707151551404817,23.375095641841526
187.8071316955251,121.93495455679381,28.706340933290612,23.375963361619217
192.90229423566103,121.39234314107344,28.708231772513397,23.374745153020907
195.1770536108936,121.1338020290556,28.705988565261126,23.37732747433136
200.8010110130607,120.80994742973755,28.708443786561727,23.375585774797
206.0419845068563,120.40718609437131,28.71352492091875,23.372550279502402
211.36502845809233,120.12583269602332,28.71619304566836,23.370985804969603
216.99082076069246,119.98563775053658,28.72478796012141,23.36634145665092
223.10548019620185,120.13730486139697,28.73132609899035,23.362329631446958
229.5796179247288,120.43636539207507,28.740278348845592,23.356954827872737
235.50711644422898,120.57404519734621,28.745777830841355,23.35350111637831
240.63234206103758,120.73203983015637,28.758662778864778,23.346073980493955
246.1875649707486,120.65472321158202,28.76538824697934,23.341971078106727
250.58762118888822,120.24476345747989,28.800092743378368,23.322619040900822
253.79578881870944,120.27388973004415,28.816584479585533,23.313801362528526
260.0233106241476,119.65946890025243,28.823859289119383,23.309873771242202
265.67631647056606,119.3376835316428,28.83151012527407,23.305979577450287
269.3735207844308,118.90210895113793,28.842436923875198,23.30083025127358
272.8605746012179,118.61909922538565,28.860380414873827,23.292412144127155
276.82628493906014,118.01839762207777,28.87520731685653,23.28527300378857
279.9676069253311,117.4963609997824,28.905989838912987,23.27135998891888
282.8262696636801,117.1596558901915,28.931034967683736,23.25931113074243
286.62809427685056,116.46454820242067,28.974779921640675,23.23457017503101
290.393608722232,115.81912196547047,28.98338525863049,23.227990583921358
291.7242811339767,115.31403437235166,28.98569905406805,23.225703154192193
292.9614104734449,114.507356429949,28.9854670551243,23.22569982612214
295.07392715787245,114.02481849511719,28.98516942311624,23.22572160099435
296.3267414524707,113.05368986192799,28.98432136484929,23.226390942415467
296.91907749836037,110.63679694508672,28.98278537860731,23.227635310338744
297.6931965389336,107.27353139230753,28.97857629488215,23.231598380771366
298.89633281676487,103.87430145203601,28.968607631355162,23.241259929100057
300.5701907897639,101.63673049509579,28.915241832604465,23.301325110344994
302.59202169771527,100.0425271998491,28.889577758400947,23.330023677767073
304.92975232854656,99.52572346501037,28.852349204715637,23.366997915804678
305.60133105855095,99.44643767893777,28.797337882898088,23.419186924239675
305.61574406872086,99.14782937930866,28.76851186255831,23.446690348201102
305.6202729572579,98.34158119631743,28.75945408548423,23.455618637096162
305.62618932815633,98.52114476752209,28.747621343687367,23.467290678532386
305.63141870624196,98.62587350773777,28.737162587516046,23.477873444945324
305.64420978660024,98.05940462673283,28.71158042679954,23.50442299570488
305.66502819397033,96.23583020031342,28.669943612059324,23.543811895998548
305.6954649809333,95.09520630230448,28.609070038133396,23.602491418472123
305.7003829587424,94.58031646045262,28.599234082515146,23.611111453280568
305.70311907250334,94.06311138160366,28.593761854993275,23.61595448851907
305.7079117910854,94.02526408078694,28.584176417829234,23.624763268631234
305.7132666670577,93.92007364686872,28.573466665884578,23.63466674498627
305.71893485529006,93.5161960484651,28.562130289419926,23.644459872282077
305.7231122875618,93.66735681482002,28.5537754248765,23.652192731194795
305.72891219354756,93.68087053731614,28.542175612904874,23.662958978403935
305.7436169834265,93.14227946934415,28.512766033147056,23.689184149855116
305.7529231158609,92.640654151365,28.494153768278274,23.706406591385917
305.75997170970794,91.87584771843514,28.4800565805841,23.719824398423004
305.7653530178356,90.42830074364015,28.46929396432883,23.731008407293384
305.7743385671088,90.00771066114159,28.451322865782338,23.74866141498385
305.7846346008553,90.01925438415658,28.43073079828934,23.76997948146558
305.79489222697066,89.51209122303291,28.410215546058684,23.791505627569272
305.80243596738705,89.20552899323347,28.39512806522591,23.80636241272206
305.8085937962968,88.75933031140676,28.382812407406373,23.819511812947
305.8189773818567,88.30630201582314,28.36204523628653,23.83918427458999
305.8239866068175,89.04853614609053,28.35202678636495,23.84838242450138
305.8327839112081,88.90480001045923,28.33443217758386,23.866318617787748
305.85915522853094,88.51717092203229,28.28168954293811,23.919691292303224
305.86435156752134,87.27489590289905,28.271296864957367,23.931724793857054
305.86814599474167,86.31708773814985,28.263708010516687,23.939777913821754
305.87231798693705,85.52039617629228,28.25536402612594,23.948272221657074
305.87902176350514,85.25612470432687,28.24195647298971,23.960723580428606
305.8852307734232,84.47017696567667,28.22953845315364,23.972438393666504
305.892216407785,83.35716317252144,28.21556718443,23.98714677183183
305.89792671810045,83.00263588835561,28.204146563799064,23.99895621916127
305.9060464491613,83.40275011371335,28.187907101677403,24.015485983873187
305.9143769544208,82.40900277754663,28.171246091158466,24.033566302835975
305.92229760981184,81.64078555622055,28.155404780376355,24.048882700634927
305.93095811495573,80.75154458324982,28.138083770088528,24.06575950302931
305.9380068491653,80.04255965300806,28.123986301669408,24.079973937106004
305.9429262339203,79.72425723521229,28.114147532159464,24.089940717849807
305.94544944137476,79.35359685754554,28.109101117250514,24.09524072933642
305.9480573836638,79.40041289880264,28.1038852326724,24.100445828747965
305.9514155580623,79.63155572196527,28.09716888387538,24.106961472219545
305.95375473287834,80.12371764060875,28.092490534243296,24.111604159533584
305.9572927656663,80.54281090036163,28.08541446866741,24.11869572430592
305.95929783326324,80.67227602709683,28.081404333473476,24.122764290186723
305.9611448460545,81.04706626467117,28.077710307891,24.126475243127175
305.9633025196356,81.35756628414573,28.073394960728873,24.130845110603524
305.9660249594773,81.76333865720837,28.067950081045385,24.13604206941907
305.97481702309665,82.03287489208952,28.05036595380675,24.15376835577933
305.98794687133096,82.19899309273887,28.02410625733809,24.179419699384212
305.99598279422815,81.65341151703333,28.00803441154365,24.195477660518165
306.0040779707688,81.62717607183949,27.991844058462494,24.211401582982226
306.013859980429,81.34263384670768,27.972280039141978,24.23150925426177
306.0237382952175,80.69054999352701,27.95252340956495,24.252532248174994
306.0412302937015,81.06536721241508,27.91753941259698,24.288506221234115
306.0491158532424,80.63023466905133,27.90176829351511,24.305168958203467
306.0560073808243,80.29562045260789,27.88798523835136,24.319543212661696
306.06320796867124,80.15162920957872,27.873584062657507,24.334230266390865
306.06787611540096,80.44369984159691,27.864247769198087,24.343236757023664
306.0703288222732,80.66984033058274,27.859342355453528,24.348032537198293
306.07267164094327,80.69169395820975,27.854656718113443,24.35252361309172
306.07551973876764,81.16645880026289,27.848960522464765,24.357643794612713
306.07816882996605,81.82958751190081,27.84366234006793,24.362171526633208
306.08056183053054,81.9552712562026,27.838876338938878,24.366361068469008
306.0825458389057,82.47956295450886,27.834908322188614,24.369835891766147
306.08442467711035,82.72113859257202,27.831150645779353,24.373285133866464
306.08834455571923,82.71340081001595,27.823310888561554,24.38112360473795
306.09120977781697,82.37857594001338,27.817580444366005,24.387025438058224
306.1013453498363,81.53167188145605,27.797309300327356,24.412095547627423
306.105693651277,80.40886087510765,27.788612697445924,24.42184934476331
306.10764575904864,78.89466909388115,27.784708481902715,24.426418467442744
306.11436253928827,77.92844520367893,27.771274921423508,24.438828978254897
306.12195548270955,77.77891924229012,27.756089034580878,24.452034667664616
306.12480747457454,78.17669011972707,27.750385050850916,24.457245612165842
306.12849410268524,78.0389325269735,27.74301179462952,24.46458734148098
306.1333134046201,77.43767388492506,27.733373190759817,24.474383377904815
306.1370729484218,77.21366478000273,27.725854103156394,24.482351283813475
306.13919216865804,76.56666368597296,27.72161566268391,24.48668431579851
306.14120629921433,75.25254557817598,27.717587401571343,24.49143520462547
306.1439072216003,74.72456219488105,27.712185556799444,24.497624940270516
306.14756443486436,73.69385354055417,27.704871130271222,24.50632098694613
306.15019806301103,72.61319481170031,27.699603873977928,24.51242771124015
306.1527374945195,72.01683625233375,27.694525010960977,24.518181867822705
306.1553265868992,71.16947711339252,27.68934682620163,24.523523672278333
306.15787679981065,70.64638117493996,27.684246400378715,24.529499580097763
306.1611054873095,70.26047534369323,27.677789025381006,24.53653483391889
306.16291316521983,70.04685556725227,27.674173669560364,24.540630582727502
306.16541264050807,69.76610234932579,27.669174718983903,24.54637514485835
306.16773190381366,69.21272231865836,27.664536192372694,24.55162790009426
306.1704696933045,67.87611095948579,27.65906061339098,24.558461868363143
306.17608857079307,66.49346040299514,27.64782285841388,24.572904912878254
306.18019085618795,65.27737169268511,27.639618287624106,24.58228417676003
306.18234340379973,64.4481462220934,27.635313192400567,24.587230865509664
306.1835370958061,63.80430529894551,27.632925808387764,24.58943805379306
306.18448846747316,62.92882031787931,27.63102306505371,24.59117548533159
306.1852942820743,62.0922898953761,27.62941143585136,24.592595576591975
306.1863573713506,60.80250751164502,27.627285257298773,24.594592289854912
306.1870323079767,59.746103532727126,27.625935384046517,24.59592096531155
306.18806913895213,58.515719861858486,27.623861722095754,24.597997663738287
306.18966079602774,56.86962584579665,27.6206784079445,24.601303440307763
306.1913173698051,54.929656413145935,27.617365260389786,24.605119354101614
306.1938578510823,53.164553321148446,27.61228429783529,24.61109744208829
306.20195163891594,52.194291529672356,27.596096722168117,24.63013107104573
306.2075886192,51.53490719359225,27.58482276160001,24.641273018962785
306.21018919759615,50.786827164833326,27.579621604807738,24.646471405605062
306.2119260885712,50.28994104307527,27.57614782285761,24.649563014145755
306.2171597409777,49.09285144562376,27.565680518044637,24.659617930026556
306.22038657088115,48.17085718651978,27.559226858237693,24.66611767774959
306.2228078609419,47.043368014595615,27.55438427811627,24.671257430975977
306.2250148912891,46.257000998029156,27.549970217421755,24.675745457143258
306.2271111630849,45.04785123013525,27.54577767383028,24.68025190592545
306.2296296446966,43.81921701055988,27.54074071060681,24.686096700056645
306.23161734237135,42.48883980038028,27.53676531525732,24.690627346459546
306.2367015720915,41.786331015864945,27.526596855817044,24.702604735283934
306.2417454845586,41.501362639596536,27.516509030882872,24.71307393372833
306.2445880390346,41.11457383151317,27.51082392193077,24.718757281859176
306.2456758084546,41.06528676758377,27.50864838309079,24.720521500970303
306.246648841677,41.32298784816478,27.506702316646077,24.722023753508395
306.2486199616996,41.9578956850947,27.502760076600755,24.72490528996044
306.25128946217586,43.093096053990706,27.497421075648237,24.72894102601486
306.2565255296374,43.86666839731284,27.486948940725213,24.73729183993517
306.26102070320275,43.87514689804939,27.477958593594543,24.745187322926725
306.2661689274486,43.64716054906579,27.467662145102885,24.753933466738573
306.2702744818644,43.922848846076356,27.459451036271112,24.760653221956783
306.27242403770117,44.461940061689724,27.455151924597665,24.76438140092902
306.2753053984479,44.57051801390048,27.449389203104108,24.76950853202424
306.2785490830683,44.3076175054615,27.442901833863406,24.774964576291737
306.28478434682035,43.170992929705974,27.43043130635927,24.785340316624204
306.2897447106206,41.84427064923058,27.420510578758766,24.79401210955436
306.29193381873404,40.49521702551376,27.41613236253187,24.798502489922573
306.2950517702368,38.590356172142215,27.409896459526376,24.804790063135993
306.2982715683213,36.97270955026158,27.403456863357416,24.812343972790824
306.3042255127579,35.41524423920072,27.391548974484223,24.827351222643873
306.314040272363,34.24999595038601,27.371919455274007,24.848785080928195
306.32525901339943,33.227452255469146,27.34948197320111,24.871492595578818
306.33849644279604,32.36763186959676,27.323007114407954,24.897888671660144
306.3424901738834,33.150124673628994,27.315019652233264,24.904060399830712
306.3503313444077,33.19959780342827,27.299337311184555,24.917616409679017
306.35513326252754,31.27032954360827,27.28973347494487,24.929378351224532
306.3593421796412,28.617209425287033,27.28131564071759,24.93849753989337
306.36225052867917,24.350733665237534,27.27549894264164,24.94457928612762
306.3659791440638,20.772743748489326,27.268041711872492,24.95315063421144
306.3738838865032,19.91400860312341,27.25223222699361,24.96904922198612
306.3886566440313,19.17406275002687,27.22268671193735,24.997724588114192
306.3961988270374,18.915383187019437,27.207602345925217,25.012372120024295
306.40568544517777,18.866002157790085,27.18862910964448,25.03001765861462
306.41217657393855,18.960435553216854,27.175646852122924,25.042958545506902
306.4163256080743,19.04615772588735,27.16734878385131,25.05209872026746
306.420011974034,19.24044161685446,27.159976051932002,25.060172550386152
306.42508003985336,19.12758154128539,27.14983992029331,25.072300365942517
306.42913450467825,18.203545306646525,27.141730990643516,25.081629267753517
306.4302487790021,17.681888370032237,27.13950244199575,25.084031228064
306.4313163277245,17.05778625559565,27.137367344550967,25.0863866820272
306.43246050275354,16.00684620627053,27.13507899449294,25.089018848243352
306.43448716206893,14.548152710165253,27.131025675862087,25.093904982147027
306.4357797689929,14.248500141179052,27.128440462014154,25.09688966981349
306.43706214181395,13.81294057594683,27.125875716372057,25.099665625820386
306.4386606452432,13.543820224823044,27.122678709513604,25.103258326873956
306.44016569280194,14.136800282058829,27.119668614396108,25.106573596351666
306.44215232405276,13.073376950140837,27.115695351894484,25.11161030077603
306.4450086341651,11.830617543575649,27.109982731669845,25.11791706823685
306.4463520530113,10.895698622708682,27.10729589397734,25.121074049451373
306.45496653562043,10.049299324773827,27.090066928759157,25.141012618961526
306.46214105554253,9.199911838708093,27.07571788891492,25.155534256093908
306.4692574919874,8.881324514797658,27.061485016025213,25.17047020829329
306.4748483457848,8.519277175853063,27.050303308430408,25.183095891565017
306.4830722801908,8.567465685078481,27.033855439618428,25.200872742564272
306.4876042928581,8.191157249337062,27.024791414283705,25.209396315135063
306.49261702871587,6.929063573434668,27.014765942568246,25.218018033166047
306.4965133979056,6.436694485379062,27.00697320418885,25.22512917032157
306.5022125368459,6.2466060416043,26.995574926308255,25.235877005995025
306.5067047710915,5.831508047567819,26.986590457816973,25.24438803751739
306.5108110434508,5.6368879262824905,26.978377913098342,25.251873851939777
306.5139669165088,5.05875954590104,26.972066166982355,25.257583942742656
306.5157898251866,3.9814422761827384,26.968420349626825,25.26074805943451
306.5182594329674,3.083619049407808,26.96348113406521,25.26483219418249
306.52003581903506,2.586336649699245,26.959928361929848,25.267575346909247
306.52105925316476,2.6980201893128175,26.95788149367048,25.269065970533397
306.5218007126229,2.2294658517877544,26.95639857475423,25.270205650489224
306.5230319082559,2.264965772268555,26.95393618348819,25.272118733519303
306.5262356808867,2.940542419929189,26.947528638226594,25.277596121143286
306.528262894151,3.8693084565611606,26.943474211697957,25.281173781460886
306.53038535454095,3.672035925079637,26.939229290918057,25.284848750124617
306.5311116044,3.3894045601820313,26.93777679120005,25.285905296963133
306.53201906579187,4.075826441082636,26.935961868416275,25.287293946546505
306.53266517167833,4.868080048567025,26.93466965664329,25.288334774828765
306.5341030623447,5.402104917037022,26.93179387531069,25.29066417588163
306.53514602105264,6.433241554128077,26.929707957894703,25.292503088131404
306.5360702989917,7.354372023688692,26.927859402016583,25.294234620705122
306.538271305421,8.038950036238901,26.923457389157946,25.298429454293057
306.5391301262863,9.17981138103642,26.921739747427413,25.30006676912307
306.54008711873473,10.471506573172753,26.91982576253059,25.301862151070495
306.5414467436064,11.320072576159374,26.917106512787182,25.30467380678701
306.5437496575458,12.41423448674882,26.912500684908416,25.30921893359091
306.54859422121945,12.825851674653062,26.90281155756115,25.31992434850813
306.5610798780262,12.519223132005237,26.877840243947613,25.347748010284647
306.5660125128807,11.88243233668792,26.867974974238514,25.35900634061197
306.56824609355505,10.89889819869581,26.863507812889956,25.36467279641339
306.57098160428274,9.926743587677203,26.858036791434493,25.370293144205913
306.57368995592805,8.836621500252447,26.852620088143926,25.375356645456183
304.2351218360971,6.512467189216537,26.722453375993076,25.51606019169182
305.26145488409827,5.281664386841779,26.694382302192214,25.542938842934866
306.6414387601422,4.545161440297477,26.69074694756533,25.545693056603
306.6575374874153,3.8533581001544484,26.68492502516935,25.550338531406574
306.6763960282281,3.9999882078955764,26.647207943543755,25.583509769152315
306.684511080014,4.541654388503366,26.630977839972005,25.598818803505583
306.6876087652723,4.919011203050358,26.624782469455493,25.60454206692106
306.6937262987193,5.293012385551577,26.612547402561397,25.616614794234295
306.6976570717688,5.666521722943582,26.604685856462396,25.62404512934561
306.7013104893192,5.676525791934083,26.597379021361544,25.63072823814238
306.70419324359807,5.886541307631145,26.591613512803814,25.636079373849164
306.70766681528994,5.923556387293546,26.58466636942012,25.642574009281727
306.71176242954056,6.467660519535784,26.576475140918916,25.65031098386433
306.71518619984914,7.153530668013937,26.56962760030166,25.656465326876894
306.72010211008154,7.427372876203437,26.559795779836914,25.66589777660965
306.72413002758987,8.10190173540444,26.55173994482029,25.673068409800663
306.72857498871497,8.192346806760353,26.542850022570086,25.680614223924582
306.7328070932123,8.615064840019944,26.534385813575454,25.68749966295197
306.7355232441932,9.43487947263021,26.528953511613654,25.692005396052974
306.73941677251736,10.427957056089475,26.521166454965268,25.69917939650047
306.74359981697086,11.752323795859066,26.512800366058308,25.706279876540755
306.74784712765796,12.802238489135453,26.50430574468402,25.713601283063543
306.7507675425342,12.830782594186315,26.49846491493152,25.7186296660843
306.7544092158599,12.489149654779977,26.49118156828024,25.72453018225278
306.76233471458454,11.59370797686435,26.475330570830938,25.737430826292044
306.76967476168784,10.754770973822982,26.460650476624316,25.749593429481713
306.77427081283355,9.706628858129665,26.45145837433289,25.75716091549176
306.77793906797297,8.375381258803191,26.44412186405407,25.763465718789483
306.77898409238077,6.861005773905768,26.442031815238494,25.765025288056375
306.7805290598116,5.100594399095364,26.438941880376756,25.767624752002135
306.78268933337176,3.519045778811048,26.4346213332565,25.77096866996945
306.7864437272205,2.240728290235772,26.42711254555901,25.77651984394312
306.7895678898945,1.6183912966302572,26.42086422021105,25.780790417381567
306.7925702155071,0.9550267606431806,26.414859568985783,25.784036379881538
306.79665555496314,1.0657532801306715,26.40668889007376,25.789381011032518
306.80019321156027,1.0677545674016855,26.39961357687944,25.79456579212804
306.8057556674205,0.9856944737185032,26.388488665159027,25.803700536736798
306.80982765479376,0.6714391992781827,26.380344690412503,25.81112484580268
306.8139854985144,-0.5739866073936302,26.372029002971225,25.817559497476385
306.81776229661443,-0.7609939072160508,26.36447540677114,25.822684973919856
306.8210676186387,-0.07530044486145826,26.357864762722574,25.827401569604042
306.8240595499573,1.218095652004779,26.351880900085355,25.831908194459825
306.82765041126186,2.7484767261297414,26.34469917747629,25.83726786284503
306.83061756525467,3.5156105318776056,26.33876486949066,25.842316667136046
306.83401188964433,4.2263422781005,26.33197622071135,25.84847775793458
306.83671526910064,4.61196852467199,26.32656946179875,25.853595790151708
306.8404775288955,4.932017484876781,26.319044942208997,25.860584192049714
306.84384700400176,4.862353011792752,26.312305991996492,25.86707703477844
306.84893928532523,5.090676005370295,26.302121429349572,25.876221766417224
306.8520422702933,5.657147578121483,26.295915459413454,25.88218343086663
306.85642867888026,5.64970045277804,26.287142642239477,25.890769580435904
306.859623749126,5.642446722325074,26.280752501747997,25.896751952912386
306.86356616112863,5.47292156428759,26.272867677742713,25.904234772926028
306.8683784421663,5.4769100021301185,26.263243115667358,25.913338239638065
306.8711822793054,5.429727237407919,26.257635441389215,25.918669859940447
306.87425524492113,5.518066557167291,26.251489510157715,25.924353195733936
306.87761596962287,5.427318198654101,26.244768060754218,25.93084468543297
306.8816084724972,5.559447268426659,26.23678305500564,25.938382235947515
306.88633025187374,5.36021778949188,26.227339496252494,25.94701909818452
306.891302765602,5.443368236238857,26.217394468796037,25.956131753636946
306.8940653053004,5.329946308798958,26.211869389399183,25.96139809827905
306.8978722605176,5.358156196267743,26.204255478964807,25.968522574366204
306.90139889330914,5.503635150117729,26.197202213381743,25.97535590926572
306.9046863733892,5.59941185465266,26.19062725322163,25.9815127311424
306.9088143789789,5.282149804343879,26.18237124204226,25.98987066688493
306.91161289231405,5.180924329974209,26.17677421537187,25.995152520346483
306.9165763218607,4.743861878508083,26.166847356278538,26.004993384735034
306.92029830323673,5.010089312317021,26.159403393526585,26.012213216423646
306.92378030659023,4.897895371671476,26.152439386819506,26.019008262288406
306.92749453714356,5.029893282528272,26.14501092571285,26.02585645307367
306.93025625082754,4.9551299806846405,26.139487498344902,26.031289483667518
306.9345771112877,4.977592635195908,26.130845777424653,26.039687994878328
306.9384167738249,4.879003644999505,26.12316645235028,26.04718301476088
306.94196739054007,4.655413331491081,26.116065218919857,26.054054772892687
306.94484784485894,4.392133716037687,26.11030431028208,26.059721264503516
306.94801102193105,4.796387881047185,26.103977956137843,26.06526974820141
306.95235767324397,5.0958969254996624,26.095284653512056,26.07368658771366
306.95625526060184,5.496833796037333,26.087489478796282,26.081132819630263
306.96057231388306,5.199107426007201,26.078855372233914,26.08937985166364
306.9644422671676,5.558433277075677,26.071115465664803,26.09683598529634
306.96724709664625,5.830271575884456,26.065505806707503,26.102349372477214
306.97144296486874,5.7497294795835305,26.057114070262504,26.110893745600077
306.9753135716952,5.522404017222209,26.049372856609565,26.118808990219417
306.9791208150378,5.146074133147261,26.041758369924434,26.12597010114275
306.9832309653211,4.984083357129716,26.033538069357782,26.133824650938614
306.98641662035567,5.054790040440025,26.027166759288672,26.13997264074328
306.9895217020054,5.470937933785262,26.02095659598922,26.145722570338513
306.99274545032335,5.3733878084115645,26.014509099353244,26.15198271495626
306.99657217630323,5.592250093440416,26.00685564739349,26.15926225046649
307.00068803049004,6.069583264985363,25.998623939019943,26.167173190759012
307.0054084197959,6.034878809153376,25.98918316040815,26.176636586134705
307.00862186011227,6.205717761811778,25.98275627977542,26.182920523831665
307.0123784562264,5.665263016423214,25.97524308754729,26.19038135661929
307.0173861366446,5.0388046008565865,25.96522772671084,26.200071540375532
307.0201705851736,4.9952057507276475,25.9596588296528,26.205480320767325
307.02284129742105,4.804052357161543,25.954317405157923,26.210621224120008
307.0264652823071,4.354799057091212,25.94706943538589,26.21762496705242
307.0297617988013,4.351622969927941,25.94047640239736,26.223681358917197
307.0327597842792,4.3482798829704965,25.934480431441585,26.229107725567655
307.03703541012493,4.865012438864415,25.92592917975012,26.236723207842623
307.04042292439283,5.06024656259893,25.919154151214304,26.2434169209754
307.0432915083164,5.076423076955972,25.91341698336729,26.248930886999894
307.04732226917156,5.05866861263581,25.90535546165693,26.25654368890799
307.0515765315749,5.1856472543566134,25.896846936850217,26.264293711374584
307.0564369171685,5.127080631831909,25.887126165663002,26.273344311782594
307.0593300873884,5.463828400816915,25.881339825223208,26.27907779488497
307.0632126496138,5.318102475337529,25.873574700772448,26.286448335809943
307.0660824938267,5.6242563844195566,25.86783501234658,26.292126421862655
307.06960552608683,5.719100255116391,25.860788947826375,26.298940397440383
307.0736691876306,6.032118526916973,25.85266162473876,26.306782442515672
307.07708773038695,5.640851839564464,25.84582453922612,26.313426837785723
307.08130748710784,5.53251600967193,25.83738502578429,26.321772560180463
307.0840786525044,5.7047522726451305,25.831842694991202,26.32718308396055
307.0868445009571,5.522192515009101,25.826310998085805,26.3325458016805
307.09148945098946,5.190769695822807,25.81702109802104,26.34182490076552
