118.5,57.5,82,98
118.5563539502129,58.65379816839908,83.9790286546737,94.46292433540395
124.89543473166408,59.84577962596324,83.98499489938851,94.4558876039762
128.0675389028143,64.34308624375123,83.9804657982685,94.45944522106136
134.9369801807838,67.94138111368508,83.97826899519819,94.4614161959153
141.05290911519566,69.20646853481605,83.97653750729485,94.46289666523786
146.57470418762168,71.07024798610425,83.9719335684975,94.46712067586945
150.73462123529538,73.78597798572781,83.96600805011543,94.47164004292485
154.32993128984222,75.82397852929805,83.96077602924807,94.47539759988835
157.54213929352835,78.35993274582782,83.95225643758627,94.48155217799824
160.47393618111946,81.72088899599316,83.94735244740768,94.48463386025423
163.9939455685898,85.02195476572378,83.93644171995237,94.49002766945634
167.80880409485283,87.22477145896539,83.92372429358598,94.4963601299885
172.16135961401676,90.95224033498585,83.90328847193288,94.50581360948445
175.00746911486746,95.7382497355819,83.88816440660237,94.51181967248911
179.33686491868735,99.87345188304847,83.86813718037128,94.52168595403302
182.05961271217777,105.4079200863089,83.83860428946586,94.53666144326411
185.55953662974076,110.02839600640453,83.82113112246125,94.54533576274083
189.6853345135853,114.8468922588765,83.77548609177164,94.56559843052639
194.22507910710382,119.6601666162529,83.73565926587963,94.58160876728725
199.1404889798519,122.40769979494641,83.70890045635761,94.59297112846711
203.72468765058488,124.25385373776956,83.684975237084,94.60281859445962
207.63426416193263,124.6413921333118,83.65529860904182,94.61473679706182
211.2768323654149,125.72851767198165,83.63441486473602,94.623227600139
215.52450624842544,125.63726675541105,83.61311285219391,94.63237361548539
219.26942330004692,126.59700127745944,83.60155738588335,94.63718724140968
221.9977312675919,127.03740147178277,83.59233534498895,94.64083269884377
224.4219124260911,126.82468955247808,83.58447862796612,94.64404962898875
226.77521070682093,126.08404977291822,83.57666880204113,94.64759438395501
229.59641868834962,126.27081794214156,83.56582985390686,94.6529118136186
231.52462855864312,125.69863099658672,83.54478303812454,94.66450336467855
233.50107517721452,126.01918613194178,83.52877396579193,94.67277491035561
235.28926886606087,125.29659389978687,83.5062384309795,94.68546795296591
237.6130034292707,124.4387968769931,83.4795926878911,94.70056472892301
240.02695946481748,123.6197807043667,83.4672214073554,94.70769180359932
243.71179082010676,122.5660435648602,83.44975491336008,94.71873959564334
247.8839313425967,119.93519175727647,83.42874180508676,94.73248264333644
252.98837606453438,116.97986543799067,83.40043822241746,94.7512695516224
258.2935899318889,112.86219008526464,83.35778812137538,94.78227073925217
263.7153349460049,108.64486160539813,83.29517711383441,94.82517068757161
268.49603289316906,105.19899949508972,83.21792066194979,94.88182906651363
273.0612883586464,101.11202583865195,83.1596629582291,94.92660119323196
277.9948346975774,97.89663448765018,83.07080190115563,94.9964906457238
278.5098737465003,94.14197714750067,82.98025250699934,95.0669568305394
278.5443423258014,90.87755352373856,82.91131534839724,95.12518630691493
278.58953759567436,88.08225892834957,82.82092480865126,95.20086193873294
278.64651299442767,84.81855792425854,82.70697401114461,95.3014331783298
278.68705433088235,81.19161000274387,82.6258913382353,95.37042969121998
278.7259877646602,77.80752313622114,82.54802447067962,95.4341408960367
278.7631893719255,74.24604608782963,82.47362125614907,95.49773925704089
278.8107202135368,70.35047477864487,82.37855957292636,95.58548174037014
278.83888310254207,66.49252433467254,82.32223379491582,95.63246926390441
278.86747487808213,62.19011284703065,82.26505024383569,95.68406290721796
278.88681325274047,58.24048654634289,82.22637349451904,95.71665062211886
278.90126386898083,54.567419294624294,82.1974722620383,95.73926494199283
278.9135681531794,51.39009381510205,82.17286369364112,95.75864311203586
278.9238591176961,48.95158523629626,82.15228176460778,95.77464494982321
278.9329190885943,46.86047006360471,82.13416182281138,95.78923174814821
278.93990285483653,44.93381915162657,82.12019429032688,95.79962662020019
278.94567732545914,43.398107874469616,82.10864534908167,95.80778075143365
278.9540867882509,41.91109384054366,82.09182642349818,95.82103320550078
278.96144132505833,40.52835099874779,82.0771173498834,95.83164060654552
278.9678015332012,39.750283592482795,82.06439693359758,95.84162854941609
278.97443446385273,38.96057602529723,82.05113107229448,95.8521790998181
278.97978015853244,38.471076573197536,82.04043968293507,95.86026662038864
278.9856075549724,37.74091832868534,82.02878489005522,95.86968100503529
278.9910502183541,37.18288778575219,82.01789956329179,95.8782412993519
278.9965205101588,36.925464706548226,82.00695897968234,95.88666917000577
279.00164089391717,36.72575386672184,81.99671821216565,95.8945712137428
279.0068388803562,36.32301059593981,81.9863222392876,95.9026544793402
279.0117660966911,36.36893383457948,81.9764678066178,95.91016115159414
279.0163194896928,36.35814390704843,81.96736102061432,95.91714970113958
279.02128846369123,36.41991056464544,81.95742307261747,95.9246441589682
279.0257590731892,36.3422653056118,81.94848185362163,95.93142872110097
279.03040440022926,36.286895013226186,81.93919119954153,95.93847748954224
279.03468337759034,36.329565695482806,81.93063324481935,95.94501278829661
279.03900986110136,36.17384299858049,81.92198027779733,95.95155717826366
279.0435564681835,36.08454755603689,81.912887063633,95.95842328195685
279.0478367982302,36.16042024817389,81.90432640353963,95.96502663683003
279.0518886422103,36.17930869405083,81.89622271557941,95.97110939825103
279.055671741177,35.91722900120557,81.88865651764604,95.97692163981466
279.0595748232225,35.848799900216875,81.88085035355506,95.98285394800848
279.0630518945787,35.67693429974529,81.87389621084269,95.98830923952782
279.0669971699611,35.39432515149532,81.86600566007776,95.9943514486483
279.07064773680213,35.77130227644217,81.8587045263958,96.0001514988721
279.07448320676195,35.89725357782085,81.85103358647613,96.005898258202
279.078402137796,35.837368216577545,81.84319572440802,96.01190806976035
279.0822428792454,35.74522754958661,81.83551424150912,96.01786324402657
279.0863127133853,35.665551765838636,81.82737457322932,96.02398046382145
279.09057920881884,35.77599201410188,81.81884158236228,96.03059614425304
279.0955097161713,35.65917302758702,81.80898056765736,96.03812291385067
279.1004281618622,35.700825926559325,81.79914367627556,96.04537659848053
279.10539193072265,35.813157739460664,81.78921613855468,96.05285154680124
279.1105099891305,35.62764846965415,81.778980021739,96.06053477500146
279.11618450360106,35.843780060720704,81.76763099279785,96.06884558321335
279.12161016050607,35.6726768790187,81.75677967898787,96.07700763914703
279.1268166973131,35.74331062514781,81.7463666053738,96.08490766967687
279.1319900760625,35.842165841802654,81.73601984787501,96.0927078377685
279.13704823015627,35.80380698729223,81.7259035396875,96.10033658113497
279.1419467502793,35.688566005206866,81.7161064994414,96.10792512842414
279.14686622358744,35.69557702655654,81.70626755282514,96.11545262164005
279.15162996390694,35.86865413276629,81.69674007218609,96.12275630712209
279.15645762370025,36.04517255171489,81.68708475259956,96.13017912474818
279.1614334958423,36.00186934393755,81.67713300831548,96.13761465760099
279.1664137119566,36.27298907343055,81.66717257608681,96.14518197227756
279.1717420598818,36.31212788651894,81.65651588023644,96.15325385575721
279.17699665288694,36.199222053531535,81.64600669422613,96.16121388293807
279.1816081449765,36.29144248783961,81.63678371004693,96.16811299885809
279.1862482093464,36.19989953725843,81.62750358130722,96.17519918409619
279.1913116923226,36.28810015518654,81.6173766153548,96.18278924631946
279.1962469818035,36.34938356135925,81.60750603639302,96.19033299582173
279.2010918446402,36.26321400856677,81.59781631071958,96.19775025144064
279.2059149760967,36.291805010815736,81.5881700478066,96.2049690763175
279.21007758652837,36.63280229998483,81.5798448269433,96.21128935307803
279.21529759011923,36.36641074243971,81.56940481976152,96.21930757272912
279.21992192498345,36.6701775585341,81.56015615003307,96.2263015236626
279.22477361468935,36.44448117332837,81.55045277062126,96.2337937088995
279.2294987899678,36.391815103617894,81.5410024200644,96.24094339361521
279.23471970580664,36.026151344521665,81.53056058838676,96.2489799915501
279.23923315922883,36.0330344470732,81.52153368154231,96.25582817018925
279.24442610763646,36.117919903294265,81.51114778472707,96.26370721766895
279.2495567754286,36.16299930760989,81.50088644914284,96.2712644871999
279.2548041594284,36.06731112390356,81.49039168114324,96.27921611358282
279.2600176821181,36.28868867911479,81.47996463576389,96.28699069771754
279.26534148825976,36.51034704027755,81.46931702348049,96.29497599713389
279.2707987739448,36.210025480738686,81.45840245211033,96.30339034595558
279.27556837881025,36.40670921593389,81.44886324237955,96.3106987981974
279.28068724102343,36.08546303835469,81.4386255179532,96.31867205316658
279.28516157933296,36.08740568933661,81.42967684133406,96.32533095069924
279.2897540653121,36.34376863094627,81.42049186937584,96.33234308599265
279.29421618478955,36.09514130642063,81.4115676304209,96.33932220303672
279.29843652820813,36.42136197741456,81.40312694358371,96.34563520980373
279.3027197776089,36.35568210276087,81.39456044478223,96.35218281805028
279.30685321876445,36.235925339519326,81.38629356247114,96.35842121414225
279.31047373996404,36.37181791344249,81.37905252007192,96.3640588520549
279.31419852245153,36.24593116155445,81.3716029550969,96.3698529871443
279.3178313226492,36.474317156246336,81.36433735470149,96.37531260400557
279.3212049416859,36.35128646089462,81.35759011662824,96.38050082182978
279.3248688523248,36.165101780933824,81.35026229535036,96.38630668277753
279.32810374728615,36.38606892624776,81.34379250542776,96.39133120224068
279.33178979405733,36.37951254647643,81.3364204118853,96.39718122708707
279.3355506456253,36.16963581606028,81.32889870874942,96.40296380025839
279.33909441572155,36.40359410431016,81.3218111685569,96.40832765359872
279.34278065725147,36.26657428070402,81.31443868549702,96.41405431014556
279.3460657389038,36.27508614700521,81.30786852219245,96.4192005382059
279.34949365083685,36.54620852052965,81.30101269832636,96.42447797838999
279.35271274470495,36.53735773043182,81.29457451059017,96.42947088067538
279.35584851791805,36.65585851260746,81.28830296416396,96.43433486183535
279.3590354460012,36.48089239286253,81.28192910799757,96.43927491072577
279.3622408651108,36.44184617536685,81.27551826977849,96.44420286032218
279.3656832230782,36.33743889059235,81.26863355384363,96.44958582357845
279.36902807609033,36.304557227562526,81.26194384781932,96.45479226105778
279.3721070759455,36.09742512339699,81.25578584810901,96.45957127828206
279.3754546693774,36.26514503581432,81.24909066124522,96.46477611105924
279.37933137845016,35.569363278637866,81.24133724309971,96.47122590928666
279.38208277928754,34.87770237382483,81.23583444142497,96.47593317404426
279.3853218112948,34.20925899562356,81.2293563774105,96.48156652106113
279.38848632875533,33.86141419308873,81.22302734248933,96.48687352630016
279.39148936828695,33.701780244410095,81.21702126342609,96.49175431080151
279.3948752218229,33.34979790494105,81.21024955635431,96.49727390802879
279.3981409400749,33.20267427374979,81.20371811985021,96.50251896050949
279.401818869423,32.518021591890516,81.19636226115401,96.50845617065596
279.40668532246616,31.932258161166047,81.18662935506767,96.51698972022288
279.4113328528322,31.18231488712945,81.1773342943357,96.52524785986407
279.415698062993,30.701497275556697,81.16860387401402,96.53289792838082
279.4198678112774,30.42661560970398,81.16026437744515,96.53989266248341
279.4241265117171,30.230881971900196,81.15174697656589,96.54710476726883
279.4282107265367,30.14282141303284,81.14357854692659,96.55409271356437
279.4319767757184,30.132483196125925,81.13604644856319,96.5605742043674
279.43606007547686,30.135462286747696,81.1278798490463,96.56756373242348
279.4400415907821,29.94880142505849,81.1199168184359,96.57443952698986
279.4441636157897,29.734040155672943,81.11167276842056,96.58160754639374
279.44809584510404,29.602966577352547,81.10380830979199,96.58826037668146
279.45132473402447,29.4006182175943,81.09735053195108,96.59435234556472
279.45443149629307,29.30518701737462,81.09113700741389,96.60009765029523
279.4577886561529,29.043337699448614,81.08442268769424,96.60640990928948
279.46131421009704,28.737157283755053,81.07737157980596,96.61310118262836
279.46443209428406,28.60984825539132,81.0711358114319,96.61896290517022
279.4678310019608,28.810996696833847,81.06433799607835,96.62505159710282
279.47182310044434,28.46327729694722,81.05635379911132,96.63257727708314
279.4752394447771,28.646056744558578,81.04952111044575,96.63870606234329
279.47862099033864,28.843677494739687,81.04275801932275,96.64487862853419
279.48312914776875,28.605512209604775,81.03374170446251,96.65318214354049
279.4865431140487,28.893859989293468,81.02691377190257,96.65940224788228
279.4903006960219,28.645476411807948,81.01939860795618,96.66646705891259
279.4940123162065,28.77612426057074,81.01197536758691,96.6732381550672
279.497879543158,28.409560388523808,81.00424091368401,96.68058720023986
279.50127676061595,28.60447269675697,80.99744647876808,96.68676478699962
279.50513785316446,28.761736162171488,80.98972429367105,96.6937886426658
279.50914859683,28.418246952958597,80.98170280634001,96.70132435736767
279.51302596853895,28.633794597871592,80.97394806292212,96.70814838621767
279.5170070017166,28.872694836709066,80.9659859965668,96.71546257238207
279.5221085515848,28.629508881225206,80.95578289683047,96.72473318716334
279.52624107473065,28.82060683269026,80.94751785053867,96.73226869139876
279.5307631045807,28.531150441489338,80.93847379083851,96.7406944514007
279.5349128957664,28.602996164370197,80.93017420846715,96.74818087388601
279.53924083321,28.692665182166266,80.92151833357997,96.75590390968975
279.543832573936,28.330528077057146,80.91233485212798,96.76448953367294
279.54792882724706,28.427478963309177,80.90414234550585,96.7720451275162
279.55255007896096,28.642931098361238,80.89489984207809,96.78033654995129
279.55687455196767,28.262240997978495,80.88625089606471,96.78852277622184
279.5607282410119,28.42456166670754,80.87854351797623,96.79549366811098
279.5647369457821,28.50181523095314,80.87052610843584,96.80271146466097
279.56874995802957,28.708740205662224,80.86250008394087,96.80992824645733
279.57334848276673,28.507677609057403,80.85330303446659,96.81844901209091
279.57754784863016,28.64253816064229,80.84490430273968,96.82600773293962
279.5815293011332,28.358375525112727,80.83694139773363,96.8333495845804
279.58555980577444,28.43823261301396,80.82888038845115,96.84054996122812
279.58957334122624,28.479685194528003,80.82085331754753,96.84775214229097
279.5936309373261,28.55713208578007,80.81273812534783,96.85514850077328
279.59805891342444,28.74755298783026,80.80388217315118,96.86324783565567
279.6024908816776,28.55133330870777,80.79501823664476,96.87144927862317
279.60628736108896,28.785678433930585,80.78742527782204,96.87834946582822
279.6105398614533,28.59554057533211,80.77892027709346,96.88617730490284
279.6147680771338,28.443909196192294,80.7704638457324,96.8940612291733
279.61860744087755,28.55471772824672,80.76278511824489,96.900924712731
279.6226272037053,28.080541761682873,80.75474559258939,96.90849481411736
279.62727371812895,28.04734968096424,80.74545256374215,96.91683633382551
279.63222781509876,27.1513136071083,80.73554436980245,96.92570511811881
279.64004228362074,23.8055238871995,80.71991543275853,96.94164206754945
279.6486637476514,22.564535589481594,80.70267250469713,96.95817505184024
279.67131158603047,23.60430175464092,80.65737682793906,96.99802748714659
279.69702948385384,23.65170414376749,80.60594103229231,97.04464658994738
279.7216363200653,22.82012645938444,80.55672735986943,97.08757009187693
279.7401250495439,20.392655892859565,80.51974990091222,97.12264742869255
279.7674260661785,16.269689080641605,80.46514786764305,97.1677772964146
279.81698235581825,12.279514496831055,80.36603528836346,97.24695716395635
279.8870661264722,8.87412715804291,80.22586774705559,97.35800335261052
279.9282152462749,8.257823671819637,80.1435695074503,97.42153674336151
279.9450733458806,9.014548207952224,80.10985330823877,97.44671732216598
279.96641502523994,9.885933591165376,80.06716994952016,97.47520693648461
279.9822254662356,10.908549695028661,80.03554906752885,97.4952189266035
279.9960279464345,11.52318613665556,80.00794410713108,97.5121528037562
280.0079304117567,11.53324272761347,79.98413917648661,97.52744785420145
280.0193518075424,10.260787927154439,79.9612963849151,97.54262475095692
280.0343891945305,8.75122087095798,79.93122161093898,97.56326113881676
280.05005378284346,7.458724926709891,79.8998924343131,97.5830803550412
280.0672765026967,6.0683159618921465,79.86544699460659,97.60639525199237
280.08128330753044,6.005976678351622,79.83743338493908,97.62526097890971
280.09753873764606,5.504843778142288,79.80492252470783,97.6455502106295
280.1215362677111,5.068614752477885,79.75692746457779,97.67265924815291
280.13779158529553,4.300410643961108,79.72441682940894,97.69107699525391
280.16401978020207,3.6774072058595735,79.67196043959588,97.72131446132362
280.178943280872,3.4902668968933597,79.642113438256,97.7388190503845
280.1917317446875,2.4628683689204323,79.61653651062501,97.75452523451945
280.20323987075886,1.8248792589587808,79.5935202584823,97.76779181027008
280.21351471835254,1.624011512393551,79.57297056329496,97.78118104857495
280.22506940098833,1.8123754535476024,79.54986119802334,97.79594103290694
280.2370613302951,1.705251393063513,79.52587733940976,97.81250146838546
280.24867332535075,1.8047931975275517,79.50265334929853,97.82843488015975
280.25837701460955,2.254175141515134,79.48324597078093,97.84269511966795
280.2684196828379,2.807139740353392,79.46316063432423,97.85785836068925
280.27671963623766,3.967564342420083,79.44656072752471,97.86937013945077
280.28622423048307,5.137798075719829,79.42755153903381,97.88339724453706
280.2950607629549,5.938156804996211,79.40987847409022,97.89591347147777
280.30563120083536,7.308200836862895,79.38873759832929,97.91229728007411
280.3199656043468,6.349031645842885,79.36006879130642,97.93905889514636
280.3356339870425,5.16988392985192,79.32873202591497,97.96887122242248
280.354240723538,5.260853849988521,79.29151855292399,98.00040705654007
280.37151444596213,5.463127603786191,79.25697110807579,98.0296373580878
280.3920242137271,5.4197745655613545,79.21595157254579,98.06277796217304
280.41287108516053,5.5268361418108185,79.17425782967892,98.09864689715752
280.43399929844344,5.262547768028554,79.13200140311315,98.13452434943969
280.4548528297998,5.648587396881048,79.09029434040043,98.16840097857552
280.474096690465,5.313540535982909,79.05180661907005,98.20073471683222
280.4945784729765,5.609080263848455,79.01084305404694,98.23332953459203
280.5113451349629,5.336951254022651,78.9773097300742,98.26307090261324
280.53185616195606,5.601449208158591,78.93628767608791,98.29580227972649
280.55208575566024,5.066576865382274,78.89582848867954,98.32936718431904
280.57043352760775,5.270852406505696,78.85913294478446,98.35982460622449
280.58762223811937,5.3060267620148664,78.82475552376127,98.3898569566409
280.60119840782187,5.065867470517787,78.79760318435629,98.41191518225514
280.61790121672834,6.1621114250082485,78.76419756654336,98.43749062776641
280.630592533941,6.737167473627878,78.73881493211792,98.45761857512096
280.64154865752323,6.137176501521907,78.7169026849536,98.47380292144777
280.64949897383593,5.533003939114266,78.70100205232809,98.48564524150689
280.6579794717633,4.683577470729794,78.68404105647339,98.49895070722938
280.6680247432186,4.2434879685613325,78.6639505135628,98.51417756455932
280.6800754752434,3.5010891914723317,78.63984904951315,98.53102060232649
280.69185129917116,2.192508161140175,78.61629740165766,98.54648617174935
280.7002116681436,2.827883975778633,78.59957666371282,98.55559348927267
280.7070127480538,2.8057054287058776,78.58597450389239,98.5629807019134
280.7177474780284,3.5620397926148257,78.56450504394317,98.57375018935124
280.72910755095535,5.544690490706181,78.5417848980893,98.58630829023885
280.74882451173835,8.439639410020078,78.50235097652327,98.61015595026828
280.76652687594043,10.47783766286922,78.46694624811917,98.63404449782317
280.7756129933803,10.403987357330443,78.4487740132394,98.64688703709668
280.7838483812462,8.512261772857435,78.43230323750764,98.66058308099691
280.7913943715472,8.90128805457099,78.41721125690557,98.67186916588905
280.7998459138277,11.340274949945623,78.40030817234455,98.68586457908876
280.8027703021371,13.972085659421438,78.39445939572573,98.69110111606975
280.8066038192311,15.818282219427218,78.38679236153786,98.69801662986251
280.8101672840861,17.567397115399395,78.37966543182776,98.70417421661078
280.8136112115411,18.94136666258384,78.37277757691783,98.71022815660469
280.81927374414386,20.24267355798488,78.36145251171227,98.71920570491393
280.8235314622581,21.70864635920192,78.3529370754839,98.72614126130858
280.82647817434855,23.254860323745966,78.3470436513029,98.73105534653324
280.8300257058814,24.396322472818916,78.33994858823723,98.73700734347706
280.83393008755195,24.92713523406544,78.33213982489609,98.7439524348451
280.83836246206823,25.648451314148005,78.32327507586356,98.75153942903788
280.84263479360413,26.304348112165556,78.31473041279169,98.75899319800064
280.8466999143546,27.564402405925172,78.30660017129082,98.76562396938338
280.85040667622354,28.398636254467213,78.29918664755287,98.7718936065507
280.8543984501985,29.361305615399182,78.29120309960295,98.77839351631671
280.8607083166694,29.901033229257564,78.27858336666125,98.78763464918802
280.8663174043049,30.359164545620594,78.26736519139021,98.7960810385071
280.8723143427248,30.617087174472296,78.25537131455044,98.80574978741838
280.8776033245233,30.677293052978733,78.24479335095337,98.81434544438885
280.88299590873885,30.845285517878146,78.23400818252229,98.8229315685718
280.8888120694787,30.90407145161754,78.22237586104261,98.83223893123466
280.8949573790408,31.05582433117285,78.21008524191836,98.84194699734987
280.90096435629044,31.21519361442865,78.1980712874191,98.85154770953623
280.90540225205496,31.694270391429185,78.18919549589008,98.85824547532505
280.9099839031445,32.205722364152024,78.18003219371101,98.8651355076168
280.9136736973796,32.798380097723275,78.17265260524084,98.87038157344854
280.91726251027103,33.523491428465896,78.16547497945795,98.87559204222758
280.9207058477519,34.08792039093323,78.15858830449626,98.8807310807939
280.9246543767448,34.52681002643638,78.15069124651039,98.88642908039077
280.9282952220185,34.702298665307744,78.14340955596303,98.89203414622638
280.93205365236497,34.986070315991334,78.13589269527004,98.89749050105961
280.93616435123806,34.95575860827051,78.12767129752388,98.90372942416356
280.93973622571855,35.3609421920355,78.12052754856285,98.90899543439083
280.9446361491033,35.3896154879439,78.11072770179334,98.91611912626115
280.9489345185674,35.4327975288045,78.10213096286517,98.92253657337048
280.95301248490847,35.54969641504571,78.09397503018302,98.92865883589268
280.9567989195624,35.58726047777057,78.08640216087514,98.93413212697118
280.9607838892515,35.86934626728056,78.07843222149697,98.94003433134887
280.9647826322146,36.10303515764123,78.07043473557074,98.94580987356264
280.96925269482995,35.847477000576596,78.06149461034008,98.95290347021601
280.97385620744785,36.01563296536897,78.05228758510434,98.95968177681824
280.97812807272953,36.04601818668364,78.04374385454096,98.96591314634892
280.9827200390397,35.75052169294486,78.03455992192062,98.97322240465473
280.98693670605167,35.54760332565811,78.02612658789671,98.97944262955225
280.99088007563927,35.59127060417424,78.0182398487215,98.98519831615755
280.9954811396474,35.53473338873153,78.00903772070525,98.9919369729789
280.9997498128234,35.550678463633076,78.00050037435322,98.99819119557944
281.0040589748769,35.626723814808415,77.99188205024626,99.00452865556511
281.00819862095875,35.48770576362129,77.98360275808255,99.010681091424
281.0124630682625,35.452357740286025,77.97507386347503,99.01714289625131
281.0169134037088,35.50435824346404,77.96617319258229,99.02376055570969
281.0213342655365,35.511903886807744,77.95733146892702,99.03008014776998
281.0259197597753,35.48723726859424,77.94816048044933,99.03684856369875
281.03032083747047,35.47305358289273,77.93935832505902,99.04350297628906
281.035212538096,35.45941810430195,77.92957492380799,99.0507479984466
281.03909281607883,35.6938203048147,77.92181436784234,99.056443419084
281.0433025233907,35.69492618547733,77.91339495321853,99.06268640525678
281.04909502571104,35.9994737120021,77.90180994857788,99.07106090138632
281.05510020761545,35.582990229616044,77.8897995847691,99.08052353743071
281.0624025413458,34.21688053527335,77.8751949173083,99.09094426774513
281.0690568275697,29.693052754102034,77.86188634486065,99.10069509070787
281.0763521540789,24.488739051938587,77.84729569184219,99.1129334874664
281.0846427414212,20.32400987163968,77.83071451715765,99.12874743888453
281.0930504820395,16.909062444650424,77.81389903592108,99.14283828819386
281.1039172113517,15.69181288808597,77.79216557729659,99.15932978909437
281.11519485776194,15.98158060948073,77.76961028447617,99.1755112399778
281.13059459583263,16.442182226096648,77.73881080833469,99.19299622533956
281.15237201065673,16.641594965725844,77.6952559786865,99.21735663103371
281.178996257063,16.851623356963856,77.64200748587402,99.24667398786661
281.1925397792863,16.60059938978383,77.61492044142742,99.2633451171596
281.20064416008603,14.908986626214244,77.59871167982796,99.27609988204597
281.20643776803547,10.934593295777859,77.58712446392909,99.28725064432865
281.2102070939381,9.362173460088982,77.57958581212385,99.29422429550377
281.2159120669831,11.76643707889481,77.56817586603381,99.30375030343654
281.2203865552818,13.699582853763694,77.55922688943647,99.31240582477422
281.2243859817763,14.494708076133321,77.55122803644738,99.32049148061327
281.2271873760869,15.25971779514397,77.54562524782628,99.32608045342724
281.23019129518354,15.941298003076447,77.53961740963295,99.33195385103885
281.23282956153264,16.69612838849173,77.53434087693469,99.33699599635361
281.2358317068258,17.31559460502342,77.52833658634839,99.34294185537397
281.2388151597113,17.250689741898107,77.52236968057737,99.34875548775538
281.24157263235617,17.182485883313397,77.5168547352877,99.3540911754534
281.2444651058871,17.187535835180796,77.51106978822581,99.35963251398431
281.24763895297906,17.093910050438218,77.50472209404192,99.36567730577762
281.2507973035437,17.20771703373238,77.49840539291252,99.37170687098862
281.2538278253354,17.314512256491447,77.49234434932924,99.37751648862756
281.2584106616736,17.08202396616724,77.48317867665278,99.38561196337616
281.26180391682226,17.34409325532505,77.47639216635554,99.39203304406476
281.26717525663037,17.034380629264568,77.46564948673922,99.40138276279568
281.270406598863,17.237040071430066,77.4591868022739,99.40759744279383
281.27394880395934,17.392854305631616,77.45210239208129,99.41430230216096
281.27889549525725,17.09928977337926,77.44220900948552,99.42296083853991
281.2821578907392,17.10277784148716,77.43568421852156,99.42918240840508
281.28517083087263,16.93164289663504,77.42965833825468,99.43493001693943
281.28808396242727,16.965242193030683,77.42383207514546,99.44046174185998
281.2916964276899,17.17855122114073,77.41660714462024,99.44723421360352
281.2949522201323,17.221618470354592,77.41009555973538,99.4533499282028
281.29798356152645,17.357938283168153,77.40403287694714,99.45899231909141
281.30339085514674,17.235355947840524,77.39321828970657,99.46858635037479
281.3064214753758,17.462065944208007,77.38715704924833,99.47431679118017
281.3109131731889,17.604941345206164,77.37817365362221,99.48235546534009
281.31538274618185,17.610533486197923,77.36923450763635,99.4902460107892
281.320173610998,17.597347743316746,77.35965277800406,99.49864220158904
281.324715911971,17.470578208702136,77.35056817605799,99.50674436400368
281.3294456298112,17.329418177507833,77.34110874037765,99.5151036572158
281.3342111015722,17.114663248076454,77.33157779685561,99.52326250051078
281.33721471689915,17.21696666697462,77.32557056620166,99.52912748652598
281.3402179854759,17.403720935138537,77.31956402904828,99.53497450001046
281.34469140258284,17.337773397264563,77.31061719483435,99.54279308267398
281.3490342898893,17.37144995290719,77.30193142022141,99.55063322752848
281.35380389009185,17.146572011757144,77.29239221981626,99.55891282437096
281.3566717798433,17.171844475486132,77.28665644031348,99.56449401834458
281.35949660183593,17.361523228603133,77.2810067963281,99.56989859063421
281.36436096570975,17.183672669172452,77.27127806858049,99.57851280306247
281.3670697027838,17.378562633434754,77.26586059443238,99.58372790827886
281.3715948519313,17.200199203854183,77.2568102961374,99.59161625931088
281.3747639158199,17.161423643059585,77.2504721683601,99.5977981725046
281.37769770547044,17.401605743406677,77.24460458905916,99.60347974960811
281.38224198443294,17.211102068615354,77.2355160311341,99.61161143853288
281.3867002682285,17.183533389355482,77.22659946354305,99.6195110469098
281.38969045236956,17.46627472754723,77.2206190952609,99.62527278914737
281.3942433663328,17.411421906861612,77.21151326733448,99.63340450132797
281.39872013994784,17.400448554819334,77.2025597201043,99.64138031719276
281.4035054622292,17.3593296781533,77.19298907554165,99.64977982912649
281.4079419775843,17.266025567610598,77.18411604483136,99.65754881371402
281.41283310481543,17.230243628560878,77.17433379036918,99.66599802636479
281.41714240356407,17.091453058515356,77.16571519287183,99.67368808321532
281.4202471310932,17.04211947379467,77.15950573781357,99.67968989327883
281.42350009981243,17.21682587464894,77.15299980037511,99.68597910434762
281.4285580310514,17.007191066670394,77.14288393789717,99.69494834627365
281.43165550193737,17.188781543427865,77.13668899612522,99.70082352817474
281.43619481621994,17.008067990977352,77.12761036756015,99.7087805758267
281.4391664092946,17.122115289142734,77.12166718141073,99.71447509564011
281.44234631748054,17.207922431119172,77.11530736503893,99.72053960535598
281.44682773654694,17.265899305022806,77.10634452690611,99.72856938228846
281.45085801298035,16.974191528704168,77.09828397403933,99.73589149963826
281.4538562112308,16.99145010492542,77.09228757753834,99.74163934482706
281.4566322001939,17.075738936754654,77.08673559961225,99.74701157845787
281.45955966582807,17.289659909826767,77.08088066834387,99.75260346305171
281.46397401962054,17.256770495732063,77.07205196075897,99.76054828066988
281.46818614227294,17.12307948470321,77.06362771545407,99.76804999839104
281.472106978354,17.0655428418669,77.05578604329199,99.7750592062691
281.47510142046644,17.175339767789474,77.04979715906714,99.78075879703088
281.47948069429754,17.028304026142294,77.04103861140491,99.78852804162247
281.4824289970663,17.024910971839034,77.03514200586744,99.79411318893068
281.48539574390145,17.201133873796834,77.02920851219713,99.79989550224263
281.4902223707161,17.02827520207552,77.01955525856779,99.80839247491576
281.4932510379649,17.145868024758457,77.0134979240702,99.81423345458708
281.49816685465504,16.842652566526887,77.00366629068996,99.82282507518612
281.50123778004036,17.136914214887938,76.99752443991927,99.82875964322537
281.5059653267505,17.09548995031649,76.98806934649896,99.83704634548351
281.5110430453998,17.091617664454276,76.97791390920044,99.84577304773637
281.51552769940537,17.074272492697702,76.96894460118929,99.85378468566154
281.5199488588062,17.030488296962638,76.96010228238761,99.86162583722488
281.52319334673643,17.081031206778178,76.95361330652713,99.8678331391105
281.52766624844105,16.92136140886889,76.94466750311796,99.8757146837244
281.5309783213729,17.09256950647284,76.93804335725413,99.88196143116443
281.53577446407996,16.879830223673395,76.92845107184007,99.89043502406702
281.538935038779,17.033030495057908,76.92212992244195,99.89656607175972
281.5421898359823,17.23267061273131,76.91562032803544,99.90282126612902
281.5469897911315,17.11651804877129,76.90602041773698,99.91116073431148
281.5514890244114,17.015410176796138,76.89702195117718,99.91919134051307
281.5546239373634,17.156136546654288,76.89075212527325,99.92531256420047
281.55906029385926,17.121935439044577,76.88187941228152,99.93304427693604
281.5635705017109,16.96339147183871,76.87285899657819,99.94101498355504
281.5664959517087,17.126207479179527,76.86700809658257,99.94668441960278
281.57107155436427,16.995453723156402,76.85785689127142,99.95473936240273
281.5740199784306,17.165640834730908,76.8519600431388,99.960373350628
281.5788088270535,17.112473336251988,76.84238234589307,99.96885975339715
281.58318551385327,17.088599033402552,76.83362897229343,99.97668365183232
281.58799377899015,16.94972945877008,76.82401244201974,99.98535107310616
281.5907667827887,16.94250634833036,76.81846643442255,99.99075147889029
281.59369935039973,17.172521223595417,76.81260129920058,99.99636507466984
281.5977975753287,16.97248978069851,76.80440484934259,100.00366556770433
281.6009346685818,17.19587614438153,76.79813066283646,100.00962152905518
281.6052185856698,17.066399989549943,76.7895628286605,100.01735605622095
281.6096802616802,17.056173820312708,76.78063947663959,100.02535180252303
281.614000577684,16.81998532869725,76.77199884463192,100.03294416356157
281.617074120523,17.05453303970468,76.76585175895403,100.03871614505394
281.62156795472464,16.832130602761822,76.75686409055076,100.04666993470732
281.6248421924335,17.055104239803676,76.75031561513303,100.05302770932776
281.629439378478,16.90294756906168,76.74112124304395,100.06103980512236
281.63229223379733,17.063535817423386,76.7354155324053,100.06661635848783
281.63678373018655,17.03710563484868,76.72643253962688,100.07440203350392
281.64116787563813,16.944926295274257,76.71766424872374,100.0821365486675
281.6443443966368,17.112972894408074,76.7113112067263,100.08822464555635
281.6490583506314,16.918664584541176,76.70188329873726,100.09652599128998
281.6522641678847,16.98438668086606,76.69547166423054,100.10268353184792
281.65698484674533,16.838088352695962,76.6860303065093,100.11091629253343
281.65979678455034,16.92167890880789,76.68040643089932,100.11634759407357
281.6630597187571,16.961042986439935,76.6738805624858,100.12265553031597
281.6671960484778,16.855556984904304,76.66560790304439,100.13002229876427
281.6700791710019,17.0116460789,76.65984165799625,100.13558902148989
281.67407026174806,16.940752464053794,76.65185947650393,100.14273582573865
281.6784678393743,16.74830808320442,76.64306432125139,100.15058443965603
281.68124525071676,16.96291008239791,76.63750949856647,100.15596869476713
281.685399616487,16.961241481254987,76.62920076702596,100.16340938068518
281.6897360202243,16.892742336216187,76.62052795955137,100.17107047918105
281.6926807353472,17.326286694816694,76.61463852930561,100.17664210085867
281.6966430794945,17.37185445175026,76.60671384101107,100.18368792410969
281.7008876416836,17.211250318808546,76.59822471663274,100.19115474445174
281.705195454071,17.14232599356651,76.58960909185807,100.19867710897752
281.7096360936962,16.998449443597607,76.58072781260766,100.20651785635337
281.71402260112177,16.787871843900206,76.5719547977564,100.21434813342495
281.71700577069413,17.119657607519905,76.56598845861171,100.2200475984646
281.72133354837644,17.079057166172305,76.55733290324717,100.22770142335236
281.7258729308671,16.97507583725131,76.54825413826578,100.23559279105896
281.73008339243745,16.96693211721508,76.53983321512509,100.24301872570496
281.73445381678346,16.867995124559513,76.53109236643313,100.25082327398911
281.73737611959336,16.96965855601588,76.5252477608133,100.25638903962691
281.74126190360704,16.86595194925711,76.51747619278592,100.26330459608383
281.74428490154395,17.13022475582884,76.51143019691212,100.2692303755719
281.74846753053043,17.06649149458599,76.50306493893913,100.27675678850665
281.75264665737603,17.022888588680303,76.49470668524798,100.28408389755828
281.75681167065636,16.940898678328516,76.48637665868733,100.29150499600424
281.76091598593837,17.015145600285074,76.47816802812324,100.29887625509748
281.7646646388331,16.83786244440919,76.47067072233381,100.30562639758732
281.7674847127833,17.23820007670725,76.46503057443338,100.31104643509615
281.77157983476377,17.18082098323194,76.45684033047246,100.31837838100654
281.7757336799506,17.071468833058745,76.44853264009885,100.3257109764169
281.7797447289267,17.074479479560324,76.4405105421466,100.33285943677896
281.7836703149216,17.015838315916525,76.43265937015683,100.33985917904172
281.7875924019257,17.0334983743383,76.42481519614864,100.34692904364682
281.79160525436856,16.820132002824188,76.41678949126286,100.35409709250887
281.79482947666247,16.986573313920758,76.41034104667509,100.3603001982458
281.7985645903216,16.914686509661152,76.40287081935682,100.36688444829218
281.8026962435828,16.788624310958447,76.39460751283445,100.37418275238151
281.8055908630343,16.911604200579518,76.38881827393139,100.37975311377772
281.8096410087548,16.941897309586366,76.3807179824904,100.38687343599096
281.8133093540965,16.908372286384235,76.37338129180701,100.39340448001724
281.8174772457902,16.857804399432254,76.36504550841966,100.4006739056546
281.82169042290604,16.81276739315814,76.35661915418795,100.40796013624902
281.8251597973183,16.767596534436137,76.34968040536346,100.4141483803158
281.82765595346655,17.07535924985659,76.3446880930669,100.41899518524988
281.8316513965676,16.806997474696836,76.33669720686471,100.42601154219476
281.83532706102653,16.818656145056003,76.3293458779469,100.43262598701521
281.8390090581798,16.71504305075311,76.32198188364039,100.43928899815461
281.84155103473734,16.985297162560755,76.31689793052529,100.4441684002336
281.8454770095178,16.873512324104503,76.30904598096437,100.45123111913828
281.8495059285715,16.843193095790873,76.30098814285708,100.45827655487936
281.8532829758422,16.901586264398894,76.29343404831558,100.46510011813787
281.85720636189694,16.857161970243006,76.28558727620607,100.47214025116124
281.8610695070696,16.99582930984618,76.27786098586085,100.47901118747536
281.864806855985,16.922930135126016,76.27038628802997,100.48549607751933
281.8687223198855,16.98735103282945,76.26255536022899,100.49238670935188
281.87229835581934,16.903851040225682,76.25540328836128,100.4987839461654
281.87594952684555,16.87560676841686,76.24810094630891,100.50535042211104
281.8799003421496,16.809306864903796,76.24019931570085,100.51230086633466
281.88396340497735,16.685061077564697,76.2320731900453,100.51955918157338
281.88647859131186,16.93265683166196,76.22704281737629,100.52444033144084
281.8900755372732,16.942926059660145,76.21984892545359,100.53081588526886
281.8940635685534,16.79055707199,76.2118728628932,100.53780440086565
281.8977666013225,16.776208371438912,76.20446679735511,100.5444312786164
281.90121746298746,16.65883736490001,76.19756507402514,100.55069006181864
281.9037244867666,16.86487878235605,76.19255102646689,100.55554043561055
281.90760112834386,16.756613142683683,76.18479774331232,100.56235657210918
281.9114571966395,16.69542796380886,76.17708560672104,100.56923691798796
281.91399952057225,16.916558784409915,76.17200095885548,100.57416317732907
281.91793201153337,16.93767376942032,76.16413597693327,100.5810487310042
281.9224571036562,16.80483612326052,76.15508579268757,100.58895214388922
281.9267990744072,16.615342285910643,76.14640185118564,100.59626778432536
281.9295236375847,16.894366603940824,76.14095272483063,100.60146390830147
281.93381301163214,16.668921089839962,76.13237397673575,100.60894838442685
281.94556023573773,21.83180686180821,76.10887952852448,100.62947982663538
281.95849548069157,16.684598476723245,76.08300903861691,100.65563659466908
281.9623744104342,14.287297024109478,76.07525117913158,100.6607082689701
281.9831751767568,12.11331014016045,76.03364964648642,100.68906571911913
282.01873480255625,11.268479750807884,75.96253039488747,100.74514044874437
282.04246562420224,11.705833673795645,75.9150687515955,100.79138247907728
282.0515087709022,12.351785548765811,75.89698245819552,100.8079966620288
282.05680985069466,13.284634097832928,75.8863802986107,100.81813224078208
282.06090782819405,13.626629206177704,75.87818434361192,100.82631467061505
282.0640385497611,14.18300343569772,75.87192290047774,100.83234825503204
282.0666447410025,14.860740656804794,75.86671051799502,100.8375254250997
282.06918980515434,15.536467271660037,75.86162038969132,100.84229422888988
282.0716767147228,16.02111174273258,75.8566465705544,100.84694643407222
282.0743854026073,16.375329475236256,75.85122919478549,100.85221197881523
282.07705404365083,16.664288349533926,75.84589191269829,100.8572985856505
282.08144551713224,16.91191105992229,75.83710896573551,100.86483634415691
282.08634800389206,17.048872647575877,75.82730399221589,100.87331675714472
282.09216190530566,17.166672408999297,75.81567618938871,100.88347731749643
282.09755404411135,17.220722247838104,75.80489191177733,100.89292754350963
282.1037191925877,17.163710821055048,75.79256161482462,100.90343778956088
282.11005696530964,17.34280178583014,75.77988606938072,100.91427071921022
282.1161438539518,17.37750868648432,75.76771229209638,100.925078295215
282.1218277299442,17.545019076435594,75.75634454011158,100.93500023405673
282.1261886916551,17.574929134576628,75.74762261668985,100.94309252499407
282.1306880339402,17.648526940385814,75.73862393211961,100.95150053080543
282.1352934119319,17.5124706827664,75.72941317613612,100.96008413278476
282.1401418514665,17.66687229888513,75.71971629706697,100.96868859798649
282.14476018639755,17.70942840663674,75.71047962720492,100.97723140248182
282.1486540579299,17.699851423246074,75.70269188414018,100.98448225185231
282.1527660490774,17.90998928061706,75.69446790184524,100.99188696990682
282.15645484880923,18.03240245462205,75.6870903023815,100.99871658794031
282.1597637397167,18.07024758005081,75.6804725205666,101.00478996222775
282.1631780748458,18.029805327036094,75.67364385030838,101.01130278018927
282.1701377663534,18.167313969848955,75.65972446729322,101.02383406638857
282.1803742926513,17.848304629601216,75.63925141469733,101.04497972098989
282.19530994988304,17.02653722750219,75.60938010023392,101.07822471309993
282.2066983644067,15.592151657062551,75.5866032711866,101.10095584352693
282.21311520375224,15.390187620647971,75.57376959249557,101.1128638398428
282.2161910981407,15.83447391890769,75.56761780371862,101.11868403173355
282.21919491286855,16.317419205007177,75.56161017426292,101.1244769021272
282.2226946217656,16.577828528482833,75.55461075646883,101.13104676826411
282.22770950932124,16.813353401839535,75.54458098135753,101.13978362619358
282.2336013982549,16.7636967034519,75.53279720349018,101.14997781958016
282.23896022030453,17.05739331184696,75.52207955939087,101.15929391379849
282.2439642865925,17.396526362649617,75.51207142681504,101.1680723134978
282.2489700770186,17.547657963881356,75.50205984596273,101.1768065673465
282.2533507374246,17.642944155484912,75.49329852515078,101.18494937919917
282.25770410720435,17.830167758459226,75.4845917855913,101.19290465289913
282.2612853574331,17.894896049264965,75.47742928513374,101.19950413684704
282.26484881458816,17.99368813798732,75.47030237082366,101.20601521871114
282.2682723699998,17.993735709994297,75.46345526000039,101.21248769117852
282.2719605982427,18.16199305643366,75.45607880351461,101.21926854268571
282.2754643314364,18.35527811943347,75.44907133712724,101.22573937175277
282.2792258863901,18.62094993297066,75.44154822721978,101.23261293160618
282.28262427956486,18.73302426569998,75.43475144087033,101.2387549770736
282.2860715455195,18.934864957215034,75.42785690896093,101.24490076679969
282.28943961332584,18.894719979212155,75.42112077334833,101.25104361013788
282.2927976408506,19.010445866020504,75.41440471829877,101.25719483036713
282.29589728821855,19.011260272662724,75.40820542356285,101.2629055360656
282.2989730988192,19.180428665309165,75.40205380236162,101.26857213011766
282.302042872309,19.30659472822105,75.39591425538198,101.27428886651275
282.30598543016197,19.49967440938284,75.38802913967602,101.28150564597574
282.3093410387539,19.9986802898743,75.38131792249213,101.28752792735122
282.3132692264322,20.004072188246468,75.3734615471356,101.29461626669311
282.31743078581314,20.25752691053937,75.36513842837377,101.30206319684791
282.3213373098488,20.239638839688894,75.35732538030243,101.30917000546344
282.3253733672886,20.51589133882777,75.34925326542282,101.31613351495241
282.3280494766142,20.572281146583975,75.3439010467716,101.32119612666054
282.3306589928435,20.81023610509375,75.338682014313,101.32590325599719
282.3332690040247,21.002698338360844,75.33346199195057,101.33053367747303
282.33641410379767,21.058366869590373,75.32717179240466,101.33611063400258
282.3393467796062,21.457476014423385,75.3213064407876,101.34128862891679
282.34242512325056,21.672856433629065,75.31514975349884,101.34683882685377
282.3454493985489,21.839600899599958,75.30910120290223,101.35239813152049
282.34827854522814,21.81717855510965,75.30344290954373,101.35755090290286
282.3512710106703,21.749622898361423,75.29745797865945,101.3629629564029
282.35412128113154,21.915980792639566,75.29175743773695,101.36819796373551
282.3571083622005,22.046477018965717,75.285783275599,101.37372315024336
282.36008049292377,22.101265395622534,75.2798390141524,101.37912512760829
282.36283072686706,22.28624966381055,75.27433854626594,101.38433445149226
282.3657668816081,22.602122126175686,75.26846623678377,101.38969701825522
282.3687797949262,22.16381462078494,75.26244041014759,101.39530208316727
282.37135440850665,22.21033213073747,75.25729118298668,101.40002045393203
282.3741573094978,22.234036582160634,75.25168538100445,101.40511308054089
282.37705369173744,22.468968755975915,75.24589261652515,101.41037845645921
282.3803039639766,22.24004184579387,75.23939207204684,101.41616415658214
282.3832491385665,22.274342259958566,75.23350172286702,101.4215086940989
282.3866555763202,22.193150735890484,75.22668884735957,101.42780307710731
282.3895742881797,21.94876838089651,75.22085142364064,101.43331231133575
282.39253343171004,21.946684011723747,75.21493313657997,101.43891110771821
282.3965227715619,21.78370331413496,75.20695445687623,101.44647423586507
282.400356226128,21.28497939860177,75.19928754774404,101.45383402133437
282.403488799073,21.32059715658199,75.19302240185405,101.45951113199804
282.40643909782534,21.206312621974867,75.18712180434926,101.46495860284936
282.40882953177413,21.117187578450306,75.18234093645178,101.46920723459148
282.41148652126697,21.23315887947971,75.17702695746604,101.47382530505426
282.41404026730567,21.265655259608494,75.17191946538871,101.47832294028305
282.4165434666996,21.174266590896494,75.1669130666008,101.48271165232367
282.41897770944394,21.03428601995151,75.16204458111208,101.48697338735138
282.4212960360948,20.755337234820153,75.15740792781041,101.49109540867916
282.42376435363036,20.76889350368385,75.15247129273932,101.49538713894832
282.42608732668305,20.897084231440125,75.14782534663394,101.49952351905283
282.4285619053521,20.71872300806436,75.1428761892958,101.50390058859756
282.43103430802915,20.7916440401985,75.13793138394168,101.50825002511225
282.4336651410825,20.717782876966282,75.13266971783499,101.5127466221112
282.4360244651644,20.755472094068203,75.12795106967123,101.51680401325525
282.43834017818614,20.554349204448926,75.12331964362775,101.52089741131209
282.4409325755532,20.47518619904465,75.11813484889362,101.52538103253706
282.4434472714878,20.47778673759852,75.11310545702443,101.52983614723283
282.44602056079435,20.660835891374994,75.10795887841134,101.53439269087808
282.448786393583,20.546544510567877,75.10242721283396,101.53918629700907
282.4511901466905,20.5352192017846,75.09761970661899,101.54331192508988
282.45371415093865,20.360455692156123,75.09257169812265,101.54769425526374
282.45618391736707,20.14101727543037,75.08763216526587,101.55213831393306
282.4592402185572,20.396409839614087,75.0815195628855,101.55736746350065
282.4617047629591,20.249672902726942,75.07659047408187,101.56173779947702
282.4641459504399,20.306435300557474,75.07170809912023,101.56600522273952
282.46649746484195,20.277071063992253,75.06700507031614,101.57020874891214
282.4691995029131,20.423657652498726,75.06160099417374,101.5749200361631
282.47195283178405,20.145561245787192,75.05609433643193,101.5797991512944
282.47499285587264,20.385760702779358,75.05001428825466,101.58500899385227
282.47757329114546,20.238109970291774,75.04485341770904,101.58955909102005
282.48005127304145,20.091149480510303,75.0398974539171,101.59399229144252
282.48321227242394,20.046565899812272,75.0335754551521,101.59938637630431
282.48596085986827,20.284703843801218,75.02807828026347,101.6040620359491
282.4885878769513,20.061807494662183,75.02282424609734,101.60876298813533
282.4917178280046,20.291106578489398,75.0165643439908,101.61419758968408
282.4939251702665,20.40391581370487,75.01214965946704,101.61820377807615
282.4966738521898,20.246628667438536,75.00665229562043,101.62301693383857
282.4991187484423,20.04127593078472,75.00176250311537,101.62736771158765
282.50186550322087,20.113079531095245,74.99626899355827,101.63213809339744
282.50446941032857,20.267658725912312,74.99106117934288,101.63657040915805
282.5066864488434,20.339630355199304,74.98662710231311,101.64045550601563
282.5086350419869,20.48188490955082,74.98272991602623,101.64395922971578
282.51083691626286,20.486815997933704,74.97832616747431,101.64792032933568
282.51303025461175,20.527560082944227,74.97393949077653,101.6517976037364
282.5150496496026,20.506307838731146,74.96990070079478,101.65541631620903
282.51711798007005,20.567304619002925,74.96576403985992,101.65913236386268
282.5193536829199,20.491837181626828,74.96129263416019,101.66313357870372
282.52155227289916,20.557283439175507,74.95689545420171,101.66694112349711
282.5234849933886,20.410229150618434,74.95303001322287,101.67041572415175
282.52559215938226,20.35748659288417,74.94881568123552,101.67418680226152
282.52750704903667,20.40825658116779,74.94498590192671,101.6776015601389
282.52933985323574,20.435504208422834,74.94132029352849,101.68091815817336
282.5312334676479,20.49613563146294,74.93753306470421,101.68428222426975
282.5331774099358,20.463557438870602,74.93364518012847,101.68773276311497
282.535145477716,20.487968661650164,74.92970904456796,101.69128455011624
282.53692969791194,20.365741918314207,74.92614060417607,101.69448594228093
282.5388555886823,20.260765878756054,74.92228882263547,101.69784619173969
282.5407770559078,20.15295160631414,74.91844588818434,101.70129735570406
282.542562209207,20.191622927099097,74.91487558158603,101.70443058092873
282.5444731765359,20.13194093582439,74.91105364692821,101.70775463915459
282.5468101088329,20.224650927081804,74.90637978233421,101.71176832072324
282.54878483291907,19.989171438678007,74.90243033416189,101.7152922057969
282.55134937086996,19.989316926451977,74.89730125826007,101.71956337860763
282.5536993138703,19.94153312329604,74.89260137225938,101.7236211062841
282.5559609508561,19.815949758532284,74.88807809828782,101.72746439728641
282.5581431018503,19.852721429951828,74.88371379629933,101.73116003140274
282.56024970228293,20.01455187610116,74.8795005954342,101.73475870946426
282.5624533868365,20.315409499578337,74.8750932263269,101.73848694014052
282.56438902419796,20.189268986638915,74.87122195160408,101.741885746824
282.56628906574514,20.165210232107263,74.86742186850968,101.7453008675411
282.56814956040387,20.14367267810666,74.86370087919222,101.74857479517961
282.5699569652384,20.052091311093,74.8600860695232,101.75185348289078
282.5722746145575,20.096773127123924,74.85545077088499,101.75580274761705
282.5746955078342,20.18117484513475,74.8506089843316,101.75991783991381
282.57654092610375,20.134379461058437,74.84691814779252,101.76312602462708
282.5784805376089,20.260867488978768,74.84303892478214,101.7665702830984
282.58044804192303,20.177318755580387,74.83910391615393,101.7699930675164
282.5824144166502,20.045257562033036,74.83517116669962,101.77349274462155
282.5846330295502,20.188260255527133,74.83073394089955,101.77734838105941
282.5865280767489,20.19684651693308,74.82694384650222,101.78066503125751
282.5885888693744,20.13416562430804,74.8228222612512,101.78433523937107
282.5905411589768,20.200230575238194,74.81891768204642,101.787811194287
282.59250357657055,20.320599921165915,74.81499284685889,101.79125832265346
282.59451668555545,20.434577274773943,74.81096662888913,101.79475631891336
282.59653025017843,20.342392584104786,74.8069394996431,101.79845609451971
282.59855321474726,20.611728707686403,74.8028935705055,101.80202565910879
282.60047384658463,20.739656720867103,74.79905230683069,101.80543219454549
282.6026861431452,20.757103500891105,74.79462771370957,101.8093199346846
282.6046061381536,20.87348963886096,74.79078772369286,101.81271885961635
282.60660260548985,20.959475452011873,74.78679478902028,101.8162215342951
282.6086143088193,20.76823837880668,74.78277138236139,101.8197292896189
282.61078919444003,20.60372644775819,74.77842161111994,101.8235466931473
282.6129630592001,20.44624648202025,74.77407388159972,101.82746449462975
282.61492788549214,20.60117589944054,74.77014422901576,101.83096608263882
282.61708098543727,20.557244867275912,74.76583802912549,101.83479297390957
282.61908660716927,20.683409153131443,74.76182678566143,101.8383960478303
282.6215991076425,20.551814758693055,74.75680178471497,101.8428117780542
282.6238232368995,20.727756713264966,74.75235352620103,101.84666030985886
282.62610128206427,20.758540425552525,74.74779743587143,101.85066692033223
282.6285664804966,20.662211851340125,74.74286703900677,101.85494552609536
282.63086319915044,20.541963339879295,74.7382736016991,101.85902895095641
282.63327767972726,20.596020997886534,74.73344464054551,101.86326681827104
282.6357101121986,20.58611903541282,74.7285797756029,101.86748902084719
282.6379580049745,20.68264147109813,74.72408399005104,101.87146442685751
282.6400958106414,20.68683334041293,74.71980837871718,101.87525704543759
282.6422046363614,20.777030365724116,74.71559072727717,101.87893550422322
282.64486480973767,20.757948218109853,74.71027038052466,101.88364689746253
282.64735561216594,20.790922533544162,74.70528877566815,101.88793990412185
282.64979923040937,20.767087433331376,74.70040153918129,101.89214554076044
282.65196193034035,20.848585137956334,74.69607613931927,101.89594562368276
282.6545164815989,20.77412323472518,74.6909670368023,101.90043053754215
282.65690646554583,20.849668803733202,74.68618706890834,101.90454162437676
282.65938019634035,20.925406635853662,74.68123960731926,101.90879632684269
282.66191548651585,20.856409535744746,74.67616902696828,101.91320343489934
282.66451165006526,20.837475669213127,74.67097669986947,101.91778460018519
282.66719670978557,20.88814868679244,74.6656065804288,101.92243143356923
282.66969155634973,20.753629498668545,74.66061688730052,101.92698909978742
282.67219035442,20.87802667552667,74.65561929115998,101.93144457011826
282.6745240500111,20.960323687227522,74.65095189997778,101.93543179404627
282.67729030772813,21.105778561079376,74.64541938454374,101.94034624625749
282.68004852213227,21.052185031179064,74.63990295573547,101.94526509451455
282.6830536762916,21.563731857875013,74.63389264741676,101.95022007565177
282.6869892704819,21.88386813437849,74.62602145903618,101.95612761593324
282.69060923199515,22.080298927921504,74.61878153600965,101.96186782905053
282.6945558635915,22.19850910001353,74.61088827281691,101.96796978415618
282.6983282405315,22.583654985949593,74.60334351893704,101.973754925164
282.70145582142413,22.6565386093273,74.59708835715178,101.97894584393498
282.7049385958787,22.65733856194892,74.59012280824263,101.98450882070685
282.7080024649676,22.584869396237174,74.5839950700648,101.98953806351874
282.71112879649297,22.62324546970182,74.57774240701411,101.99468247499341
282.7143475217201,22.717131017121552,74.57130495655987,101.99979150400763
282.71736370452413,22.787304962307125,74.56527259095172,102.00471455727815
282.72031797590523,22.710290927865003,74.55936404818956,102.00955640241705
282.7235398503285,22.761624233136786,74.55292029934294,102.01477832653859
282.7266350872407,22.74129560374105,74.54672982551858,102.01990752528124
282.72980196538606,22.733971004725404,74.54039606922792,102.02495391957561
282.7327861264286,22.734114914558774,74.53442774714279,102.02967229961149
282.73592055830676,22.526723448692458,74.52815888338644,102.03467455021085
282.7391913777517,22.755982407194566,74.52161724449661,102.03985397727135
282.7421499013551,22.7903207348362,74.51570019728976,102.0447470444617
282.74551887588626,22.655772186157137,74.50896224822752,102.05003639803206
282.7488779905213,22.581324485743266,74.50224401895746,102.05540588550207
282.7522542588265,22.597141377401073,74.49549148234699,102.06078541312553
282.7555055972444,22.692180442443856,74.48898880551123,102.065950269123
282.7586578642297,22.75878250210976,74.4826842715406,102.07101891208977
282.76181995061677,22.668630345417277,74.47636009876649,102.07631546494999
282.7648784118306,22.569108397758804,74.47024317633881,102.08134741871477
282.7682943564521,22.502554620795884,74.46341128709581,102.08694128085766
282.7711975522571,22.540162955322742,74.45760489548582,102.09168242482846
282.7741401826469,22.672167619565712,74.4517196347062,102.09650405137106
282.77730568953075,22.626323414015147,74.44538862093852,102.10155565097736
282.78044270664054,22.610276150239713,74.4391145867189,102.10662327005605
282.78347481647785,22.67485000935836,74.43305036704433,102.11141285107031
282.7864633427073,22.542636852978063,74.42707331458536,102.11637644963565
282.78929745977024,22.700284380436116,74.42140508045955,102.12098226504273
282.7923521000183,22.71486501144465,74.4152957999634,102.12597604773033
282.79526839322324,22.680969559775164,74.40946321355348,102.13073097120233
282.79815075978314,22.66246418312371,74.40369848043375,102.13541426996808
282.80082572777724,22.627103245269716,74.39834854444558,102.1397544229874
282.8038167238882,22.62147537759892,74.39236655222362,102.14458012194065
282.80667142466973,22.789577127761667,74.38665715066058,102.14924196542428
282.8097636708689,22.817548489033513,74.38047265826215,102.15428884255553
282.8126332904466,22.73129275656565,74.37473341910675,102.15888567850871
282.81561542667833,22.51823279023865,74.36876914664333,102.16385707257324
282.81847312833554,22.546161747461234,74.36305374332886,102.16862198434667
282.8216596668355,22.429089186161356,74.356680666329,102.17375117545934
282.8245002957117,22.50623809744196,74.35099940857664,102.17848678550102
282.8273403669311,22.583387032041628,74.34531926613782,102.18322112700935
