93.5,113.5,34,109
96.21680184561444,106.72896806734218,34.43687589251135,107.42822853053781
98.87179369555565,105.98413849305959,34.43856964853104,107.42451511955555
101.68689682893815,103.28361266172803,34.43985981120941,107.42361785338568
106.63979532048738,103.85593788426706,34.44116159825254,107.42167749799113
110.64137239325412,102.19846266578483,34.441683867208816,107.42083060600662
114.84769574785952,99.76104998874189,34.44236056040279,107.41964220429418
119.40595410321379,99.95899276343849,34.443697968041434,107.41728198711343
125.26687280340997,99.48664389665713,34.444497744162746,107.41560321816226
131.4935886200908,98.91984483512063,34.44528020687042,107.41360280092917
137.86823722280747,96.99688404846154,34.44632823153964,107.41115644478873
144.3301290752495,94.58113610633333,34.44790711363067,107.40717354639135
150.5398880040539,91.33653039447437,34.44964627506483,107.40261580125551
156.72079266551106,90.03163743796051,34.45080158227747,107.39989699359533
162.99280183073492,89.62032318596525,34.452053217955196,107.39696802726421
168.54853029710267,89.39673979659949,34.45326146161132,107.39445423920803
182.59515176336845,90.30728009963036,34.461941517971326,107.38576276850699
181.1770007977918,89.6378969674999,34.47004191676073,107.37762022501339
180.6631941544525,89.71596888508881,34.48372607479249,107.36439846343825
181.62625693600336,89.42357455449613,34.49103905119581,107.35726269568381
186.78399456153792,86.49027848883246,34.491461741716016,107.35653619679263
193.1398454145483,82.21539218594154,34.49187150877876,107.35586706063111
199.0514995318775,83.43633714345216,34.49209919330982,107.355276822505
205.42805656276164,84.47870649053442,34.49238688782814,107.354493893111
210.90416020295626,82.73321468196039,34.49258935170159,107.35388701038111
214.14373063052216,79.74124399332553,34.49273993562625,107.35349391880929
217.49809734567611,76.58747667713347,34.49286690265716,107.35314624223346
220.41326008238963,73.73879489908138,34.49297241372723,107.35287462454002
223.60491866308877,70.78646176107048,34.49311434351548,107.35247679457427
226.11922303341152,68.2747085402165,34.49317066863532,107.35231447026054
230.48862611160027,67.340131102047,34.493235132985355,107.3520926872062
236.24752363108112,67.40948136108898,34.4934721679983,107.35146935368016
243.1333766494813,68.55071288775902,34.49424995688152,107.3495384219984
248.7471260504666,69.03048351289543,34.49474321271121,107.34832661088879
254.88886958959952,70.41997419176052,34.495234596664595,107.34683276956181
259.04498995026404,70.74273318659225,34.49528502066029,107.34663692392988
261.90438069119455,67.6801201200557,34.49530217618939,107.34656789480204
262.91150259997926,64.50185615399765,34.49531602806888,107.34648838978435
263.3609630298606,62.34468364816437,34.49534032106566,107.34637169338207
264.19825870548567,60.092061952399696,34.495351955197606,107.34630216529472
265.53072972013143,57.95863342926866,34.49537078711217,107.3462038358854
266.2854199782876,57.896437517116674,34.495409354395015,107.34596468744634
268.26779238794023,62.0650231718429,34.49553021959914,107.34551861297923
270.8390170177473,64.5046662582728,34.49575588292809,107.34410061562603
271.0701731649033,65.340168991839,34.49612541854546,107.34268490641294
272.8284337061868,65.54760553051244,34.49641308422374,107.3411210753677
274.82875150233895,68.63591240900169,34.49655473648732,107.34026568020563
277.45124786375385,71.15767210273265,34.49671305659568,107.33945612016682
281.2269222820317,72.50029636950796,34.496940357582766,107.33849322733273
284.8575952475472,73.21702987155061,34.497227822700474,107.33731177050392
288.568323778846,72.0470098927776,34.49762477926784,107.33517481383485
292.1435775433559,69.42796699284632,34.49848729877103,107.33139497877917
295.45538764775654,69.18568728288173,34.49893344281396,107.32916430790901
298.8741201053173,70.75906258821013,34.49978019990321,107.32561075688358
302.56331334201354,72.70539278587367,34.50052885834658,107.32300315696666
302.74932000706286,75.0003571978242,34.50135998587431,107.31908288180215
302.748949672148,77.64617588570853,34.50210065570403,107.31484622853716
302.74831458617257,80.15613366747468,34.50337082765485,107.30864068697753
302.7477366430155,82.94631420588347,34.504526713968914,107.29929115343387
302.7472359641795,83.80445829976009,34.50552807164108,107.29338614248422
302.7464798462105,84.24041057377102,34.50704030757896,107.28592722119804
302.74592491024123,83.41773928601678,34.5081501795176,107.2819369157327
302.7452301742727,81.98641785048176,34.50953965145462,107.2769102044358
302.7445071775589,79.67160330670731,34.51098564488219,107.27183136428084
302.74378644005844,78.65027637315126,34.5124271198831,107.2668306026393
302.74317454900864,77.16937648390326,34.51365090198272,107.26139123967104
302.742797998254,77.69302484407442,34.51440400349199,107.2571616169926
302.7422137848331,79.34674561575252,34.51557243033383,107.25205891221366
302.74119690901915,79.99993065666601,34.517606181961725,107.24497209645422
302.7405071845898,79.99430983343692,34.518985630820474,107.23920170743823
302.73997396206374,79.4431702402326,34.52005207587256,107.23354629969246
302.73943223469786,78.81659726826922,34.52113553060426,107.22797744850664
302.73885659181076,76.20237122276507,34.522286816378525,107.22345787127153
302.738201144608,74.54984753708399,34.52359771078401,107.21699730234133
302.7373714613481,72.61508340852313,34.52525707730378,107.21124804023695
302.7369373163154,72.39096470188343,34.526125367369175,107.20870717778813
302.73657366023286,72.0710602574713,34.52685267953427,107.20640410953919
302.7362553240522,74.04965791763368,34.52748935189562,107.20360336814814
302.73579035631894,75.5769038699271,34.528419287362155,107.19859762383965
302.73519711467543,77.75341355871657,34.5296057706491,107.19287591471772
302.73485084981644,80.09751933354991,34.53029830036715,107.18903249859596
302.7345281075479,77.75341632860919,34.530943784904274,107.18433642031212
302.73401376573617,76.10790596996947,34.53197246852771,107.17971261587832
302.7336870734828,74.50315287465523,34.53262585303435,107.17571329999129
302.73351855578426,73.24766136222846,34.53296288843151,107.1720037799077
302.7334189084468,72.37690128880283,34.53316218310634,107.170210018182
302.7333257897085,71.19727967604959,34.533348420583,107.16808458753002
302.7330908302715,72.08656783955371,34.53381833945691,107.16482521418085
302.7326570348571,74.53819611436035,34.53468593028588,107.1596671333481
302.7323198750448,76.54966581140846,34.535360249910376,107.15639393416764
302.732066401406,77.09574708200077,34.535867197188054,107.15327870571953
302.7317804667736,77.82572206362042,34.53643906645274,107.15001404712196
302.7314246892583,78.10078717489907,34.53715062148346,107.14675405619307
302.73106523180604,79.08650264611066,34.53786953638794,107.14301596579014
302.7306357314483,81.13982264803303,34.53872853710348,107.13903232638633
302.73025452106793,82.84816636800178,34.53949095786408,107.13540030637068
302.7299009821186,84.85938379968505,34.54019803576285,107.132224895824
302.72942794690465,86.9227982765405,34.54114410619073,107.1284046701404
302.7290161752515,88.96148298226115,34.541967649497046,107.12487158529824
302.728614446294,89.92544302491046,34.54277110741204,107.12117539984092
302.72802503125007,91.21787840670147,34.54394993749984,107.11631600405676
302.72748766874184,93.21069543647366,34.545024662516276,107.11176748337654
302.72710952661555,94.72417930146172,34.545780946768936,107.10761378881605
302.7267885561237,95.82150283774574,34.546422887752534,107.10344027276656
302.7264217051168,98.27709621585879,34.54715658976639,107.09899322830192
302.7262617797033,98.39783314831679,34.547476440593385,107.0961365004604
302.7259024232647,94.57395187627128,34.548195153470566,107.0929691167255
302.72579536237123,89.92185076241972,34.548409275257576,107.08913644757804
302.7255515753278,85.43753665446047,34.54889684934432,107.08572544077923
302.72541020660685,81.97473575745221,34.549179586786316,107.08404490142176
302.72528599637536,77.64859940115144,34.549428007249325,107.08252237171372
302.72517692633903,75.37372592854965,34.54964614732197,107.08075612187945
302.72466278701245,77.05381858997508,34.55067442597516,107.07437109581204
302.7241647353339,79.32620586465504,34.5516705293322,107.06974861935862
302.7236669446431,80.55432506111907,34.5526661107138,107.06596646231615
302.7231947000492,81.65223768220801,34.553610599901596,107.06259341244483
302.7225810358053,81.70054328804243,34.554837928389325,107.0591891950115
302.7219858666298,82.13216933333857,34.55602826674047,107.05573386688566
302.72142640659774,80.54296103488888,34.55714718680448,107.05273204490075
302.720892202694,77.7266873402256,34.55821559461197,107.04969364931519
302.7204554972334,74.76207058523632,34.55908900553326,107.04726221559869
302.7200308932413,74.10826134711607,34.559938213517434,107.04453158505055
302.71957623194993,75.16362185599337,34.56084753610017,107.04079375211039
302.71893246895985,77.38698906634454,34.562135062080344,107.03504215001156
302.7181720565922,79.30397115352008,34.56365588681553,107.02833036366098
302.71767041125815,81.16413763414997,34.56465917748367,107.02203339025522
302.71690916025824,83.62628302559833,34.5661816794835,107.01283412194591
302.7163544759797,85.55594679399528,34.56729104804059,107.00680143454775
302.7159913699656,86.28311992981145,34.568017260068835,107.00203106394689
302.7157396907844,86.3360876966679,34.568520618431194,106.99759807541191
302.7153605227401,87.72869115098109,34.56927895451972,106.99029424677211
302.71478689820765,90.18098556819193,34.57042620358474,106.98464931341246
302.7143913884297,91.71017624260654,34.57121722314063,106.98140798304637
302.7139416934985,91.35024981569326,34.57211661300296,106.97829684809196
302.7136546837007,91.17638086106635,34.57269063259858,106.97587102934706
302.7130844617278,91.82212793724825,34.57383107654435,106.97210780921895
302.7124638492952,93.93293567662424,34.575072301409634,106.96846222487616
302.7117644646829,95.82079885104432,34.57647107063412,106.96441718478236
302.7110497024871,96.52012474124898,34.57790059502582,106.96073248353562
302.71048613374137,95.64991262550389,34.57902773251725,106.95756790982713
302.71004769235697,95.7066964842897,34.57990461528612,106.95482262399867
302.7094210073817,96.21251205466459,34.58115798523659,106.95035429262084
302.70891627330826,97.72921396534373,34.58216745338343,106.94524789557894
302.70830745421677,100.5437027979942,34.583385091566434,106.93785798357389
302.70738531883876,101.94477823320173,34.58522936232244,106.92855260075343
302.70640332934545,104.01379411254882,34.58719334130913,106.92055147407831
302.70609748267145,100.80865924017431,34.5878050346571,106.91770905528365
302.7058795214897,95.65529830925132,34.58824095702061,106.91377150856029
302.70563506006243,91.65883180980899,34.5887298798751,106.91075237808093
302.7054479491645,89.35941782311868,34.589104101671,106.90813181554236
302.7052587528014,88.22620539140732,34.589482494397245,106.90500349445578
302.7048487814882,90.31535096175523,34.590302437023674,106.89889682107567
302.70420315926907,93.40183299869051,34.591593681461816,106.89030757554372
302.7036957753491,95.07887383856071,34.5926084493018,106.88542685977731
302.70330254864285,96.8872686156356,34.593394902714316,106.88162339342658
302.702716404187,99.4014135011239,34.59456719162598,106.87636008881964
302.7020823975048,101.20064418342128,34.5958352049904,106.87006324067387
302.70152426120444,102.03976858519384,34.59695147759114,106.8630610849635
302.7012980509206,99.13199590467251,34.597403898158746,106.86053889534699
302.70115894944524,93.73190491854521,34.59768210110947,106.85823254057523
302.700815579283,88.96816201373915,34.59836884143391,106.85425472714047
302.7005983112578,85.14379084712296,34.59880337748439,106.85113586957695
302.7002179466574,86.06884863327527,34.599564106685165,106.8460620491339
302.6992847486132,87.62356553019384,34.60143050277357,106.84092327063183
302.69847833338724,88.71000002016655,34.603043333225536,106.83509249297218
302.6978460406488,89.9314198372054,34.604307918702325,106.83006709458175
302.6972798384014,91.53890859248614,34.60544032319723,106.82491319241872
302.6968270585775,89.4242227342396,34.606345882844955,106.82060323013981
302.6963509201047,88.26571177463522,34.60729815979058,106.81601112232525
302.6960545104741,87.23778902582978,34.60789097905181,106.8120195170461
302.6957358451077,84.50686419906258,34.60852830978461,106.80824579182686
302.6953967494515,83.96255484402023,34.60920650109698,106.80373903937951
302.69479118556234,85.59883398336342,34.61041762887528,106.79719104511695
302.69388166760007,88.89387315499692,34.61223666479985,106.78622094007015
302.69341006708083,90.3008762842391,34.61317986583833,106.78054545589308
302.69292571133263,90.53200964999333,34.61414857733478,106.77579715294868
302.6921369603135,91.68645612081991,34.615726079372976,106.77134399439181
302.69161171472973,92.27737444849168,34.616776570540544,106.76790582900038
302.6909556189458,92.82812499678286,34.61808876210837,106.76401675577159
302.69035655322784,92.88387604725142,34.61928689354429,106.76069464131137
302.68978074690676,92.82290535746819,34.62043850618653,106.75739432404326
302.6890842942214,93.50426507263376,34.62183141155719,106.75320958743009
302.68839696577265,95.0724467073162,34.62320606845468,106.74849581223634
302.6877695681328,97.71474865872885,34.62446086373441,106.74162809639225
302.6870353753904,100.26110174614313,34.625929249219254,106.73529954226072
302.6863721459376,102.94078558942232,34.62725570812487,106.72892439033977
302.6861670792401,99.8821209052505,34.62766584151986,106.72656524778866
302.686032735527,95.99959820240412,34.627934528946,106.72449172266475
302.685710263272,93.40323062959503,34.62857947345601,106.72131164611497
302.6853322142053,91.60620460887449,34.62933557158937,106.7178688469341
302.6847411474903,91.41305546500291,34.630517705019436,106.71392604819424
302.68413338411153,91.72996025907491,34.63173323177689,106.7101163360726
302.68323128941086,92.40745640192122,34.6335374211783,106.70555489659425
302.68266403559375,93.12092052914831,34.63467192881254,106.70210607996816
302.6821184355503,93.18731720345195,34.63576312889943,106.69887142870373
302.68152702741463,93.71883804734262,34.6369459451707,106.69535642282246
302.68052298278644,95.97767562742678,34.63895403442717,106.68939762846834
302.67961141230325,96.88490032569213,34.64077717539353,106.68478092408392
302.67901317110676,96.69785664052594,34.64197365778644,106.68162772601687
302.67836548320463,96.0053766386554,34.64326903359069,106.67843846828333
302.6777518091949,95.23046398132507,34.64449638161023,106.67502634474208
302.67701749617714,95.3008871457171,34.645965007645685,106.67082174185585
302.6762653486032,96.04823218192746,34.64746930279366,106.66615933552703
302.6753912738823,97.48583011912577,34.649217452235376,106.6592953703101
302.67481356029907,97.58489453755041,34.6503728794019,106.65470974408645
302.6745334063621,94.5687836339104,34.65093318727572,106.65203613129202
302.67420062205963,88.0481287322433,34.6515987558807,106.64760008501686
302.6738663997934,83.03950157124731,34.652267200413235,106.64282453029982
302.6736206854199,77.66976448112422,34.65275862916018,106.6393883254142
302.673351584459,73.66949027508102,34.65329683108198,106.63517790266171
302.6729520261291,70.28099987211266,34.654095947741766,106.63107321741802
302.67232274688433,68.67211946148362,34.65535450623135,106.6259658345593
302.6709912209162,69.97929529688695,34.6580175581675,106.6179855664931
302.66996284135297,72.47916168434662,34.6600743172941,106.61070732038233
302.6687727330659,74.31169410698115,34.6624545338682,106.60255074881017
302.6680265480468,76.67784002452092,34.66394690390648,106.5967308146706
302.66764201388565,75.80499780864724,34.66471597222869,106.59307244723122
302.66722214610655,72.61546147617787,34.66555570778687,106.58739522279622
302.6667544739875,69.84905642902217,34.66649105202501,106.581581030456
302.66625085251695,67.49481128969728,34.66749829496613,106.57535535146418
302.6656659561228,67.06588793642405,34.668668087754476,106.57054504745537
302.66511146164726,67.26788535638273,34.66977707670552,106.56591697375237
302.6644372250911,67.13387205791048,34.67112554981777,106.56146874531466
302.6629561280852,67.0260373439887,34.67408774382955,106.55448473947766
302.661622006244,67.30253214413041,34.67675598751202,106.54770507056784
302.6612187389659,67.395360676209,34.677562522068236,106.54596079027183
302.66092732429183,69.35468929982608,34.678145351416276,106.54427713388851
302.66052158936424,70.50942586832332,34.678956821271576,106.54209192833626
302.66007476069257,71.0348300654111,34.67985047861484,106.53909337340937
302.65957879988434,70.44583436499195,34.68084240023129,106.53626454757834
302.659174536899,71.11081007765668,34.68165092620198,106.53398083541417
302.6586390879789,72.4654076468949,34.682721824042275,106.53103946395127
302.6580121869385,74.11827501950172,34.68397562612305,106.5278798301268
302.65723309175905,75.63927422085587,34.68553381648195,106.52381668437654
302.65665796102945,75.82127167388023,34.68668407794111,106.5185657737559
302.65603094924745,74.31787102046837,34.68793810150507,106.51164895237527
302.65553525589763,73.09511782000264,34.688929488204785,106.50455701994795
302.6549927537245,71.57015155675577,34.690014492550915,106.50060909333195
302.65455558147755,69.77207283765807,34.69088883704488,106.4965792298916
302.6541232378994,69.1507159962189,34.69175352420126,106.49405663518968
302.6538811489281,68.45507486497979,34.6922377021437,106.49290179725746
302.6536318022594,67.87882305015381,34.692736395481234,106.49106158344931
302.65349788934685,67.5155520425339,34.69300422130626,106.4897332535735
302.65323796265614,68.27212660489114,34.6935240746877,106.4883804841065
302.6528841548662,66.95712029996406,34.69423169026764,106.48596134843147
302.65258178528796,63.75863763050912,34.69483642942408,106.48435233507696
302.65231234556745,61.349673292128024,34.69537530886505,106.48218070437456
302.6521041332327,59.773151187914564,34.695791733534605,106.48026785675594
302.6517031339146,58.300783787584336,34.696593732170726,106.47671350145632
302.6512265248078,58.26221834548502,34.69754695038442,106.47198293438676
302.6509725248141,59.71134715961193,34.69805495037179,106.47011741314282
302.65063006725626,62.32410550518715,34.69873986548747,106.46684307733906
302.65013185166754,63.57752593373329,34.699736296664945,106.46377805528401
302.6495706443711,62.791507306367066,34.700858711257744,106.45987422420103
302.64865646813075,61.10534334251214,34.70268706373848,106.45576138843737
302.6476794634565,59.58073988213943,34.704641073087046,106.45251026131596
302.6468428840683,57.01379763292556,34.70631423186339,106.44966838034918
302.6464075982436,54.820801320550615,34.707184803512774,106.44728524597431
302.64605725464986,53.592150274263055,34.70788549070032,106.44319088278466
302.6459244842024,53.10405999749069,34.70815103159521,106.44163317510656
302.64565139196395,54.32997038829119,34.70869721607215,106.4399273589444
302.64507298521846,55.394965332569036,34.709854029563104,106.4346842698577
302.64454562630505,55.50339696955637,34.71090874738987,106.42959932370572
302.6441691777835,54.05289769898949,34.71166164443293,106.42699621841614
302.64374858737955,52.70684545879878,34.712502825240904,106.42349804338679
302.64326466388246,51.44796353928333,34.713470672235125,106.4200295158558
302.64290370211955,49.66283751729078,34.71419259576093,106.41781757058308
302.6424649333788,47.05952983123789,34.715070133242456,106.41490735751431
302.6420555127802,45.36847616071097,34.71588897443962,106.4116313310297
302.64148382967136,43.99412569734313,34.71703234065731,106.40774732353076
302.64103256238843,44.68361902057541,34.717934875223094,106.40389359542405
302.6407274643942,44.97877342290564,34.71854507121151,106.40062748008701
302.6402140774812,46.7252287806734,34.719571845037635,106.39427544031749
302.6393119664826,47.459492945890716,34.72137606703487,106.38694341325046
302.6383107376219,46.76661609435335,34.723378524756185,106.37795963425427
302.6370445364999,47.73404109644745,34.72591092700019,106.37043666692368
302.6365544969543,47.016220287997534,34.72689100609139,106.36743685487606
302.63620395377365,46.93546026551117,34.72759209245276,106.36499535521588
302.63590374946455,46.44805579107272,34.72819250107094,106.36312342926826
302.635524369501,44.773405116010686,34.728951260997924,106.36019065425499
302.63508474411015,43.141795160989275,34.729830511779674,106.35710702502169
302.6343496001038,41.740487222934135,34.731300799792386,106.35196480825172
302.63349008948063,39.334306772939925,34.73301982103875,106.34552001366006
302.63204231415517,38.387804457656564,34.73591537168969,106.33584007486796
302.6308104548652,38.32417274612732,34.73837909026959,106.32746634871171
302.6298518201464,38.26269328275116,34.7402963597071,106.31973695089337
302.62891286597534,37.15034644021088,34.742174268049375,106.31225242476177
302.6283366360541,35.200087547366266,34.74332672789179,106.30690787906062
302.62773724123116,32.34444346806526,34.74452551753767,106.30198328818143
302.62646666013444,29.432573279959833,34.74706667973107,106.29612428389912
302.62282754052035,26.855367316277025,34.754344918959305,106.27785917116464
302.6157540675937,23.24304372387541,34.76849186481268,106.24698791953598
302.6120687869426,20.1469003961177,34.77586242611488,106.22777440720472
302.60994193143574,18.000024641574058,34.780116137128495,106.21255546493703
302.6076054219013,15.59425705577027,34.784789156197334,106.19505249338664
302.604963847221,12.076212407236483,34.79007230555807,106.18190930754406
302.60295727923864,9.878696027718732,34.79408544152274,106.16990433159421
302.60063948149957,8.585649392619061,34.7987210370008,106.15724915628269
302.5984745897402,6.818309097811834,34.80305082051965,106.14748041652092
302.5954579290468,4.107007737033754,34.80908414190644,106.13511228236419
302.59359863123063,2.0891494326120466,34.812802737538746,106.1250262979764
302.5921736659132,0.12769247064801448,34.815652668173605,106.11827012646074
302.5908344729577,-2.193376022812913,34.818331054084595,106.11220135624148
302.59004825476455,-4.277211022744801,34.819903490470935,106.10626782140677
302.5890876337436,-6.002963941557233,34.82182473251284,106.09933573941494
