152.5,102.5,40,67
152.14989259958034,100.44137945409017,40.104623196129694,66.95737928876486
152.1740567380166,102.12375552608157,40.104590148930576,66.95739612671566
153.66143669135147,104.58448722941809,40.103223920925984,66.95897978577747
156.45588065674863,106.30757466509216,40.102547049701975,66.9595312366034
158.50006509749485,107.70110577922074,40.102433096798386,66.95960675515715
160.1175242993335,109.49198625618163,40.102243267873895,66.95970062148682
161.90517345839856,111.05704093799095,40.1020055557466,66.95977161675492
164.40507275686883,112.04772971663289,40.10134102252677,66.95988121443169
166.2272282167813,112.64304818475031,40.10014753052776,66.96016999555066
167.0184688038502,112.07794097828818,40.09843434554856,66.96039454603287
166.8468793797822,110.36065479729747,40.0978013240633,66.96035582593728
166.7245645652616,107.6856085193218,40.0968770870757,66.96046993492817
166.91804686951016,104.1289718432046,40.096194147718464,66.96050781352979
167.57343316246693,100.81767216522715,40.09509534796823,66.9607502778526
168.65722053613695,97.60405536518641,40.09415253765516,66.96103485373362
169.4777763020849,95.10020378296048,40.093045163779315,66.96164697280585
170.10228055099464,93.57936213489182,40.09252759556338,66.96188072212921
171.58231184210644,94.38017995716054,40.09233129866389,66.96193572757804
172.73858558506345,95.59975472460795,40.092142668951055,66.96195750692273
174.8961696259062,97.61495113477565,40.09177341920523,66.96196305542274
177.96671398760475,99.12061714358123,40.09144750174684,66.9620200549167
181.4268632799646,100.54867780750683,40.09108223611894,66.9621521126093
184.95887755486322,102.35952532084724,40.09064659708832,66.9622789662691
189.24175631825455,104.05373290723409,40.09016712358935,66.96246271241019
193.27727365159677,105.37831957129342,40.0897110320392,66.96261570875441
195.83437847333778,107.35930269240603,40.08933100128909,66.96270038129359
198.72972714023635,108.87849047582536,40.08897695209891,66.96282536186399
201.79708008622035,109.96591294430308,40.08792470087797,66.96352683260814
204.37449355550316,109.74782278329056,40.08610860749666,66.96571914971032
206.38001668476855,109.00802242959983,40.08413083804061,66.96924182364448
207.79568580273,107.77685221343839,40.08222866588418,66.97198967517208
209.9892526091656,106.5235206929899,40.076853742893356,66.97810554543003
212.46112297274385,104.0527470810215,40.07261954649855,66.98256475667154
216.16468281138128,100.53495358480308,40.06846303069222,66.98613785598094
219.5818887964292,95.0148888311258,40.0647814988288,66.98979599645314
222.44470959799466,90.715955990742,40.059493022223755,66.99478905759186
225.041623000022,88.26520083077637,40.0538995937184,66.99955894096918
227.9208508343196,86.7735488765069,40.050762566785814,67.0019675686701
230.72497837156166,85.44916804672656,40.0460145342328,67.00529770967609
233.04266985577647,84.587815205359,40.04316606973999,67.00739444274996
235.1193207681853,84.6138160048389,40.04107932136884,67.00883294150957
236.8689561713414,84.26743403247563,40.038544803127316,67.01071533592406
238.499095096421,83.70775251142345,40.03498582694579,67.0128158953853
240.1256609995825,83.24828461628437,40.03144060280666,67.01496954493166
241.60744916136082,82.80387418214409,40.02604327628977,67.01815718300287
243.56827687765096,83.10623477845374,40.024164760213395,67.01918750481839
245.2378143801145,82.2147725000303,40.02102606319347,67.0211673566558
247.7130174658871,81.81885951154078,40.01781542158596,67.02282105475378
249.9583074219882,81.00141072003815,40.01452398442042,67.02475164251976
252.27490691449123,80.01588843973795,40.01155065783111,67.02635645817082
254.5961911550455,78.50022178780137,40.006139140070964,67.02874193184381
256.7053799896029,76.70612853122482,39.99683835236482,67.0325652228747
259.1595759671433,75.62192335538593,39.99037291477059,67.03411570936387
261.9359740887126,74.14066012987544,39.97816695788685,67.03679542538426
264.32050035640344,73.45570930354425,39.96474682301785,67.03885821848851
266.44625779896654,72.98898856057826,39.951807873255454,67.04189265714878
270.1984817273851,72.96465004710268,39.95073459298689,67.02990817446687
274.1916354119969,72.96021334124079,39.95000289972771,67.02240843614001
277.78581284717944,73.69134764934527,39.944540351902866,67.02304892237092
282.22170146947474,73.9101203475087,39.93938889314,67.02439380438346
286.46615278502367,73.51857575429341,39.93520363112166,67.0251075359114
290.6984525299356,73.67413038175931,39.92935295874171,67.02640660903592
294.6525199771813,73.31932667501587,39.92221522611548,67.0303720375832
297.9607810833822,72.22372855915825,39.91671071772372,67.03357545809548
300.0438827097665,70.93834550028117,39.91223458046708,67.0365367624646
300.046006362252,69.9862100589571,39.90798727549604,67.03954428890395
300.04818357587067,69.08786392468039,39.90363284825865,67.04282840201607
300.0505201037008,68.2447307959653,39.89895979259834,67.04639187967639
300.0526595877376,67.58070269593415,39.89468082452476,67.04969539133077
300.05501481934067,66.69538239827119,39.88997036131861,67.05294049028826
300.05751279679157,66.09325542876562,39.88497440641684,67.05672743882856
300.06050297374895,65.42872040879317,39.878994052502115,67.06101212702022
300.0641270004398,65.04082876450863,39.8717459991204,67.06642904491132
300.06815688202704,64.77597475641518,39.86368623594589,67.07234676120581
300.07220419724007,64.34413884711819,39.855591605519834,67.07838779051987
300.07643068852695,64.21474062823626,39.84713862294613,67.0845582860535
300.08089532539776,63.90577002693428,39.83820934920446,67.09151426917884
300.0850747173407,63.961196562407196,39.829850565318615,67.097843937312
300.08856627918374,63.67024647016031,39.82286744163253,67.10352211929953
300.09096037491963,62.977511434452836,39.81807925016069,67.10725531613409
300.09329611959134,62.042092355111215,39.81340776081728,67.11078128190046
300.09584953987377,61.191269229319786,39.808300920252485,67.11447049460392
300.0981560862274,60.10126829190099,39.8036878275452,67.1176096527667
300.10028724129995,59.236146576593214,39.79942551740015,67.12065031028808
300.1019773646661,58.5611791371453,39.796045270667825,67.12290712388392
300.10322430648813,57.900932433404535,39.793551387023705,67.12459197576243
300.10455606747405,57.632272105408816,39.79088786505191,67.12645573592562
300.10593353156946,57.622794532825814,39.788132936861054,67.12847158377316
300.1071424182484,57.76567502053462,39.785715163503255,67.13031714569762
300.10836514924404,58.175830957563825,39.783269701511976,67.13205459138332
300.1095960856972,58.35223015080403,39.780807828605596,67.13389877492168
300.11071519993874,58.636704237970456,39.778569600122545,67.13552154632858
300.1118522319316,58.90127242516581,39.77629553613684,67.1371734147548
300.11297339940234,59.31946690724231,39.774053201195294,67.1387771783583
300.1140856677952,59.549112925671096,39.771828664409604,67.1403818719237
300.11505135596695,59.80312973339572,39.769897288066055,67.14183618343444
300.11614428770474,60.091701237552584,39.767711424590466,67.14341916875398
300.1177001128659,60.07985425762235,39.76459977426814,67.14573266499939
300.1191389867009,59.96218079049011,39.76172202659824,67.1478989124324
300.1205158297385,59.78426630200419,39.75896834052295,67.15003112588876
300.1217967600293,59.68667999227814,39.75640647994137,67.15202910003619
300.1229913443509,59.42254173733106,39.75401731129824,67.15405119441826
300.1243341407233,59.14928664319434,39.751331718553395,67.1562298916982
300.1258847999072,58.576692886763105,39.74823040018552,67.15858834400616
300.12738335973415,58.056239723476004,39.74523328053167,67.16068930501793
300.1286734557496,57.3590552345019,39.742653088500774,67.16256980335187
300.12997734583956,56.761494799297935,39.740045308320916,67.16432760327183
300.1314266009474,56.19324935615007,39.73714679810515,67.16621260501556
300.1330528724293,55.638000071326466,39.733894255141465,67.16846806686705
300.1344292768228,55.19355688027961,39.73114144635436,67.17027664058064
300.1359972650992,54.83365517861266,39.728005469801616,67.17256582701467
300.1375196597221,54.45721014798983,39.7249606805558,67.17472549294325
300.1391972271129,54.090948984178034,39.72160554577422,67.17706076211805
300.14087889333945,53.91698582835139,39.71824221332111,67.17939004503903
300.1424721866653,53.957940621537425,39.71505562666936,67.18158208345382
300.14421581393253,53.92771143274741,39.71156837213488,67.18404949280647
300.1458080549791,53.935113410131706,39.70838389004178,67.18625009871707
300.1471812998597,54.189846662521035,39.70563740028054,67.18817797546154
300.1483014327151,54.05030813083252,39.70339713456988,67.18970002017517
300.14947246836357,53.8090858289354,39.70105506327283,67.19133338568052
300.1505239731249,53.98145423210814,39.69895205375017,67.19276825644762
300.1517627153234,53.72907556402275,39.6964745693532,67.19440415697616
300.15293098862213,53.84029764057343,39.69413802275578,67.19592080583384
300.1539966980265,53.87297789553391,39.692006603946965,67.19727620694366
300.15503184450813,53.97606894204822,39.68993631098369,67.1986245975185
300.1562317339138,54.06635226181872,39.687536532172416,67.20040050217554
300.15750777480304,54.32345441495893,39.68498445039396,67.20220826845829
300.1587722437044,54.65060581117989,39.68245551259121,67.2040878843492
300.16001672985396,54.892615004811255,39.67996654029202,67.20588910505957
300.1610304617662,54.938271346268756,39.67793907646759,67.207376800944
300.1621546598571,54.667914865593296,39.675690680285804,67.20904907759491
300.16312470252,54.584979036181664,39.67375059495993,67.2104159103493
300.16421700296246,54.406177447539164,39.671565994075074,67.21208422931215
300.1652731304494,54.13517526106431,39.66945373910123,67.21381284971746
300.1663069123751,53.831002350480524,39.66738617524987,67.21534452484316
300.16726793681363,53.798998325032514,39.665464126372775,67.21666216125087
300.1682656198777,53.462857264265736,39.66346876024464,67.21801955963608
300.169263173442,53.07334596752907,39.66147365311603,67.21933779500851
300.1704277720287,52.58946932350867,39.65914445594264,67.22076866102172
300.1714513758022,52.458876143113145,39.65709724839561,67.22199341674076
300.1725756498474,52.15631690109286,39.65484870030523,67.22331643197411
300.1738966256788,51.9909462582393,39.65220674864233,67.22465863859684
300.17579095164353,51.84166954728157,39.64841809671296,67.22627373057722
300.1775919373412,51.644585330995625,39.64481612531752,67.22773457686066
300.17917919150125,51.693630564395704,39.641641616997546,67.22921214923934
300.1808980333431,51.817922654705704,39.63820393331379,67.23061914713192
300.182688171073,51.7755602526249,39.63462365785404,67.23214566470057
300.1841086135732,51.52517345869697,39.63178277285363,67.23354522053586
300.1855243484796,51.51848514151668,39.628951303040765,67.23486691421081
300.18708520893597,50.985285107468556,39.62582958212809,67.23675365661583
300.1884180958765,50.237277437441904,39.62316380824696,67.23844681592115
300.1894208023195,49.625251421412216,39.621158395360986,67.23989588453296
300.1906143954049,48.83773577808227,39.61877120919015,67.24153895231315
300.19171432075694,48.49245920991605,39.616571358486134,67.24303622860302
300.19276368974664,48.43490787536771,39.61447262050675,67.24446510641036
300.1936814897295,48.362929365394386,39.612637020541,67.24577724415487
300.19481921309534,48.295563312159615,39.61036157380937,67.24737017246755
300.195794811731,48.31012549649437,39.608410376538025,67.24884077669164
300.1969633263671,48.658412892187485,39.60607334726579,67.25059477835427
300.1980081291615,48.62918535072714,39.603983741677034,67.25219696178317
300.199248647813,48.34984293194176,39.601502704374006,67.2540053783792
300.20055862356537,47.972718498482585,39.5988827528693,67.25584270097458
300.2017213848675,47.736346922041285,39.59655723026505,67.25749184159675
300.2030357557689,47.73718400457207,39.593928488462204,67.2593265153601
300.2043703641222,47.840004128070944,39.59125927175559,67.26123674932415
300.20559350783117,47.916377572165885,39.588812984337665,67.26291880512593
300.2069360793441,47.63572907797665,39.58612784131185,67.26479234684913
300.2080825899995,47.518186538776014,39.58383482000097,67.26639275473057
300.20903716523867,47.49877981382455,39.58192566952272,67.26767419917444
300.2099718134325,47.27155090592515,39.580056373135044,67.26897524569756
300.2109223266483,47.531335946295364,39.57815534670345,67.27026220107088
300.2118679353595,47.791054614036454,39.576264129280986,67.27150886941865
300.212822377079,48.1767486717852,39.57435524584198,67.27278774467815
300.2139132248296,48.25212414949106,39.57217355034083,67.27418955108341
300.21490682473143,48.32007637489362,39.57018635053709,67.2754487393469
300.2158920428895,48.475531698770915,39.568215914221035,67.27665426748227
300.2169620722879,48.748943334375205,39.56607585542419,67.27811165261143
300.2181051878838,49.36469878822141,39.563789624232435,67.27967910547657
300.2193826468061,49.610266628602595,39.56123470638785,67.28147687684357
300.2206623447091,49.589991899571366,39.558675310581776,67.28333044444959
300.2219629436664,49.674155684136444,39.556074112667176,67.28511681138606
300.22314128636674,49.79388556941682,39.55371742726658,67.28688730513137
300.22409177722284,50.03090612490755,39.55181644555432,67.28831596219725
300.2251407776051,49.95255597938821,39.549718444789825,67.28990747356713
300.22699173329494,50.208962086953434,39.54601653341008,67.29279202242898
300.22958021097327,50.28978791260137,39.54083957805344,67.29667631285312
300.23092332338615,50.99211284454082,39.538153353227685,67.2987649686428
300.23236760241355,51.16323558294608,39.535264795172885,67.30111975209
300.23385571620196,50.909591451108156,39.53228856759605,67.30338864902467
300.2351768075886,50.54555108576082,39.52964638482282,67.3054303873144
300.2362806817594,50.311810139867866,39.527438636481186,67.30706603857983
300.23740619410387,50.23163109472725,39.52518761179231,67.30871469220602
300.23853060658314,50.11445964982796,39.522938786833684,67.3103739830094
300.2397069505062,49.70851893445657,39.52058609898753,67.31194922230777
300.2408670660328,49.393590708962265,39.5182658679344,67.31358028715366
300.24215382404185,48.866141557883374,39.51569235191635,67.31536417509635
300.2434565729888,48.32113527941129,39.5130868540224,67.31707543103802
300.24458467451564,48.12109126863565,39.51083065096869,67.31861338921763
300.2459304641726,48.007300837056306,39.50813907165479,67.32041953206516
300.2473770677747,47.846866117715244,39.50524586445053,67.32246464971571
300.24885697361213,47.84434266694076,39.502286052775744,67.324434647277
300.25052146262465,47.80289827148866,39.498957074750685,67.32665293241911
300.2521851173147,47.700894425438165,39.495629765370566,67.32893393458536
300.25378571935283,47.51828040533549,39.4924285612943,67.33112158716025
300.2555569528906,47.490493751986875,39.48888609421881,67.33348948942685
300.2572618122314,47.45017632345895,39.485476375537225,67.33582286458011
300.2589696644249,47.45661813850029,39.482060671150165,67.33819830668199
300.2607040278204,47.582869087204095,39.47859194435924,67.3405825894368
300.26238603371786,47.828083373111426,39.475227932564295,67.3428662173101
300.26394398458973,48.02478175397431,39.47211203082054,67.34494469414597
300.26547718751004,48.112254400423744,39.46904562497994,67.34691121724804
300.2669120796048,48.37418684967285,39.466175840790314,67.34874140427533
300.2683983388122,48.84070446199233,39.46320332237562,67.35065694858397
300.2696064367107,48.86458911501335,39.46078712657853,67.35230342836122
300.27095237917047,49.217473811697815,39.4580952416591,67.3540603611718
300.2725084728445,49.429239699543565,39.454983054311015,67.35624731020793
300.2739676446788,49.72165093602884,39.45206471064233,67.35813642275909
300.2754103711134,50.503423864781816,39.44917925777315,67.35999021201216
300.2769913377041,50.28318532700325,39.44601732459179,67.36158395317102
300.27804991345556,50.28668266026205,39.44390017308891,67.36299442073526
300.2789745544943,50.42654565305328,39.44205089101132,67.36433068052176
300.279210178682,50.533492218842895,39.441579642636064,67.36463752407548
300.2833176228295,49.461765513895045,39.43336475434105,67.36806698720909
300.28678059729657,47.95099176555252,39.4264388054069,67.3723994703901
300.2881496519301,48.97725674948165,39.423700696139825,67.37396310185132
300.28883236680326,50.169105379393024,39.42233526639351,67.37460374409766
300.2898503113114,50.99080550250879,39.42029937737722,67.37567848108145
300.29077377999016,51.51661467812232,39.418452440019664,67.3768216845724
300.29162217016204,52.06436941359999,39.41675565967587,67.3779345614488
300.2927059525346,52.2381314047004,39.414588094930814,67.37952219585947
300.29400660813883,52.61306338075179,39.4119867837223,67.38145270119229
300.2951597447292,52.7781252480762,39.4096805105416,67.3832397853587
300.29629359924746,52.76395381940206,39.407412801505025,67.38485590881382
300.2974634119996,52.346410752780685,39.405073176000734,67.38639254254485
300.29884965226387,51.78397914553521,39.40230069547225,67.38825668496091
300.3002716743935,51.73391737910504,39.399456651212944,67.3902898150393
300.30184033660066,51.66257240460315,39.396319326798626,67.39240672439216
300.3033357472415,51.731580244917744,39.39332850551699,67.39450439749221
300.30488365388896,51.89230524890566,39.3902326922221,67.39660738543657
300.30652622135386,52.06627393938482,39.38694755729228,67.39894137846544
300.3083540395389,52.36273576626779,39.38329192092214,67.4014813582368
300.31023687049543,52.667228969346304,39.37952625900915,67.40410190760802
300.31193260470053,52.705006051333505,39.3761347905989,67.40661170102679
300.3135894023063,52.79401381729785,39.372821195387374,67.40891731117554
300.3152183739552,52.96936192761304,39.369563252089605,67.41117503117512
300.3167429179588,52.79746578606657,39.36651416408239,67.41325254466625
300.31852616372,52.675979030861576,39.36294767256006,67.41568760698091
300.31997655273705,52.469618272473255,39.360046894525894,67.41772328648872
300.3213356240479,52.30842507611685,39.35732875190424,67.4195129246506
300.3226077762421,52.745850509641535,39.35478444751588,67.42137032672049
300.32404868337187,52.94601628344853,39.351902633256216,67.42301286109961
300.3263082880255,53.4663008176999,39.347383423949104,67.426198131815
300.3276950257948,53.928215447741344,39.34460994841032,67.42836821512735
300.3290294896118,53.86666886047766,39.34194102077635,67.43038985728606
300.3301601466125,53.54781038938303,39.33967970677501,67.43200001036323
300.3311506607858,53.21398744250032,39.33769867842839,67.43339227778206
300.33221695153327,52.66936173122223,39.33556609693343,67.43483974049174
300.3334021882916,52.23719646146735,39.333195623416856,67.43652077963148
300.33440926108403,51.81225395379746,39.33118147783194,67.43804227625635
300.33547240590417,51.172478138577745,39.32905518819172,67.43966758089775
300.3363861138562,50.89843850043243,39.32722777228764,67.44091101744
300.3372832202888,50.58593456101305,39.325433559422436,67.44222572811546
300.33822785194076,50.578609989240775,39.32354429611849,67.44355065192653
300.3392338145453,50.67919706570428,39.32153237090943,67.4450953231477
300.34020709340484,51.000179158757916,39.319585813190315,67.4465040899785
300.34129971744886,50.84405747185275,39.31740056510224,67.44806477960572
300.3425321183628,50.52522137895907,39.3149357632744,67.4498571507683
300.34347936472466,50.40281893126929,39.313041270550684,67.45113311381486
300.344695337552,49.906544599181885,39.310609324895935,67.45295864490251
300.3458887837458,49.7141939548278,39.3082224325084,67.45472810511184
