692.5,439.5,24,79
690.717388043765,439.90569178833067,23.877703646890723,79.49951806518436
691.8338195808435,438.8758672262554,23.879592512507358,79.49318508598705
693.8214126105532,437.46965825825447,23.881821776345365,79.49052643240466
697.7630882540182,438.39675710993515,23.893617336186757,79.47024515474817
701.7323554024478,437.4551584595764,23.91107478432268,79.44434394949188
706.2937977996806,436.80071041373833,23.95386992149739,79.38776963177474
710.5025105433826,435.5173325246749,23.993448027538285,79.3317877637987
717.8355338668365,433.95031015318665,24.059452276321462,79.25263217604096
722.8781561038406,433.74481477785537,24.10351650287481,79.19750485920048
725.3978774153678,431.8985033346118,24.134393532377672,79.1577638064024
726.4494577691111,429.9028724425971,24.161849966614863,79.1189371657492
729.4926074834196,427.7781963424768,24.17911193936498,79.09450854323586
731.9654069412466,424.81885367520914,24.19138064608652,79.0766189418581
733.1363799769488,421.0169437445978,24.19252415521812,79.07380466306603
734.9272328967402,417.43057064919907,24.19308250058709,79.07233267606814
737.165292957535,414.41592392069424,24.193650764007117,79.07070944225141
739.5413533368,410.4843652610241,24.194368140242837,79.06912072216299
741.8376506475254,407.35821753282715,24.194830674401167,79.0678713711228
743.7413991318306,404.1504681166261,24.195531919368104,79.06609620526446
745.1037485453055,400.7194354831979,24.19638851234003,79.06389221552905
746.3473192746641,397.00100215778093,24.198202074527373,79.0597913065485
747.4647908426014,394.9280189981182,24.200567440850044,79.05497647124143
748.7682629895654,392.77579552270834,24.20361731997205,79.04953696652518
750.2558386071435,391.5145297516546,24.2066591294783,79.0444458088951
751.7013969628113,390.4094876300238,24.2106890264953,79.03730736157448
753.6967455708805,389.1307297891298,24.21525824788754,79.02963940383604
755.5629430467135,387.7345620458757,24.21940957422144,79.02357424985671
755.8887426596975,386.5523551909619,24.222514680604988,79.01949082642918
755.886831158083,385.1979152742138,24.22633768383393,79.01464962301436
755.884692761544,384.0751312695639,24.230614476912123,79.00892707254563
755.883126534811,382.785587071741,24.233746930377876,79.00482717282691
755.8810380583286,381.52875200754653,24.237923883342884,78.99932868587477
755.8792142321356,380.3253216041053,24.241571535728774,78.99513488155111
755.8776630458021,379.0850596458698,24.24467390839562,78.99139084796417
755.8759767519774,377.7835143832296,24.248046496045227,78.98715963404781
755.8744069377481,376.68882877078994,24.251186124503953,78.98337533181221
755.8730087769061,375.00288728644387,24.253982446187738,78.97981913348163
755.8715814955907,373.6170158679408,24.256837008818675,78.97642049290297
755.870200041852,372.2112062732383,24.259599916296164,78.97323155204363
755.8688342030874,370.5503617781616,24.262331593825156,78.96989498372547
755.8674016119644,368.60645071853975,24.265196776071154,78.9661629857663
755.8660214951205,366.99617738215755,24.267957009758955,78.96277071657519
755.8640336276843,365.7912769100407,24.271932744631282,78.95859499149728
755.8623769408783,364.649058061195,24.275246118243363,78.95492934713258
755.8605387210608,363.54588028439883,24.278922557878296,78.9511389504074
755.8589557896508,362.507076798174,24.28208842069834,78.94757154923032
755.8569484542606,361.6046577177631,24.28610309147871,78.94234002983836
755.8550082071777,360.7167932113641,24.28998358564457,78.93781598992467
755.8530595561391,360.1591758337624,24.293880887721745,78.93289624512059
755.8513999183007,358.6957140010358,24.297200163398575,78.92924549345943
755.8497542348775,357.289466181721,24.300491530244884,78.92561621601237
755.847691410275,356.06423620452244,24.304617179449828,78.92158789297423
755.8459935072649,354.46266003099515,24.30801298547028,78.91817080681656
755.8440713774347,353.39582088097177,24.31185724513046,78.91359565646961
755.8421881538404,352.3292682746258,24.31562369231925,78.9095472436733
755.8404533300886,350.9466839628322,24.319093339822864,78.90593182108739
755.8386866152497,349.7061721681316,24.322626769500612,78.90205088282443
755.8369923920362,348.7126028489895,24.32601521592756,78.89766554001432
755.8351876031318,347.0562138086485,24.329624793736397,78.893396263137
755.8335138967641,345.3300744348131,24.332972206471876,78.88933636678013
755.8313341202448,344.6397092992933,24.337331759510413,78.88441326124043
755.8291499073215,343.62846478635157,24.341700185356967,78.87925789129565
755.8268812509393,342.03793204288667,24.34623749812125,78.87465300240152
755.824479370096,341.09864014392826,24.351041259807996,78.87019231904088
755.8222861445414,340.17077082522127,24.35542771091714,78.8659811292606
755.8203019455518,339.00365746395823,24.359396108896462,78.86255707587722
755.8179550536497,338.30337097324957,24.364089892700516,78.85822294994142
755.8153165470177,336.97253700874927,24.369366905964693,78.85423693492649
755.8128822297168,335.6311909142032,24.374235540566353,78.85091757120793
755.8104194556471,334.3806720094659,24.37916108870579,78.8479828503175
755.8076813807414,332.8901544330008,24.384637238517183,78.84460175683357
755.8047158594433,331.43254187633175,24.390568281113445,78.84059402486523
755.8023322520457,329.60622245886765,24.39533549590841,78.8373631374271
755.7993989825752,327.9532888121676,24.401202034849476,78.83337997649674
755.7960213491634,325.599263242732,24.407957301673246,78.82918183634581
755.7928725906289,323.1678042596243,24.414254818742123,78.82496046311412
755.789349032722,320.5661799210497,24.42130193455589,78.81993477579189
755.7859372994432,317.94357104133456,24.428125401113725,78.81492413022342
755.7826503321437,315.79475342887986,24.434699335712597,78.80966094815035
755.7789090368052,313.45403377824584,24.442181926389647,78.80306094659252
755.7747624087955,311.5698391567031,24.45047518240907,78.7949773827474
755.7710075131147,310.10317373075617,24.457984973770657,78.7881985048745
755.7668595777784,308.7542131629906,24.466280844443173,78.78087891393466
755.7622989653296,307.29627440117343,24.475402069340873,78.77193315341984
755.7583040865765,306.067722541351,24.48339182684719,78.76231772252149
755.754573084275,304.4538476470236,24.490853831450053,78.75414827403938
755.7502798210986,303.78737247327086,24.499440357802843,78.7443802587367
755.7464157750074,302.3683064137349,24.50716844998518,78.7352037420969
755.7423327908614,301.9951385766245,24.515334418277153,78.72504054308384
755.7383228566379,301.586620311296,24.523354286724317,78.71543414323328
755.7350389303006,300.97202174022175,24.529922139398955,78.70713145227472
755.7306473313365,300.97525779786025,24.53870533732706,78.69693832333255
755.7264306230308,300.92754178585085,24.54713875393859,78.68616086807896
755.7220849567991,300.4787659567237,24.555830086401713,78.67476720429656
755.7185563107382,300.44224750009425,24.562887378523456,78.6652698043536
755.7148677822477,299.76170729030645,24.570264435504697,78.65644618263885
755.7108416887232,299.85644050030277,24.57831662255347,78.64595941278604
755.7068960955718,299.559517489971,24.586207808856457,78.63487682074056
755.7032639911757,299.4954476182413,24.593472017648594,78.62517451996567
755.6996347283666,299.770765075354,24.600730543266874,78.61496532357096
755.695945006769,299.40728353048337,24.608109986461958,78.60542582551699
755.6922599760917,299.64980509940403,24.615480047816575,78.59506537638872
755.6884644266554,300.21802913527387,24.62307114668927,78.58424553760491
755.6846803837818,299.8262361545184,24.630639232436405,78.57398220969858
755.6801922162967,300.11643788340376,24.63961556740653,78.56169529760504
755.6761592197696,299.8841409935865,24.647681560460747,78.55017724795869
755.6722941986187,300.1461749855541,24.655411602762463,78.53963194859763
755.6682265651904,299.3416565384532,24.66354686961928,78.5289406352112
755.6651367539544,299.1061810376752,24.66972649209125,78.51984321872227
755.6611235114425,299.2529900841481,24.677752977115112,78.508842217909
755.6571245226264,299.2203839590816,24.68575095474723,78.49787928498425
755.6532290407009,299.5981881094392,24.69354191859807,78.48728332719884
755.648877029591,299.0767051273113,24.702245940818166,78.47756391147263
755.6451631213674,299.5823988853815,24.709673757265023,78.46706760398088
755.6412607755458,299.61671341335824,24.717478448908405,78.45621756213802
755.6376942138439,299.7194544992363,24.724611572312227,78.44756101389422
755.6337402177238,299.67650435471705,24.73251956455237,78.43787275296107
755.6295205140013,300.17921654735153,24.740958971997255,78.42663202724569
755.6258506059495,299.8704890537927,24.74829878810098,78.41807194726273
755.6215142918019,299.470733483544,24.756971416396294,78.40729740031358
755.6173859279263,299.2555846371359,24.765228144147493,78.39732189762469
755.6133525176709,299.5843197140971,24.77329496465822,78.38618704748572
755.6095250918755,299.714160077157,24.780949816249045,78.37587340944538
755.6059365896828,299.64386763074697,24.788126820634574,78.36675375652905
755.601655645882,300.1472581965671,24.796688708235916,78.35485353957682
755.5975507171447,299.7627152534569,24.804898565710623,78.34403118595581
755.5941327901637,300.20481727885004,24.81173441967268,78.33449585255396
755.5899193473299,299.920248225731,24.820161305340218,78.32335651585997
755.5861789043374,299.8998498360651,24.827642191325122,78.31385726425306
755.5825745606206,299.3317615966676,24.834850878758704,78.30468912806545
755.5791116224445,299.44984484589713,24.841776755110825,78.29445563005171
755.5758925819972,299.1926572377132,24.84821483600559,78.28565691815885
755.5716564083061,298.9830119002741,24.85668718338777,78.27461779338492
755.5677919863342,299.16840297938916,24.864416027331533,78.26382405635644
755.564204050115,298.7404245801745,24.87159189976991,78.25510735949324
755.5603305008243,298.9989106433068,24.879338998351397,78.24571670562551
755.5567480550366,299.38460913504434,24.886503889926885,78.23621847817753
755.5526539833811,299.7479339039447,24.894692033237725,78.22536678192564
755.5487386653144,299.9265334790723,24.90252266937111,78.2146095860448
755.5442167787199,299.34532073280667,24.911566442560208,78.20414596514988
755.5408927959844,299.7991470452661,24.91821440803126,78.19490312407122
755.5368204272922,299.75272343269893,24.926359145415486,78.18484973238093
755.5327726057039,299.5536042901423,24.934454788592205,78.17528904178815
755.5295927566635,299.9184769072597,24.94081448667301,78.16635404210004
755.5262343718001,299.5759617953061,24.94753125639969,78.15711890040657
755.5222364494873,299.3202355406807,24.95552710102538,78.14701896615304
755.5187935909503,298.9717783874863,24.962412818099544,78.13793282526858
755.5150045551118,298.62176575122226,24.969990889776444,78.12823462520142
755.5113864190542,299.1280471524488,24.97722716189148,78.11812145443936
755.5074652109571,299.2143530661797,24.985069578085813,78.10818509709136
755.5031044991465,299.00924076751664,24.993791001707073,78.09802364824624
755.5002051017059,298.67937982736146,24.999589796588264,78.09017100367717
755.4966006791985,299.0657622209787,25.006798641602952,78.08030811864144
755.4925206316943,299.1455544310412,25.014958736611266,78.06926373340657
755.4890091186752,299.289921436704,25.021981762649517,78.06002347122273
755.4850022051716,299.0490842753268,25.029995589656938,78.04990392305129
755.4812098301901,299.3225345119304,25.03758033961991,78.04070130150183
755.4775230797864,299.35289952325223,25.044953840427187,78.0308372307837
755.4737072636378,299.3478275847967,25.052585472724314,78.0207283229807
755.4701656307928,299.519121608643,25.059668738414278,78.01109453301474
755.4659338656763,299.8755948282928,25.06813226864734,77.99958634187274
755.4626829251944,299.8482969316231,25.07463414961122,77.99072798405847
755.4590538022178,299.7451906726175,25.08189239556445,77.98089714898887
755.4551771843237,300.12122277554516,25.089645631352614,77.97005800693448
755.4513270053806,299.6192538663776,25.097345989238807,77.9603507723597
755.4473727473518,299.1523171692677,25.105254505296468,77.95068424911054
755.4442264980488,299.2687703660215,25.111547003902466,77.94298792621288
755.4407408403267,299.3971145897981,25.118518319346567,77.93334104681982
755.4370385223147,299.2203131453156,25.12592295537081,77.92447310033752
755.4337160920284,299.4765209045381,25.13256781594324,77.915015700808
755.4301173597055,299.50998788350324,25.13976528058899,77.90471132984256
755.4266491587207,299.8553966717698,25.146701682558632,77.8956439316465
755.4233890463536,299.81424523686513,25.15322190729274,77.8858677133641
755.4200535581518,300.13591154933505,25.159892883696394,77.87640449798539
755.4167979936303,300.2422446360131,25.166404012739463,77.86754894195695
755.4131286342438,299.88710265553414,25.173742731512412,77.85856803799332
755.4098215971514,300.4666177002723,25.18035680569699,77.84904737844857
755.405855195374,300.3726798568987,25.188289609252053,77.83777438045583
755.4027488325189,300.4095638796164,25.1945023349622,77.83022594797637
755.3983448376522,300.1362510842997,25.203310324695565,77.81838766713071
755.3940521470521,299.7341444736878,25.211895705895895,77.80667111788495
755.3903776083012,299.5424627319534,25.219244783397592,77.79652375306995
755.3864603510074,299.675842535413,25.227079297985334,77.78619310313626
755.3832584398516,299.61846941887114,25.233483120296828,77.77607606927506
755.3802058259375,299.86604063622065,25.239588348124933,77.76741571837356
755.3767244002975,299.80448000204376,25.246551199405076,77.7589610744901
755.3726314838506,299.17507761965,25.254737032298912,77.74824913281098
755.3690198219297,299.1510311831347,25.261960356140634,77.737381210439
755.3655139495493,299.13787245810346,25.26897210090145,77.72756334088116
755.3621428790037,298.8204715263205,25.275714241992482,77.71759344970548
755.3586795576566,298.9593232295571,25.282640884686664,77.70831520983907
755.3556817591922,299.4078828588416,25.288636481615683,77.70006732301619
755.3523140701574,299.5069022599223,25.295371859685197,77.69136221304778
755.3483799367895,299.4443140582897,25.303240126421034,77.68133382429026
755.3443721600719,299.5230159997473,25.311255679856146,77.6702989366839
755.340235557402,299.79297294586326,25.319528885196043,77.65832615220197
755.337060402146,300.3611247755824,25.32587919570792,77.64921570527275
755.3336906449349,299.5872295720827,25.332618710130294,77.64031708830068
755.3307973807107,299.5351923538038,25.338405238578556,77.63242476589214
755.3274780529497,299.2589439323601,25.345043894100606,77.62397568068259
755.324098040912,298.94615105482785,25.351803918176035,77.61533374266634
755.3209421121377,298.5499994886093,25.358115775724528,77.60651206393092
755.3170970891421,298.64514969327956,25.365805821715888,77.59699152891517
755.3136427107597,299.07358101123526,25.37271457848061,77.5876358333686
755.3106265078262,298.8043058099173,25.378746984347636,77.57908312902899
755.3070502344482,298.84339152333416,25.385899531103675,77.56777491865506
755.3033611336402,298.7718942827772,25.393277732719593,77.55790136731346
755.2995890136186,298.9310807160346,25.400821972762767,77.54759504771563
755.2957922184651,298.7570424826434,25.408415563069827,77.5369123794902
755.2923622791078,298.9609091118747,25.415275441784498,77.52662956811008
755.2890341600996,299.236625636148,25.421931679800814,77.51677183217794
755.2855886803293,299.3341356177704,25.428822639341462,77.50706492981283
755.281845924412,298.95868253903166,25.43630815117593,77.49751118738799
755.2785436185599,299.1340727520587,25.442912762880255,77.48839403252254
755.2747722354408,299.0071535652424,25.45045552911844,77.47788798214593
755.2715793617724,299.23252998668914,25.456841276455247,77.46899942114521
755.2679284768501,299.1339028820496,25.464143046299732,77.46067358961177
755.2648057366076,299.41979548428833,25.470388526784813,77.4519443772608
755.2611246776218,299.7790216885695,25.4777506447564,77.44234247166627
755.25760448105,299.87274018047214,25.484791037900205,77.43266295966089
755.2544242823134,299.6528979666628,25.491151435373304,77.42408222218903
755.2510180029728,299.7146917873023,25.497963994054402,77.41480149273617
755.2471220011839,299.5698253655508,25.505755997632154,77.4046566926539
755.2443567797336,299.57503636378055,25.511286440532796,77.39639020760154
755.2409745679103,299.97082466111766,25.518050864179568,77.38652393959903
755.2379742232359,300.16665628403723,25.524051553528082,77.37756861741065
755.2349505177431,300.11117882854876,25.530098964513893,77.36848954152107
755.2319810526535,300.2807480141655,25.53603789469308,77.36009263537925
755.228297543493,300.3947670831776,25.54340491301404,77.35067309891566
755.2251814907056,299.95950565268157,25.549637018588676,77.34230490909214
755.2221888786238,299.8577515171591,25.555622242752364,77.33370394222774
755.2193825372731,299.8718277291549,25.561234925453782,77.32575899596966
755.216114363187,299.9950142720405,25.56777127362593,77.31691736356944
755.2128775053777,299.82161693197673,25.574244989244583,77.30926837437787
755.2098424750666,299.795712932904,25.58031504986694,77.30113860111362
755.2065828570474,299.9418607282024,25.586834285905187,77.29167903050957
755.2033638303027,299.7024012658288,25.59327233939454,77.2830908503831
755.2003503139348,299.64776043416816,25.599299372130442,77.27477634935877
755.1971965614831,299.8268357068572,25.605606877033853,77.26570326713069
755.194176614196,299.6337716945478,25.611646771608203,77.25711154206036
755.1911154728008,299.7769250510907,25.617769054398458,77.2483737355202
755.1879598268514,299.79543170874064,25.624080346297212,77.23995546170393
755.184997272015,299.94020787120064,25.630005455969833,77.23217223363531
755.1820317906647,300.0145796044709,25.635936418670447,77.22425909019488
755.178440788744,300.57523048197476,25.643118422512202,77.21447118826026
755.1752838737962,299.96975051586213,25.649432252407607,77.20665620574404
755.1722238413049,300.0153189349477,25.65555231739008,77.19775771391113
755.1688539273374,300.1833161606372,25.66229214532517,77.18852209427159
755.1655554806183,300.1521880470519,25.668889038763293,77.17981452148877
755.1619525867029,299.8750896649792,25.676094826594277,77.17023473295697
755.1585461647315,299.81468456316463,25.68290767053688,77.16187436978883
755.1555121945462,299.6475239409934,25.68897561090753,77.15331536510794
755.1519938444786,299.49146891682574,25.696012311042693,77.1447996314302
755.1490310647762,299.57625479137334,25.701937870447694,77.13768236822825
755.1461698629333,299.57146000978804,25.707660274133318,77.130907375593
755.1431622706128,299.466611126097,25.713675458774343,77.12307755973359
755.1400425236051,299.5883560362123,25.71991495278994,77.1151407806035
755.1368122587907,299.2786243739396,25.72637548241876,77.10725693384232
755.1337293071332,299.3333228638435,25.732541385733565,77.09815770307704
755.1303045174071,299.20624250626815,25.739390965185695,77.08923043032789
755.1273804257708,299.1000902617954,25.74523914845855,77.08169595731458
755.1244429704853,299.3038659890574,25.75111405902932,77.07415490976155
755.1214890897969,299.60866170720084,25.757021820406116,77.06600551248751
755.1182916260256,299.25173756344924,25.763416747948934,77.05733094518575
755.115444585617,299.5914877797997,25.769110828766088,77.0492075156777
755.1122678162451,299.67615427964927,25.775464367509905,77.04048212215119
755.1096748511422,299.5997234023885,25.780650297715457,77.03353759534444
755.1062406335321,299.4007025954768,25.78751873293569,77.02472025831457
755.1025115900336,299.6643881149834,25.794976819932703,77.01506669996078
755.099386364218,299.4752841662606,25.801227271564002,77.00676139402393
755.0962502769754,299.91082162728384,25.807499446049228,76.99836410573984
755.0935070415142,299.810640436093,25.812985916971652,76.99077126181926
755.0902290762829,299.8450159747111,25.819541847434355,76.98154793191627
755.0873014221875,300.1042454729449,25.825397155625144,76.97434741838158
755.0841610890199,300.4966200788203,25.83167782196032,76.96552068387616
755.0811940758381,300.6219192482949,25.837611848323743,76.95731813335821
755.0774056838426,300.6142084447157,25.84518863231474,76.94788848912295
755.0738747118506,300.4496635133046,25.85225057629884,76.93952966558385
755.0710295444477,300.10273033630386,25.857940911104546,76.93212841952582
755.068020774701,300.3437216269216,25.86395845059781,76.92440503600231
755.0650895696097,300.4066765546666,25.869820860780802,76.91635704001268
755.061753204832,300.4652276354076,25.876493590335834,76.90719955332068
755.0587782533007,300.7422069902658,25.882443493398537,76.89973353941258
755.0558009658467,300.42234085557453,25.88839806830648,76.89245268099135
755.0525624622533,300.10813024823597,25.894875075493516,76.88391797878693
755.0498494477642,300.1530662301498,25.90030110447142,76.8773774583286
755.0467102269625,300.06493832382034,25.90657954607481,76.87080277336513
755.043725995199,299.8984539509039,25.912548009601924,76.86321638776256
755.040609492037,300.43668790101214,25.918781015925997,76.8544545956394
755.0371179584597,300.5366436115387,25.925764083080576,76.84577347167486
755.0340137389904,300.47687055034714,25.93197252201918,76.83640347948923
755.03087770542,300.51342157997294,25.938244589160007,76.82847753467766
755.0285050783042,300.49908041754577,25.942989843391697,76.8214571876763
755.0255849968188,300.4149001382903,25.948830006362428,76.81350659599399
755.0229183528945,299.90366581948507,25.954163294210982,76.8054750600357
755.0196119728699,300.15282759279944,25.960776054260027,76.79634319455366
755.0162720762239,300.18968382642583,25.96745584755207,76.78796464503783
755.0137173737328,299.98465502469264,25.97256525253442,76.78063178276784
755.0112035732036,300.31144503871434,25.977592853592785,76.77266774965469
755.0079506324106,300.5052983273214,25.98409873517879,76.76510836134258
755.0053062143294,300.41090390443685,25.98938757134117,76.75896976801803
755.0026425786211,300.3399064212238,25.994714842757702,76.75094292808474
754.9996041346272,300.04407543761204,26.000791730745497,76.74248119182852
754.9962269888812,299.7750362148443,26.007546022237666,76.73434291106095
754.9930705471645,299.28190908516274,26.013858905671032,76.72673328978973
754.9897780342566,299.77850549471486,26.020443931486856,76.71794491538003
754.9866480480762,299.66112616560224,26.02670390384763,76.70982007016818
754.9839548325094,299.71404447146267,26.03209033498116,76.70247642354954
754.9814055055118,299.45781092522793,26.037188988976368,76.69517551637
754.978421987198,300.02104629002747,26.04315602560411,76.68701273488344
754.9752275491112,300.3201148394851,26.049544901777722,76.67804412494749
754.9721547820168,300.40018372693606,26.05569043596645,76.66907183542767
754.9691854924787,300.44805464333865,26.06162901504254,76.66147436459525
754.9662151032095,300.35115646351437,26.06756979358096,76.65435038084485
754.9635183671528,300.452187279519,26.072963265694487,76.64575158259768
754.9608251145404,300.2827033810024,26.078349770919306,76.63783256599028
754.9572176485362,299.6552402101243,26.085564702927595,76.62939375824853
754.9543086767137,299.78255075839127,26.0913826465726,76.6223135230828
754.9509673680781,299.6653711868312,26.0980652638439,76.61405042482514
754.9483148370756,299.73295278784775,26.10337032584875,76.60634631672028
754.9454927622425,299.5349744858452,26.109014475515036,76.59826639881369
754.9426958979885,299.67372801393026,26.114608204023,76.59105442616645
754.9398391789904,299.56318535146744,26.120321642019338,76.58314833201514
754.9370915628605,299.6127179523083,26.125816874279117,76.5750647926069
754.934493206243,299.820381810947,26.131013587514033,76.56856521463453
754.9319663401251,300.28081445100065,26.13606731974991,76.56000826983148
754.929525784156,300.2080567649129,26.140948431687985,76.55315436631793
754.9269224483853,300.7140906322453,26.146155103229322,76.54606123530611
754.9243124272359,300.5200810087599,26.15137514552815,76.53891146257776
754.9218499448006,301.0372673476963,26.156300110398806,76.53172267504776
754.9188984932887,300.8420229680754,26.162203013422754,76.52313550893932
754.9162431899673,300.59919941916166,26.167513620065392,76.51574875061333
754.9134665979144,300.6517815662146,26.173066804171082,76.50765882361341
754.9107591150379,300.2704041433833,26.178481769924193,76.50123378865695
754.9082700157267,300.657665753474,26.183459968546607,76.49478150467843
754.9052842198525,300.6250562476915,26.189431560294874,76.48671893752399
754.9030205323586,300.8589744044177,26.193958935282765,76.47881599442327
754.900498051933,300.6237988161991,26.19900389613386,76.47148431215497
754.8977805289323,300.6894010492963,26.204438942135365,76.46455073959399
754.8949150288778,300.95077203260627,26.210169942244374,76.45647503226284
754.8922691191781,300.81081970748113,26.215461761643912,76.4498163158615
754.889527768021,300.3857688662737,26.22094446395792,76.44285440679622
754.8867539691241,300.295660673645,26.226492061751802,76.43597197601638
754.8843544490826,300.2463449833175,26.23129110183485,76.42913440550566
754.8815975862042,300.19099714586815,26.236804827591563,76.42083655221708
754.8792958755503,299.9755765808241,26.241408248899532,76.41395610203824
754.8766519285363,299.9633114180219,26.246696142927483,76.40608979073939
754.8742589598321,300.00436861349164,26.251482080335798,76.40019539809995
754.8714810077774,300.06756605909067,26.25703798444521,76.39213540376444
754.868710695497,300.37416300668616,26.26257860900596,76.3851823771419
754.866094073106,300.5638149568214,26.26781185378806,76.37740892030138
754.8633486101602,300.3210986335628,26.27330277967966,76.36992015482733
754.8601557683572,300.3686438853641,26.279688463285606,76.36073629091993
754.8577896292632,300.4845650223789,26.284420741473717,76.3536661423729
754.8548496410443,300.8817985099297,26.290300717911354,76.34523410894468
754.8518728361523,300.74854314304355,26.296254327695273,76.33661737222364
754.8487304882707,300.3264372817315,26.3025390234587,76.32858495613009
754.8454284501689,299.91859822787706,26.309143099662204,76.32000187533187
754.8430969030095,299.8112855393216,26.313806193981033,76.31304893754242
754.8402359771057,299.7311482885236,26.319528045788523,76.3060118452481
754.837823541735,300.0445246817781,26.32435291652989,76.30000084331176
754.8348528340662,300.12994858034494,26.330294331867577,76.29195252375531
754.8321769674903,299.85865685624964,26.3356460650194,76.28492046958847
754.8296543698879,300.3414877594557,26.340691260224293,76.27674416017423
754.827244506245,300.34066077125215,26.345510987510007,76.26958432325254
754.8243350433945,300.08726732025855,26.351329913211032,76.2623204435128
754.8221575469333,300.3445055020203,26.3556849061333,76.25660101558587
754.8197092955031,300.39090087988234,26.360581408993852,76.25033111052014
754.8166843573881,300.69597312820116,26.36663128522375,76.24277473100521
754.8145126394071,301.07073438880764,26.370974721185796,76.2367612639762
754.8116577220816,300.9018483672274,26.37668455583689,76.22892537075442
754.8086438715355,301.0790451855125,26.38271225692903,76.22122507114784
754.8057360263315,300.8320274626882,26.388527947336975,76.21377081790959
754.8025696064457,300.4222443051494,26.394860787108748,76.20537515169067
754.799704260624,300.45409179098635,26.400591478751906,76.19746985185492
754.7974015090397,300.4194993274043,26.405196981920717,76.19013811350078
754.7947698602954,300.28456318792,26.410460279409026,76.18243904213332
754.7923896683384,300.0718316709386,26.415220663323165,76.17602917179542
754.7894375531541,299.89800866825226,26.42112489369167,76.16855347521238
754.7866697574717,299.98946090897624,26.42666048505647,76.16050142458487
754.7844379958675,300.0816507455419,26.431124008264998,76.15406976440157
754.7818252463595,299.73255021910484,26.436349507280973,76.14628622483792
754.7795787334971,300.2372155549073,26.440842533005604,76.13999682062797
754.7771690396793,300.04950365452646,26.445661920641484,76.13312605595053
754.774651260643,299.9454108581078,26.450697478713806,76.12662434607925
754.7719352378549,300.2049876220287,26.45612952429028,76.11711926050575
754.7694150989852,300.22809957105113,26.461169802029733,76.11047663893721
754.7669765397162,300.1469391778452,26.466046920567603,76.10385494406972
754.7644144728802,300.05654414766775,26.471171054239754,76.0958089514109
754.7615357402602,300.28299423640874,26.47692851947955,76.08826326540117
754.7589172775592,300.11356853219223,26.482165444881467,76.08115977881461
754.7563304189079,300.1007526300165,26.487339162184398,76.07459209235066
754.7537523476722,300.51609094091134,26.49249530465573,76.06793281646623
754.7511138618617,300.22605431851235,26.497772276276603,76.0611731802904
754.7487696702159,299.94409324108454,26.502460659568268,76.0548913155995
754.7465146721983,300.50296172633637,26.506970655603382,76.04831176239331
754.7442615547909,300.52597371365385,26.511476890418077,76.04277268927596
754.7419169437906,300.49813633309134,26.516166112418787,76.03439901858722
754.7394326548552,300.5017447204545,26.52113469028952,76.02792001245886
754.737252897397,300.74539740089295,26.525494205206112,76.02157832874981
754.7344025164494,300.2809215153,26.531194967101033,76.01364653117191
754.732139842056,299.93665508686325,26.535720315888046,76.00712169790188
754.7295776852897,300.09379292311456,26.540844629420654,75.99945732491403
754.7270202899114,299.68372942316483,26.545959420177216,75.99243433759274
754.7244539161385,299.9830567261807,26.55109216772292,75.9856267936719
754.7218517524682,299.9979712026935,26.556296495063673,75.97859926409163
754.7199167978905,300.20273870864673,26.560166404218958,75.97309207181866
754.7176299809623,300.0373525867946,26.56474003807543,75.96629567481396
754.7149522589643,299.92800830716243,26.570095482071423,75.95967116664215
754.7122804821541,299.914150825501,26.575439035691794,75.9525991828935
754.7099544575357,300.1784981730026,26.58009108492859,75.9468438718738
