1
701.3805,239.7164,32.3619,72.2701
699.3951,239.1783,31.9986,73.8769
695.7388,236.1692,31.2697,74.6930
692.9968,236.0984,31.5111,75.5212
690.2486,235.1573,30.3799,74.7825
687.7275,232.1953,30.4383,72.9844
686.5137,231.1714,29.7081,71.7040
684.6159,231.9100,29.0548,70.6441
682.8112,231.8032,27.4175,69.6852
681.1137,234.6335,27.8363,68.9596
680.0128,238.0400,27.3843,69.7682
678.5731,240.9987,26.6647,69.0909
675.3124,241.3212,26.2420,65.9349
668.7285,243.2412,25.7064,63.3148
665.6495,243.9935,24.6828,61.1975
659.6901,246.0211,24.3735,59.3721
657.9691,245.4241,23.6765,59.2340
655.2399,246.4682,23.1220,57.9411
648.4382,246.3701,22.6906,56.6105
647.5251,246.9328,22.1203,56.5675
645.5952,247.5989,22.0963,56.5084
638.6780,246.7387,22.3113,55.7469
636.4043,245.7189,21.7637,55.9795
634.0532,245.0583,21.6298,55.1872
631.2232,245.4109,21.4905,54.4986
629.0726,244.7724,21.2049,54.0367
621.7280,244.6651,21.5876,52.8447
619.1131,243.9797,22.0423,51.9990
616.0771,244.1626,22.5572,51.1516
613.0551,243.8124,22.7559,50.8947
610.4043,243.9875,22.7807,50.2416
607.5867,243.3905,22.4012,49.9605
604.7126,243.4341,22.2883,49.9069
602.6830,243.3450,21.8281,49.3212
599.8232,242.3229,22.4166,48.4769
597.2199,242.9220,21.9608,47.5154
590.8911,243.3353,21.9689,48.2541
588.9600,243.4205,21.7034,48.4776
586.8959,244.6691,21.1708,48.7704
581.0789,244.0333,21.0057,50.6892
577.9003,244.9052,21.2082,50.3622
574.0225,245.8103,21.6757,50.0738
571.1644,247.0260,21.2647,50.3030
568.3423,245.8935,21.8315,49.7848
566.0701,245.6170,21.5124,51.0058
563.6900,247.3330,21.3482,51.3444
560.4634,249.8756,21.6464,52.4300
553.5178,249.6058,21.9137,54.4755
550.8267,250.6649,22.6340,54.6904
548.7412,249.4694,22.7247,55.7265
546.7949,249.3837,23.0965,56.9517
545.6521,248.0866,23.5920,58.0890
543.9352,246.4736,24.5517,59.0935
542.7092,245.0931,24.2030,59.5914
541.2529,243.1244,24.8491,60.0545
539.8561,242.1737,25.3912,59.8816
539.4532,243.2261,25.4147,60.3897
538.1633,244.5908,25.4301,59.8526
536.7214,244.7813,26.0874,60.0660
536.9583,244.7010,26.3681,61.3603
536.7057,242.4708,26.1034,63.2833
537.0208,241.6044,25.9922,65.3906
536.3506,240.9455,26.2758,66.7382
535.4415,238.2096,26.0035,67.6804
535.8864,237.5522,26.4645,68.3583
536.1320,237.2150,26.2467,68.4774
535.3548,237.9009,26.6819,68.2643
534.8089,236.8827,27.0279,67.7909
533.8998,236.7447,27.4535,67.8497
533.7310,235.5721,28.3134,67.4560
533.2736,235.4919,27.9820,68.0863
532.0382,235.0326,27.0432,67.7820
527.0409,237.9759,25.6549,65.6161
527.6718,238.2216,24.4306,63.3989
528.2344,239.7631,24.0763,61.3251
530.1539,242.1132,23.7261,59.0324
530.5507,241.4125,23.3109,58.1653
531.5616,241.9648,22.8157,57.1438
534.9236,240.5561,20.1191,57.8879
537.4924,240.6907,20.0192,55.8654
539.4327,239.7021,18.8503,55.7593
540.9099,240.3672,18.1179,56.8162
542.4695,240.3487,17.8256,56.3211
547.4516,239.4172,17.5419,55.3998
549.4005,239.7464,17.4575,54.4782
551.1394,239.6772,17.2505,53.2498
552.6758,239.0588,16.9964,52.8008
558.0712,241.4828,17.3741,49.7415
559.2407,243.7050,17.0734,48.3265
564.1417,244.9615,16.7556,48.0110
565.4585,245.8758,16.9563,47.0753
570.1869,244.6898,16.2758,46.9774
573.9410,242.3522,15.9995,47.6353
577.8167,242.2927,15.8992,47.2045
578.9664,243.4312,15.9892,46.4386
580.1695,242.3239,15.8601,47.9421
580.7622,240.9572,15.7301,48.1934
584.7546,239.6494,16.4837,47.6721
585.1260,240.0623,16.6289,46.9071
588.6631,238.8924,16.6687,47.9063
589.2129,241.4679,16.5958,48.2837
593.3479,241.5891,16.7119,48.0811
593.6541,242.9297,16.6573,48.1949
594.6934,243.0971,16.7467,48.5144
595.6248,243.2309,16.6677,49.4156
596.7324,243.6308,16.6302,48.9843
597.5545,242.6284,16.8890,48.6128
599.0476,245.5897,17.1077,48.1591
599.9263,244.0341,16.9608,48.2015
600.8522,243.8123,16.7245,47.5177
601.7938,242.2280,16.6626,48.0363
606.1730,240.9443,17.2727,49.0050
606.1384,239.2521,17.1467,50.6811
606.3403,238.4945,17.4721,52.2711
606.3691,235.8349,16.6193,54.1409
601.3216,234.4362,16.5704,54.3488
595.8968,231.7537,16.4847,55.0115
590.3692,231.5112,16.6285,54.8262
584.9790,231.4187,16.7555,54.1977
579.1087,230.6563,16.7603,53.6052
573.7935,230.4910,16.3481,53.2263
564.4238,232.5058,16.1266,53.3091
558.6315,233.3611,16.1149,52.5505
548.2471,233.2808,16.7579,51.7212
541.7280,232.8195,16.8241,51.2302
531.3726,231.9098,17.4025,50.5338
524.9083,230.7994,17.7983,49.3384
519.7274,231.0908,17.0391,48.2909
514.9699,231.2482,16.5388,46.7862
506.9481,229.6618,16.6261,44.2195
501.9926,231.6133,17.4910,41.1719
489.8634,233.5877,17.7777,39.3311
478.2200,238.5988,17.7868,37.5792
466.4273,242.5125,17.1003,35.8108
454.8159,244.0104,16.6487,34.9851
440.9183,246.4880,16.5014,34.3650
430.5025,247.5202,15.9004,33.3621
2
0
0
0
0
1
300.2372,256.7444,22.7423,35.3705
281.0905,256.0920,21.2973,36.7837
261.5161,257.6409,20.4886,38.0272
241.2211,257.6701,20.3924,38.1476
220.7998,260.5830,20.1337,38.6897
204.7155,261.3145,20.3554,38.7810
188.9053,262.0775,20.2526,39.5032
173.6124,261.3617,19.9130,39.6552
161.8101,260.1510,19.8082,39.2184
149.9012,259.8617,19.5282,38.7450
141.6057,260.4362,19.9531,37.0577
126.7683,262.8383,20.0341,36.2267
116.2907,265.3889,19.8907,35.6141
103.4345,265.3834,23.4013,32.2500
96.2842,265.9634,25.5485,31.0914
92.7222,267.3236,27.0247,30.7948
90.1543,269.5674,27.4652,31.3252
86.4840,268.3961,28.3201,31.9759
86.0937,271.0374,29.4752,32.7957
86.1538,272.4055,29.7625,34.8280
87.4170,269.7337,29.4968,37.0300
92.2993,271.4320,30.5356,38.1801
93.8979,272.7605,32.1830,38.5458
95.2730,274.3859,32.8168,39.6604
95.0468,275.9368,33.5547,39.6095
94.4714,277.2893,34.3588,39.6792
94.2608,274.5636,34.6082,39.9166
94.0215,275.4236,35.3227,39.7631
93.8339,276.5874,35.3241,40.6245
94.2831,278.1204,35.2186,41.8171
95.3818,278.6851,35.5198,43.4658
100.8024,279.9421,36.0095,44.6199
105.6994,281.2586,37.0009,45.8363
110.5954,279.1672,38.3692,45.6877
116.8745,277.0203,39.0647,45.8531
123.3150,277.7237,39.1581,46.5025
129.8782,275.4460,40.8946,45.6008
137.7216,272.5909,41.9716,45.3065
151.5555,273.9030,41.6112,45.2701
160.0749,270.3027,42.3467,45.1640
172.3582,272.1384,42.5009,45.5795
179.3094,267.9557,42.7535,45.6768
185.1866,269.3185,43.5178,46.4968
190.5627,269.8079,44.2352,46.8304
196.8473,271.1315,44.9423,47.8004
203.1324,266.9886,45.9040,47.1041
207.9321,269.1622,47.4047,47.4297
219.0443,271.4784,46.9535,49.4968
228.0665,271.7299,42.0895,56.0682
237.7542,269.9753,38.9889,59.9680
247.2484,269.9023,36.4009,63.3975
255.7592,269.0032,34.9866,64.3212
264.8234,265.7398,33.0421,65.0024
272.5637,267.2699,32.5168,64.1043
281.2346,266.9892,31.9780,63.3320
289.7514,267.1923,31.9354,62.3589
297.9534,267.0237,32.2823,60.7541
305.8333,266.8021,31.7345,59.7529
314.0709,266.9717,31.0080,58.7533
322.7162,267.0329,29.7386,59.7692
330.9244,266.3925,28.7901,60.4819
339.0016,263.9686,27.3598,61.7329
346.1591,262.9111,26.3265,61.9892
353.8897,261.6029,26.4371,61.0975
361.1609,260.6342,26.7404,61.0102
368.3237,261.1252,27.5580,59.8289
375.2198,261.3303,28.5643,59.0803
382.0529,260.4234,29.0030,58.3079
383.9747,261.7456,29.9644,56.4594
391.0195,262.6839,29.6150,56.4607
398.5263,264.4255,30.1389,54.9713
406.4533,264.5373,29.5575,54.9703
414.1092,265.1167,29.9328,54.0133
421.8168,265.3127,29.8060,53.2394
429.5890,265.8174,30.2356,52.4388
436.9505,266.4097,29.9077,52.4684
447.8173,267.9161,30.1309,53.0794
453.8316,268.4760,29.8275,52.6655
460.5010,269.5692,29.4134,53.0085
466.6515,271.4467,29.2568,53.1689
472.5300,272.9527,29.1656,53.5477
478.3132,274.6132,28.1116,55.5196
479.9363,273.1411,27.4756,55.6985
482.2381,272.6051,27.0013,56.3089
487.5237,272.8006,25.9716,57.1949
489.1007,271.5705,26.2353,57.7645
490.6670,271.1565,26.4838,58.4847
494.4303,271.7294,26.6249,59.3928
493.2059,271.6280,26.6362,59.4048
492.9607,267.8907,26.7907,60.7083
492.2930,268.1370,26.8843,60.3935
493.1814,260.8432,26.5467,62.2818
495.1391,261.0134,25.8116,64.6572
496.3005,262.1617,25.8313,64.0686
498.0243,264.9060,24.9404,65.2928
499.4011,265.1374,25.3442,64.9485
499.7002,264.6750,25.1432,66.4579
498.4662,264.2896,24.2624,67.2662
491.5681,265.2055,24.0826,66.3378
479.5548,265.1560,23.7617,65.7372
467.3089,265.6024,23.6539,64.5754
450.1183,262.4727,23.3305,64.3944
437.8324,259.0494,22.4475,63.7323
421.8589,260.8643,21.6078,63.5468
410.4723,262.3496,21.0032,63.0372
394.1512,264.2787,20.9343,63.0780
382.2568,266.2098,21.0437,61.6955
365.7707,268.6333,21.3165,61.6819
354.0303,270.3608,21.4489,61.8359
342.3851,271.8774,21.8523,60.6893
331.7011,272.9395,21.2590,60.5596
320.5218,274.6855,21.1611,60.0918
314.6064,275.6436,20.3575,60.1974
303.7443,277.1797,20.3925,60.1225
297.6359,275.2227,20.7589,62.0579
291.4146,277.9928,21.5244,62.8940
285.2421,277.2734,22.0046,63.0408
279.0246,280.4398,21.9973,63.9227
272.0883,284.7189,22.6912,64.5303
265.1583,287.8372,22.8616,65.1309
259.1493,290.6993,23.2701,64.9688
254.2855,292.5428,22.2575,66.0118
243.7938,295.9977,22.5239,65.4653
238.9505,297.5107,21.4749,66.7269
227.0259,296.6572,21.7591,65.4725
216.1420,297.3932,22.4642,63.6200
199.4077,299.8949,23.1859,62.2917
187.3375,296.5095,22.7451,62.6713
175.7084,294.2583,23.0077,61.2138
170.2792,298.2238,22.1666,62.1393
170.5200,295.1435,21.4270,62.1912
175.6320,292.8480,21.0247,61.1046
180.4939,294.8300,22.0720,58.7977
184.1640,293.4710,23.7957,55.2288
180.5541,297.3383,29.9543,49.1081
181.2104,296.7195,28.9802,49.4933
187.2883,288.8280,28.8726,49.2032
198.1331,293.0138,31.6470,46.4606
200.0993,294.6052,29.0674,49.0899
208.2982,300.1380,24.6846,54.8242
215.5745,304.5600,23.3120,57.3695
225.4107,309.1187,24.0618,57.5099
231.3923,307.5711,23.8933,57.5416
231.9320,310.6513,23.2763,57.1526
232.6219,307.0490,24.6864,55.7186
238.3496,304.1807,25.9952,54.6114
244.0210,300.7988,26.8724,54.3284
244.9084,299.3958,27.8517,54.0152
249.9414,302.0155,28.5936,55.9692
254.2123,299.7139,29.5802,57.7944
259.7412,300.2300,30.3911,59.7501
264.9746,298.3255,30.5953,62.2387
266.1324,299.8219,31.6441,63.5337
269.3335,300.3847,31.4902,64.9810
277.9333,297.6992,31.5403,65.1430
285.9414,298.9404,31.6430,64.9733
293.1898,299.5049,31.3162,65.3325
299.7394,299.0363,32.1078,64.2056
301.5925,300.2262,33.4542,62.6381
309.5544,300.6184,32.5323,62.8635
317.3159,300.8908,32.6523,61.2307
323.5325,301.0772,32.6092,60.4075
330.1866,300.9601,32.6351,59.8792
336.5913,300.3601,32.8749,59.9349
344.5652,299.5705,33.2743,59.8292
351.1488,298.3590,33.4292,60.7256
356.5928,297.0762,33.6814,60.8247
358.7293,299.0251,32.8599,62.5853
360.3668,299.4328,31.3451,63.4491
361.5855,301.0184,30.1711,63.8277
367.5424,301.2681,30.2771,61.9717
368.8605,298.7068,27.4941,64.7090
370.0197,299.7502,25.5308,66.2804
370.2819,302.2446,23.9412,68.5524
374.9899,301.8247,24.3112,67.4165
380.1978,301.7972,24.1410,67.1383
385.1804,296.8416,23.9652,67.0601
372.5114,308.0630,25.8865,64.1822
371.6196,313.9699,27.9491,61.1221
376.7021,323.2251,29.1166,59.2768
376.5488,319.4981,30.3415,58.1658
382.0536,320.0601,31.1440,57.0151
382.9729,316.7741,31.2005,57.1573
2
0
0
0
0
1
395.9537,286.2007,16.1237,18.8614
395.6330,285.4829,15.8507,19.0077
396.1720,285.7190,15.8902,18.4017
397.1913,286.0160,16.7125,17.7712
397.9164,287.1856,17.2964,17.7707
396.7578,290.2716,17.2722,17.8961
399.7915,294.9793,17.2818,18.2952
400.4111,298.2714,16.9164,18.7762
398.7810,297.8600,14.0849,21.8040
403.9532,302.9533,12.9070,22.4362
2
0
0
0
0
1
364.5965,296.9713,21.3801,36.8650
362.9671,298.2019,20.9918,37.9619
361.0397,298.8749,20.7155,38.0521
359.5919,297.5309,20.3688,37.6929
354.5099,295.3915,19.8212,37.7890
352.4076,291.8140,19.6924,37.4636
346.3877,293.4981,20.0623,36.0463
332.2206,289.4932,22.5629,32.1383
322.6093,283.7219,24.2512,29.9606
310.4703,284.6999,24.9168,28.8895
298.2856,286.1535,25.0694,28.5663
286.0327,291.0978,25.3813,27.7423
270.2278,295.0906,25.0489,27.3460
263.1715,297.7477,24.5306,27.5224
253.5063,298.2948,21.3401,30.5597
249.5869,295.4164,18.9548,32.2038
244.3578,291.3544,16.3711,35.1788
233.4240,299.2658,16.9909,34.8068
225.8891,300.5482,16.9681,34.7729
2
0
0
0
0
1
147.3482,297.5567,35.9672,39.2818
146.0688,296.3689,35.2586,39.1723
144.1355,295.7346,34.6471,38.3690
143.8628,295.4367,34.4901,37.0184
142.4294,295.2622,33.8798,37.1602
141.8940,295.3409,34.0183,36.8112
140.8168,295.5186,33.9414,36.1397
142.7365,296.7138,34.0687,36.1631
143.0067,297.4565,34.4757,36.9523
143.2197,296.9883,34.9015,37.6711
141.9733,296.2925,34.3387,39.0329
139.7045,295.1680,34.3182,40.4607
138.8890,293.7971,33.2326,42.0349
136.5685,292.5829,28.5520,47.7294
138.1745,291.9385,25.5389,50.8866
138.5500,292.2932,24.4314,52.6341
138.9156,291.3349,23.9375,53.2834
138.1120,288.1661,23.7174,53.7114
132.5251,285.9476,23.7839,53.4356
131.7680,283.7439,24.2949,52.8024
135.5284,281.8492,24.6074,51.2945
135.6752,280.2398,24.4994,50.2365
135.7042,283.9592,24.0295,50.6912
135.4240,284.6235,24.1677,50.2204
134.1686,285.1879,24.1387,50.7183
132.6609,288.2488,23.1685,51.7839
131.4594,286.5302,22.9688,50.8681
131.7664,285.4704,22.7813,50.1336
