1
651.9210,274.5921,25.2466,137.7550
652.1371,279.5065,26.4983,136.8892
654.3957,279.3786,27.8529,136.8878
654.7574,282.3519,28.0770,137.5525
651.0147,285.0988,28.4545,137.7455
646.0295,287.4770,29.0960,138.2375
643.8459,287.4473,29.4417,138.1038
646.4194,285.6009,30.0020,140.3911
646.8544,286.1512,30.1741,142.6106
644.6508,285.5135,31.4180,145.5383
641.2604,285.8003,32.5156,148.5968
637.8037,290.6751,31.8346,150.4971
634.9680,299.0759,31.9159,152.7904
631.9412,306.5788,32.7964,151.1193
628.7234,308.3953,32.9623,149.3850
628.2406,309.9968,31.9485,147.0536
630.8184,306.2221,31.6349,145.4898
634.5394,300.7153,31.5108,145.4417
638.2931,297.6237,30.9763,144.8633
637.7588,299.6822,30.2408,143.0423
634.2258,302.6475,30.5799,141.2714
633.7952,304.1674,30.0237,139.3071
645.5988,301.2640,29.7678,138.3159
649.8234,301.2869,29.2799,139.0570
649.5457,300.7507,28.8257,138.5529
650.5189,298.3376,28.6728,138.9838
652.1200,298.3402,28.2182,138.9840
653.5665,294.9766,28.0670,138.8603
655.8290,289.3999,28.3798,138.3090
658.1010,283.6091,28.8590,138.7348
659.7183,280.4272,29.4903,139.0473
661.4752,275.0876,29.9416,140.3914
664.3530,268.5775,30.3320,140.7578
664.9327,263.3903,30.6287,141.6868
660.5131,259.6379,30.9286,142.1942
655.8064,257.2084,31.0970,141.9259
651.3754,255.2990,30.5035,141.3962
648.5286,250.0128,29.9151,142.4197
647.7050,248.4450,29.3456,142.6798
644.2456,247.3559,28.9382,141.9926
640.3195,246.2671,28.6492,141.4888
634.7467,247.6009,29.0472,142.0921
622.0172,249.3311,28.8613,141.2925
625.2941,246.2591,30.3989,139.8456
637.5551,237.3044,30.2852,140.3687
639.4819,235.0437,29.3710,140.3402
635.6693,233.7955,29.1023,140.1573
632.8980,236.1848,28.8623,138.1926
635.3321,236.6866,29.5793,137.7759
639.5353,238.0037,30.6779,136.8054
644.3326,238.6503,31.0938,135.6829
646.9150,237.7947,31.8577,134.7289
646.8781,237.5513,32.5812,134.7393
646.2634,237.7349,32.7963,134.4997
645.2963,235.4855,33.8580,133.2887
645.8240,234.5371,34.1261,133.5483
648.8748,235.8890,34.5437,132.9906
651.4744,234.9069,35.6258,132.3927
653.8885,233.5079,35.8360,134.1249
656.7528,235.1557,35.3394,135.0535
660.0649,233.6549,35.7537,136.4760
663.3987,230.4998,35.9741,137.8336
667.0346,228.4653,35.5722,138.9040
670.6534,227.7282,34.9534,139.0730
674.6603,228.5830,34.3193,138.3557
679.0128,227.5045,33.5668,138.7948
692.1596,225.7052,31.7106,140.7203
695.1547,222.4574,30.7675,142.1064
697.5091,220.4317,30.2778,142.1214
700.2762,220.3504,29.7291,141.6317
700.3680,217.6021,29.4023,141.4422
699.4132,213.5887,29.5176,142.0131
701.4559,209.7543,29.5697,141.2527
703.1096,205.5235,29.6134,141.4678
705.0972,204.3715,29.2462,140.7384
706.7665,202.8491,29.1041,140.4721
707.3695,198.9615,29.0370,139.2533
708.4682,195.6084,29.0597,138.2692
711.8167,197.5789,29.2993,136.3488
716.0925,198.9704,30.5956,133.4863
738.2072,197.9999,30.9438,131.8944
750.8904,194.3737,31.5917,132.1944
756.3710,189.9111,30.9869,131.8214
753.6958,191.0908,30.4274,132.0987
750.4719,199.3736,30.3882,132.6128
750.7680,205.6640,31.1342,134.5564
754.9917,210.6766,31.6460,134.9438
754.5494,212.8928,31.9093,135.9109
752.3795,218.6360,31.3581,135.2716
751.2562,219.4293,31.1999,134.6817
748.1946,220.3693,30.8205,134.5926
745.3006,223.4622,30.4969,134.3104
743.5063,226.6358,30.3902,133.9517
742.2089,224.8565,30.2789,133.5927
744.5271,222.7701,30.4160,134.1442
743.6226,216.7166,31.0190,134.3246
733.7310,212.9181,30.8967,134.3595
734.1787,211.3914,31.0593,134.6865
738.6315,209.5935,31.2380,135.2428
742.3034,206.2941,31.1397,134.9398
745.7023,202.4191,30.7864,134.6055
746.5836,196.6486,30.6244,133.9681
746.2288,194.0806,30.1453,133.1201
748.1332,192.2532,30.2801,134.6616
752.7940,190.9710,30.1167,134.9186
756.9380,191.2567,29.9821,135.3905
756.8507,191.7163,29.5843,135.1888
756.2293,189.3873,29.5322,134.3208
759.6508,188.0004,29.3323,133.3407
763.5483,188.3768,29.2666,132.2895
766.8306,190.9450,29.1682,131.5355
767.5367,194.7090,28.7284,129.2433
768.7921,199.1397,28.2934,126.0009
772.0870,198.8764,28.3492,123.0928
774.1501,197.9419,28.6199,122.1202
771.4711,196.6198,28.3210,121.7965
768.9219,197.6851,28.5546,121.4987
767.6534,200.6767,28.9258,122.9712
766.6133,202.1527,29.4049,125.0507
764.8829,200.1690,29.1817,124.1313
766.0980,196.4057,28.8326,123.2718
769.0789,191.7743,29.3222,124.8571
772.7092,193.2299,31.2977,124.3266
774.8299,197.6163,30.9088,128.3106
774.3903,199.4290,32.1294,130.8651
775.5843,201.2122,32.7874,132.5354
777.4969,202.5713,33.6170,135.0635
777.0620,205.0826,32.8009,135.1259
775.7211,209.1413,31.8243,137.8903
775.1088,210.7702,31.1207,138.3054
777.5542,210.6494,30.7876,137.6242
778.4724,211.5676,30.7123,138.4754
778.8721,210.4218,31.7667,139.3120
781.1816,205.4807,32.2713,139.7646
793.3750,205.5502,32.2471,140.4660
804.7631,203.6098,32.0359,140.5887
817.1060,201.4638,31.8423,139.9117
821.6140,202.1067,32.5184,138.7018
823.2319,206.0917,34.5374,141.3025
835.4211,210.6651,37.5478,140.4723
858.4875,206.4714,36.6304,142.9868
870.9807,200.9605,37.1231,146.0178
883.2408,193.3351,36.9832,149.7823
887.1084,189.7014,36.5185,153.5173
888.3638,188.6268,36.3709,160.1333
884.9554,184.1082,36.6491,167.8081
881.3424,180.4197,37.8323,174.2488
879.2875,179.6633,38.3261,176.4418
876.5037,175.8688,39.6381,176.6356
876.0291,170.4223,40.6775,178.3468
874.9239,172.3370,41.2568,179.9916
871.8885,173.7328,41.1778,181.9242
869.8583,173.3036,40.8885,186.4614
868.7823,173.2674,41.4918,188.9677
870.7303,176.0443,41.1331,189.8538
872.8461,180.9973,41.2456,189.2842
871.1959,193.3650,42.5016,187.6751
868.5775,203.4217,43.2250,186.0119
864.1795,213.7313,44.9855,182.3228
859.1557,225.3417,46.6092,173.9057
858.6100,231.6568,45.7834,168.4441
859.6534,237.0747,47.1165,157.9917
842.3767,242.2776,56.5205,142.3185
842.8522,239.1667,57.9256,137.5776
854.7109,231.9372,57.4880,138.2135
855.6693,236.8776,56.9576,137.8399
859.9305,238.7163,51.5082,146.2679
865.8207,238.2435,45.9995,153.2148
881.7944,235.4883,42.0340,156.5677
884.3403,239.8299,40.1687,155.1752
885.4987,247.6490,39.5294,151.4809
886.4805,251.9362,38.3295,150.4078
887.4098,245.3899,38.0048,150.0218
889.1205,244.0044,36.7418,145.1096
867.1942,228.1361,36.9099,141.2254
863.9553,225.6818,41.4845,132.9579
899.8890,233.5525,37.8096,133.6565
2
0
0
0
0
1
754.0491,220.3861,218.8296,130.5900
775.4635,216.6879,191.9489,152.1384
825.8937,227.0876,176.2713,170.3534
844.3519,218.4830,144.7115,204.6560
858.0706,248.6879,129.1706,211.1731
861.6109,266.2575,122.0288,212.0836
862.6384,273.5927,114.8995,213.7421
849.6519,274.2007,120.2672,206.7357
836.2438,278.1235,126.5507,194.5009
819.5676,284.8850,135.9534,188.0242
769.9509,290.1419,149.4362,181.6296
759.3557,293.1272,121.5431,228.9250
750.7450,262.6642,98.8245,268.4314
734.7462,232.1933,88.5943,293.5591
702.3651,200.6593,104.3917,287.4226
656.2247,187.3228,135.0432,254.9585
629.0911,186.0042,167.6183,220.9276
602.5429,189.8987,192.6062,194.7391
571.8280,182.8313,225.8311,160.3129
546.7259,206.3037,215.5883,168.0769
529.7760,205.6532,203.1909,168.5202
535.4916,218.2644,189.7939,175.8209
542.2270,215.9712,176.9998,182.3167
543.0116,235.2596,171.1900,188.9481
551.8325,263.0602,145.5911,213.2799
578.9002,274.9162,133.9648,222.8189
604.8671,263.3763,117.9921,244.6658
603.9544,272.0933,116.6699,242.9357
622.0175,278.1018,123.1933,237.0565
619.7068,281.5393,129.3373,231.0887
609.4404,282.2846,151.3605,207.4272
610.3871,285.3518,164.6035,190.7092
606.6444,284.1625,169.8966,177.8885
623.0223,261.0940,176.5008,180.6302
639.3655,236.9256,174.6086,187.6169
635.1299,237.4582,170.1123,193.6390
641.9835,240.2585,148.1748,223.2727
650.1574,227.6860,133.2827,251.6623
631.6022,213.5815,125.0624,266.7294
636.6000,181.8900,108.2432,310.5523
635.0881,157.8303,100.1162,344.3722
629.9638,152.0709,99.0006,358.7213
604.8117,170.4155,98.5684,372.6490
601.2001,159.7003,101.1984,386.2348
597.4780,174.5874,104.1857,389.0917
592.1046,166.9799,106.3192,394.5910
589.0963,202.3684,110.1766,390.2593
586.1176,201.0586,110.6023,394.3531
582.8174,197.0552,109.7906,403.2171
575.7635,206.8041,110.4382,400.7420
563.0403,209.7539,115.3139,393.5981
553.7823,210.9713,118.7214,389.7273
574.8736,236.8301,120.1133,384.2747
570.4789,235.7248,116.9788,388.0726
570.4418,225.7639,112.7558,395.7198
571.0776,212.8631,109.1638,402.8250
