82.5,218.5,69,73
82.62498861396625,219.93134002579689,68.68107706617684,73.16831102582933
86.62876468407681,221.14826226959883,68.76758010173697,72.9827189300406
89.7778625626556,222.4007387722824,68.99015727853936,72.86280191634219
94.42470504910216,222.63641121636678,69.24331869541676,72.7118617663612
100.45455633008334,223.6467079048541,69.41599986148174,72.62168461577359
103.46513628842801,223.87891648342654,69.5410959147936,72.63802845020207
109.46106730900516,224.72786447728018,69.54245897129555,72.680769168847
113.18916496678494,225.40337717101156,69.53622007281975,72.69396118193511
116.49390049540719,229.42241512083635,69.51727988792022,72.70121056152136
121.53292050072638,229.86304979704892,69.44771994930332,72.74604039027142
124.47499946213895,231.9297894045818,69.39382897899283,72.7889179676556
128.06151104434616,232.21327915999444,69.39800040991534,72.78814026289874
133.74079261927838,232.71314001810708,69.38326164664755,72.76349563932104
138.91576884723423,233.87058132598867,69.31021997259623,72.78368530253431
142.72441476184127,234.32653801798736,69.20709831321243,72.80548589110543
147.10536503516198,233.48027525847073,69.15809125259395,72.83059495677722
154.93991720132567,234.15234750065687,69.12903780832809,72.82146207385294
158.28247906821431,235.73692427857023,69.13685812438602,72.78395062122144
166.27327826316082,236.01769536507052,68.86184943328452,72.81964806175387
170.4262824824563,236.861653709682,68.57872822461303,72.9881198221998
174.53564831910725,237.45326370535537,68.27589105967293,73.22718932155281
178.54461873939857,236.7326199593402,67.98735705273899,73.3889304335401
182.30960572029625,238.62802087181302,67.59309571453977,73.52961259258804
187.352850006653,239.30866388714463,67.28304299387707,73.65389103221591
190.7191681074042,240.89082478198878,66.9932664420329,73.71314626508016
194.29175969903702,241.38229942256342,66.73046279062757,73.79865685236196
197.99366407404364,241.83560540499866,66.49303587655187,73.84717832560182
201.45704929027573,242.57041419815454,66.44290385656326,73.82331502891714
205.15297289935967,241.4700089900275,66.49071432653624,73.72867380408844
208.97281675407544,241.74560538561718,66.51639374356955,73.63235448536126
212.8608530523618,239.63877690422711,66.542193877252,73.59281139397267
216.7095302405187,240.00730447691922,66.57691566899845,73.62335463916772
220.74443139501165,238.70573580235035,66.57039346560342,73.77283173859534
222.31154812021742,239.35463901839478,66.64429848107319,73.91705299453295
226.0007541368156,239.91765312060724,66.69548334881675,74.07232628852107
229.06959995772655,240.11215436495934,66.67969083495504,74.26414698287657
232.66614600856354,240.15146646198383,66.64697385153673,74.4750001371552
235.6125295130007,239.64098574509006,66.67143935609013,74.70658292790687
238.52014845666983,239.19838727465338,66.70005446557803,74.86284933584794
241.2414858693139,238.56702964285972,66.74117862100279,75.07841064969773
243.05860322366277,239.5914889509946,66.80512935618322,75.35347355694175
245.14885976291225,240.76526559433094,66.8177129154101,75.62688575107354
248.83374068759383,242.3528563997647,66.6345946665108,75.84559952785555
250.36910739280634,241.46832750315235,66.34522975011959,76.10998848925496
252.0557293978962,243.32001702183186,66.23152796673129,76.20798054946069
253.27906977054752,246.936774624974,66.21863480573342,76.21668908280041
255.48535786426572,244.81368611466252,66.2165386407274,76.21772602773979
250.8837640861163,244.7292039617022,66.21673566510492,76.21522319334345
246.7368225296373,242.99172627951498,66.21958217222794,76.20228521474608
243.3958376966274,240.82455959248117,66.21935903581851,76.19577538813012
242.10486854455962,243.24749340683422,66.21986738161057,76.19159925341202
243.61106398590562,245.9359379051778,66.21898615582472,76.18596803870727
244.66448787569328,246.84829682265,66.21815358163268,76.18233494154057
248.25811140830203,247.79655553533283,66.21771939407022,76.17756618293828
250.15211855582365,248.9006117563588,66.22000379935962,76.1757494695698
249.47841634505517,250.24702880668258,66.2232414652203,76.17498036945628
247.88815494182194,248.1382272086945,66.22499802107646,76.1763317153043
245.20327551287872,245.05237599541354,66.22827605163134,76.1755373462119
242.57811270098998,245.97880358749308,66.23218558348988,76.17917313171074
238.10614840079546,243.23121705402275,66.2335787834883,76.18372701606472
232.8514468933217,239.544574550414,66.23630798556955,76.18672031338228
228.5103195099407,237.3929950768095,66.24052987727057,76.19382680468918
224.91372944254925,236.20723906413943,66.24115458450217,76.1996440687531
220.5591819997276,235.8878806362476,66.24128416863181,76.20300110083305
216.17495838085372,235.70842972611527,66.24023448865493,76.2046215342454
211.77710686071612,234.61185174023285,66.23429129632518,76.20417327512952
208.12609083559076,233.32990394511026,66.23210791536253,76.20390875680839
202.9053686913838,231.35779267944818,66.23373191416461,76.20335975988853
197.41472269092148,226.5088964005725,66.2310818832289,76.20458192121659
192.19990734886338,222.47766285882284,66.23030885793348,76.20401780812166
188.8691672101691,218.90230038215878,66.23033255039162,76.20172237952224
184.09247817466445,215.71410822240517,66.23096098761187,76.20086461071159
176.96395300678847,213.3382579603903,66.22973819866903,76.20162099716813
171.63478500504937,213.5844573657776,66.22791318377561,76.2031760104368
166.36279961004897,214.33031522485933,66.22548771828326,76.20478039973334
161.49565079683939,215.05173836763691,66.22573650131864,76.20491273470738
156.98256825914183,216.20057863601497,66.22579092760485,76.20659819526573
153.38390594426582,216.39013115071523,66.22389919154266,76.20822817577384
149.7585448108115,217.37409687366218,66.22296111146645,76.21054590590535
144.51388076950093,218.81296655362868,66.2250741519733,76.2120873515601
138.0506541338088,220.37518976436095,66.22953130671945,76.2119879016074
134.69614180349325,220.5850010661152,66.23085619165471,76.21107997042594
131.8236113183468,221.9097884754383,66.2307065143646,76.21495993235837
130.6822147039116,221.86552141064638,66.23068237949602,76.21952330660353
127.37534337029041,222.06844425701627,66.22954400807258,76.22042206419454
125.51996465327124,222.27024536988856,66.21926143165864,76.22903513090371
125.94312872642149,222.16691182645144,66.20482029211779,76.24301139827604
125.85493616016296,221.36543761375216,66.1917124241275,76.258707922048
124.97121362512637,221.72850755629037,66.17450931419276,76.27985435670429
122.19279068106886,223.417115907761,66.15866996060855,76.29719751399253
120.11986578142066,225.28935533059447,66.12710581947528,76.34058859859287
118.92097322472237,225.65163435514833,66.07373956186964,76.40239915795989
117.18157794791568,223.40671910764033,65.98118240201255,76.52134523448836
104.4742627459384,217.03326408836938,65.9316251838968,76.48820785634325
90.8646932052217,213.33501257639332,66.04223231342591,76.35785779573115
88.43467381904193,213.97491120744905,66.3337743816839,76.19284155569152
98.24872992503767,214.15409409997642,66.33894197010747,76.16664315764547
101.7154577634101,214.44512799758976,66.34035605959795,76.16599065801968
