450.5,91.5,31,37
444.61656225352,98.3149845304606,32.79225467386823,34.723456918693046
438.8836557091788,103.33431014040491,33.47663656443042,33.52198583643873
434.81869697137427,106.77874603391957,33.93850232037408,32.457783887361046
431.5782629867439,111.66303368438051,34.106545086692904,31.975835402235063
424.81942271457336,112.89801154408421,34.45512582329464,31.10495654993124
422.0494876759725,114.0328166147875,34.470290967329944,31.0572194534923
416.2552429685185,115.2957656899273,34.510150621495775,30.933824078405
413.31290596433973,116.65064170237348,34.5138799010019,30.928103520950373
409.87170062236135,118.25823998025741,34.514251991666484,30.927615293429568
407.31656447698543,119.16427845235079,34.70681636234382,30.66606782922329
401.79209722190535,122.28164608983018,35.6547119397037,28.81825396005674
397.84633586377424,124.93040511556002,36.064463663686844,27.073172021954605
397.8920013551436,129.62695179914877,36.03765812873402,25.62781730223805
397.4799914202374,132.95946721439137,35.98753898764011,25.540945327191107
397.48295477398426,132.68497697408077,35.80963152660546,25.298290234901977
397.32257021922965,133.56658480089206,35.49358860484565,25.171956767215338
396.7403702876312,137.74233722905228,35.453068533769745,25.14865892688614
396.1477349017926,141.32211444264786,35.35448529772595,24.95426773059098
392.90469358296986,146.01006256306016,35.276420939827034,23.950820410969996
390.6622140049798,147.94988309840843,35.82020344289885,22.955762575060398
393.04120866417765,151.76663709478558,35.84810661107547,22.91162054147359
390.37701516379934,152.9385113223831,35.848159280319635,22.911551037541965
388.77142746683813,153.08889083190775,35.846794524553324,22.910945780594833
389.3297772904231,153.69757931946813,35.84674438585955,22.910909274834385
388.0405389828032,154.76158229319725,35.84674910206688,22.91090120258982
386.3334402709427,154.92342370875994,35.8467497961278,22.910898235871027
385.07248806199595,154.60540980089303,35.84675046074068,22.910896331298428
384.5978504298801,154.37015492949038,35.846754344071016,22.91089147859513
385.66886266019924,153.30295475887402,35.84676059937513,22.910869279163215
382.2748392354146,147.16822498091574,35.608274322113324,22.691438187191604
379.44810018287353,147.71630363755207,35.59989959058661,22.667987334871682
378.43813292629005,147.84299163407826,35.458806195428295,22.54535104559376
378.24721813920706,148.23550408735633,35.40982314251725,22.538244835441134
379.51166181168384,152.39267918867537,35.26241696821796,22.461360491262514
385.16168061268445,145.38656194390913,35.00467196112635,22.69153340395173
390.7579838464996,143.08638431093323,34.71323336306396,22.04224772828365
410.0500981749683,149.29231729369369,35.35830615876326,21.301709353705142
405.009305283753,149.85458064252003,35.35832989895754,21.30168901038438
402.0414861545436,150.18304485042745,35.35835643252292,21.301668689452555
398.2864123308228,151.27930227661355,35.35839942374496,21.30163010966331
395.7066390503352,151.7022203694619,35.358651856302274,21.30141980134698
397.49995685371334,151.8071633810131,35.35828968132384,21.30051745289
398.66998497485855,152.61789528247638,35.36062588364408,21.297837004722663
395.39698861676516,153.00820571958843,35.360546116768056,21.29720912814489
406.8669913078548,154.04904441991016,34.867709084808546,21.26631250066431
413.9692754891379,139.6473530026866,34.085785337415714,20.758681159696387
412.09990070493774,139.92697337182366,34.08578492488949,20.758657159169438
410.2967118620619,140.73312082902092,34.085782624831836,20.758644759347074
407.88129559760955,141.15172309086108,34.08578410286376,20.758642069391744
403.76998622809947,141.37017703014408,34.08578759987951,20.75863307798317
401.109142840477,140.7505245453948,34.08583436047608,20.75841225249885
385.26887056366814,160.2203483448474,34.034376655792975,20.52525803127917
384.50867906733384,161.07079394280615,34.034380462784995,20.525253561741053
384.6055244795572,160.60037776403627,34.03458329447287,20.52421779288845
386.073628719221,161.09618210471334,34.034532518544935,20.524209505783286
387.8453855639269,161.49576445312707,34.03470116594036,20.523908637138067
389.3349712831094,162.19383997979654,34.03474368059356,20.523810063543067
389.28160381524526,161.5139476710276,34.03479946734975,20.523687650021646
387.78995532702527,162.9439945743276,34.03480291046457,20.523683860740366
387.24202596142675,165.8104241643736,34.03480294853879,20.523683815322485
388.43837429059226,166.8931248621447,34.035444732056455,20.52316484127381
378.9495345936057,176.15515630202046,33.36303295476503,20.370893801121884
380.3590978261973,176.1207408715344,32.68827966806383,20.363773890523795
382.7198739329766,177.838870993193,32.42857905133749,20.353252697118073
382.9740192656302,180.06768480447843,32.4248933216763,20.354526003044555
385.6561768391441,184.6851237873666,32.347608871517366,20.343030033422995
384.2640678879212,185.78469854456537,32.34402813085098,20.342814120404828
386.5563879407001,183.99911310885625,32.3285375194644,20.339279152665974
386.7697870620953,185.31288421648844,32.38919866802949,20.234128495095092
384.8063325831446,186.2800225486599,32.38918411251851,20.234103854449053
382.3674057091031,187.06931282142057,32.38918303653534,20.234103330785935
381.5397360838106,188.01492243431596,32.38917994665084,20.234101098327095
381.00306604949765,189.13764805362334,32.3891799569501,20.234101071641664
380.51737229687933,189.6718722512401,32.389180195074005,20.234097166840847
379.79081409426135,188.89272236864716,32.38927125927602,20.233780055424557
382.0422388025869,188.98008764198926,32.40830866818642,20.21007233040519
384.3999152034902,189.2878278929626,32.39198531202811,20.120735200517338
383.3303519623865,189.91516786336237,32.242856579544295,19.995699176801565
382.83248083102836,190.90423781133177,31.82215084516737,19.860859146585433
385.40389717360733,192.5574419983737,31.445604056310646,19.79330780337014
385.55988975671585,193.2132136045127,31.399333863304925,19.779293811673142
385.6013908626354,193.22875459590168,31.393553968922987,19.776805147432054
386.15696143202354,193.39313976318596,31.366513434204094,19.756852765734852
386.1293728719218,194.37053690849558,31.35450444468585,19.73624850998194
388.57879526291146,192.016165400404,31.356609617693163,19.685109076061337
386.2811501198701,196.71702777355074,31.337615388395015,19.593253142328855
386.0811386850163,197.78973575399888,31.337452881696834,19.59184915576729
385.24196572585447,198.94793878418525,31.337647311716424,19.591613549419858
377.64452325718855,198.72703002735648,31.313872848108314,19.548803309581245
380.40922797977726,198.96385463895004,31.330960747901575,19.442767401976393
379.00419185029585,197.31086729752482,31.55301172848308,19.279337625827182
377.59212497235166,198.51454787359847,31.651908114834132,19.177075960984535
375.3585949745379,199.0146967005761,31.648705582995856,19.125556697913698
376.3008186136021,197.7196584163518,31.91946570042103,19.016539209279212
373.0563117897097,199.01135356040547,31.910845891021957,18.973980248610186
373.92456918870084,200.08230573410424,31.639177346434693,18.677984066190646
373.2228023224132,200.57599527328588,31.19429701555629,18.42429495164496
371.2285416536302,201.24736630285548,30.973312795108424,18.291449337780143
370.02786288659047,201.77348863778192,30.93090731153347,18.309965871693116
368.1999767487542,202.92437816411902,30.890102515062445,18.28840446657144
365.9550833471044,201.17242693021836,30.881462880984103,18.289945398346706
367.50531994339013,202.9243708925855,30.77798823692031,18.289980412913007
367.17251413608307,203.38351444521285,30.77588966648348,18.289810115595937
366.5685730255545,203.64531190331905,30.656936851262945,18.272533053311125
365.1590462464338,201.9067053585189,30.61429392779966,18.231885015058
368.5469354310249,202.43817774152538,30.578376570122487,18.220604720671343
368.92509232852757,202.823416530819,30.578377350789257,18.220584648263934
368.66486473520894,203.15643120513985,30.578824986710185,18.220256271702475
363.7647860167115,200.8733872287107,30.557841180724054,18.195555860150375
363.4457477234009,201.0325588566141,30.408871871291876,18.08935840970247
363.2654591005945,201.1377372337235,30.330232652146826,18.038707502985375
363.92774772509307,199.44460029249026,30.297406907094153,18.024664908629976
360.05256375105307,200.78376952316322,30.276438776530338,18.013125277316416
359.23810644043493,201.6582348267895,30.274789065758224,18.013802233082643
359.30037428189013,200.12686506265584,30.254188550041217,18.0060895480626
357.8023090289907,200.07413815293495,30.245696119591344,18.001536774336643
356.63280151023486,199.12726095150828,30.243205391188102,17.99805781022374
355.35930623776875,198.00270284026368,30.242964738763092,17.997289427305187
355.1050546416024,196.92073798942695,30.240762281243107,17.995138177287966
354.18845640565814,197.21915787327916,30.23980700828901,17.994663563373095
353.96153876170166,197.0492439020218,30.23651082099188,17.993148430850784
354.8918837220741,196.7513674611368,30.22963144902925,17.990962894232464
355.02415313492446,197.08806480507548,30.01847747499288,17.916872226759875
358.0913149360831,195.28560038882085,29.864317446894344,17.874646966480427
358.73466937982204,194.8584333071022,29.864110920714147,17.874537162575418
360.85765507739205,190.8565326790285,29.61686374775732,17.692124925375595
360.6034048119707,192.01285675814825,29.618168746278073,17.68480155999807
359.4326527023738,192.45575825703835,29.623799600069642,17.67542496097195
357.4255777278236,190.5444161545568,29.646984898062225,17.647792879847977
352.39505721733445,189.41792703081776,29.63273237808593,17.54001091538149
350.5467711369935,189.74381365203342,29.632810674708416,17.53990878453393
350.33480302538317,189.6972038430073,29.632984159224417,17.53963627463123
349.63983774150563,189.7891323824378,29.633266527898115,17.539318139299326
350.5165948396384,189.5521154993696,29.633908801931263,17.53839309820575
359.3968535482305,184.11633746863103,29.813430065777272,17.353437280715557
354.7500270483464,184.33656567561022,29.828706486260927,17.307411802140063
359.7865260489673,176.68172023880496,30.022293835055756,16.903943114593353
359.8676354532007,175.61103634192747,30.411233037548566,16.519847804100273
362.7968810177668,176.1741193638029,31.085845851287427,16.037950451889152
363.16830134707646,176.43554438967783,31.408973586947557,15.664854849864454
370.7907851531772,176.56626676253944,31.8249661721949,15.556428697929404
369.7828524305606,176.72136486927567,31.85636268050793,15.548005674955252
369.0742553216767,175.72760197807762,31.85635442558895,15.5479358991849
369.1961628550933,176.28936687009133,31.85681278290424,15.547130290610632
374.5683372657743,174.40051413271544,32.078538905084805,15.322062480450326
374.29034287980295,172.03479011885136,32.15387844416306,15.25484260046362
376.6028620336621,172.69628377894142,32.171504092133205,15.243552763346232
376.6423423102103,172.97586117822766,32.17196457498216,15.2431258252245
376.34064860284894,174.3707224902117,32.17279373450932,15.240457978401839
380.47484605534527,191.07040512155234,32.29214564042978,15.055371890525258
383.75020446223806,189.16884305893174,32.30210873921133,15.031533067920986
383.22755657155943,189.42830029554264,32.30179790740942,15.028816752963364
382.4850287641371,198.67704189561783,32.297123521758195,15.069343196367658
382.3261615604898,202.4789676308561,32.449085848631285,14.902701808898948
383.25721110764965,200.85466749325866,32.67162320412547,14.63267634785723
383.0519959681082,216.310754315445,32.674719960173285,14.561897127923027
382.72898803017404,213.41493010190783,32.757703030122045,14.689916023137027
382.20808975171,214.84600837775992,32.782320455542155,14.69025322486609
391.4452525950652,212.58444245421828,32.82162658951046,14.712535348133452
389.15155949175505,211.94024693263304,32.82146740123329,14.712426439941272
388.66831955966524,212.00818651021555,32.82132908513802,14.71131027227073
387.1211108573877,213.44009598790493,32.82132820241593,14.711158566571575
385.3281789706897,214.6463345040967,32.821327431897096,14.71115807379981
385.6093374348741,215.06673208779955,32.821325133083086,14.711149482665174
383.6861472087832,215.69811868735354,32.82132177522147,14.71113728037572
384.29040867890666,215.92407590075314,32.82132365816336,14.711135703718062
383.61043350278567,216.76609884703868,32.82132346795542,14.711131907284983
385.1651361883106,217.50668833395056,32.82154295957634,14.71078741756155
386.0414768572548,218.0375522301369,32.8215311945182,14.71068284086425
384.00431764517884,219.0045554667445,32.82155886625925,14.710642050632407
383.535045484742,220.07424593986437,32.82157733159166,14.71061986331911
384.0971892325234,220.75555262976033,32.82157767973303,14.710576769324282
383.0113933102077,221.31584251077464,32.82156274526592,14.710578634187783
382.9189688261726,221.84308697005548,32.82155663964581,14.710575155880298
383.5714798893409,221.97594948875383,32.821554368808535,14.710568816985175
385.07927231593914,221.44282039440122,32.82158211784586,14.710471777266319
386.82353934097625,220.96345067388563,32.82157870360534,14.710444877088097
386.2176314578524,221.46184392276382,32.82157827817976,14.710444377676152
385.3381590577834,221.99889945664276,32.82157820927639,14.710442506581176
386.00146385642466,222.16791649258852,32.821579177179366,14.710442200244055
386.5242699548273,223.82779448220924,32.821537353909335,14.710435814737371
388.4557887134209,223.7363843381831,32.821535754004216,14.710435201514992
388.91879394099465,223.61757521174422,32.821533642553305,14.710435246461207
390.62112323091964,223.7318636175745,32.82153338026922,14.710434975747587
391.75266662783736,223.0539082741268,32.82153338224064,14.71043500380664
393.55526871614694,222.91640649621752,32.821533310998696,14.710435036990715
395.4007017887545,222.53917558286187,32.821533159283376,14.710435098412677
395.78970764113467,223.61605289165442,32.821532776544515,14.710435430397274
396.3144426874881,223.67866435635935,32.82153275086184,14.710435437260086
397.21631422886844,223.5605012209782,32.8215326729,14.710435445667473
398.0898883258718,224.38709515582596,32.82153263505933,14.710435446951305
398.512427182142,224.80765176025199,32.8215325563767,14.710435447823679
399.1799902369667,224.5714546582433,32.821532489093286,14.71043545366177
399.19867004622387,224.8090769330058,32.821532473328325,14.71043545603385
399.39314789443506,224.8097372389027,32.821532429619815,14.710435460232944
399.688090193399,224.81486066219088,32.82153241087358,14.710435462344105
399.6258464667756,224.67572492592632,32.82153237465845,14.710435468379611
399.80391840945606,224.56736665314708,32.82153235130657,14.710435471098112
400.28344565031773,224.7549374262691,32.821532101226865,14.710435634897033
400.75669335586866,224.69372183857777,32.82153204430059,14.71043564380962
400.99381219550315,224.37362629417095,32.821531985862165,14.710435654437195
401.3917445686033,224.67234176204948,32.82153194093293,14.710435663122906
401.97569575960443,224.48408671087174,32.82153179014709,14.710435681802988
402.4444121406672,224.7032901048858,32.821531734377615,14.710435689038162
403.02453731299266,224.33300658758827,32.821531695856166,14.710435695110716
402.9181850124999,224.02502165798214,32.821531563827584,14.710435717611139
403.0703590598525,223.7882138804397,32.82153128225185,14.710435745542952
403.3727690791448,223.14542143112047,32.82152851489982,14.710437744134135
404.1000163829533,223.4160862402509,32.82152826439191,14.710437748141967
404.4627455876707,223.193851240248,32.82152764247075,14.710437789604006
405.0738625859777,222.95565713511792,32.821527298925375,14.71043781364776
404.9700460679549,222.4884658340653,32.82152649691342,14.71043791748874
405.10008332440947,222.3781535019079,32.82152615244799,14.710437941219515
405.4760926044187,222.01365988215767,32.821525984515624,14.710437963770499
405.47351104771764,221.49414818933755,32.82152575662264,14.710438069267026
405.80730812379744,221.15767553643616,32.82152550085213,14.710438114068223
405.6762681686423,220.9096722804328,32.82152521859646,14.710438167077228
406.02446494423805,220.44245179295842,32.821524918824075,14.710438231209736
406.96405448276954,219.60296337262085,32.82152472340621,14.710438297669224
407.2115350519505,219.05967683946915,32.82152442956112,14.710438359250002
407.6130217541345,218.42257719625871,32.8215236995629,14.71043851751997
407.7037562930527,217.6769347373803,32.82152348104131,14.710438588017247
407.6188238844091,217.17869457490505,32.82152319675272,14.710438746055646
408.0310686346404,216.44732957360807,32.82152287256353,14.710438817771934
408.6779261261868,216.03820726320168,32.821522531995484,14.710438862130534
408.68711755816764,215.58689258208227,32.82152167715252,14.710439385353443
408.65141043169103,215.24483111779196,32.821521101805246,14.710439513106992
408.9824684045508,214.67553125043406,32.8215209087828,14.710439613652303
409.16156840853216,213.82595629938083,32.821520795248205,14.710439787937396
409.2183132225148,212.96063413171004,32.821520817472944,14.710439897204779
409.1291602107505,211.88885041723861,32.821520946864986,14.710440002462905
409.25408582817784,210.76223157363296,32.82152090901465,14.710439965370016
409.67148632069666,210.04546868510855,32.821520882610415,14.710439941713902
409.5068753768869,209.74606093170013,32.82152086595216,14.71043994779452
409.15743201861113,209.4756902207339,32.82152094958441,14.710439985697574
408.9660055175611,209.3514738243218,32.82152092052602,14.710439978348026
409.0308994883485,209.12248730148826,32.82152090085669,14.71043999082532
408.65399558321303,208.4265771315734,32.821520391559005,14.710440495945848
408.09504829501657,208.21186572199508,32.821520437655586,14.710440578934582
407.8637917456846,208.49875920712904,32.821520208721005,14.710440761433857
407.3958500950692,208.54706072117017,32.821520047522796,14.710441216313274
407.4462861074401,208.4960970642919,32.82151957083755,14.710441599821054
407.63922858192524,209.44928559539292,32.82151923466596,14.71044244918668
408.9483868986189,210.95830118441216,32.82151877483212,14.710444775634292
410.6704757960219,211.07618659472368,32.82151884600818,14.710445566344136
411.50799686499454,210.51883829759234,32.821518741258345,14.710445657921303
413.2850665289945,210.16215231615544,32.821519504200815,14.71044491342816
414.73510908893184,209.6553993678596,32.82151768777775,14.7104449935602
416.60184565073445,209.4506555098071,32.82151595775774,14.71044501516333
417.9534099606346,208.86973777596015,32.82150923851585,14.710444573967461
419.45421178321,208.38974519430872,32.82150776621667,14.710444481075239
420.0586366394705,207.98279208009046,32.82150712615207,14.710444159104334
420.2098452230936,206.8942391740248,32.82150318407967,14.710443352354435
420.55013014378983,205.94109713801006,32.82149691175621,14.710441303969187
421.36507394637295,205.02070153745126,32.82149450327576,14.710440802816265
421.9153613418281,204.28486080224764,32.82149110633216,14.710439605491269
422.2959929950729,203.51473800931666,32.821488726566066,14.710438704689391
422.55696303257895,202.61873469517332,32.82148840603993,14.710438601942762
423.6270214525428,201.32889724406672,32.821477290447,14.710443790181946
423.7129736031839,200.0785933210532,32.82147609275477,14.71044366883227
424.75327295450745,199.17618585170118,32.82146763821555,14.710443672805823
424.9672192607167,198.12861762771448,32.82146729350114,14.71044347832317
425.3566984027833,197.26620497787428,32.821466197497294,14.710444111026623
425.92003977531556,196.08865435188875,32.82146585313623,14.710444016028077
426.9510909234501,195.37237031122476,32.821465397840065,14.710443785664753
426.96195270202617,194.55678240930595,32.82146506081281,14.710443713838615
428.3056264912928,193.65266850292272,32.82146370229598,14.710443391496149
428.88411359954495,192.87179564690456,32.82145939069125,14.710443340707432
428.6011476443898,192.10073410061844,32.821459027136825,14.710442877142595
428.6236657232102,191.37448285574723,32.82145849251007,14.710442520167193
430.5893677507493,190.92333098682485,32.82145831278276,14.710441966286778
430.635802064846,190.850566282245,32.821457796617,14.710441837053455
431.7662771313958,190.91425899802076,32.821454890995504,14.710444048362389
432.51443077237866,190.75106357460106,32.821455101285835,14.710442393609151
433.4677304924585,189.88302044716488,32.82145494434467,14.71044204150214
433.3929590803525,189.68630130524608,32.82144661537361,14.710447469733644
434.0412495080103,189.10895919201124,32.821433796137434,14.7104485831052
434.23873866775034,188.9730137126373,32.821384289638004,14.710479717195595
435.54097262876803,187.49167917155532,32.82129220683605,14.710553336560496
436.1394203578755,186.2520901207013,32.82128781803326,14.71054967175852
436.28770916262823,185.6107989616088,32.821284264676386,14.710548395621347
437.5106196033598,185.24455992542764,32.821281330600925,14.710547789757179
438.1255091261119,184.23074238791094,32.821272945497064,14.710546336775455
438.5769025416988,183.60034080662962,32.821259434998204,14.710543654077457
438.94403676971746,183.09597154839037,32.8212588694142,14.710543652794714
439.86659666476834,182.56331383269642,32.8212573635379,14.71054371839132
440.53481877363106,182.29154368720944,32.82125668924666,14.710543889240446
442.30486843253794,181.9115950901062,32.82125651541477,14.710543970600549
441.55351067109393,181.64116471301642,32.82125621226823,14.710544012251907
442.6282211372883,181.41116159453276,32.8212548260069,14.710544548630976
442.53894698474187,180.60643819232692,32.82125098037335,14.710545185096809
444.49865210030697,180.0547943954669,32.82123548076481,14.71057142723146
445.13569868483245,180.28066690910623,32.821230217597666,14.710573847205048
445.50119104808334,179.9392762446707,32.82123029811035,14.710574314221557
447.04423379347463,179.87888545590545,32.82122917317251,14.710574760663336
447.7213159766808,179.7564252629928,32.82122928792315,14.710575742101193
448.556120667252,179.1320143195462,32.82122718846564,14.710575893612296
449.72275427474665,178.49796010239547,32.821226708553276,14.710576079203118
449.97456375481204,178.5774926201387,32.82122646561607,14.710576156188202
450.69786936804473,178.0597556323706,32.82122473622093,14.71057666580491
451.522060414918,177.5971018227561,32.8212239948991,14.710576772750661
452.5563885363419,177.93747489430208,32.82122062032217,14.710578019452035
452.6958416078275,178.56426175437875,32.821195043709466,14.710597982541488
453.99741583278126,178.5816152394023,32.82117693437819,14.710608870332093
455.6068637562587,178.33835731879273,32.82117676117508,14.710608921327147
456.79038680197914,178.07709452749933,32.82117535700538,14.710609908653348
458.5822709597029,177.68812820139942,32.821173978813654,14.710610274590637
459.6692157575475,177.002224629281,32.821172828025006,14.710611154903868
459.97256970429373,177.6196012681012,32.82117268628344,14.710611366757734
460.5074115541835,178.43795733821779,32.821172657501606,14.710611658432262
462.2288299001276,178.03547496239383,32.82115484569455,14.71062688806172
463.1928439907815,177.6089127135156,32.821154294239015,14.710629211078361
464.6736400558061,177.30251810151225,32.82115054691076,14.710632678497042
465.9643643817664,176.94331426654279,32.821147827378475,14.710634207631715
466.69477517183617,176.96834850042356,32.821146206879476,14.710635016113615
468.1014197305772,177.3844098886692,32.82114577805702,14.710635161565943
469.05013481220556,177.4348208289524,32.82114365053643,14.710636266171827
469.48662774770827,178.0960635758463,32.821143082932934,14.710636457732544
471.7146582901628,178.28150860275358,32.82114193073264,14.710637140497901
472.24806173079355,178.84433128170141,32.82114184268404,14.710637181695844
473.24125666680897,179.12856572205087,32.82114101160016,14.710637467752635
474.14277706069043,179.68722422955324,32.82113870173487,14.710639321384999
476.34006572326064,179.85637775889418,32.82113125040429,14.710647421785488
476.73389867144846,181.42828710482615,32.82112142283056,14.710655929857444
477.3526845616177,182.5231179871376,32.82107236378255,14.71069691448689
478.2966071341315,183.46978767709567,32.82107094682051,14.7107006255818
480.1286103352703,184.2851369985133,32.82107077775822,14.71070173650783
480.7025837255687,185.32854570513055,32.82106522888914,14.71070802513183
481.78530878418286,186.59870125210995,32.821036120724436,14.710736639501311
482.2395540193235,188.31643541525546,32.821020632227984,14.71075129203108
483.27894491662727,189.2795583777344,32.82100518359827,14.710764527115023
484.1141493464964,190.53209378927696,32.82098847950728,14.710778218647802
484.40046744070594,192.2316606108517,32.82098496149065,14.710781118772303
485.37706652350033,193.15321979794405,32.8209848711964,14.710781173771542
486.0954086502248,194.55649349735256,32.820984868579124,14.710781178290071
486.2862966866142,194.92695374646374,32.82098486043458,14.710781223738369
488.898739062347,195.97881609595817,32.82098414217215,14.710781242843378
490.2288557054325,196.82283079234557,32.820984115202165,14.710781973779207
491.8184705476859,196.74142692529404,32.81517962829675,14.718184976250974
494.17936018293693,204.3588775912989,32.08979451520425,15.222511892837481
495.57000676376947,205.41638978488146,32.08907090691444,15.22310692667759
495.9168291713363,207.73138387169118,32.08906465493697,15.223111714941716
494.1539578817789,183.70781403807212,31.703121528866696,15.609187234230614
495.26658553676293,183.6005343277509,31.69544296107094,15.62270729589957
494.99739135520645,184.1368536297016,31.694995321834124,15.62392838361805
496.2013484623028,185.42896705591735,31.6949528308164,15.624013970151335
496.28846793854206,187.01890257814065,31.69496100908956,15.624025213683856
496.78808060930186,188.4604034327395,31.69497332416323,15.62403436874401
496.51121234620916,190.82775384338953,31.69504993442453,15.624082387775971
497.2449050316709,192.9270093243644,31.695228311860788,15.624178393752228
498.47883785726026,194.96762320429931,31.695263413703287,15.624188903688317
500.6411327394441,197.10427031209892,31.695308678174666,15.624192474801772
502.13115928353596,198.84461825346202,31.695324750452446,15.624192316562869
504.06651467973654,200.1381147764584,31.695331483533394,15.624189865433989
505.9159588005824,201.44615965322808,31.695333689458288,15.624188979082131
508.6546091521615,202.5967867922989,31.695335537569534,15.624188019727098
511.310591498987,203.395476463273,31.695335832627165,15.624187527762109
513.8021422123827,204.30672718882383,31.69533434327471,15.624185232658716
516.1969384006991,205.09450374353085,31.69533137170177,15.624183037055401
518.1638386328758,205.6052182854927,31.695331127837733,15.624182418974902
519.7651481112082,206.04499189677176,31.6953310085297,15.624182315557379
521.4313423904298,206.03571165104503,31.695330851117916,15.624182259629194
522.9807770294545,205.95475535907696,31.695330896798765,15.624182268201245
524.6600282268756,205.56012637772474,31.695330889957074,15.624182287275438
526.747247831897,205.02556879496083,31.69533063331418,15.624182171698251
527.4638191408748,204.07648205629783,31.69533103503477,15.624182436019165
526.0726902011631,204.71964040470996,31.695332788054202,15.62418213400083
526.1231654130382,205.64720627789495,31.695322643966545,15.62418976236382
527.1614933382025,204.5035911784202,31.69532265835367,15.624189708093676
527.4265452395697,203.9573077768348,31.695322598695657,15.624189544254051
525.0905533860557,204.46807208553562,31.69532258685151,15.624189528498798
522.8649271470513,205.19212220645684,31.69532308121773,15.624189376683184
521.0408721454174,205.07085171127602,31.69533175468211,15.624187668065467
517.6088893888304,206.0794066854371,31.695332233371094,15.624187590653971
514.9505899321947,207.34389788978896,31.6953322544306,15.624187582844375
513.8255994646057,207.21880946926672,31.695332978350695,15.624187219279998
513.911223828054,207.07627724707208,31.695346098473426,15.624180618508968
515.1446785697376,207.39013369805906,31.695168401834074,15.6241915891966
511.88741520843814,207.36239085694277,31.69517161826844,15.624186881962878
511.06774902099204,207.7495375269,31.69525812543143,15.624138386961848
511.9517913719435,208.48932820338294,31.69526391005504,15.624127780417847
512.4345379127734,208.041500570192,31.695314932971282,15.624066141205825
513.0323313978391,208.25152969109055,31.695318101275245,15.624062722568903
513.1441052595945,209.62400897926437,31.69532962323171,15.62405658648312
513.5661056419125,210.75270790934576,31.69537950442393,15.624018946275807
512.0260423905454,210.93342619654962,31.695408570253175,15.623946051038674
511.7108109670925,211.23649841388283,31.69537360393418,15.623958561600855
510.21292468821673,213.0519552297767,31.695382859836357,15.623953657458985
510.6413823048402,212.14071084877514,31.695004670637786,15.624442154340601
512.1038784971306,213.25248662754714,31.69500460897861,15.624442108561155
512.2749167046838,214.60350233145255,31.695004525249246,15.624441836309407
511.47785505592003,214.67577877081789,31.695005651374874,15.62444236560543
511.63807747935533,214.52451755774618,31.69500550760637,15.624442221854073
510.47470906184526,215.33451585765016,31.695010422384282,15.624440262396424
509.721872169431,194.96296852661158,30.61871542288059,15.894409466709956
513.8427031227626,190.40609069865027,29.505890147992133,15.71011996424628
516.0896967785874,182.23429293350497,28.49162438251568,15.88228299941973
512.4087436853015,176.59738793121284,27.497535390864773,16.01169050003669
507.12603326889456,170.45845588381124,27.16150797386185,16.151823996390206
497.2131318830686,167.90272760723397,26.84535823086522,16.145401635665344
488.94447402833373,164.9821054056576,26.5918891045196,16.063943726348604
490.07313441449236,166.1232852061363,26.593617986209363,16.06250439249629
489.5812804520925,166.502593085942,26.5936180061933,16.0625043650779
486.62647399004453,166.8076317620153,26.59361922832395,16.062503082763147
485.08037801592866,167.82774225548147,26.593619241970195,16.062503071706644
484.88954473964657,167.4874454198088,26.593620803155567,16.06250247759104
483.02685540377,168.39385879217826,26.593620961572444,16.062502366305456
