336.5,165.5,26,61
336.0087615762494,163.59270046546158,26.745217459531204,59.19078782411225
335.47283499286243,164.46361750108272,27.316289507435357,58.63545740162787
334.4841243312317,164.73347068831455,27.72853994656439,58.56720201164223
330.18514302548283,165.5863963487713,28.07704615242261,58.392869984513844
338.550310138128,162.41624187265901,28.168243222908643,58.37825044323866
334.13636202524185,160.94986331147658,28.19776813367849,58.38027603064565
334.45083518817773,160.2461330888465,28.208515008394865,58.38007205768524
332.5402781277889,160.30658897989696,28.208536046744562,58.38007317019092
334.1724588794168,167.1671845102089,28.4191937600262,58.099535910531415
331.6523700771586,168.18771474104696,28.764603889414484,58.063882782229335
331.0207872409455,165.08226537041696,28.661203499867202,57.936752615713445
330.3532814709272,164.69330966705098,28.721982294733174,57.95281378459903
325.58237919333294,167.01629793304696,28.55640750879617,58.34002702616666
326.0336090672006,167.51217708767922,28.459888031484727,58.09091779527127
327.1130392198851,167.24819563212264,28.471193026485015,57.91970177228712
327.31109377562274,165.93384746893744,28.46843344332244,58.045849404046926
323.6997884413699,161.77428813584996,28.79405142841744,58.526384600831015
318.2125267494886,164.0480867966137,29.306590177780706,58.455683088477116
318.90370574336447,164.33308792094016,29.307107751743054,58.454301700400855
329.7314423376737,163.4732512921377,29.303919185316968,58.362774339261875
326.12998530221694,164.56799137879813,29.315447987065497,58.460425713868844
327.36480173647357,163.76782571397752,29.29628580451106,58.349988701491924
328.7164734650176,162.10712315201897,29.399453511134553,57.881482316848874
325.72584744010555,161.62308367411714,29.537757601058768,57.82907157996451
328.3159704656355,164.51957399937393,29.296432047893195,58.527563173713666
329.1050856449552,161.8572009225524,28.90640860034084,58.46506081127395
328.7060592082674,160.0991000387827,29.052618223918536,58.52069248184376
324.6280813117387,155.22670222725554,29.18360205500087,58.36553903110653
326.1007962358374,153.56285038672436,29.29819956771964,58.137471599726915
327.1177263729022,153.87585518481407,29.673116768947047,56.91740819867308
328.45269648307163,157.36256012519792,29.67381010306673,56.905680160709316
329.8081792926968,157.68819866777253,29.334255092108013,56.577685615404626
329.87255646117745,158.7186467942068,29.312342334226347,57.21483056317391
330.6954072971146,155.8219975673772,29.31332757393503,57.215986148791124
330.30746310060914,155.87177498811255,29.31918886590612,57.22127906632881
331.85817412985335,157.73840396353364,28.889947698454662,57.821149090950485
333.75676217035067,156.61564047484694,28.984587518262643,58.13644127847554
333.62999387365437,155.25335791984187,29.356242703261845,58.20797217828062
328.4042813840488,153.78944206993285,29.741067836586755,58.078618228226844
329.62940469739965,152.16346750247567,29.972133294083037,57.78777289712255
332.2864265587085,151.71723000946895,29.96731751488577,57.49263165407867
332.68816874206277,156.12428764588577,29.797650642092734,57.45052432344472
333.0179856111469,154.81276833647706,29.735887909459603,57.444499097581314
329.83241932996486,153.23788105859273,29.765567873251953,57.458835449538334
330.3512878068065,154.25458429667503,29.765614542310328,57.450489627060264
330.37922333121764,154.73696500307784,29.76448104276326,57.44204766558674
331.8280516628599,156.44626481554394,29.69890331319455,57.63314848201501
332.85210795735253,155.41576153440184,29.35401967470973,58.0832937428771
331.8961584817454,157.38918433435586,29.428932561013156,57.93154239460176
327.10553733101153,150.98919374895297,29.474087826348086,57.914208463783986
333.9510773703296,150.64370424624158,29.357004291596187,56.75878041335199
334.4699872400001,154.61151959262094,29.348034750047283,56.76201395170287
335.7911623277999,156.78833679705403,28.80831161340341,57.24573324919656
336.78841669573313,156.0787316038823,28.656759301296333,57.42037552602774
337.2313128512006,155.00720203660848,28.71717147387052,57.48942309632057
337.19411105339066,155.30329198045658,28.597957516971462,56.43628413174296
338.08701903739046,156.81207578501625,28.278120529036315,56.08599075930269
339.0520399744114,156.35393581836578,27.75561575769365,56.78381758333929
339.2776031955108,157.64493071897374,28.331941903576304,56.16793383929042
339.73126890293474,156.67671590028607,28.337141447380922,56.163639103802
340.3326085405721,155.24520588364624,28.338247472360965,56.1632269681211
335.96582306645206,155.5228446789558,28.403512069893026,55.805695266927216
332.63764302646575,157.31762597109176,28.30901575032958,55.80014542946622
333.1898735916895,156.27610958894635,28.305908622834632,55.85451885003753
332.28840617373794,155.4164448943438,28.35943569048817,56.12178861266334
367.331698468417,159.06039267631488,28.720536342829305,55.493067967849626
364.43176041797426,155.01595687995018,28.751096247273164,55.456344467805565
362.508686017723,152.47578337482517,28.751000951019734,55.456292918485325
361.3067809531584,151.79345198704277,28.750999863794494,55.45629197391918
326.2461654729005,156.10016416404164,29.23506956942756,55.08312202208207
323.3067535158573,150.21026993420634,29.253063653344313,55.051491948427476
324.8035783717997,150.91719090512896,29.251701338844086,55.05319570856287
326.1164740842491,154.51880129214769,29.175970662999198,54.98445111937038
327.07538787217,157.71110370113638,29.12592782569811,55.42846005948016
326.51285577203225,158.1924060729261,29.261710371615617,55.74977333901012
325.0658619138635,156.58766396860838,29.49148228480685,56.175265733985874
325.2251625921445,156.20842569289144,29.166768411852804,56.487655282665564
325.40894650545175,157.3460583790785,29.00165172492677,56.65065308816316
327.20558323667916,154.21003103660337,29.076119561147465,56.27761528577824
325.235967741627,153.14531237054507,29.11933848345698,55.590359550344125
326.7174896015199,157.27922047245553,29.31653016863945,55.2529589768638
323.49798326067514,157.79086731559522,29.5060897825495,54.46603960918413
325.4784875302406,157.289874204541,29.436328277491345,54.39972498805372
322.9886560948407,157.49109544149303,28.981660208044676,54.60583330112172
324.67072364754273,160.50280210551435,28.742046119715113,54.882114034358395
324.2889902983915,157.60514137353164,29.05200852386057,55.436695675936136
325.32773717867286,156.65387674849646,29.160797636451516,55.48187302685941
325.5202251711325,158.2268876926913,29.017836193754317,56.129909461376265
329.6998187450222,160.51801949494174,29.068635541946563,56.460934927004736
329.6406782779289,157.56405445539085,28.869189685228218,56.160451405184894
330.1699246877852,159.12067222404028,28.86758270402416,56.12747542942478
355.4919298149872,156.39010016514092,28.408573822911187,56.30048449549616
354.7511187717904,159.32356575745288,28.218256417079104,56.53951606416816
336.8493499261613,156.43236694838367,28.06886747259516,56.26507660039741
336.02155437079256,155.94043340932942,27.961157210804608,56.24704920447637
337.1101350607054,158.01036887822548,27.70885583158927,56.779476698080714
339.4838330207878,158.32639774755245,27.71900347526716,56.784294767665735
338.6058879272234,156.92873614216765,27.607282850208737,56.954311610561206
338.8664228600179,156.01007841470897,27.51315566092561,56.530925647555584
340.30736036074376,154.3359228416126,27.376971720493728,55.990528917542896
342.38936023374265,156.94175799988352,27.735545922402533,55.814489303973474
337.5651983201563,157.778256219976,27.893921476870094,55.44747271169655
338.3131296174663,152.46076014953002,27.842097869409788,55.494361558215935
339.26766155028326,158.76305556351966,27.672633350890493,55.5094091732298
345.05596795330035,157.93439271754667,27.63257488140413,55.18174593733459
345.43127637212433,158.43677651088456,28.019892609300364,55.29937183954281
344.71293091065877,158.12798738785708,28.52594879521661,56.062474304276236
343.48167927410935,157.32668353596256,29.698368779169108,55.80389037770183
347.23775786363075,154.7275031271525,29.877531065763517,56.412161874185486
348.8572839570474,157.27172184568937,29.794834259942153,56.47727267777335
350.78392979692404,154.9140179009694,29.496084406437067,56.736930578657315
356.79209308940705,164.00614333955446,31.064381158263018,55.351769133249945
352.20642693492516,164.30692279457784,31.193258747683284,55.20045709372088
358.2467333195752,160.91934555869386,31.192223424367178,55.21290194787413
361.3543253389697,159.878761193718,30.77057557179639,56.06536109931176
363.0345906354121,164.5302570630941,29.95006210690236,57.198261465662085
364.85496460592157,162.27251070716378,29.52745429115807,57.23505783123975
369.2637916834046,158.9220026442201,30.04186762581608,57.73451012198308
367.9818703836192,156.90236587786887,30.24272366075061,58.38349410962632
367.3873311188515,157.6039454877031,29.831507242661818,59.60216773755307
368.41524938606557,155.46277491391572,29.544399560505614,60.34060124276334
369.3799817514864,150.9674274328473,29.675627139997175,60.25956273016874
369.7766396034729,153.51651993500747,29.804457398739373,60.15641242052001
369.9408810336091,150.39628310514155,29.891726472518513,60.16545411919231
370.9027002366645,152.65275706916617,29.90738538486626,60.60835154713064
371.3314070228906,160.2411649410012,30.198858969854307,60.694619261407354
375.8379687608308,161.4218754679123,30.36700990803633,60.9825910508316
375.29329220686526,158.92651580549148,30.656139903861092,61.70360317276189
375.6076983008037,158.70796044040145,30.488670527568694,62.53151679300423
375.5970984032915,159.65622384658064,30.431621985681893,62.62293565649575
376.4050958431504,158.18878837737515,30.425607212317928,62.13195715719313
377.8036257705564,155.2065147084896,30.539638208335973,62.34275178652917
380.2435796593844,159.31258676280845,30.673450943070016,62.15624148984218
382.21395083451506,158.92645057591318,30.81930651227288,61.5290380507207
384.0105216500279,163.59891224075577,30.854665342825616,61.20944431087929
385.10033150937574,164.20661688620606,30.56098963295715,61.223811640843564
386.51615706695907,167.61383929272296,30.53933917582574,61.17649577220676
387.04133452475577,166.83160676586402,30.731735024125452,61.56329261208034
393.31317071074193,165.76315570792207,30.848633750480776,61.56367243487343
393.24155031802565,165.94072570623916,30.903568339879367,61.286537416836374
392.9084483226962,169.0399459795187,30.94823339344642,61.12997366318501
393.5515196363973,168.7690226139179,30.788622247787142,61.12159692465241
395.6495824863404,168.02181442173412,30.531603489124038,60.5351042952718
397.01892410280396,164.94632455074694,30.392985964357344,60.583477263869725
398.50692051911784,173.6625449795819,30.399916877838567,60.507338667552325
407.27805998494506,173.71541408939896,30.630825583513232,60.23844794693118
404.41439814383324,175.07235348409904,30.387803768605547,59.97357046978685
409.71238633149756,178.88282815234894,30.527814102871638,59.937548692186
411.0626453797577,171.82627656219006,30.474215972095248,59.858579004156574
412.25472014556084,165.78719011825052,30.377723939802376,59.98874049372022
414.28648868781187,164.77540651991183,30.320329471572382,59.99688010098109
414.60385628102296,173.34910053347815,30.307545626779156,59.968165398433435
417.2100836376621,171.69476100517764,30.352575826373236,59.807022525102816
414.51085179329567,170.39039375920208,30.30134726580803,59.12446935645517
415.6335149092868,175.0027727688319,31.54270511776426,57.303396906958696
410.7954872462466,171.86079883158212,31.100554419674886,57.048537389337916
412.1729704081594,171.4440319711323,30.72643531150158,57.4324502673039
413.9635554828896,173.31048040828242,30.212823212196863,57.71421995031566
416.44592435981207,176.84229621823,30.15259547956167,57.945919808539436
416.6675364790355,172.50534846890898,30.19299033500979,57.81933827928838
417.4989432577452,170.16514525974307,30.197594780672596,57.78714017491512
418.15968702304707,170.8234779601471,30.19276288590263,57.78769009755523
418.4552107380635,175.7130546307777,30.11895264230165,57.78923839356214
424.3119282577311,175.295266551581,30.040581728027483,57.617987674361515
428.04686015042773,179.85679911220313,30.498385560432148,56.978910361344774
429.1822197698928,178.59336085428313,30.501040402159948,56.97579858830541
430.4997663574099,171.31922107648808,30.515727738981855,56.84485603696193
443.4001584220573,176.42364543744634,29.88014479682083,57.83734512937645
448.2388514101828,179.06920233421056,29.92180636695645,58.46168620034993
450.3814949603614,178.22722547151457,29.917683912747954,58.65350583150366
451.3293865208201,174.73892332117146,30.954059023565836,57.82625137517085
457.94625493215943,172.08264644519898,30.949310848348038,57.630999779673175
458.71848413872306,173.52720746152096,30.938661858667444,57.62196488425147
462.7031469458055,174.16460820616578,30.791765424647892,57.52275689033079
465.74578781705986,173.37577701245658,30.21184953068046,57.36571752508653
467.8095908089601,170.1175435413402,30.21847463742559,57.24525829315546
468.36338991471837,166.6150348010496,30.222301587270735,57.23996989223647
468.99392464633837,164.19710836218715,30.23139566010247,57.2315487259245
469.665143150512,164.86703487974768,30.173069436285957,57.30546362464893
470.1992352267235,168.53280211138636,29.948279444133668,57.918469662012434
471.61398437790683,166.56450724118912,30.23613696528383,57.61406780999971
468.5657835517235,164.1347531320656,30.512267602483266,57.34392877330287
470.0353119240366,163.1185864962155,30.513894937980872,57.32319889078251
471.4167439447325,166.73255122459773,30.514264319822132,57.322978250546356
470.8277354014021,167.79133115049007,30.491715949138854,57.20526151933669
474.80672367553507,170.69984386863035,30.450694395074617,57.120149649645434
472.4059492454446,171.03988544907608,30.073467944739164,56.33920604206248
472.3507289753222,170.0131226907305,30.073582075643994,56.337502610160456
472.91534055050255,172.52773379987383,30.063455442846255,56.284928722562306
474.96670112450755,174.03694960827693,30.053768562261755,56.29463049809009
471.8272745257928,177.43234871752503,30.11656922749526,56.11518996849769
464.19333965922254,174.8892248252852,30.243065326297398,55.994401734605795
460.1601575773884,172.51803739916568,30.43780215918563,55.78088688500155
461.14459331675016,172.7805216583751,30.442088324733927,55.75105060425554
459.9653070364873,175.49223118433693,30.393906391546338,55.49707849752228
461.0596839389394,175.86811444128088,30.30923850888332,55.26170272450582
459.15116905204616,174.4567145804588,30.025418177384136,54.7934214944593
455.28084998393274,180.39051187190202,31.0207421923646,53.36881626093809
455.47883134300145,176.57698306242742,31.01988462754943,53.36804194400472
457.1614293045409,173.69580253588435,31.014886248568466,53.36540694530253
458.6328220913918,173.52667276427522,30.993173396348023,53.422256211631016
458.18381646677415,173.68626696196597,30.254739838530636,54.43693000172773
456.2917258797835,173.27204291496486,31.20000995599342,53.85835752688227
450.98883366150176,170.51574559875388,31.508875523538336,53.53786137713873
452.0971411992158,167.2814674867106,31.526552001607516,53.518150179502875
453.59612227007705,165.62188584040933,31.527300969046426,53.51602226383818
459.25469904013283,167.6245809504611,31.387028265421673,53.582188135043204
457.0130042409498,166.10963172305787,31.252477914752166,53.589861925161614
458.094577120985,166.89081414943675,31.444081834247232,53.76444365519804
462.03920399599883,166.9120767769563,31.445152676809855,53.76225019224531
461.7399501163293,166.96636534780725,31.445141468520465,53.76225688084039
460.321908701042,167.38736041912523,31.445131588600056,53.76226471927591
452.28735381825766,165.47336546915923,31.140313284100277,53.47386009940196
453.2078862078965,165.8080175322051,31.068316507523445,54.03899415423371
454.0553853065814,164.017894378139,31.231646056544957,53.26947325426654
455.60392015130964,159.16522201978836,31.281229065605356,53.19613240120466
451.3935341627202,156.45769672712464,31.280755467833067,53.173724471364864
451.07449003143387,158.1706927349313,31.280174299196105,53.1730442595693
451.0923131749915,162.88188657940782,30.416470901771305,52.844233001890665
452.31962228021297,163.35858217924627,30.099651239073065,52.92519911155517
433.3495497902297,175.24312648983292,30.466981277633455,52.216718400538106
438.0730172728021,172.7155573971185,30.869916040576992,52.09837893627828
434.69680234498344,167.3753774815964,30.87088629767304,52.09771803062816
436.9070356771215,164.7235257726713,30.87088987112889,52.09770812679252
457.8091840167755,163.77172678940502,30.742950461108,52.58995930015033
456.22861557744284,158.9733232993784,30.681628500356748,52.65844501402928
445.09710539694896,173.86362258706396,31.331632732804472,51.97779341436612
445.19953251666504,170.61306593787168,31.33699663981568,51.97300680659225
444.75058705839336,166.54985130896262,31.33674712590853,51.97280432765501
446.6997533777602,161.47452992352422,31.336829814247054,51.97269312361725
450.52939901839096,158.52306319776895,31.335639137996505,51.97173644222372
461.48327263774985,157.1783249935363,30.54350202195937,52.25196187603387
463.0767850060844,157.199719407118,30.47604897108137,52.25165359212629
464.9342737391066,153.6886037371744,30.476034225907934,52.25165096900084
466.1579225033381,151.22410717667867,30.473828898677713,52.248984391505914
466.29987178069865,151.351592240368,30.47398340138889,52.248665154954416
465.1813928575607,150.87648433294805,30.474065236770016,52.248523175032695
487.96813532118114,152.6816474584831,30.25851716865994,52.45279643797018
486.39162789358426,152.23259550749992,30.258762935108624,52.45257525429654
485.1655150202338,148.72721420099663,30.25876108934136,52.45257469896819
485.221860796781,145.08308554123,30.258756192662307,52.45257441962448
482.4457708968627,145.34640429608496,30.258861560125883,52.45246353983934
468.3517009791329,159.2833697778645,29.97247785127398,52.52341783018653
467.99171481031703,161.18328643855253,29.97247734001345,52.52341852179567
468.18613169242855,162.90578752730775,29.972477068784727,52.523418661713855
468.2711204968578,161.92253785527814,29.972476677838912,52.52341939241554
468.41248292277965,162.99483363686892,29.972476504511658,52.52341939913446
469.40697427225086,163.1204125560972,29.972476363819602,52.5234193809027
471.70151784726187,161.99221442377424,29.97247622322757,52.52341935190846
471.32129234929687,160.464624926761,29.972475902324074,52.52341970366201
493.5655483108561,163.19862942768134,29.70084096284809,52.888648349831534
491.11581105801525,158.2601037538777,29.700844662407984,52.888655019704444
488.9918377322444,155.7828089373592,29.7008378990328,52.88857326983744
488.87854439064245,155.40652264199448,29.70080466806252,52.888583456887964
489.00116360246733,156.63556059653988,29.70000776856074,52.88920701259514
490.00788485554887,157.23259700520686,29.699996334632832,52.88922062771816
490.5827872969221,157.20625380078798,29.699987580159338,52.88923116724001
488.54497381080216,158.28541237455119,29.69998722543388,52.889231347213006
487.5299858112256,157.99366830710156,29.699968975243227,52.88923817031416
487.50319951412024,158.42488477978569,29.69996809516594,52.889238420060046
486.3862794531612,158.79150622349397,29.69996489051537,52.88924197829934
486.25978109491814,157.58396184336178,29.698652369998225,52.890676172752535
485.30541459319454,157.99055387998456,29.69864473375873,52.89068905661834
484.56994917726615,158.65684792357206,29.69864105538451,52.890697033057194
484.04560799537865,157.39913865459587,29.698607231682416,52.89070061777776
482.8326847684684,155.74583006472216,29.698594234208944,52.89071198163776
481.60598144641415,155.77339005687412,29.69771954820881,52.891866251208825
480.46290287829,155.1182394539871,29.69736192539348,52.89234966599781
479.137967615647,154.03049740243753,29.697237838939234,52.892545568718525
477.88281991162086,153.09331523766218,29.69720519256354,52.892575562942056
476.7779291525793,150.47080651611927,29.69690346441553,52.89293167485115
476.04212434826775,147.94443132853183,29.696752680849624,52.893133164680506
475.098157115173,144.84443598160792,29.696709904569314,52.893156951027166
474.4788653834506,142.03060452085998,29.696708968790755,52.893157213831586
474.00968258319807,142.21438143906647,29.696490599225925,52.89346080382358
473.7608605161322,141.828969135939,29.69645642367873,52.89350377384046
473.8186869414298,139.37866088182884,29.696418747257763,52.893565148241194
473.9389812497024,136.34963604777474,29.696380291120548,52.89364524618944
474.57468226068534,137.36833193255433,29.69637359481541,52.89366397429568
473.0582537439018,137.81299138900178,29.696372495066512,52.89366483888948
473.14489704537147,138.8349853650345,29.696262806580684,52.893774071958966
472.78298860962485,139.52971597092957,29.695468932167092,52.8944073788303
472.5676178972114,139.92898529003804,29.69542556528596,52.8944338899206
472.47164095307727,140.66406639396664,29.695419342293793,52.89443812684188
472.48970092495847,140.40404015461033,29.695418811162206,52.894438410959154
472.84161503240574,140.659214388399,29.695417738983142,52.89443838259845
473.1598011752083,140.90103536345538,29.695417602368554,52.89443835495954
474.17972284103735,140.75954910780686,29.695417114719874,52.89443864965046
476.0158755856453,137.07055778249668,29.695375963043706,52.89448207602766
476.6637305424332,136.94990846334977,29.695288159834757,52.89457423226869
476.52516899128847,136.61905457978716,29.695284711449727,52.89457716111797
476.2573650870207,135.31687692097063,29.695284049545393,52.89457762035258
475.09219432555017,135.79877072769375,29.695282802863613,52.894578873903136
474.27040036193586,137.38709218368916,29.69528099506118,52.89458076400582
472.7864635870848,138.18130110728444,29.695280494622796,52.8945814005494
471.52024925898195,138.32333824113238,29.695279694117737,52.8945820055857
470.7535720902156,138.31026568752887,29.695278437969154,52.8945837388712
469.39482265019376,138.34493231747473,29.69526208783401,52.89461984723457
467.6130216678446,136.2126095640439,29.69522274279415,52.89469750207598
465.2109078876909,133.30702114925236,29.695211506867384,52.89470995253916
466.12060183949177,128.0261122963269,29.695150838487496,52.894774385379876
467.47019573349934,126.40446131758661,29.694826556789486,52.89518526963351
465.12488664481873,125.19501751956841,29.694811914021273,52.895231026833244
461.3936527319656,126.68404573149888,29.694813976635604,52.89523461006762
457.94130294243485,129.02299546333623,29.69482090585571,52.895225447143666
452.10435472115665,140.8963200689117,29.656726038292554,52.91918704531891
450.7910659090809,138.15544644468417,29.43217341532795,53.184593751934344
444.7237468434897,134.25735599022943,29.273511871522494,52.558549662369714
439.1218883231681,135.23620666161872,29.281518729975815,52.63475144153941
438.86720803821555,130.9721055573008,29.456284752132323,52.31609944027532
434.25357634338695,131.4140740291286,29.419300247502452,52.22534880357312
433.7085577719136,125.4013369483887,29.41936322548637,52.225287381556846
432.2669550418556,119.37727981805293,29.41935898024952,52.22529544868591
431.9883599858187,115.93290988670418,29.41935521701054,52.22530287806431
431.061713068661,111.75570260631875,29.419350744860797,52.22530822100073
431.7936231267575,105.7062036819763,29.419349655614866,52.22530990727106
433.02377482326455,100.53996350663971,29.419347900250244,52.22531078101553
432.8311699856502,97.44776352462291,29.419347359433548,52.225310663414604
432.50887917707007,97.71505481092633,29.419346943436473,52.22531118254361
431.3647272384152,99.37327276386665,29.419345776572072,52.22531323633398
430.33805988878936,98.61358972762977,29.419340040795607,52.225320197021865
429.88944273382396,100.051351630934,29.419338182341875,52.22532210338035
431.18823674100173,100.98660124018122,29.419330839296794,52.22533024439059
431.91316167410423,102.02245366879995,29.41926787456578,52.22538031955667
430.1618727183124,99.48831464945009,29.419263474519195,52.22538338343342
428.5253270751341,96.87504411772443,29.419262252559744,52.225384835068326
426.9236443512313,95.54386480080666,29.419201816118537,52.225448365830744
426.5110712029736,95.64790080276053,29.418369952729485,52.2257603691385
424.6382492290339,97.48652585374104,29.41828469261634,52.2258052367362
422.3916759191553,97.1608259478945,29.417881488612412,52.22609910808734
418.7876321861505,95.9394279640664,29.417871496736318,52.22611815733227
415.64565730728435,93.35466156682533,29.417864726758708,52.22612914319015
414.0134223818276,92.1363560127829,29.41785279475906,52.22614528820127
413.0052566350606,94.05609949843888,29.416092609673598,52.22815025452663
411.89274619845014,94.8201749950149,29.416018449248902,52.228233027930386
410.7884719733046,94.62422266854861,29.415346966983883,52.22872670421463
409.2751747911811,94.09196445433655,29.41523105939557,52.228848897027795
407.72461739355657,89.71210905201363,29.414939757232496,52.22889707349982
407.2175891822995,89.16936289998522,29.4149216157665,52.22890832992633
406.57179290991417,90.51186600689687,29.41491882076208,52.228910641951416
406.07263225544926,91.57246321878947,29.41491806004695,52.228911296062336
405.6031515887896,91.54624715026252,29.414917827871648,52.22891148090796
406.518975811484,91.87341063481819,29.414917136198493,52.22891166595615
407.8204856188253,91.40234685705894,29.41491604377853,52.22891205329609
408.42553565740513,88.83975646761695,29.414915425313232,52.228912587734264
407.03758089946814,87.07733999632234,29.41491504052197,52.22891304321718
406.193501909544,86.04633245330741,29.41491343537114,52.228915456822705
405.83735280800676,84.55920772157151,29.414909072870913,52.2289219946506
404.8917045522565,84.32742261237343,29.414906217420455,52.22892677406092
