1
283.7321,132.0425,86.1049,62.4641
283.9310,134.9610,89.4732,61.6086
283.5322,137.0150,91.1551,61.6184
285.1584,138.4113,92.7963,61.8583
284.1198,140.1288,94.5069,62.5454
285.3321,140.1626,96.7440,63.7342
285.4503,142.9041,99.1203,64.0415
285.8039,144.2659,99.0131,64.5170
288.1267,143.6232,100.2883,64.6168
291.5082,145.3173,99.8906,64.1325
295.4429,146.8598,99.5460,64.1743
295.6708,145.5784,99.9598,64.8838
299.8330,145.8130,98.8472,64.5394
301.5090,144.1950,99.0612,64.7591
307.8351,145.1408,97.0921,64.8777
313.6758,147.3333,95.7050,65.2199
322.3254,151.3743,93.5240,63.9185
329.3718,154.5896,91.3143,63.0135
328.3765,153.9154,93.5001,62.7983
328.1378,155.2381,97.6000,63.3468
333.0223,156.7123,98.0769,62.4182
336.0804,158.7372,98.2261,61.6890
336.4511,163.1077,100.6241,59.6677
341.8596,158.7030,97.1016,61.5744
350.7490,132.6764,93.0546,64.4743
350.1116,143.2587,90.2199,66.3118
349.7422,146.6598,89.0561,67.5585
352.7690,147.0466,90.0370,69.2714
362.4082,146.1720,88.6113,68.7388
359.4977,145.2060,88.4981,67.9306
358.0334,148.0068,89.3834,66.4233
360.1784,152.6171,88.3890,65.4110
359.1538,155.6750,91.1223,59.8537
359.8770,158.9543,91.6382,56.6611
361.3680,156.3960,88.8357,56.4062
360.8319,157.1369,88.8370,54.2786
363.7112,154.8694,87.2909,57.2822
365.1293,154.0451,87.5374,59.3364
366.6325,154.9210,88.7567,62.1404
365.8093,153.0851,91.4038,64.2757
365.1161,152.7743,92.4481,66.4877
365.7168,155.8296,93.8978,66.7390
366.7369,158.4368,93.6457,67.2815
369.0935,160.0457,92.6912,67.0054
372.2387,162.4238,91.1952,66.6662
376.2889,164.7250,88.0674,65.3942
379.9007,166.2635,85.3896,66.3904
382.8503,166.2891,82.3707,67.1123
384.8640,169.3198,80.6696,66.9678
385.2153,169.0549,79.8189,68.0579
387.0343,169.6030,80.1311,68.3457
386.1994,171.1636,80.2625,68.3429
384.6822,172.0666,82.7066,67.3503
386.1408,170.8351,83.1616,67.5267
385.7878,172.0706,83.1765,67.8388
386.9152,171.6038,83.2916,66.3657
388.3044,172.0551,80.6621,64.8681
387.1092,169.1809,79.6609,63.2607
385.4163,170.1037,79.3615,60.3694
382.6764,169.1578,79.3116,57.8548
382.5373,167.0156,78.0995,55.9703
379.0533,166.9377,77.4602,54.6225
379.2021,165.7004,75.5908,53.0331
377.0116,164.7361,74.0579,51.6775
371.4091,162.1428,74.2066,50.9539
369.6904,159.6669,71.8660,49.4018
367.6724,156.2253,69.2308,49.9295
363.8975,154.6017,67.5881,50.2472
360.0381,152.0715,66.4711,50.8257
359.6078,151.4885,64.0509,50.7222
359.9707,152.5413,60.7436,50.6604
360.6869,152.7206,56.7223,50.4976
359.2509,151.3005,53.9170,50.2042
358.8468,151.9630,50.9846,51.0327
357.8228,150.7014,48.4772,52.0067
352.9649,147.7817,46.5571,51.7626
349.4801,146.4350,45.7388,52.8757
344.7841,145.0074,45.2175,54.0261
351.5386,143.2377,41.4345,57.1083
351.5471,141.2345,39.4770,58.5405
350.9035,141.0007,38.7340,59.0338
348.1002,133.6471,34.3001,62.1167
347.9470,130.2591,31.1704,65.0206
344.2939,126.7776,29.2529,64.5699
343.8483,124.6027,28.4404,64.9389
343.1876,123.3286,28.5555,63.7644
342.1613,123.8042,28.6207,61.9544
340.6570,123.2181,29.0511,58.6207
339.9434,121.5252,28.2822,57.4973
339.1483,121.1469,28.6807,54.8852
339.5132,121.5109,28.4832,53.9391
338.5518,121.4435,28.3804,53.1992
338.6216,120.3312,28.2647,52.2606
337.8873,118.2541,28.0568,52.5886
338.1208,118.6865,27.7725,52.4635
337.0923,119.7846,27.8861,51.4057
336.1472,120.8591,27.3229,51.6374
335.3229,121.8399,27.8535,51.0381
335.1657,121.7393,27.7267,50.7762
333.4381,121.3145,27.7801,50.8161
333.7168,122.4905,27.8549,50.2820
332.8247,123.5246,27.9165,49.9366
331.3771,125.8646,28.6416,49.1929
331.8647,124.9739,28.0394,49.2373
331.4781,125.7176,27.5596,50.1139
330.6978,126.7623,27.2726,49.8411
330.2640,125.4933,26.6768,49.4138
330.6330,128.0076,27.2742,47.8429
331.3182,129.3416,29.6462,45.9291
329.3930,132.5074,31.7754,43.7992
328.7587,133.4774,32.0373,43.8724
327.8693,132.0393,30.3445,45.1986
327.9228,130.4201,27.7826,46.4577
329.0277,130.4445,26.0916,47.4296
327.9036,130.0357,25.2765,47.7413
328.1238,128.8546,24.6063,48.0375
329.4260,129.1912,24.1008,47.0458
329.8972,128.4767,24.3238,46.0213
329.4118,127.5760,24.3040,46.0494
329.3125,129.2100,24.5418,45.8271
329.1943,130.3289,24.8891,45.3885
329.8745,131.9195,24.8885,45.1583
329.4052,133.9422,25.1639,45.3360
328.6689,133.0423,27.0914,43.8127
328.6884,134.2633,28.9554,44.7710
328.8900,133.5818,30.4327,46.7208
327.4958,135.4086,32.6362,47.3551
326.8530,134.0917,35.6175,47.2808
324.6898,135.0106,39.2429,45.6091
321.4680,136.2326,42.8953,44.7824
320.6850,134.8913,46.0373,44.7498
319.2131,134.1052,48.5503,44.1306
317.9783,134.9240,50.9027,44.1931
318.1549,135.8024,53.3130,43.2838
316.4818,137.1432,55.8027,41.5346
315.9117,136.3895,58.0249,41.0523
318.2539,136.1116,58.8035,40.8174
318.4681,134.7028,59.3652,40.7028
315.1124,136.5210,63.1123,37.4896
313.8978,137.4165,65.3383,35.7428
310.5589,138.3282,66.8050,35.0596
309.8196,137.4930,67.3072,34.8160
306.4836,136.8922,68.4688,34.5032
307.0639,135.5659,69.3402,34.6297
305.6332,135.7230,68.5546,35.1602
305.0244,135.4769,68.4974,35.2228
303.2365,134.5555,68.4802,35.2272
301.9944,133.9972,68.9551,35.1909
301.5175,136.0134,69.2098,34.3875
300.5272,135.1956,69.9838,34.5635
300.9586,134.3416,69.2306,35.0480
301.9046,134.1974,68.5777,35.1039
306.7257,134.2422,67.2981,35.0548
308.4770,135.8620,65.7643,35.1166
307.1586,137.0412,66.7821,35.2909
305.0197,138.5359,67.8325,35.4010
305.1256,139.3612,68.1761,35.0489
305.8179,139.9011,67.9179,35.1280
303.7862,139.1521,67.7295,35.6678
303.0423,138.7770,66.6487,36.2149
301.9730,138.8204,66.4799,36.3522
302.4528,139.1960,64.9412,37.1318
304.7773,138.3215,64.2564,37.9438
311.7063,140.0396,61.8567,37.9581
311.3299,140.3649,60.0173,37.8578
310.4841,136.0836,62.0567,38.6898
309.7464,134.7961,63.9880,39.1559
307.3164,133.7921,67.1370,38.2412
355.1974,117.5638,71.2294,38.1250
356.6259,113.0454,75.5527,40.5042
356.8891,113.9021,80.4162,42.5734
353.3318,116.0895,84.2272,44.6678
351.0070,116.6618,86.8697,47.4068
350.5384,117.3333,86.8603,49.9405
348.2291,115.2698,84.4640,54.3849
345.2337,116.6952,81.1097,58.2891
344.9138,115.9263,76.4548,61.2986
344.1602,115.5306,74.4941,63.5647
343.7819,114.4751,74.3000,66.3481
344.5351,114.9954,75.8486,65.1303
347.2484,115.8566,76.6483,64.1371
359.9374,109.8954,80.3584,53.0128
361.7979,111.2531,80.0688,46.0042
365.5179,111.1509,80.1732,40.0543
364.8077,110.4418,79.2271,35.7447
368.9169,110.3016,78.7095,32.6770
371.5905,108.8461,78.9351,30.8298
374.0542,107.8215,79.6420,30.2204
376.1631,105.9820,80.5874,30.3620
379.9900,104.8610,79.9953,29.5660
379.8651,103.5017,80.7015,29.6242
379.9711,102.2885,81.6427,28.9935
383.3806,101.9187,81.5533,28.8762
386.8501,100.7826,82.6426,29.2759
387.4292,99.2685,83.9073,29.3840
391.0642,98.1713,85.4153,29.0619
394.6160,96.2931,86.3122,29.0446
399.3490,95.5572,85.4469,28.9609
402.6871,93.6494,82.1292,29.6294
401.2169,95.5651,82.7815,28.9723
399.9177,97.0021,82.7601,29.0236
398.6625,97.7624,83.5556,29.5969
396.7072,97.3286,83.6220,29.8631
396.6322,100.1427,80.6876,30.2572
399.8381,101.0841,76.4919,31.1083
400.8232,101.8972,73.6925,31.3998
403.5181,102.5556,72.5872,31.1800
405.1605,103.4696,70.8371,30.8895
404.8257,105.0139,70.0812,31.4500
405.6379,105.8021,71.0350,32.0260
406.3357,105.7175,70.7399,32.1577
408.3175,105.9954,69.9271,32.1316
408.3265,107.9363,71.8366,32.1082
407.9392,109.1351,73.5289,32.5023
408.9525,110.4890,72.4850,32.0733
410.3208,112.2992,72.0305,32.4441
409.8711,113.4499,72.8484,32.8648
410.5880,115.0448,73.5079,33.4980
410.9926,115.5841,75.1844,34.1490
414.8448,118.0185,74.5864,34.4712
415.2070,118.1271,74.5944,35.0064
415.6175,119.1962,74.8151,35.6114
416.0856,119.2495,74.4270,35.9242
417.9586,120.7434,74.3341,36.3251
419.7900,121.3234,74.8947,36.6109
420.4814,121.5493,75.6508,36.9508
424.0958,122.6741,74.7664,36.5052
425.0904,122.2337,74.0520,36.3512
427.2303,122.3654,72.6730,35.8827
429.5653,122.4427,72.0712,35.5321
429.9160,121.3450,72.8399,35.7762
430.0507,120.4364,73.2097,36.0744
429.3325,119.9998,73.0711,36.3292
429.2776,119.1838,73.5230,36.6736
429.2726,118.7448,72.7676,36.1413
431.1353,119.3138,72.1652,36.1119
432.2033,120.3190,70.2192,37.4778
435.1780,123.3474,67.3368,37.5925
434.4477,126.2035,65.4360,37.9260
433.9629,127.1404,62.8424,38.3688
433.1236,128.9369,60.6750,39.1744
435.3762,131.1261,58.2548,39.7102
439.3900,133.3331,53.8036,41.5981
441.8741,134.7178,50.3629,42.3889
443.7451,136.1569,46.8364,43.5906
446.3307,139.5414,43.2369,44.3915
447.3961,139.2723,39.7746,46.1197
448.4733,139.8776,35.4216,49.1197
448.6271,143.1450,33.5985,49.7560
448.7537,147.8548,33.2791,49.2652
449.4256,150.4778,32.2099,50.0512
449.0580,149.3711,31.1707,50.9863
445.8490,148.9120,31.2455,51.8818
444.0070,149.0217,30.8262,53.5857
441.5268,149.1444,30.8451,54.6586
440.1137,146.6091,30.7259,55.9008
437.5157,145.4915,31.0357,55.9981
430.0099,186.0672,37.5506,48.7404
423.6495,186.7781,40.6271,43.8901
420.2754,185.6329,43.7004,40.1629
416.2586,183.3362,46.8698,37.0298
413.0971,181.8425,49.9974,35.6136
410.1114,179.8742,55.4490,32.5967
407.0877,180.1451,60.7530,31.6548
403.2649,176.7162,65.3290,30.0147
401.0827,176.8291,69.9044,29.1208
398.8473,175.6022,73.2521,29.4743
395.5242,173.4879,76.0851,30.0513
391.5680,171.7944,79.3353,30.0981
386.2931,170.8567,81.1564,30.2682
382.9222,169.3974,81.0140,30.5498
378.7739,167.3396,78.8013,31.6229
378.0427,170.0722,71.3831,37.1732
379.1556,172.4643,63.8722,44.4153
379.0649,168.2324,61.4264,47.1904
389.7314,175.1973,57.2238,50.4285
400.8703,177.0365,51.6531,54.6964
407.5658,171.0338,47.1707,60.6339
407.0221,169.9187,47.8052,60.8669
406.8300,168.0139,48.3678,61.2460
406.2964,167.0610,50.2501,60.7547
405.6999,170.0033,49.8028,62.8523
405.5914,167.0609,50.6808,63.0004
401.1493,169.4015,46.7712,67.4536
398.2300,171.3480,44.2785,69.5477
400.0090,172.9504,43.7415,70.4005
398.5348,172.8988,43.7922,70.8607
399.4069,175.0576,44.3386,70.8295
401.2077,172.2024,44.9824,72.1490
402.0164,163.9700,47.7614,67.3172
401.5552,168.1408,49.8016,63.7719
2
0
0
0
0
1
381.8322,203.6831,44.6247,58.6628
378.9291,205.8765,44.8616,59.1532
376.5109,206.0767,45.7565,59.7526
375.9696,207.6991,45.8611,59.6869
376.3913,207.6165,45.4512,59.8073
376.0317,207.2282,45.5878,59.7212
374.5614,207.1985,47.2191,59.2485
373.9558,207.8139,48.4648,58.5396
371.6123,207.5697,50.0023,57.5642
370.2162,208.2502,51.0088,56.3161
369.0930,209.1790,51.1771,54.6941
364.8779,210.8209,50.7567,53.2455
