1
483.5097,498.8182,37.2846,120.0247
482.7331,483.8556,37.7623,122.6685
487.5880,472.6945,38.0459,125.1984
490.0259,456.1282,38.4674,127.8946
491.3634,437.6452,35.9670,132.0816
492.8582,422.6780,34.6180,134.6297
494.7540,409.8141,33.9364,136.2144
495.0332,396.8233,33.8827,136.9999
494.1904,382.5561,34.2544,137.4035
495.6426,369.8957,34.3582,137.1820
496.5679,358.7108,34.1142,136.9950
497.9675,348.5874,33.8621,135.6165
499.5023,339.4435,33.3887,132.6880
498.5146,325.9937,33.1846,131.1043
494.2876,312.9019,33.0800,128.7759
489.9491,306.0248,32.3310,127.0653
488.6985,297.0409,31.9450,125.8794
498.4564,290.1399,31.7408,125.1605
509.7637,291.2108,33.9009,126.0991
518.7170,291.8183,34.3102,128.1664
523.5622,291.8701,35.9481,128.9871
527.1827,287.1637,35.5848,132.3453
515.7825,281.4296,34.2949,133.1204
492.0185,269.5267,33.3562,134.9797
478.1428,261.8719,32.7362,135.0897
473.7775,261.3693,32.2866,131.8336
478.9415,264.7372,34.2081,129.6022
485.4390,266.8051,34.7819,127.5789
500.5957,271.4091,34.3652,126.9261
515.5043,281.9441,34.2289,126.8045
530.6755,294.3484,34.1145,126.1771
546.4126,304.4691,33.2313,125.7131
552.4981,313.1777,32.8075,126.1264
548.6759,315.2860,31.8174,128.1764
545.8958,307.8771,31.1584,129.2182
544.4958,301.5966,30.7003,131.3198
545.4942,296.3467,30.6423,134.1509
548.8546,292.0403,30.7328,135.1791
551.4295,286.5143,30.9928,136.7352
553.6121,280.1172,31.1396,137.8127
554.4915,270.1923,31.4601,139.3884
554.8930,261.6082,31.8141,140.4092
553.5455,254.5258,31.5080,139.8405
552.0087,247.0856,31.3668,138.3540
551.4191,241.5294,31.1717,138.6666
550.9734,238.9292,31.2538,140.9530
549.3716,234.4738,31.7970,143.7838
546.1256,231.9681,32.6370,145.1629
542.6844,230.3681,33.4551,146.2153
539.1774,229.7147,34.5880,149.1283
535.9602,227.2303,35.4941,154.0717
532.0049,227.5006,36.2726,157.1047
527.3913,229.8657,36.9472,158.7734
522.5549,235.1003,37.1555,159.3176
517.8083,245.2581,37.0557,158.1673
512.4775,255.1387,37.0235,158.5658
506.9614,261.8962,36.9669,159.1217
501.6887,265.3411,37.8330,162.0157
497.7745,267.0676,38.4545,167.3048
494.0925,263.8495,38.6712,170.8083
493.5733,262.2339,39.2467,174.6721
495.3521,261.6045,39.5256,178.9722
493.7136,262.4928,40.0264,182.3083
491.6462,260.9729,41.1312,186.6379
492.4791,259.1471,41.8471,191.7206
493.4587,256.9478,42.7547,197.1205
495.2780,255.4015,43.3961,199.9135
495.4391,253.4704,44.7915,205.9246
497.6322,248.4075,45.3291,209.9445
499.9210,243.6664,45.6898,212.1650
498.4077,236.2997,46.1552,213.2724
496.7917,231.2358,46.5999,214.1144
494.6539,224.4674,46.5455,212.4978
492.9483,220.8564,46.7333,210.7597
492.2723,218.8246,47.4293,211.6727
492.7195,219.5704,47.6576,214.6580
489.5663,219.6282,48.8696,216.4250
487.6739,218.7787,49.9456,219.5078
482.6161,217.3485,51.8052,221.7632
477.5596,217.8855,53.1300,225.8233
473.7574,217.1337,54.0634,230.4233
472.3347,218.8113,55.1917,234.7019
472.8936,217.4204,56.5623,238.4104
470.9828,216.7552,58.7218,242.6008
471.5458,216.8598,61.0406,244.5943
469.7378,215.2211,64.4901,247.0719
470.3325,215.2355,69.9855,249.9743
469.6024,214.8424,72.9365,253.2567
470.2406,210.4503,74.8592,257.3351
471.5258,209.4331,76.9104,261.2424
474.6970,210.6163,78.3204,267.0073
477.6437,208.0269,76.3056,275.1809
478.6801,205.0628,74.0851,282.4201
479.6116,204.3020,74.1932,291.4126
479.0814,199.5594,74.5750,298.1651
477.3744,196.4265,74.7068,303.7538
475.0691,193.7798,76.8776,309.7080
472.6556,193.3183,79.0196,315.5834
470.4857,188.9494,79.5389,316.9579
469.5792,187.8435,82.1822,315.7189
468.7029,189.7650,83.3601,322.3883
467.1909,178.0103,84.7181,321.8881
466.3625,177.6657,89.1847,322.3141
465.8315,175.3381,93.1048,319.4858
466.3734,178.0686,93.8647,323.5242
465.9092,176.1010,93.9374,326.7146
466.8402,178.5110,93.3867,334.4923
469.1494,179.4815,93.6948,346.0699
472.7812,180.6505,92.2827,356.0360
477.1513,185.2889,90.5148,359.5049
480.1320,187.0466,89.2752,364.0961
483.3446,193.7095,88.4248,370.7819
485.4193,185.0343,87.3532,374.0156
491.7707,193.5789,85.1777,370.5151
496.2885,188.4345,83.6102,371.6226
499.2004,186.5169,82.5225,370.0695
501.0284,184.5374,82.4053,369.3948
502.9593,183.2722,83.3089,375.5318
504.8279,182.4504,83.8918,380.1064
506.2088,179.3113,84.1514,386.2993
508.2078,177.5961,83.9772,390.3356
507.5085,172.4124,84.2374,396.9142
501.2649,172.1058,84.2523,406.6647
476.5275,176.1914,84.8530,412.5091
453.0742,180.1080,84.9616,414.2263
419.0981,179.6378,85.1247,417.3682
352.1014,155.0858,84.0857,415.1081
283.9190,158.7234,83.6086,413.0064
215.9845,210.0315,84.2608,411.2050
152.4854,286.1397,87.8034,394.1312
