1
336.9539,112.8093,76.8917,14.6170
329.2690,114.1981,81.2709,14.5556
320.3403,115.3783,84.6351,14.6536
311.3765,115.7728,87.7220,15.0879
302.0594,116.6170,91.0891,15.4094
291.4135,117.1912,93.8770,15.8402
287.2977,115.7680,90.1748,18.4619
290.3274,111.4892,79.0279,26.1992
292.8205,106.4434,66.9639,36.1054
290.8873,104.4060,58.4008,44.4549
283.4912,84.9395,46.5308,57.9477
280.9292,70.9678,39.2433,68.0391
282.8263,64.5379,35.6479,74.6023
283.5365,59.2007,34.5299,78.5033
283.3656,55.6300,35.0538,79.5810
278.5739,40.2000,32.0348,82.4519
279.9444,29.9863,29.1330,86.4781
280.8329,22.5299,27.3979,89.3115
274.3871,18.6887,27.3606,91.9201
273.7451,20.2365,27.7802,92.8021
273.1963,17.9039,27.7592,92.3250
273.3108,15.2525,27.5073,91.9328
282.3537,12.8646,27.6443,92.8060
282.9602,15.3825,29.3527,90.8783
280.8253,12.4244,35.7097,82.4366
277.9468,14.7199,40.8794,76.4974
276.5498,15.9519,44.8661,73.2176
272.5555,19.4112,51.2124,66.7731
268.1961,22.8796,55.9032,61.3881
268.2446,17.7707,55.4492,59.3449
272.4580,18.5771,51.9834,61.8074
284.6447,16.4835,43.9926,69.9141
287.3888,18.4152,41.7202,73.6544
287.5717,19.7567,42.5053,74.9201
287.0818,19.9446,43.3930,75.0785
286.0089,20.2718,44.6966,75.1814
279.2849,24.1576,51.4563,70.6110
273.5021,29.5192,55.0273,65.5555
270.6343,29.3369,56.2376,58.3725
271.3163,33.3585,57.7338,54.6519
267.7682,36.9119,58.7192,55.4835
265.0823,40.6323,58.4560,57.6787
262.0137,44.0131,57.5233,60.2119
256.4365,51.9313,54.5763,63.9846
257.2717,52.1736,50.4802,70.2981
256.1610,53.4310,48.3467,74.3305
255.1134,55.3741,47.1218,77.8803
252.4943,58.4679,47.2906,80.3415
250.6595,61.9915,47.1169,82.5959
248.1124,66.4207,47.8130,83.5086
245.7458,71.0728,48.5332,84.3808
236.6882,74.2327,48.8075,84.6568
232.5446,77.2620,49.4784,83.0644
231.5171,81.2660,48.6376,80.7705
232.5964,86.3274,48.1098,76.7053
232.7465,92.1818,48.1284,72.9361
231.1170,105.4743,55.4146,62.6246
227.4528,114.9614,60.5751,57.0129
226.5548,120.3576,61.3697,56.8523
226.7360,123.2320,58.9809,60.9947
224.7688,124.5423,49.4022,73.1510
221.8663,125.5579,42.4660,81.6422
223.9334,133.5101,38.3606,85.7338
224.7666,139.2867,35.7568,88.2653
219.3080,144.6499,32.9905,90.6341
219.2145,147.6575,33.2562,90.1789
217.6494,149.8193,33.3495,89.1483
217.6849,155.7746,31.9496,88.6063
217.6915,159.5681,32.3610,87.3535
220.1741,161.8866,31.5153,88.2053
222.2062,169.1136,31.6075,88.1680
223.6784,177.7176,31.5845,89.6365
224.6125,187.0911,31.6612,90.6408
225.6988,196.0273,32.0363,89.9282
226.4693,200.9310,32.3198,90.6544
227.5341,204.8084,32.4025,91.4195
229.5437,213.4200,32.7640,91.0585
231.7978,217.3289,31.4474,94.3454
233.9048,219.8711,30.6760,97.2026
234.8233,226.8475,32.1412,97.2486
235.5005,235.5756,34.5652,95.5550
235.6059,242.3439,37.4069,94.8391
233.8302,249.2741,41.9708,92.2141
233.8741,253.1719,44.0218,91.0100
234.6826,258.9012,44.4946,90.6547
236.0902,262.8886,43.8486,91.8130
246.4284,266.5424,41.2860,94.8544
248.7679,269.9099,39.7699,97.3749
250.8690,271.9591,38.7280,99.1046
252.2271,276.0642,38.7373,100.4187
254.1192,280.0883,38.4700,102.0831
255.4654,282.9305,37.6061,102.9718
257.0479,286.5171,36.9730,104.2837
257.5420,293.1542,35.5088,104.1422
259.1577,303.9411,34.5995,103.2911
261.2009,309.2350,34.1809,102.7870
263.0605,315.4469,33.8408,103.3123
263.9384,322.7235,34.0152,103.9551
263.1778,330.5181,33.6792,104.9771
261.8874,338.5516,33.9721,103.4137
261.2223,347.7549,34.0746,102.9065
259.8790,356.5361,35.2793,102.3017
259.0833,364.8340,35.9944,102.7141
251.4630,370.5415,35.6532,103.6284
250.9012,376.5315,36.2178,102.5058
250.5433,380.1854,35.9011,101.9877
250.0208,382.3118,35.4808,101.2244
249.1860,385.2065,34.7922,101.1875
248.6888,386.4496,33.5265,101.3006
248.1634,388.1424,32.5154,101.3871
247.6415,391.2828,31.6820,101.3968
247.2769,394.2411,31.0827,100.9458
247.2347,395.7881,30.0569,101.0348
246.8074,397.8757,29.7315,100.6329
246.1268,402.3633,29.4612,99.2834
245.4200,404.1987,29.2197,98.9668
245.5911,412.2611,30.1298,99.4040
244.7773,419.0027,30.5236,100.0942
245.4701,424.3140,29.6957,102.7245
246.0975,433.1793,29.0654,102.9617
246.8825,440.8407,28.6732,102.6874
247.0373,447.9101,30.4160,103.4033
247.0178,454.3758,32.0802,103.1363
246.2016,463.8758,34.6214,101.9710
246.1402,470.4120,35.7947,102.4256
245.8953,475.8711,36.1024,102.6536
245.5564,481.1858,37.2953,102.2733
246.8154,484.6790,38.0933,101.9411
248.2913,489.8838,38.1367,101.8869
250.5781,494.8311,38.2630,100.8907
253.1757,498.3015,37.5232,101.1613
255.0511,501.3573,37.0132,102.0255
256.2444,505.9113,36.9110,101.7106
256.8497,510.3057,37.1972,100.6868
257.4040,514.4122,37.1485,99.8044
257.3518,518.7891,37.3005,99.3640
257.1072,522.3486,37.3657,98.7659
257.4512,529.0073,37.6661,97.8711
257.4297,537.7793,38.2883,97.6392
256.8149,545.7780,38.9640,98.4503
256.8182,554.0469,39.9475,98.3936
255.5272,571.9991,46.0874,85.4251
259.7521,576.8207,50.8344,78.8006
270.8053,581.1237,58.4172,72.0938
282.6162,571.9402,63.5780,65.5847
303.3199,555.2775,67.4351,62.7746
318.1671,552.1349,67.7673,63.2922
332.7822,541.3560,67.9836,63.5437
345.1996,528.7163,68.6537,62.7286
358.3304,517.7505,69.6033,62.1545
365.6638,514.1296,70.0110,61.9780
378.8420,503.2283,70.5662,61.6865
393.4733,495.0207,71.4944,60.5865
410.5265,492.3535,70.3201,58.5068
419.1150,488.6263,71.0070,54.0799
427.9626,487.4604,70.8116,55.6906
433.8380,487.6727,69.7938,58.7457
440.4619,491.7198,66.3758,61.1122
450.2039,492.8540,60.8929,65.6242
463.5373,492.2823,50.2221,76.4177
468.3824,490.8156,43.7683,83.4878
478.9632,490.8734,38.8855,88.2599
480.7175,498.2880,36.8976,88.7552
482.0688,503.6367,36.5821,88.8907
483.1180,508.8293,36.5643,88.7220
483.6228,514.0309,37.0912,88.3255
483.7163,519.0062,37.7049,88.0013
481.8860,524.1152,38.5770,87.6292
482.3148,531.9598,40.0009,86.9403
476.0269,538.5074,39.7520,88.1487
476.4773,546.6779,41.5037,88.6389
475.5280,556.4018,44.1528,88.7096
475.7223,565.2843,46.1057,90.4925
476.8199,572.8093,47.9452,92.2087
478.2232,581.8391,50.1845,92.9272
486.7807,590.9510,52.3250,93.3268
499.3656,597.7593,53.9865,86.1836
501.5255,605.7952,53.0960,80.8047
505.2692,601.4811,49.4602,84.3755
527.5851,589.1373,44.1851,89.9157
527.9282,577.4000,44.4227,89.6760
538.3473,549.3174,42.3003,90.5533
550.7100,533.3105,37.0928,95.3935
552.9505,517.5725,37.8060,92.8275
563.1340,503.2980,38.6520,89.7582
571.4559,492.0345,48.5222,73.4707
572.3983,493.2737,58.1383,64.5684
584.9952,495.7682,62.4692,64.2849
598.8129,508.8970,66.1967,64.3792
612.3914,521.2662,70.1996,63.6282
627.4922,525.4101,70.3907,67.5631
642.2440,538.6097,71.8350,69.2723
654.5502,547.4218,73.6896,70.4941
666.8252,556.1427,75.7676,71.0882
674.0026,563.1464,76.6828,71.7347
681.1913,570.0110,76.8245,72.5988
693.4498,579.2510,77.1866,71.5713
704.1948,588.8318,76.4717,70.4985
709.9242,594.9492,76.8251,69.2692
717.1446,600.5204,76.5581,69.0370
725.2059,603.8057,79.2059,68.5015
737.6664,602.5908,73.6033,68.6805
743.0970,612.4156,72.3129,61.7249
745.2110,620.7198,71.9207,56.1954
751.6727,624.4117,71.2215,53.6065
758.3969,624.2211,69.0139,54.4022
768.3054,623.1757,67.9130,55.1261
770.8902,622.4977,67.5876,55.5898
771.9008,620.5085,68.5728,55.8183
774.4898,619.2203,70.6421,54.9939
778.3802,614.0798,77.5586,48.0280
783.1375,612.7870,79.3781,45.6526
796.1577,607.7086,79.4220,43.9191
802.7319,609.9398,83.5726,37.4492
805.7809,610.8577,88.6246,31.8558
809.7523,611.9209,94.0260,28.2146
817.0796,612.3735,96.4273,26.4272
826.0177,613.5407,98.1489,25.6842
835.7016,614.5391,99.2972,26.1735
847.2244,615.3565,101.5565,25.6547
856.9824,615.4901,100.6004,26.4423
867.6216,617.1254,98.3521,27.5790
875.6106,617.8314,98.1610,26.9392
882.1602,617.1052,99.4658,26.9206
886.7971,613.4603,101.0397,28.0399
900.6053,613.6799,101.5666,27.5018
904.5784,612.4097,101.3291,27.9017
913.0678,611.3464,101.9153,27.8128
918.7283,609.4001,102.3329,27.2812
923.9402,608.0867,104.5387,26.9540
931.1419,605.6620,103.3198,27.5577
937.1274,603.4532,101.7761,28.0063
949.2043,601.5443,95.1838,29.9238
963.5615,601.3851,92.3374,29.5629
967.1514,600.1445,92.9761,29.0844
970.4254,599.9984,94.5625,27.9225
984.4120,601.1298,92.4776,27.5307
989.8550,603.5326,94.3105,27.5764
996.1390,604.4402,95.4905,28.0012
1002.7040,604.5569,97.1299,29.3128
1009.7859,605.4249,99.2220,29.5830
1016.6004,607.0826,99.7561,29.5751
1023.0483,609.0822,99.3922,30.6994
1038.4994,608.2786,93.6035,33.3039
1046.7804,611.3693,94.2996,32.6280
1053.1838,611.9078,97.3534,32.5054
1064.1107,611.7358,96.6718,34.8045
1070.9583,610.7450,97.1242,35.5700
1073.8831,608.9495,98.6608,34.6596
1073.0468,609.1707,99.8447,34.2779
1071.7920,609.1980,100.3189,33.1121
1072.1248,600.2686,105.7506,35.5180
1083.0493,600.2831,115.2221,32.1852
1099.0035,592.1990,117.7907,34.1670
1123.4097,584.4951,96.7294,48.5717
1141.3658,582.1933,80.9576,65.4370
1161.8954,590.9930,65.0305,83.0121
1176.6501,607.8156,56.2470,93.5595
1190.3586,623.1280,50.0304,101.6086
1194.6478,638.0224,46.5790,107.1750
1198.5858,652.0353,45.4886,109.0075
1201.9991,667.4499,46.0172,109.4447
1214.7919,680.9847,48.3320,100.5492
1222.5123,707.4176,61.0769,80.5689
1245.2993,727.3365,79.9142,59.8655
1271.2953,734.0532,92.9143,44.5505
1304.9301,738.7263,98.2813,36.0184
1343.9255,713.1242,76.1143,55.6392
1380.3987,674.7839,61.3222,69.6480
1395.5813,643.9576,60.4101,71.3335
1418.2769,613.6124,60.1123,72.3078
1438.8418,591.2360,61.6932,70.9652
1458.8589,568.6210,63.2674,68.5045
1474.6960,548.0453,62.2762,69.6599
1495.8094,534.4370,61.6705,70.1487
1510.9103,513.0234,60.6940,71.8352
1531.3855,481.8825,54.0805,76.1350
1535.8312,467.3414,50.5603,78.4880
1530.8108,448.4193,55.7748,72.5974
1515.5502,434.1084,60.0559,69.7061
1501.7516,415.0097,60.9574,69.6604
1488.8915,394.0077,62.9709,68.4845
1478.4156,378.5057,62.2991,70.8222
1468.1445,371.5784,61.2607,73.6637
1460.0208,354.3410,56.6367,79.7465
1456.3051,338.7031,55.2039,82.8859
1447.1893,324.3068,55.5256,83.5393
1444.2686,315.1888,55.2301,84.6380
1433.4199,303.1841,57.2085,84.1163
1387.8049,302.4820,75.8238,66.5768
1338.2400,320.0083,89.8356,52.4477
1288.4186,337.8882,100.7471,40.2777
1249.4895,343.6378,105.0490,33.0447
1217.9895,345.8152,104.3964,30.2485
1189.0948,347.7533,102.9922,27.9812
1163.1125,350.0732,103.3525,25.3618
1137.7260,351.6200,103.5756,23.2722
1115.8214,352.1826,103.8904,21.4328
1095.1266,352.6762,103.7122,20.3427
1075.1519,352.7764,104.9176,19.4754
1057.8710,352.3566,105.0241,19.1430
1044.1510,352.9319,103.5580,19.0898
1030.6050,353.7285,102.5532,18.8847
1016.8798,354.0309,103.3637,18.3785
1003.6911,354.7984,102.5438,18.2574
991.3007,354.7092,103.2941,18.0916
979.5193,355.3591,104.3716,17.9019
966.8437,354.3528,99.6468,20.3054
966.1896,347.6565,80.0734,35.4851
967.4940,341.8918,64.8088,47.9477
974.1199,351.0633,59.0691,51.4155
975.0766,356.2886,60.1176,51.5500
975.8867,359.7518,63.3332,51.2468
984.6375,364.3769,65.1790,51.4344
986.6558,368.0580,67.5216,52.2189
989.7754,374.1803,65.7928,53.1990
1002.5497,374.5126,58.5761,60.7850
1010.3866,378.1436,50.5983,68.6733
1014.6185,375.7065,46.5411,69.5680
1013.9517,388.7384,50.7347,59.0898
998.1121,390.1417,57.2911,56.4718
974.3579,380.8432,61.1796,55.0669
951.2150,373.9567,72.1953,46.2166
923.3300,363.0334,78.9741,40.6274
904.4109,358.7105,84.9183,34.1208
881.2432,355.9990,91.0286,29.9241
855.2424,354.5878,91.9073,30.6794
835.1196,348.1834,94.6113,29.0034
817.2282,344.5800,100.0105,25.3307
795.9995,344.4699,103.7670,22.8233
785.3753,338.8625,101.9273,23.6629
776.2092,337.4566,98.1981,26.5404
763.8256,327.0068,89.9255,34.3529
744.1724,319.5641,86.1344,35.9714
734.6814,317.9469,91.3216,31.0800
712.4803,313.7732,93.5736,28.7676
689.2354,317.9416,98.0261,26.1256
667.3005,318.6503,100.8526,23.1232
655.0007,313.0732,101.3186,23.0048
635.7562,312.4107,102.7569,23.6017
619.4863,309.9090,101.8399,24.8993
607.3222,303.0303,101.5312,26.2028
594.8063,300.9576,100.8904,27.0963
582.5193,294.0945,100.6608,28.2675
570.4690,288.8427,101.0696,27.9703
559.3866,288.2036,103.4329,25.4242
549.9694,286.1580,104.3032,24.0101
540.5962,283.9185,106.3571,22.9293
531.2563,281.8313,105.9359,22.7563
523.1678,280.2691,105.5128,22.6146
513.9962,278.6441,106.1020,22.6415
504.8808,276.8226,102.2465,24.8875
486.8622,267.9294,95.5632,29.0986
461.7452,276.4173,98.9365,27.2566
432.9258,285.1303,97.6917,26.9554
409.4271,287.1343,96.8803,26.2904
386.6951,290.8499,96.9169,25.3792
364.7770,295.3158,97.4564,24.3555
343.1766,299.8546,98.0875,23.5290
327.0413,299.8643,91.2878,28.1322
318.1805,297.9158,80.8311,34.6301
307.9245,285.6199,68.8632,47.2683
304.4922,272.5076,56.5247,61.2861
299.1355,255.2453,48.7571,70.5464
292.8490,238.6342,44.5653,76.6719
286.4771,222.0630,41.4588,82.3717
278.6125,212.8677,40.0573,85.5244
277.0959,199.6841,38.8108,88.1478
268.7898,186.7151,37.5552,90.7108
267.4767,175.3098,37.5844,91.3844
265.9821,170.9176,37.9623,90.6346
257.7833,159.1787,38.4106,91.3514
256.7981,154.9755,38.5442,90.3751
256.1411,142.1241,41.2254,85.1690
249.3789,135.3011,45.4521,78.0941
244.5396,131.7500,54.7653,67.0270
246.6823,130.7346,71.0611,52.1955
249.0664,132.0419,82.1648,42.4900
258.3881,131.3164,87.1759,39.3651
268.4884,124.6800,91.0917,37.1137
274.7303,122.3175,94.4846,35.5026
282.8835,118.9422,96.5712,34.1982
289.9651,115.2369,98.5861,32.5476
297.6555,111.3446,100.7073,31.7245
303.8635,108.9292,99.8207,30.7485
311.5005,106.5679,100.4829,30.4104
317.9717,104.2805,100.3920,29.9531
327.9711,104.1196,102.5160,28.7040
335.9141,103.8582,97.1060,29.6746
348.2341,98.5755,92.6275,30.0554
357.2055,99.3137,91.6114,30.3242
368.9813,101.0637,90.6239,31.2429
376.1126,102.9432,90.6103,30.8342
385.1639,106.2191,88.8529,31.3115
389.2865,111.0889,89.9372,30.9489
395.7014,113.5857,91.7964,31.4834
401.1175,116.6790,92.7525,32.1309
407.7237,118.8504,94.0219,32.0375
414.7536,121.1826,93.8509,32.3484
