1
335.0456,168.7163,27.4258,38.8111
337.0495,167.0305,27.5376,38.7949
338.1635,167.6398,27.8484,38.9342
338.6653,168.0581,28.0847,38.9427
338.2991,163.7949,26.1279,41.4629
337.1384,161.3009,25.8929,42.7947
336.2404,162.4251,25.8362,43.4147
331.1962,163.5695,26.0838,42.8885
331.9928,166.1623,25.3299,43.9425
333.1924,166.0413,24.9708,43.0499
332.8922,167.0071,24.6985,43.5786
332.9626,167.3754,24.2560,43.7665
331.9226,167.1345,24.5910,44.6380
331.1137,165.2804,25.1502,45.7409
331.9777,164.1819,24.4981,49.2789
330.2171,163.1421,24.5076,51.9455
330.1460,162.9434,23.9744,52.9973
328.7558,162.6078,24.5458,52.1249
328.0486,162.8268,24.7472,51.6304
328.4751,162.9766,25.5827,51.4169
329.0367,165.4812,24.6919,52.3165
330.3309,162.5976,25.2461,51.5904
332.5876,161.7559,25.6044,52.7349
332.4486,159.8528,26.8414,54.4852
328.8495,159.3543,27.0862,54.6093
329.1572,157.2717,25.7556,54.0584
331.0604,155.9133,24.1496,53.5802
331.7968,154.7024,23.8749,54.7818
330.0572,156.4063,24.6318,55.1567
330.1686,155.0981,24.7871,54.8862
329.6320,154.8158,24.9616,53.9545
331.8324,155.1264,24.6066,54.5697
333.5199,153.1171,23.9069,55.0999
334.8377,152.8411,24.3715,56.9688
334.8416,151.3744,24.9388,55.8181
334.4174,151.1135,25.8525,55.7776
336.0166,150.9754,24.5088,55.1672
335.5462,150.8382,24.2893,53.0205
334.7462,152.8124,24.4225,52.7110
333.9677,152.7988,25.4069,52.9161
334.6733,153.2248,25.1654,52.5197
334.6535,152.1754,25.7236,52.6354
335.3296,153.7267,25.7189,54.1483
335.4581,151.3910,25.8973,54.7302
335.6090,150.5595,25.1839,55.2419
335.1327,150.2877,24.7285,53.8739
333.8381,152.1422,25.3291,53.4980
335.6743,152.3253,23.6324,54.2956
335.9442,153.0572,23.4212,52.1125
335.6028,150.1961,23.4965,53.2261
337.2170,151.4319,23.5497,52.8030
337.1816,151.2142,24.1028,53.7500
338.9769,152.1189,24.2810,54.2003
340.5985,151.0872,24.1483,54.9025
341.9478,151.0181,23.5539,55.3328
340.6762,150.6534,23.1779,54.5092
341.3996,151.7416,22.6023,53.8647
340.6493,151.3233,23.1038,53.8905
340.1007,149.4007,23.0712,54.8444
339.4174,148.2330,22.8459,56.4879
339.1698,147.7858,22.8111,56.5421
337.5790,148.9623,22.7684,56.1818
335.4002,150.0497,23.6549,56.4904
334.3343,149.6994,23.8944,56.9248
333.3938,148.5169,24.4950,57.0379
331.7833,147.2516,24.0098,56.4070
327.9060,147.9232,23.6637,56.7999
326.7108,148.0519,23.7213,54.8066
326.5714,148.8736,22.4853,54.9101
326.6244,147.8222,23.0309,55.7511
326.7466,146.3968,22.8744,57.1019
326.3163,146.8353,23.0956,57.5261
325.8706,147.9247,22.7804,57.2707
328.2112,148.5611,22.2169,59.0066
327.8005,146.5961,22.3288,60.6287
326.8768,146.9857,22.6434,61.4032
326.9594,146.1379,22.4414,61.6674
326.4464,146.2583,21.4181,62.0273
327.2414,145.3109,21.4420,60.0909
327.9926,143.7728,20.8913,60.8032
328.2707,144.8885,21.4106,62.0733
326.9144,144.7216,21.8895,60.8802
326.9615,146.0685,22.1584,60.5081
326.7644,144.9454,21.5650,62.2025
327.4649,146.3200,21.2480,64.3523
328.3053,144.6040,20.7961,65.8519
328.0172,144.7577,22.1995,65.3286
327.6653,144.4276,22.1996,65.5843
329.0903,144.9252,21.3415,65.1063
331.2700,144.4899,20.2475,65.4992
333.1098,143.9969,19.6485,65.2242
334.4602,144.0766,19.9434,64.0396
334.7308,144.1468,19.4688,65.1582
336.0565,144.0869,19.4543,64.9008
337.6273,143.6859,20.0782,64.4370
338.7603,145.9982,20.0676,66.1209
339.5929,142.5367,19.6132,65.4811
340.2695,143.7586,19.3121,66.0114
340.0078,142.6064,19.3578,66.0750
340.6706,141.6966,19.5163,64.5761
341.7755,142.4178,18.5976,65.4322
342.4014,143.1844,18.6896,66.3309
342.6114,143.4723,18.2327,67.4676
338.9946,142.3499,19.1267,66.1941
344.9875,143.6664,19.7825,65.8786
346.3009,146.9418,19.9398,66.3986
351.4924,143.3277,20.9685,65.8359
352.2767,142.5127,22.8280,64.8490
347.3906,143.2876,22.1420,66.3610
352.7594,142.8938,23.2610,66.7186
354.3869,141.2471,23.0763,67.8666
355.7973,140.2706,24.3860,66.7509
356.2051,143.2535,25.5209,67.3951
361.4384,141.7927,25.4058,68.4531
361.4631,142.5521,25.6674,68.6420
363.3645,144.4291,24.2560,71.8347
365.5907,144.4279,24.6557,71.5273
367.4756,141.3817,23.9399,73.5217
368.1927,141.2347,24.4489,75.0801
367.8393,139.7272,24.4529,76.1102
368.4203,139.4392,24.0350,75.2971
370.1273,138.7679,22.7859,74.5126
369.9972,141.9300,23.0508,74.1177
369.8478,138.7162,22.5308,73.7534
364.4745,138.2847,22.2555,73.3788
364.9412,139.5664,22.0342,73.6286
364.5614,141.2602,22.9493,69.4748
372.0170,146.3287,21.4787,71.1804
377.9463,145.5068,20.9016,71.4648
371.9420,144.2129,21.5781,68.4988
377.7230,151.3836,21.5155,68.4053
378.2638,152.3853,21.6086,67.4987
383.7290,155.5739,23.0726,65.1416
388.7919,151.7749,23.9987,64.5822
387.8975,152.2329,24.5819,62.6681
388.1645,151.7302,22.3253,65.3509
388.2644,151.3466,21.1206,67.2430
389.5326,151.1710,21.5395,66.9432
394.1905,155.4769,22.7880,63.6195
396.0396,156.9930,22.6857,63.6720
397.3208,156.7772,22.4094,61.1407
396.6583,157.5046,21.8105,63.5143
398.8307,157.7638,21.0057,63.8895
400.9319,158.2690,20.4729,64.7690
406.8038,160.3393,20.7235,62.9075
408.1917,160.5573,20.5266,62.8647
408.7456,163.5738,19.9405,63.2336
409.8677,167.0210,19.8822,64.7204
416.8837,161.3927,20.1725,65.8458
416.8918,159.7165,20.4956,66.3464
417.2662,160.7319,19.8899,66.3977
417.4723,162.7480,20.4006,64.9757
416.7978,161.3209,22.2932,63.7963
418.3672,158.6479,22.7213,63.3366
418.7088,156.5157,22.3713,63.6480
418.1948,157.7803,21.7155,62.5108
417.0985,158.8998,20.6843,63.7668
415.7715,159.3044,21.5743,64.4938
414.8815,161.9754,22.5938,64.9261
416.8661,160.2733,22.7466,66.0653
418.9622,158.7091,23.3371,66.3031
420.0942,157.8566,23.2189,67.2670
420.5369,159.0355,24.0346,66.9080
421.4744,159.5127,23.4767,66.2833
424.4421,160.2423,23.1009,65.2447
430.0642,159.8856,22.9859,64.6476
431.8581,160.5535,22.3507,63.9518
443.1608,161.6944,23.1777,65.3752
445.6653,161.3160,23.1511,66.4313
448.6815,160.7215,23.4082,66.7110
455.6512,158.6917,23.9710,67.7123
457.5820,157.7948,24.3179,67.6580
459.9983,156.5729,24.1646,67.0412
461.7846,157.3663,23.5988,67.8184
465.0447,156.3041,22.6110,69.0645
467.7083,153.0706,22.1692,69.6853
468.2838,150.5836,22.2589,70.2895
469.4167,148.9955,22.5696,70.5608
470.9964,150.0229,21.5323,72.4720
470.6322,150.1966,22.4552,72.2311
471.5784,149.1956,22.2540,70.7437
471.5055,148.5693,24.1774,69.5477
469.8752,149.8332,26.2124,65.9689
469.8687,152.1889,26.0325,65.3801
469.9129,155.9159,26.7428,63.6046
471.9379,156.8651,26.1657,62.9383
473.7028,159.9212,26.1448,61.6624
471.9861,158.4629,26.5894,60.5433
471.7998,160.3415,25.9117,60.2402
472.3403,160.2946,24.1083,62.1286
470.3274,161.8893,23.7205,61.5399
469.6824,161.2729,23.6818,61.9128
467.8655,160.5087,24.6493,60.7524
465.7529,161.5479,24.2047,60.7250
458.7615,162.3994,24.1121,59.6305
459.0754,162.4424,23.8122,59.4987
459.5042,162.2719,23.0832,58.8931
459.4287,161.3945,22.6367,58.9193
458.4491,161.0150,21.7268,60.1086
458.9211,159.2590,20.8611,62.2096
460.0128,158.5663,19.6129,64.0833
461.7820,158.7635,18.6862,66.1712
462.0872,156.9541,19.3075,65.2364
461.9377,153.8330,21.5901,62.2558
460.3024,154.6595,22.6474,61.9006
459.3568,154.3273,22.8696,61.4364
459.9781,154.4046,22.1270,61.5034
459.3207,153.3599,22.5552,60.3093
458.5022,152.1105,22.8738,59.0616
456.6185,153.1670,23.4698,58.4549
454.2099,153.2400,23.4423,56.9690
453.2263,153.2587,23.6361,56.2427
452.9502,155.8987,22.3327,55.8588
452.3309,156.3736,22.5762,55.7841
453.8638,153.4700,22.7516,55.0187
453.7251,150.8338,22.0741,55.4723
453.7290,150.5609,21.7120,54.4338
453.1954,150.9265,21.5003,54.0666
453.0304,153.1012,21.7027,52.4304
452.9625,150.4107,21.7108,51.4905
453.5865,149.6234,21.7765,51.8652
453.4668,148.3950,22.2667,51.2356
452.6086,149.3627,22.4500,52.5492
453.1470,149.3073,22.7526,53.7385
453.7062,149.5977,22.1461,55.1942
457.5853,147.7783,21.9978,55.5520
457.6046,147.2094,22.0057,55.8805
457.6661,145.0639,22.7137,56.1109
457.4767,143.8969,22.2725,56.6858
457.5402,143.3752,21.7012,58.3206
457.2917,143.7494,22.3419,59.7254
458.6468,142.6524,21.9115,59.5467
463.2431,141.0423,22.1656,58.6661
467.0476,141.6381,22.6972,58.9808
468.1776,141.1820,22.8663,59.7484
474.7318,142.1793,22.4474,59.1155
480.8377,144.9416,22.0387,58.0770
487.4283,143.9851,22.4537,57.7507
497.8924,143.9691,23.7526,54.1953
504.2404,137.7289,24.6736,55.3213
510.3655,131.3206,23.8739,57.8237
513.1035,129.5152,22.9913,59.6449
523.6185,128.9138,22.6955,62.1742
529.0473,125.5553,23.3759,61.2755
530.0721,124.6516,23.5740,61.1684
531.2685,122.8537,24.2381,61.1342
533.9050,122.5774,24.1227,60.5683
537.9612,122.0895,24.5710,61.5777
538.0003,121.9274,24.7464,62.0868
539.7878,122.6732,24.2442,60.5136
540.3425,120.7613,23.7825,60.9172
540.4329,121.4208,23.1490,61.1920
538.6713,117.0467,23.4289,61.0806
535.3138,116.3516,23.7069,59.6570
532.7640,118.9046,24.0193,60.4948
531.6698,117.2854,23.5430,61.3742
528.2831,117.8731,23.9564,59.8314
525.4541,117.8510,23.5345,59.8700
523.3166,116.8065,23.5239,59.7619
521.2767,115.9772,23.3030,60.3231
519.7896,116.6903,25.0192,58.8901
517.4651,117.3705,24.9855,58.9389
515.8712,116.3093,25.2982,60.2737
514.5933,115.3560,25.3296,60.8434
512.6470,114.2523,25.9922,59.8355
506.6164,111.7245,24.8528,60.0611
505.2736,110.6093,23.6713,60.7458
504.3333,110.0292,22.7359,60.6573
502.1972,109.6546,22.8216,60.2602
500.4571,104.4643,22.5841,61.7472
497.8332,102.5644,23.3165,61.9521
495.8245,100.3586,23.4598,62.3018
494.8023,97.9627,23.4308,60.6646
493.5880,97.7178,22.5169,60.3473
493.7128,94.2168,22.9308,60.1381
493.3135,92.7193,23.6948,60.9955
491.5309,90.2926,24.6817,61.4658
490.9160,89.5301,23.7560,62.9290
490.0760,91.1350,23.1120,64.4874
490.5860,90.7731,22.6631,64.2701
490.5690,88.8468,22.4762,64.9951
492.0416,87.6656,22.2032,66.0678
491.6777,84.6766,22.9835,66.4226
491.7801,83.5644,23.0650,67.3588
493.6090,84.1964,22.9808,67.1475
495.7483,82.9517,22.1542,66.5882
497.4561,81.5690,20.9768,65.8434
499.2565,83.2693,20.9134,64.8407
499.4014,79.2924,21.5800,65.1276
499.5638,77.5164,21.6306,65.8160
498.9319,77.9437,22.2766,66.2586
497.3060,78.7546,22.7572,65.8410
495.6718,81.7430,22.7442,67.7964
494.1398,83.2543,23.5797,67.0319
494.0052,82.7655,23.9173,66.4488
492.3958,84.1248,24.5716,65.8761
490.3007,83.8201,24.7757,66.8211
486.2456,85.3704,24.9800,67.3577
485.9542,84.4292,25.1362,66.4751
484.6025,83.5869,24.1868,66.1440
481.4573,84.6135,24.8297,65.1964
474.7498,85.3959,26.8731,64.0770
470.9736,84.6685,27.9579,62.7632
468.0197,86.0925,27.8016,61.6202
463.6324,88.0955,28.1802,59.2891
455.8473,89.5758,27.3068,59.0489
451.2635,91.4926,27.4077,58.9990
443.1271,93.6260,27.6635,58.8845
442.8082,95.1985,27.7296,61.1843
440.9741,95.0766,28.2446,62.0772
439.4018,95.6890,28.9798,61.1851
438.8160,96.0687,27.5890,61.3654
437.2983,97.1752,26.8820,61.1179
436.6640,97.1371,26.6170,61.0237
436.6090,96.5226,26.6361,61.3107
435.1067,94.8068,27.0712,61.7985
434.1883,95.0209,26.8013,62.0003
433.6444,96.2009,27.2253,61.4929
431.7552,98.1784,27.2018,61.9347
429.1465,98.3849,27.3521,63.7046
428.0554,97.3097,27.7194,63.5546
429.5018,96.8107,27.4133,62.1856
429.5868,99.4876,27.3148,61.2714
431.0246,100.6895,26.8245,59.4424
430.6151,97.3804,25.7532,58.7673
429.0102,97.0096,24.8599,58.3909
428.5434,95.9754,23.9931,58.1285
428.1961,94.8333,23.1111,57.6765
427.0244,96.6016,22.9206,56.1007
425.5477,97.5796,22.6302,55.8294
418.5494,98.2823,22.9287,55.0487
416.0127,98.0698,23.0090,54.7110
414.5389,98.3836,22.9738,54.2120
413.4933,98.1830,23.2616,53.0667
413.1486,98.1042,22.3806,52.9870
412.0314,96.5891,22.7642,51.3611
410.0086,97.7521,22.8349,50.2367
407.0164,96.9486,22.2713,49.4334
405.2371,95.9216,21.8244,49.2716
400.4870,97.5410,21.3731,48.4518
398.4982,97.1476,21.5479,49.5205
396.5875,97.4109,22.0365,50.1019
394.7817,96.5816,21.9591,50.4258
389.0334,97.6128,21.4900,50.0862
383.7606,97.4275,21.7733,48.9399
382.4296,97.4253,21.2936,48.5743
379.7728,97.7870,21.2580,48.4453
378.6359,97.1407,21.7047,48.2276
378.0771,96.9212,22.0521,47.7290
