1
662.6124,127.3762,29.7600,67.5329
662.0925,124.7315,28.5417,67.0001
661.4819,132.2013,27.6546,68.6281
661.2520,138.0650,27.3901,70.2523
659.9579,140.6948,26.8128,69.6616
660.3350,136.2009,26.4415,67.0478
659.7655,136.0621,26.1346,65.7300
659.6982,138.3912,26.0389,66.2446
657.4662,140.5368,26.3811,65.9141
656.0581,146.8982,26.0240,66.4240
654.9389,145.2107,25.7038,66.3519
655.7393,141.4847,25.3732,65.1975
654.8550,136.2740,24.9041,63.9168
651.7429,132.1023,24.4706,64.4331
647.2116,131.6080,24.5909,65.2576
639.4338,136.0738,24.3908,66.0883
634.0525,145.4660,24.5558,65.5840
632.5297,152.2784,24.6532,65.6945
631.5114,158.6702,25.3400,65.8649
630.4758,154.6925,24.2718,64.2527
631.4687,153.4076,23.7358,63.2862
634.9286,152.4455,24.0498,63.2205
638.0626,151.2125,23.7462,62.2727
639.8587,149.5175,23.6391,61.7322
640.0094,148.0282,23.4812,60.8744
640.1235,145.5907,23.2249,60.2099
640.5886,137.3043,22.4841,60.3533
641.2032,130.6924,21.9676,59.3538
641.6794,133.2733,22.5190,59.8298
642.2338,138.0765,23.1057,60.2476
643.0621,144.2695,23.5642,60.9853
642.6121,140.3942,23.1850,59.6146
642.9498,145.9514,23.3111,60.1992
644.1245,157.9283,23.8380,60.1710
645.7259,163.7564,24.2153,60.3906
644.7375,155.0701,23.4883,60.3085
644.1096,145.5951,23.3685,60.0791
644.6155,137.9056,22.9580,59.9447
645.0794,132.9227,22.3136,58.6872
646.0446,130.3457,21.6174,58.1289
645.6937,132.3062,21.3957,59.5324
643.2846,126.0821,21.4605,59.1530
642.0412,121.9507,21.4628,58.8721
642.3364,126.3412,21.5123,59.6804
642.3717,129.1822,21.5608,60.6014
641.9158,133.0636,21.8890,60.5319
642.8726,135.0458,22.0282,60.2260
644.5710,133.7820,21.4591,59.5155
645.3683,130.6830,21.2213,58.0737
646.3145,130.8123,21.5831,58.6417
646.3587,136.0015,22.3160,58.5392
647.6172,139.2357,22.5782,58.6406
648.6071,138.5290,22.5006,57.9396
648.9972,137.9145,22.2868,57.8392
648.8229,136.2658,22.0049,58.4259
648.3693,140.9607,21.7849,59.3415
647.8033,146.4217,21.9961,59.7962
649.0563,149.0356,21.7680,60.2273
650.2921,151.6633,21.7613,61.4216
651.4745,151.0797,21.4091,60.3583
653.0228,150.5446,21.0774,60.6179
651.6044,149.2126,20.5141,61.4787
650.7999,149.0841,20.3999,62.3960
650.8702,149.3329,20.6644,62.1870
652.4791,149.0445,20.5882,61.2887
654.1395,149.1034,20.9160,60.9659
656.2358,150.9560,21.3113,61.2049
658.3323,154.1697,21.6665,61.1627
660.2222,151.6342,22.0847,59.6120
661.5940,147.4066,22.2681,58.7460
663.0907,141.1395,22.6410,58.5018
664.5756,135.7780,22.5704,59.0285
665.1176,137.4447,22.9465,60.1989
663.5765,134.9804,23.3058,60.3256
662.6476,125.9802,23.0471,61.2186
660.9569,125.9363,23.4783,62.1385
661.0071,132.4964,24.4217,63.1669
662.4517,142.8575,25.3703,64.5775
667.3044,156.0593,25.3334,65.0339
668.8831,161.4074,25.5580,64.9091
669.6443,163.9379,25.6671,65.7337
657.9293,168.0937,25.7294,69.3734
659.6061,166.3165,26.8048,71.9665
660.7303,163.8203,27.8025,73.3989
667.6645,160.6069,28.4919,74.3743
668.7946,153.7651,30.0959,74.0762
665.3965,148.0782,36.8641,68.0697
657.7939,139.6241,33.2470,69.8033
655.5411,140.5659,31.2802,68.8456
653.6135,144.4783,29.8396,66.7469
652.1429,147.7980,28.2708,66.6875
650.3047,150.7915,27.0975,65.2132
650.3773,156.3499,26.0446,64.2710
650.5782,156.3202,26.1473,63.3493
651.2545,156.0693,25.7613,62.2584
652.3135,158.0557,25.3347,61.4582
653.0687,155.5677,24.7897,60.1194
654.3212,154.8706,24.1460,59.9352
654.5037,155.7386,23.5646,60.2905
654.0147,158.4927,23.4920,60.3406
653.6995,159.0891,23.4679,58.9389
652.4461,156.7321,23.0014,57.8610
650.3778,154.9420,22.7718,56.7906
649.7960,156.7924,22.7981,57.9304
648.1707,159.5513,22.7841,58.9004
648.1494,155.7216,22.8216,58.1271
647.6213,152.7586,23.3263,58.2354
648.3182,156.2394,23.1215,59.4769
649.3875,159.4079,23.3160,59.4686
649.8461,159.7602,23.0095,58.6104
650.8311,155.4971,22.6598,57.1843
651.6006,157.8644,22.9331,57.7738
650.5943,162.1732,23.0327,58.9450
649.0793,165.8172,23.3652,58.4710
647.7185,168.7615,23.3719,58.7113
646.3820,165.5255,22.7215,58.6057
644.7340,163.1854,22.9889,57.8163
644.6301,165.4871,23.1828,58.8490
645.0240,162.4623,23.1309,59.5357
645.0362,159.7284,23.3853,59.2332
645.7179,160.4618,23.4607,60.1326
645.3307,160.9798,23.6412,59.6232
645.2267,159.0718,23.4362,58.4257
644.3059,156.6478,23.2943,58.2747
643.8315,156.2961,23.3220,58.9010
643.8672,156.1468,23.4288,59.4111
644.0749,157.9165,23.5236,60.5526
644.0165,158.2268,23.8578,60.4568
642.8013,158.1784,24.4865,61.0782
641.6825,157.5548,24.7388,61.5709
641.9103,159.8908,25.0772,61.7529
640.2570,158.7070,25.3625,60.9974
640.7443,154.6803,25.3563,60.3284
641.8318,153.0037,25.1445,60.2290
643.2420,147.9269,24.9705,60.6913
645.2712,143.4800,25.2500,59.8080
645.7941,140.6300,25.8087,59.6785
645.5261,140.9104,26.1428,60.5926
643.7403,139.8940,26.5041,60.3093
643.1157,140.0880,26.3903,61.7504
643.9623,141.7697,26.2422,63.7210
643.9451,144.2048,26.2351,65.2115
644.4700,145.9361,26.4350,65.9742
645.1479,145.9586,26.5118,65.7615
645.6490,148.7607,26.6967,66.6610
644.1486,149.8799,27.2033,66.0159
644.0894,150.3860,27.3924,65.8023
643.1317,152.1263,27.5466,66.3620
643.6179,152.1691,27.1563,66.4450
642.4622,155.7749,26.9960,67.6457
644.7918,158.3661,27.3913,68.3329
645.8211,161.0532,27.5464,68.9692
646.6833,159.3581,27.3921,68.4552
647.1475,164.2121,27.6507,68.9520
647.3106,162.5555,27.6592,68.2857
647.3606,163.7826,27.5054,68.9711
649.2998,163.5746,27.7937,69.0008
650.3912,162.4653,27.6948,68.4502
651.5241,161.1236,27.7526,69.4894
651.0637,159.4039,27.8200,70.2901
650.6772,156.8704,27.8513,71.0222
650.4842,153.9952,27.4944,71.5292
648.7099,156.5114,27.8726,73.3532
647.9133,157.1255,28.4814,75.3856
647.1197,156.0104,28.6092,74.5160
645.8680,152.3839,28.8263,72.6797
646.4928,152.9648,29.4627,73.1981
647.1314,154.0120,29.9783,73.6594
648.6537,153.1809,30.4078,73.7345
649.1370,151.9927,30.8876,74.3002
649.4407,151.9361,31.6281,74.7351
649.6035,154.3068,32.2499,75.0007
649.2737,154.3512,32.5346,75.9822
650.6212,155.2526,32.4404,76.3285
652.3331,154.1562,32.5908,76.2156
654.3947,154.2032,32.2981,76.7840
654.9894,155.7299,32.6300,78.0477
653.2644,153.4057,32.8904,78.0342
652.5616,148.9432,32.8571,77.6456
652.3969,152.0694,33.5169,78.8717
653.5878,155.2734,33.4895,79.4906
654.2908,156.3879,33.5496,78.9145
655.5609,151.2035,32.9668,79.5183
655.8099,151.4913,33.0715,81.4013
656.8483,149.3055,33.0398,83.1777
656.6975,145.4132,33.4171,83.8063
659.5270,142.0618,33.2153,84.6046
662.0460,140.7244,33.4090,86.5125
663.4174,135.2946,33.6839,86.5198
664.5884,135.3093,33.9100,88.6209
