1
661.9980,127.7412,30.7683,66.6967
660.9398,125.9611,30.1820,65.1382
660.3299,133.9408,29.3776,65.8984
659.9060,140.5075,29.0594,67.2295
658.6282,142.5234,28.3975,65.6232
659.3351,139.3049,28.0012,64.0905
660.3160,137.9978,27.3688,63.0257
658.5159,139.4966,27.3239,62.8425
657.5487,143.8936,27.0211,63.2406
655.6013,147.6487,26.5993,63.5259
654.5146,148.6068,26.6769,62.2709
654.9551,143.6716,26.5018,61.7611
653.4765,139.3705,26.2960,60.4394
649.9612,134.3899,26.6197,60.0395
644.9075,134.5163,26.7969,58.9659
640.5128,138.5258,27.0997,58.4183
634.8308,146.9203,26.2037,59.0964
633.5015,153.2833,25.7844,59.4795
631.9063,160.0373,26.2469,58.8104
628.5991,158.6889,25.9960,57.3975
630.4641,156.1404,25.7848,57.1268
634.4035,155.7870,25.7955,58.0141
636.9802,153.3139,25.4281,57.0456
637.9648,152.0593,25.4010,56.7492
639.2066,150.3083,25.0324,56.0035
639.8377,146.7250,24.5199,56.1677
639.9170,139.3055,24.2504,55.7391
639.7875,132.9277,24.2038,54.5398
639.7534,135.9564,24.9375,54.7208
641.0090,140.5651,25.4307,54.1743
642.0231,147.0118,25.1874,54.2004
640.7997,143.4378,25.3986,53.4228
641.8252,148.9272,25.0642,54.2457
643.2568,161.0121,25.0578,54.1728
645.1792,166.9166,25.2176,53.8275
644.1487,157.3708,24.6084,55.3918
643.3452,147.8445,24.5850,56.0654
643.6756,139.7091,24.4656,56.2224
644.8566,134.1465,23.7515,55.4683
645.4802,133.3781,23.6959,54.3751
643.8855,134.6569,23.8064,54.4294
641.6154,128.3159,23.8535,54.6442
640.1033,124.0202,23.7648,54.2187
641.7284,128.7713,24.1719,53.3359
641.8330,132.6872,23.7466,53.7820
640.9586,135.8244,23.7750,54.0305
642.2646,137.1194,23.4377,54.5548
644.7021,136.5940,22.9029,54.6518
644.9044,132.6442,22.4272,54.6142
646.2134,132.3639,22.4058,55.9769
646.4935,137.2775,22.5177,56.0647
647.7207,140.9338,22.7987,56.1107
648.9257,140.5494,22.8936,55.7354
648.1013,138.6870,22.8680,55.6937
648.0733,137.4939,23.3287,55.9188
647.7587,142.3204,23.6210,56.1726
646.9781,147.6871,23.5797,56.2114
647.6662,151.2734,23.4840,55.2642
649.1442,154.2366,23.5325,56.6182
650.4508,152.9939,23.5579,55.5212
651.6760,152.4989,23.0473,56.1279
650.5659,151.6796,23.5818,55.4681
649.9139,152.5732,23.3850,55.9177
650.5161,151.2901,22.7567,56.4992
651.9643,150.9358,22.4116,56.5360
653.5418,152.8382,22.9693,55.3307
655.3937,155.3115,23.2677,54.2823
658.0788,157.6625,23.4664,54.9956
660.0323,152.7412,23.5636,54.8946
661.5794,149.2603,23.8900,54.2740
661.9642,142.6572,24.4965,54.2384
663.3771,136.6240,24.7440,55.6611
663.3900,139.6326,25.5318,56.2717
662.2787,136.1861,26.0168,57.0035
661.1060,127.5221,25.5286,58.5345
659.0385,128.4205,26.3247,58.8595
659.0923,134.6893,27.0998,59.7676
660.8583,145.8263,28.0506,59.9165
663.4172,159.4254,28.5993,59.7855
665.8329,165.1853,28.9752,58.3666
669.7438,167.5323,28.6975,58.8393
658.4551,168.2858,28.4788,62.3939
658.7912,165.4144,28.9520,65.3182
660.3396,163.6813,29.5699,66.6261
662.9299,163.2821,30.5091,66.0986
664.9763,154.7435,31.4800,66.0906
664.2790,147.0643,32.0845,65.9372
657.7521,140.0718,31.3192,65.5781
656.3860,142.2385,30.5150,63.8567
653.3220,145.8784,29.4869,61.8789
651.8397,149.1536,28.4364,60.9361
649.7343,153.4190,27.8212,58.6717
649.2490,157.5013,27.2293,58.0652
650.7501,159.2343,26.7093,58.5409
649.8878,157.9282,26.9917,57.1003
651.2703,161.4321,26.6947,55.4667
652.2939,158.1165,26.2333,54.8717
653.2664,158.4911,25.6232,54.9392
653.7424,158.7355,24.7825,54.2509
653.2156,162.3308,24.6978,53.4078
653.6526,161.3490,23.8106,53.1525
652.3567,159.5556,23.6341,52.9022
650.1473,157.0770,23.8850,52.6439
648.1828,159.4637,24.3525,53.0909
647.6987,162.2912,24.3246,53.0113
647.0406,158.6962,24.4689,52.6262
647.1700,153.9060,24.4724,53.4362
647.9326,157.7248,24.3525,54.3491
648.0692,160.9890,24.7894,54.6290
649.3416,163.6969,25.0668,53.5998
649.4122,159.1270,24.7804,53.1034
650.0253,159.6553,25.3266,52.9043
649.3323,164.8501,24.9488,54.0486
647.4718,168.8171,25.4891,54.2750
645.3320,172.0346,25.6789,53.9647
644.1132,168.2370,25.7927,54.0963
641.8271,166.0306,26.1571,53.6994
642.6992,169.5604,26.2366,54.2533
642.5983,165.9254,26.2263,54.3979
642.8964,163.7988,26.3052,54.5563
642.9548,163.6300,26.3836,54.8637
643.7996,163.6608,26.2560,55.0679
642.8945,161.8122,25.9880,54.9681
642.5096,158.3271,25.8827,54.5882
642.5188,157.9512,25.6679,55.3117
641.5576,159.4306,25.6037,56.0187
642.5681,160.2438,26.0339,55.8952
642.8828,160.3259,26.2466,56.0370
641.5190,160.4012,26.2226,57.2038
640.6592,160.2760,26.7872,56.9826
640.1744,161.8693,27.2386,57.1874
638.3719,161.2921,27.6116,56.6478
638.5989,157.0698,27.8045,56.7617
639.6757,156.3637,28.0388,55.6106
641.4401,151.0031,28.3898,55.7344
642.3864,145.7657,28.6816,55.1477
643.8145,143.2074,29.0374,55.3306
643.6085,142.9651,28.9979,56.2278
642.4343,142.4273,29.2530,56.9504
641.2400,142.4297,29.4541,57.6711
641.8217,144.8657,29.0482,58.9735
641.9081,147.0769,29.0944,60.1638
642.4521,149.2089,29.5077,60.4229
643.4944,149.6853,28.8765,60.7844
643.8151,151.9090,28.5820,61.3553
643.3741,152.9399,28.4193,61.6595
642.9588,152.6751,28.8835,61.6454
642.4822,154.2740,29.1842,62.7368
641.4111,154.0253,29.3351,62.6817
640.5857,157.8433,29.4146,63.1044
642.9797,160.9903,29.6887,63.6031
644.4695,163.9283,30.2210,64.0731
645.6138,162.9383,29.6613,64.1499
645.6990,165.1924,30.5159,64.6946
645.8081,165.7265,30.1195,65.1682
646.2440,165.3869,29.7681,65.3306
647.3372,166.5597,29.4945,64.7019
648.5432,166.3712,29.3222,65.9727
649.0762,162.7419,30.0570,65.3781
647.7758,163.6816,30.7901,65.4382
647.7309,160.9219,31.1667,64.3221
647.8069,159.4047,31.4026,63.4532
646.5114,160.5003,31.5321,64.2597
645.0767,162.6213,32.3933,66.1648
644.8594,160.8828,32.2196,65.7476
644.2330,156.7349,32.3142,65.8293
643.7523,158.0083,32.7536,66.3165
644.1406,158.2611,32.9784,66.8693
646.3798,156.8518,32.7869,67.6266
647.9738,155.4956,32.3706,68.8460
647.5778,156.8683,33.6394,69.3144
647.8159,158.0050,34.1618,68.6624
648.6631,159.9883,34.3304,69.0664
649.2234,158.6880,34.6039,68.3453
650.3293,159.8621,34.5836,69.4652
652.5085,157.9461,35.0961,69.2528
652.9045,160.0592,35.5603,71.4022
651.3693,157.4771,35.2944,72.7912
650.2634,152.4328,34.9624,73.4412
650.3290,155.9285,36.2502,73.6928
651.3132,159.3716,35.9680,75.0622
652.9207,159.5718,35.9377,73.5661
653.3492,154.9593,35.7840,74.0723
653.6297,154.5988,36.0368,75.7830
653.5947,152.8365,36.1862,78.4531
654.8376,147.0390,36.8256,79.6731
656.8127,145.3188,36.8466,82.2823
659.2811,140.8138,37.3923,83.5446
661.7383,136.7602,37.3080,84.7701
661.5780,137.3518,37.7253,87.2123
