1
43.4309,602.7362,82.5673,53.6490
58.3045,601.3405,71.0334,64.9071
67.8234,605.1859,69.0258,65.7421
95.3682,605.8414,65.6384,65.6709
114.0832,604.4526,63.6450,63.6726
131.1226,601.2270,61.6457,62.9329
146.9496,599.5770,59.8134,61.6321
169.7682,592.9313,57.4038,62.7076
196.8749,594.6572,58.5992,59.5264
2
0
0
0
0
1
462.1266,591.4849,124.2972,55.5582
478.7955,593.2986,126.1153,56.2365
491.2484,593.9264,123.3762,57.0388
518.5097,593.8163,120.0558,57.1712
547.6558,592.8431,115.5549,57.4901
567.0783,592.5196,109.8676,57.6914
582.1943,592.2446,105.4363,58.0885
597.9835,592.0984,103.2814,58.1120
610.3831,587.4050,101.2307,58.2573
618.4525,577.9619,98.0364,57.9779
650.7414,573.5573,85.0874,68.1241
675.6454,554.1357,81.0389,74.2790
687.9062,535.9522,77.8187,80.3194
712.7864,534.9022,76.9026,86.5791
733.0532,497.4224,76.4151,93.8735
736.1494,453.6813,69.3612,107.7090
724.6445,435.1451,74.7458,106.3405
723.6417,416.1608,80.4585,104.7308
727.2974,383.5002,76.6962,105.7636
733.7801,383.4958,75.1177,100.1539
719.9770,375.3644,78.2970,84.8085
708.8577,376.9747,79.8472,75.0128
693.5376,378.2322,80.2160,66.1432
688.2504,377.5291,79.1281,61.1137
690.1609,377.4390,75.7568,56.5351
684.8422,376.2473,75.3438,55.3361
680.6116,375.9271,73.8768,52.2859
680.0869,374.3073,73.5693,52.6725
681.8104,371.9533,76.7818,53.0299
682.0752,370.4903,78.6057,53.8676
681.2525,370.7488,81.8962,54.1238
679.6950,370.0736,85.0962,54.4867
678.1631,369.8887,88.2930,54.9299
677.2153,368.7306,89.9570,55.4131
682.7017,369.6274,91.7957,56.0784
687.6221,369.1574,93.4956,56.7948
700.1771,368.7583,91.9443,58.1750
711.3945,368.7883,91.6950,58.2721
719.9906,367.5591,92.2568,57.8934
734.7529,367.3882,93.8467,54.0823
744.7787,366.0049,93.6687,56.1325
749.4162,363.2631,94.1481,57.3340
753.0001,363.8644,95.4318,58.5666
753.6497,363.4229,97.9087,59.2832
755.3405,363.0969,99.9972,61.2929
755.0600,362.8147,102.0884,62.8713
755.7807,362.9077,103.8248,63.9872
755.3615,362.2645,106.0281,65.0667
756.4868,361.6278,107.1061,65.7553
753.8563,360.3243,105.8560,65.2076
755.4413,360.5480,105.2397,65.5725
756.3540,360.8646,104.9048,65.6756
756.8661,361.1476,105.9271,66.6411
751.6702,360.4514,106.4273,65.9556
741.0317,359.6078,103.5857,66.5372
720.9355,361.8538,102.6736,65.3776
710.4069,361.9360,103.6580,64.6653
688.8023,364.2249,110.5825,58.9221
670.8784,365.9717,112.6572,55.3125
630.0682,366.6208,114.2202,53.8124
613.3978,366.1399,113.9499,52.7808
598.0783,363.7661,111.5540,53.4996
583.4324,356.6609,107.1722,55.9004
581.7323,354.9005,105.9612,58.5754
564.4153,364.8205,95.3259,67.5443
518.7145,368.2599,96.8286,62.8295
472.5196,361.4804,98.4190,60.2322
467.8376,358.8604,100.1283,57.4890
469.2722,359.6418,101.4947,56.2440
467.9654,358.9936,103.0550,55.5549
468.1852,359.2732,104.1788,55.3471
468.5199,358.7831,104.1408,55.3937
464.2722,359.2678,107.1038,53.7750
475.1276,355.6150,106.4477,56.5923
488.4048,344.3743,93.5395,65.9578
502.4724,346.1661,88.3179,71.8963
2
0
0
0
0
1
786.0977,355.0060,97.4310,60.9946
798.7437,355.0363,95.5464,60.2128
816.8783,339.4758,88.9602,72.4904
826.2233,339.6311,85.5623,76.8718
837.4931,323.4001,83.7903,82.8033
824.9046,317.5408,80.7572,86.8611
829.9998,286.0110,69.9207,103.8593
832.9166,250.5690,66.5707,108.0277
836.8597,238.9292,66.4734,110.9742
835.4610,220.3594,66.3922,106.3519
831.7450,219.6297,66.3459,96.9992
821.3094,218.9432,73.6211,82.8269
810.2924,217.2316,76.5878,74.0955
792.0898,215.6630,78.0105,66.2095
789.5304,214.9391,76.6062,60.0638
794.1919,214.7330,77.2680,56.8933
800.5031,215.1939,78.0041,54.9874
810.2873,217.1627,76.1305,53.4101
831.7050,219.6365,78.0935,47.5466
852.1588,221.4256,78.2140,44.6109
887.1900,218.6237,75.8107,45.2285
901.4282,199.6537,65.9272,58.8028
925.4733,193.2543,62.4637,65.4749
937.0478,180.4361,55.6527,76.5883
932.7842,195.0888,62.7386,70.1135
958.8943,201.3783,69.2083,67.0781
2
0
0
0
0
1
905.2117,115.4359,58.0008,42.7036
889.4440,116.8963,64.7859,38.3198
876.9047,118.1847,68.5247,35.8207
863.5065,119.5482,70.6595,34.4067
852.5040,121.9625,73.1544,32.4724
834.2153,121.7914,74.4807,31.8061
823.1353,122.2107,78.0330,30.1468
810.6595,124.2646,80.8113,29.1845
799.3388,124.6781,80.6200,28.7447
787.7040,124.9923,75.6180,28.5885
778.3723,125.1640,72.3664,28.5700
761.0682,125.3493,72.2941,28.0426
744.4281,125.7989,71.7961,27.2646
731.8422,125.0727,72.6174,27.0356
715.7053,125.3975,73.6761,27.0838
704.5275,126.4154,74.1769,26.8552
698.3950,126.6922,74.9705,26.8948
695.8150,126.5721,75.3866,27.5647
688.1840,126.4849,76.6742,27.3546
684.8585,126.3579,77.5254,27.5131
680.8222,126.5060,79.2645,26.9441
674.0772,126.0459,78.7449,27.1963
670.7012,126.3602,78.4426,26.4738
662.6450,126.2553,79.6487,26.1865
652.4924,125.1596,78.4388,26.9624
637.3372,124.0663,79.0939,27.1132
614.3751,123.6435,78.0438,27.9320
598.1227,122.8549,78.9035,28.3399
585.4369,123.0613,80.2304,28.2889
581.9333,122.5225,80.9195,28.0188
