1
650.8502,274.3248,26.3131,137.1027
650.9958,278.5578,28.0770,136.3595
651.4680,280.6083,29.6695,136.0826
652.2643,281.0742,30.5721,137.1623
647.2707,283.6624,31.5279,138.2801
641.7213,286.9235,32.0020,138.8566
640.4130,286.4562,32.1693,139.5047
643.4396,286.2944,32.8536,140.2691
644.5225,286.8685,32.6719,141.8777
641.4754,285.5972,33.4173,145.1840
637.6898,288.8742,34.1010,146.6885
635.2620,295.6751,32.8926,146.1653
632.8367,303.4090,32.7058,146.0590
629.3095,311.4164,33.1675,144.8083
625.2718,312.2648,33.0911,144.5892
625.4803,313.3245,32.5564,142.1317
628.8466,310.6312,33.0469,140.3105
633.0895,307.4745,33.3387,138.8989
636.5739,302.6357,33.0549,138.5224
635.3571,303.4147,31.7104,138.1406
630.8923,304.3098,31.5778,137.6632
632.1599,307.4412,31.2074,135.3771
643.9021,301.4962,31.2032,135.3343
648.0800,302.3046,30.8034,135.3102
648.1011,301.7562,30.1972,136.1532
648.2735,298.7050,30.2575,137.7088
650.1974,300.1618,29.7716,136.5036
651.6638,294.6484,29.5795,138.0931
654.1504,288.5762,30.5281,138.3998
657.0123,283.7247,30.9061,137.9502
658.0430,280.7614,31.2444,138.5402
659.4223,275.1903,31.8483,138.9906
662.6088,269.6395,32.4614,139.6139
663.5895,261.9084,32.7685,141.9305
658.4612,258.1200,32.6518,142.9113
653.1581,254.9483,32.5301,143.4403
648.7317,252.1751,32.0507,143.5107
646.7731,248.2839,31.7320,144.8731
645.6982,246.2836,31.3137,144.8266
642.6923,242.9113,31.3050,145.6671
638.2922,242.6835,31.2022,145.8493
632.2443,244.8888,31.4636,145.8450
625.9123,244.3448,31.6869,145.6757
626.6085,241.5769,32.3730,145.4329
629.7998,236.7112,33.0909,143.6956
634.0724,231.5585,32.4457,143.5735
634.4276,230.8923,30.9252,143.3573
632.0969,232.3807,29.9871,141.7131
633.9877,233.7927,30.7024,140.9006
638.5323,236.2620,31.6880,138.8184
643.0108,236.7482,32.0026,137.0533
646.0854,236.7876,32.4676,136.6405
646.9811,237.9646,33.3133,136.0572
646.6924,237.4406,33.6261,135.1857
645.0863,236.0566,35.3629,133.1095
645.8091,235.6992,35.1563,134.2229
649.0621,237.4473,35.3110,132.8206
651.2159,237.7366,36.6641,130.1241
652.9675,236.0973,37.8214,130.1417
655.1573,238.0083,38.2478,130.7174
657.5973,236.7686,38.7570,132.3316
660.8002,233.1294,39.0123,134.4270
664.5269,230.6964,39.0629,135.4037
667.7512,230.4170,38.4423,136.6451
672.1296,230.0868,37.0935,136.6883
676.8543,228.8803,35.7942,138.0738
689.9170,225.5790,34.0777,139.9871
693.0159,222.4055,33.1852,141.0038
696.2259,221.2918,32.1515,140.5856
698.9996,219.4622,31.6350,140.3746
699.8247,217.3342,31.5273,140.3913
698.5410,212.2508,31.6478,141.2650
700.7488,209.2355,31.5653,140.5439
702.5971,206.2341,31.3940,140.1003
704.3229,204.5707,31.0870,139.4652
705.5496,202.9975,30.7983,139.2339
706.8345,200.4370,30.5271,137.3230
707.5903,197.4458,30.3502,135.5339
710.5542,199.0233,30.2079,133.8639
714.0182,199.5321,31.3957,132.3654
727.5983,192.3097,31.8487,131.0421
750.6708,191.5194,32.2442,133.4079
755.7982,187.2946,31.6231,134.0985
752.1464,188.7744,31.6851,134.4417
748.4626,196.5210,31.9955,134.3430
749.5786,203.1887,32.7332,136.8369
754.2713,208.1673,32.5646,136.3459
753.5188,211.5379,32.5523,137.0192
751.4274,215.1888,32.2455,136.8958
750.5270,215.4487,32.3064,137.4827
746.9557,216.6659,32.3392,136.2239
743.7973,221.7153,32.1419,135.4762
742.7167,223.9218,31.8487,135.6080
741.4095,223.1848,31.5828,135.4801
744.0560,220.8828,31.2497,134.7834
742.5122,214.4415,31.9971,135.7552
738.2010,209.9184,32.0069,135.7145
735.4818,208.9150,32.0664,136.4437
738.9386,208.0516,31.5957,136.4060
742.1766,205.7335,31.3389,135.7587
745.2884,202.3679,30.8027,134.4723
745.8604,197.0990,30.6601,133.0873
745.3702,193.7662,30.2904,132.8353
747.1357,192.0370,30.5953,133.8106
751.8497,190.2929,30.5605,134.0740
756.0873,192.0640,30.1632,133.8935
757.2542,191.8712,29.7596,133.2625
756.7910,189.5710,29.7242,132.6687
759.2205,189.0461,29.5049,132.2567
763.0090,188.3479,29.4444,131.5822
766.2378,191.4321,29.2543,130.8144
767.3951,194.4914,28.7907,129.0734
769.0671,198.0406,28.0777,126.0218
772.1178,199.0126,27.7243,122.6310
774.2310,198.5710,27.7898,120.6531
771.7253,198.1393,27.6649,119.6251
768.4581,198.5022,28.0923,119.1861
766.6254,200.9157,28.5460,120.9916
766.1535,202.7404,28.7651,122.9817
764.7090,201.1400,28.3679,122.5546
765.7600,195.8780,28.2554,121.6566
768.8104,193.1171,28.7411,122.3666
771.4412,194.8671,30.9162,122.1863
773.2198,197.8848,31.0358,125.9488
772.2337,200.5118,32.4324,127.0435
773.2256,201.9482,33.3855,128.4247
774.7831,203.3362,34.1496,131.9984
774.8506,204.3214,33.4364,134.8556
773.2486,206.8396,32.8029,139.6029
773.3521,208.4735,32.3068,141.0265
776.9088,209.2671,31.1660,139.4762
778.3942,209.4482,31.0227,139.6151
778.4368,209.8758,32.2771,138.7334
780.7324,208.6998,32.3119,137.9253
792.1358,207.3365,32.3662,139.2730
803.6580,205.1245,31.9421,140.6898
815.7914,202.4506,31.7249,140.5006
820.6052,201.6808,31.9291,138.1354
823.0720,203.7022,33.2986,139.3427
833.9965,208.0016,36.2949,140.1744
856.3250,206.9057,37.6606,140.9755
867.6947,201.0251,39.0056,144.2340
880.3090,191.9891,39.2330,149.1918
883.5711,190.0075,39.0350,153.7413
883.3122,185.7797,39.4193,162.9510
880.2101,178.1603,39.7335,172.5181
877.3038,172.5757,40.5299,179.8769
874.7583,169.7114,41.3176,182.7252
872.7855,164.0002,43.0706,185.2322
873.1714,159.7213,43.1977,187.3168
872.8641,161.3326,43.5544,188.4347
869.2197,162.5508,43.6374,189.9868
866.9074,164.2352,43.1306,191.7823
866.0187,166.8547,43.5245,191.8344
867.8622,172.4804,43.4217,191.1711
869.8999,178.7421,43.2656,190.9694
868.8857,191.2755,44.8719,189.7116
865.1863,200.2287,46.1850,187.4374
861.1248,210.4476,48.3012,183.9143
856.3054,221.5187,50.3068,179.3106
856.1194,229.4475,49.3776,175.4304
855.3483,235.3797,50.3208,166.4932
851.6899,239.0645,52.9816,156.8263
848.8219,234.8465,53.7060,152.9394
849.9501,231.4930,52.1771,154.2722
851.8045,233.8776,51.1353,155.6305
854.8165,236.1512,48.9489,159.9333
860.1008,235.5895,45.6067,162.8029
874.3066,233.3946,43.1139,164.9217
872.8943,234.8589,43.3576,161.9806
872.1877,237.0365,43.4431,159.7972
874.0880,237.5396,43.2845,158.3333
876.3230,235.8402,42.8600,160.7720
877.3560,231.2004,41.9298,158.3249
874.8863,225.3674,44.3843,151.4285
861.6457,221.3581,45.0795,146.3963
901.1925,217.7354,40.4842,147.5947
2
0
0
0
0
1
766.5834,216.4429,193.2446,153.7288
806.7988,208.6045,171.7436,172.1055
825.9655,213.6243,137.6533,208.0421
856.1444,225.3118,120.9457,225.2863
875.6439,235.0287,112.6900,229.7600
872.5069,253.2275,109.8912,225.2013
867.8497,263.9740,107.1572,224.5185
856.7764,266.1925,110.7780,217.6000
841.4613,270.3190,119.3291,205.4726
820.5474,276.2172,128.2041,198.0009
774.6077,285.0361,140.2062,192.1710
761.5359,289.0505,112.8545,234.4169
752.7432,277.8286,93.8918,266.5489
736.7783,228.4571,84.4143,290.8755
728.2264,199.1462,86.0283,302.1949
692.7286,180.5814,98.8207,291.1901
644.1676,167.5161,126.8386,262.6855
631.7859,172.9594,140.0070,248.6110
597.5987,180.5285,168.2037,220.2524
551.3450,229.6647,149.4387,244.6372
557.6911,213.2705,137.7049,263.9491
561.1390,198.3258,129.9498,272.6132
557.5959,193.9338,132.3817,267.5563
555.4987,210.6012,128.5257,274.5880
556.9807,236.8892,123.1980,273.3651
581.3242,261.6457,120.9426,269.6955
605.1598,264.9014,115.9961,274.0345
602.7458,268.4153,116.0013,267.8045
605.0618,273.0552,120.8620,260.7023
608.0045,280.6894,125.9301,249.7686
613.5402,279.5719,128.3587,241.5947
620.4764,280.8846,133.6097,229.3342
622.0080,271.6183,133.6628,222.7017
639.2642,256.1425,135.6523,228.6876
655.6825,218.6291,137.8621,226.6293
651.2599,221.2112,131.6862,236.8851
651.5907,225.4303,123.3517,254.1869
659.2225,211.4282,105.8179,287.1472
661.3826,205.4606,94.9983,317.0639
637.7976,161.0977,91.1182,340.0066
636.3557,147.6448,89.3255,358.9218
631.8873,137.2096,90.3686,370.5963
606.2843,164.3675,91.3708,377.8807
605.0756,161.0125,93.7604,387.2297
601.5984,183.2232,97.5826,388.9954
598.7526,169.4168,100.4525,397.2620
597.4107,192.5854,103.8802,397.8122
594.2096,196.5257,107.0624,402.0758
590.7753,203.1352,108.3431,405.8454
585.6107,212.6708,109.2021,403.5715
574.7731,226.4510,112.0411,394.8459
570.2848,220.8735,109.7705,395.8624
570.4808,211.6683,104.7989,397.9734
571.6273,221.3197,103.2427,404.0683
571.3019,212.3601,102.2646,406.1508
572.1940,206.9414,101.3671,408.1712
