1
386.8837,473.7646,58.7891,63.8213
391.7015,468.3087,59.1591,64.9125
401.0377,460.1856,59.3739,65.5706
403.0459,457.3506,59.8900,65.7816
399.0165,458.0993,60.7429,65.6070
389.6603,461.5881,62.0640,64.8514
378.0806,465.8344,62.6985,64.4832
365.2540,473.6691,63.3475,63.8781
361.5273,480.2052,63.3476,63.8772
357.9133,485.2737,63.3475,63.8736
354.1620,489.3051,63.3473,63.8727
2
0
0
0
0
1
786.6378,415.8268,78.4208,40.2478
851.8978,401.1906,78.4552,39.8414
917.7389,386.4460,78.3564,39.2404
976.6519,378.2235,78.1730,38.8113
1036.0599,371.6129,77.2659,38.3559
1088.3838,363.5458,75.8707,37.8273
1146.2517,355.3235,75.2267,37.2626
1195.2651,343.0121,74.1705,36.6322
1251.0134,335.4232,73.4078,36.0286
1298.6039,327.7144,73.2716,35.4607
1346.5912,319.7251,73.1634,35.0971
1381.4351,311.7805,71.7085,34.5472
1421.7317,299.4723,70.7148,33.8826
1460.0790,293.5586,70.0499,33.1463
1493.6989,287.1829,68.6129,32.3737
1490.6943,290.4998,68.7902,31.8618
1492.2877,293.7057,68.1011,31.6400
1513.5178,294.5017,66.3848,31.0715
1523.0291,299.5111,66.2617,30.9121
1519.1581,299.4635,66.2627,30.9111
1517.4043,299.6136,66.2633,30.9107
1517.3035,299.6824,66.2664,30.9088
2
0
0
0
0
1
1602.1387,285.2906,54.2210,57.4449
1602.8776,279.0278,52.8567,56.7997
1601.9954,274.7739,54.2290,54.0930
1600.1669,270.1541,55.4728,51.2839
1596.3513,264.1013,57.0404,48.4840
1595.3856,257.6544,57.5969,47.4410
1594.7194,250.2112,57.9029,46.9010
1597.5842,244.3978,58.1610,46.6122
1595.4117,237.7968,58.1567,46.5713
1589.3661,235.0449,58.1273,46.5954
1582.8414,231.1967,58.1215,46.6012
1579.6904,221.7845,58.0990,46.5913
1579.3314,216.8203,58.0899,46.5919
1573.8577,211.9655,58.1287,46.5683
1569.0195,208.8911,58.3088,46.7131
1567.5098,204.8794,57.8382,46.8732
1564.1597,200.6496,57.6968,46.7082
1560.2611,197.6450,57.6728,45.9722
1555.5659,197.1154,57.5624,44.9902
1551.6617,196.8908,57.4586,44.3385
1543.6973,200.9197,57.5547,44.4326
1535.3834,205.0140,57.6535,44.6418
1523.4653,208.9897,58.4096,44.6426
1501.8569,208.3393,58.9001,44.5556
1502.9474,209.4663,58.8958,44.5590
2
0
0
0
0
1
1081.1425,280.7746,73.7476,59.1653
1033.6849,290.7458,76.1362,58.6764
984.1523,302.6100,78.5990,58.5728
936.3453,316.7583,80.3400,58.6338
887.8646,330.7525,81.6873,59.5369
840.3279,345.9740,83.3214,59.5838
793.7503,362.7715,84.5589,59.0942
744.9781,381.1729,86.4876,59.9856
698.2053,399.4633,87.5351,61.0097
652.2313,418.7540,88.4519,61.1033
609.3944,436.6464,89.8744,62.2493
564.3489,455.2950,90.6531,62.1767
518.8803,473.6419,92.5253,62.7902
473.4972,496.4115,93.5317,63.4744
434.7647,520.1531,92.6731,64.4654
428.6302,514.1511,91.6351,64.4703
417.1992,520.2970,89.8263,66.1700
410.9643,521.6590,87.8551,67.6421
408.9365,532.6866,86.0212,68.7529
405.4705,546.0519,85.1279,69.5421
400.2976,559.7498,83.8384,70.1908
397.0806,565.6856,83.4420,70.3370
390.8483,569.8019,83.1577,70.4122
388.5904,566.8264,83.1537,70.4138
384.7422,564.7947,83.1526,70.4144
383.7827,562.8535,83.1517,70.4151
381.1001,561.6247,83.1507,70.4160
382.1584,554.5847,83.1453,70.4196
388.0865,549.5320,83.1386,70.4246
395.1996,544.4047,83.1075,70.4526
408.3853,537.2647,82.7167,70.4768
406.2151,531.8087,82.6861,70.4229
421.5457,528.7765,82.3528,70.2615
419.0582,532.2896,82.0788,70.1787
406.3738,535.9077,82.0424,70.0924
405.0987,533.8926,82.0414,70.0694
403.5144,532.2372,82.0421,70.0567
399.7552,530.2076,82.0450,70.0429
398.6424,528.2074,82.0458,70.0400
397.6232,526.5744,82.0466,70.0366
398.3565,522.9568,82.0466,70.0356
401.2025,522.1520,82.0466,70.0347
405.3591,521.5590,82.0469,70.0337
413.5985,523.9332,82.0470,70.0333
419.5086,526.1660,82.0466,70.0333
424.0506,526.0016,82.0460,70.0338
428.9872,525.8478,82.0456,70.0339
430.4541,527.1113,82.0431,70.0361
428.5830,531.4347,82.0405,70.0383
431.0419,536.2343,82.0414,70.0372
435.0473,543.8588,82.0438,70.0345
437.1753,546.7108,82.0464,70.0315
2
0
0
0
0
1
872.9064,390.6926,88.3767,44.8837
943.8514,381.7934,89.0715,43.7597
1015.1492,372.4828,88.9154,43.0908
1085.1763,363.1176,89.6698,42.4454
1153.8907,355.0317,90.9914,41.7466
1214.7509,347.8549,90.2859,40.7685
1276.6145,340.3125,90.0638,40.0672
1336.8383,327.1815,89.3716,39.4344
1400.0422,318.6200,87.6376,38.7220
1457.7612,309.4610,87.7502,38.1745
1507.8729,300.1400,87.2845,37.4654
1564.4392,287.6401,87.2640,37.2458
1594.2717,287.5009,86.1681,36.1607
1603.7566,285.6200,84.3138,36.7059
1602.8795,278.6389,81.8651,37.5625
1603.1356,280.3471,81.7792,37.5123
1609.2976,282.1402,81.7766,37.5131
1615.4323,281.3202,81.7750,37.5134
1616.0339,282.8783,81.7753,37.5124
1612.3380,285.5895,81.7756,37.5100
1610.1971,288.0224,81.7765,37.5045
1604.7681,290.0370,81.7778,37.5009
1607.8428,292.8016,81.7788,37.4992
2
0
0
0
0
1
1549.1885,259.6032,37.2465,20.9259
1536.3480,256.1172,35.9858,21.5370
1530.3590,244.9068,34.6928,22.5189
1525.2896,242.4393,34.3661,22.7781
1521.7434,237.1012,34.1346,22.9255
1517.6727,235.2622,33.8839,23.0996
1515.7072,243.2498,33.6621,23.1970
1511.0985,247.9834,33.1483,23.4817
1508.2637,255.2821,32.5926,23.9631
1504.1549,259.5096,32.2824,24.1302
1500.8784,260.3828,31.9976,24.2479
1500.2346,265.5038,32.0429,24.2039
1497.6908,264.9945,32.0449,24.2020
1492.5355,266.1337,32.0449,24.2020
2
0
0
0
0
1
1116.4073,346.2769,76.6224,52.4709
1070.1157,357.0118,78.0815,52.1705
1023.8522,368.0923,79.7984,50.9790
977.6403,377.2556,80.5270,50.7748
930.5807,388.1830,81.3686,51.1895
886.6337,398.5841,81.9827,50.1890
841.9549,406.1429,83.3610,49.8305
800.2807,418.4084,84.0754,49.7160
756.4865,428.0081,85.5951,49.4539
714.3683,437.6013,86.5684,49.0217
670.4457,447.8372,87.7156,49.0951
632.7416,455.9456,89.0531,48.5896
594.6425,462.3465,89.3310,49.0647
559.4611,468.7469,89.7608,49.2415
518.6384,480.1357,91.1235,48.9667
480.7009,487.6012,91.6958,48.9566
446.1100,494.6473,92.3962,49.1559
414.0612,500.4166,93.9515,48.7337
381.8210,504.1812,94.2566,47.9859
355.9152,506.5686,93.9270,47.6883
324.3311,508.9553,94.1401,47.2666
306.2810,505.0776,92.8756,48.3423
302.4119,502.7090,92.0378,49.9335
294.6009,499.4094,91.2924,50.8266
287.3745,498.6542,90.9775,51.2591
279.5755,500.5695,90.3991,51.0620
278.1917,500.6057,88.6285,51.7843
274.9943,505.7700,86.1958,53.1405
271.3518,517.3165,85.5441,53.5434
273.2689,524.8162,85.5202,53.5549
267.9666,528.8188,85.5221,53.5535
264.6190,529.7939,85.5229,53.5529
266.6330,532.8422,85.5213,53.5546
272.9947,537.5423,85.5189,53.5585
280.8091,548.9753,85.5153,53.5630
284.1629,559.9897,85.4973,53.5766
285.2023,568.7657,85.4954,53.5774
284.6018,575.5067,85.4950,53.5772
284.7367,578.1888,85.4955,53.5763
281.5830,583.4455,85.4964,53.5759
280.2731,587.3755,85.4936,53.5791
282.2874,587.7241,85.4882,53.5839
2
0
0
0
0
1
855.7811,505.5328,93.5865,44.4367
920.0436,498.4074,93.2659,43.5543
991.3055,498.2648,93.0324,42.5167
1053.4122,495.4319,94.0496,42.0754
1116.8690,493.3538,94.5930,41.5143
1170.9786,491.4867,94.3737,41.0024
1239.6255,487.1996,94.4167,40.7782
1294.2094,484.0322,93.9688,40.7335
1348.1483,482.0891,93.1919,40.3451
1401.2251,479.7792,92.3599,39.6413
1453.0046,476.9797,91.5278,39.0995
1503.2850,473.1214,90.9109,38.5485
1543.7677,471.5776,90.2005,38.2285
1550.0046,470.7237,90.2003,38.2283
1549.0895,469.8522,90.1980,38.2301
1550.2659,465.7639,90.1983,38.2297
