1
182.4581,18.7255,47.7780,38.9024
185.2608,17.1762,47.3064,40.4147
185.7971,17.2597,47.8170,40.7560
186.2082,17.2009,48.1205,41.1151
187.5397,16.9488,48.1752,41.8023
185.8380,17.1941,48.7860,42.5220
185.0822,19.7285,48.8754,42.7654
186.1311,17.6282,49.1300,43.1849
184.3464,18.4836,49.2572,42.7829
183.9427,17.0116,49.2007,43.5252
184.7759,19.3330,48.6848,43.6945
184.9249,17.3606,48.6161,43.6527
185.0308,17.5132,48.9740,43.7897
186.0249,16.7686,48.8354,43.9584
187.4875,17.8049,49.5251,43.1693
189.6602,17.9685,49.0901,42.6353
190.1889,16.9308,49.4269,42.8635
190.3186,17.8825,48.9714,42.7457
191.9325,17.2826,49.0726,42.8405
192.2674,17.8075,49.1907,42.3495
193.0684,18.4878,48.8763,41.6963
193.9593,17.6219,48.0420,42.6888
196.7798,20.5600,48.9852,43.1149
197.4048,17.9855,50.2877,43.3840
198.7784,18.3938,50.3087,43.8992
199.9778,16.8999,50.9962,44.1178
202.3465,16.8334,50.9735,44.4392
203.1395,15.7314,51.4812,44.7163
203.5014,15.5544,52.0914,44.8145
204.0528,17.5033,51.8679,45.6222
204.2850,14.9910,52.3727,46.2575
204.2311,13.8662,52.9508,46.6222
205.0212,17.6400,52.9992,46.8794
205.4647,14.5931,53.1260,46.9586
205.2505,14.2420,53.2339,46.9990
2
0
0
0
0
1
176.1006,52.8632,48.4101,41.3516
178.2734,51.8878,46.7471,44.8965
178.0112,49.5833,46.2456,47.5631
178.7818,49.0112,46.8307,49.1351
177.6801,48.1146,46.6224,51.5207
176.9020,47.0535,47.6360,53.0833
177.5744,46.3437,49.1123,53.9406
178.8848,46.8366,50.3029,54.1767
176.8757,46.3207,50.9926,55.1315
176.8320,45.2836,52.1455,55.1733
176.9818,44.8689,52.9058,56.2443
177.1881,43.8973,53.8231,57.6465
175.8020,43.3943,54.0897,58.7438
177.4564,44.7332,53.7869,58.8328
179.7160,46.3269,54.0417,58.8814
176.8016,42.9551,54.4946,59.9159
180.2433,47.5590,53.7618,60.7028
176.1173,44.7787,53.9280,61.0515
176.4256,42.9283,54.6851,61.4173
180.3097,47.1879,54.2473,61.2728
174.6321,44.8397,55.5369,60.8224
181.2275,47.3246,54.9047,61.4354
182.6743,52.1580,53.8218,60.9974
179.4650,48.0078,53.8217,61.1666
174.1308,44.9702,53.2255,61.2957
178.5464,48.7630,52.0683,61.3068
172.1357,46.0569,52.7507,60.8138
162.9338,52.8748,52.1495,59.9789
157.8821,59.3254,52.5543,59.2550
162.6985,57.8322,52.2050,58.8939
158.6847,57.2603,52.5428,58.4961
180.3179,46.4723,53.0991,59.8777
187.8316,50.1569,54.2859,59.7868
193.3858,54.3801,55.2278,59.1343
202.0876,65.2270,55.6230,59.0802
201.6180,61.9878,55.4891,59.7066
206.3636,65.7702,55.8835,59.9073
211.8451,72.4074,56.3656,59.0782
212.4678,69.6095,55.9603,58.7298
210.7761,66.9373,55.9378,59.5693
208.9236,63.6606,56.6103,59.5871
214.2578,69.9069,57.3990,57.8048
214.6572,68.4004,57.4554,57.0512
212.8714,66.8136,57.5608,56.7930
218.8006,73.4315,56.9480,56.8375
217.5577,73.2244,57.3745,57.0096
218.0243,71.1022,57.1052,57.6261
219.1469,70.1713,56.9672,57.1748
226.5878,69.6935,55.7342,56.6521
226.2183,74.4317,53.9995,55.5543
227.5699,78.1263,52.4035,54.9628
226.5630,75.1145,52.0631,54.6675
225.4830,78.5661,50.7716,54.4493
225.2609,76.3005,50.7471,54.7772
224.5222,79.9749,49.9207,54.3259
2
0
0
0
0
1
215.0479,38.4195,37.7976,36.6127
215.6823,38.2997,39.8594,37.4593
214.2084,37.2321,41.0063,38.9514
215.5312,35.0859,42.0904,40.3798
214.6129,35.3318,43.6564,42.1365
213.8553,32.9106,45.0346,43.8254
212.3802,34.2942,47.1185,45.2178
211.9762,31.2777,49.1519,46.8465
210.0905,31.8760,50.0630,47.6935
209.7387,32.1829,52.1477,48.1902
209.0356,30.6232,53.3238,49.7221
208.2358,29.7215,54.4993,50.7723
208.3726,29.7167,54.5119,51.1565
207.9439,29.0512,54.8905,52.0397
211.6233,30.8862,53.3075,52.7046
210.5883,28.1319,53.5869,53.1717
209.7945,30.5710,53.4447,52.7735
210.6553,30.2632,54.7362,53.0905
209.4123,30.7122,55.9362,53.2288
212.0391,31.4901,56.2193,53.1744
211.3694,30.3053,56.4329,53.6306
211.2780,31.1221,57.3268,53.7737
210.7942,30.2308,57.3736,53.7450
213.7004,30.0739,56.4906,54.0071
213.0772,30.1267,56.4333,53.3548
210.6517,31.4270,55.6011,52.9862
214.2857,31.6943,55.1081,52.9050
213.9866,28.0935,55.4452,53.2160
217.1114,31.3404,54.9878,53.0373
213.9817,29.3357,54.3762,52.4480
216.5327,30.6774,53.7028,51.8054
217.6051,30.1705,53.8831,51.7883
217.4957,30.4483,54.3726,51.6426
216.4860,32.8362,54.2764,51.3397
218.8033,31.7422,54.6007,50.7423
218.1350,32.4578,54.2342,50.8277
217.6911,30.6397,53.8974,50.7825
220.1412,30.7066,53.2923,51.0605
219.5415,31.6147,52.5625,50.9636
219.9823,29.7517,53.0287,50.7822
219.2924,30.5321,52.6116,50.2823
219.6702,31.1340,52.6682,49.9381
220.3120,31.0644,52.3685,50.4502
220.9414,31.6455,52.2365,50.7369
220.6022,31.3604,52.1672,51.5517
221.2326,30.7876,52.6525,53.0966
220.0038,32.5863,53.0011,52.8900
221.4877,30.8072,52.8170,52.8118
222.2384,31.0353,53.3163,52.7619
221.3242,33.3546,52.9584,52.0683
222.0575,32.8270,53.2268,51.8466
222.8582,32.0566,53.2476,51.2381
223.2514,32.9461,53.2123,50.9844
223.2376,32.9972,53.5653,50.9903
222.2248,32.0274,53.1220,51.1590
2
0
0
0
0
1
244.5200,113.1618,19.1321,44.4758
243.8390,114.2114,20.5079,44.1499
242.7991,114.4864,21.3813,43.9636
243.4568,115.2051,21.7590,45.0224
242.8181,114.4440,21.9981,44.4553
242.4766,114.6375,22.4948,44.7757
242.2587,113.8925,22.2105,45.7253
241.8738,113.5047,22.6301,45.3592
242.6974,114.3694,22.8574,45.4795
242.3556,114.6307,22.4994,45.0633
241.9067,114.7586,22.2503,45.2009
242.4571,115.6905,22.0782,45.1526
242.3077,116.1562,22.1827,44.8727
242.2846,114.8385,22.2193,44.5920
241.3627,115.0643,22.1905,43.7426
242.2143,115.8599,21.9146,43.1876
2
0
0
0
0
1
208.1998,161.7204,32.4712,49.5309
207.9603,161.7006,31.7194,51.6453
208.4816,160.9996,31.4731,53.1525
207.4409,159.9051,31.3971,54.0110
207.1649,159.9207,31.6822,55.1019
207.5806,159.6248,32.1099,56.4411
207.2541,159.3546,32.5636,57.2107
205.4852,158.3481,33.1248,58.4600
205.5446,158.7587,33.4545,59.6082
205.2664,158.2876,34.1031,60.5619
204.7746,158.3480,34.1073,61.9677
204.7857,158.8318,34.6487,62.3662
204.3902,158.8454,35.1237,62.6578
203.2059,158.1544,35.8143,63.4144
201.3925,158.0348,36.7600,64.1592
200.1961,157.1460,37.8344,65.2394
199.7831,155.9267,38.7295,66.1867
199.5072,150.6262,39.0133,67.0839
199.0801,151.8515,39.1306,67.6834
198.3081,152.0482,38.9735,68.7327
199.4242,152.0602,39.5636,69.3623
198.6976,151.4421,40.1885,69.7672
197.1890,150.5275,41.0428,70.3348
194.7545,154.3114,48.6239,63.6840
190.8856,154.7736,53.0029,61.7960
190.7702,155.7827,55.1384,61.3658
188.4989,156.2926,58.2405,60.9118
187.3089,156.1954,60.0346,61.1918
187.6307,155.5913,60.6636,62.2106
186.8182,154.1764,60.8454,63.6948
187.2639,147.6463,61.2287,64.1408
188.8066,148.7336,61.5194,65.0903
186.0878,147.5794,62.1375,67.9801
188.6630,139.3259,56.8221,72.3979
185.5022,149.0264,59.7407,71.8420
183.7209,149.6314,62.5907,71.6866
183.2929,148.9217,64.5203,72.4694
180.7056,148.4839,66.1079,72.3389
140.8583,153.9194,63.6796,74.4252
143.0649,152.3606,56.8866,80.4372
144.0429,148.6943,53.6662,84.6955
144.0973,149.0794,52.2283,85.8909
148.1699,146.5621,51.1917,87.6642
146.4746,146.8539,50.3844,87.5721
145.0262,147.1172,50.0816,87.3865
149.2759,146.5494,49.0816,87.4640
147.5990,147.1187,48.4173,87.0326
146.5368,148.1441,48.4318,86.2701
144.9857,147.5076,48.2142,86.3027
146.9393,148.9078,47.6396,85.9735
146.4800,149.1099,47.5757,85.4626
146.3046,149.3191,47.6055,85.2573
145.8012,149.2863,47.7813,85.3081
146.2614,146.6543,48.2206,85.6790
146.4105,145.5118,48.0015,86.4858
150.7677,143.4582,48.2977,86.1606
149.7097,144.5816,47.3172,85.2105
148.8182,145.6407,46.9105,84.5636
146.3035,149.9180,47.9493,85.4319
145.7205,148.4091,48.6871,85.8624
143.0305,147.6483,48.9155,86.3041
143.0683,148.0977,49.2316,87.1111
142.1373,147.1966,49.1336,88.0553
139.4599,152.0457,49.9121,87.4184
144.5039,149.1370,48.8674,87.3351
143.3737,147.6952,47.4366,87.1967
143.7524,147.5017,46.9634,87.7230
143.2910,147.5361,46.5101,88.0048
2
0
0
0
0
1
68.2342,227.7867,64.6747,43.0024
64.5875,230.3776,74.2197,36.4233
62.6991,231.1419,79.5827,32.9959
62.2882,231.7219,82.0021,31.9864
62.4912,232.8382,83.6291,31.2184
61.8429,233.2023,85.2917,31.3244
59.3382,232.6601,86.8153,31.6128
59.3853,232.6273,87.3134,32.2665
58.1119,231.7726,88.9620,32.0748
58.8473,232.7227,88.6061,32.2181
59.9205,232.7287,88.2955,31.6506
60.1292,232.3178,87.7188,31.5556
61.9375,233.9639,85.4830,31.2902
61.5455,234.2346,84.4475,30.4671
61.3256,234.3879,83.4905,29.8220
2
0
0
0
0
1
170.6160,233.3077,43.1222,30.5052
169.9042,233.0753,44.7766,30.2923
165.2014,236.1817,50.5898,26.0994
163.0864,237.1891,54.7901,24.1558
162.2893,237.7407,57.0473,23.3207
162.7925,238.4394,58.5033,22.5325
164.3648,238.0934,58.3579,22.3686
166.5218,238.6116,58.6083,22.3550
167.4277,239.0546,58.6452,22.4651
169.2831,238.7011,57.9877,22.5864
166.3284,238.8044,58.8812,22.4899
163.9686,239.4910,59.7457,22.2056
164.2334,239.1258,60.5112,22.1797
163.2045,238.7763,61.0080,22.0748
162.1722,239.0001,60.8192,22.6445
161.8958,239.2107,60.4783,22.8485
161.4233,238.5692,61.1005,22.5535
159.8326,238.6799,61.5999,22.7616
161.2213,238.4092,61.5029,23.0637
160.0580,238.3665,62.7124,23.1475
159.0947,238.3248,63.4968,23.7778
158.0346,237.8937,64.0870,23.8397
158.7710,238.3100,64.7004,24.0198
157.8407,238.1078,65.0627,24.2036
155.7088,237.5237,65.8732,24.5415
154.6243,237.1679,67.0708,24.8053
154.9138,237.1458,67.1136,25.1515
155.0708,236.7197,67.9071,25.3079
154.6243,236.3495,67.6973,25.6771
154.6917,236.2735,67.8792,25.6703
156.7551,236.4289,66.5552,25.7861
157.2864,236.9801,66.8411,25.3980
158.6150,237.1541,66.5031,25.2138
158.5560,236.8939,66.4142,24.9594
157.2735,236.7498,66.7234,24.8410
156.1207,236.8433,66.1973,24.8030
2
0
0
0
0
1
235.8857,189.6304,55.1137,49.1765
234.6199,189.8569,56.4572,49.1455
234.3378,189.6180,57.5128,49.5462
234.1638,188.8208,57.9934,50.7741
233.3975,187.9924,57.9033,51.8644
232.4581,189.4724,58.9780,52.1461
233.2656,188.4331,59.8048,52.0139
232.7977,187.3115,60.4237,52.7847
232.9333,186.5371,61.5044,53.2604
232.7798,186.2324,62.6315,53.4137
233.3586,185.5504,62.9638,54.3989
232.4933,185.2705,62.7713,55.3637
232.7150,185.2972,62.7267,56.3145
232.6361,185.5720,63.0009,56.7256
233.0183,185.3251,63.2752,57.2703
232.2837,185.1715,63.7038,57.6206
2
0
0
0
0
1
336.4669,128.3581,69.5218,67.3956
336.6491,126.6749,69.5094,71.9576
334.7522,126.4216,70.3767,74.4993
335.8284,124.0767,70.2679,77.3846
334.2714,123.9042,71.2526,78.9916
332.9582,121.8125,71.7675,81.1247
333.1850,122.5020,71.6298,81.7431
333.4572,121.1648,72.2442,83.0821
330.5795,121.4393,73.8640,84.3433
331.7269,120.4234,74.0668,85.3866
332.6157,119.5545,74.1853,85.1557
330.6951,118.9906,75.0900,85.6448
329.1299,118.5289,75.9205,86.9696
329.1997,118.3550,76.0431,88.2254
330.0072,116.9110,76.9228,88.5919
329.3008,117.0937,77.5840,88.4159
327.9285,118.4013,78.4787,88.8242
328.8316,118.2760,78.6564,88.4517
329.1637,115.5334,78.1955,88.4085
326.9207,118.6872,79.0510,87.8251
326.5229,117.8506,78.8140,88.8822
