1
624.2551,666.7004,60.4753,28.8071
616.3043,660.6599,61.7507,29.3050
604.1794,658.8990,61.6839,30.0729
584.7405,654.7502,62.1491,30.2470
569.7587,650.1313,59.0664,31.3652
550.3387,648.3236,56.7397,31.6766
534.6166,641.8995,56.8322,31.9324
515.0878,637.9954,58.5326,31.5023
491.0974,633.2092,59.9605,31.4205
470.4156,628.8842,62.4517,31.6410
449.4879,616.8223,59.9898,32.8188
426.4583,593.4907,52.8437,39.5292
412.4405,578.4427,49.6095,39.6760
392.4244,566.8976,48.3556,40.9852
376.6281,554.7074,46.3343,40.8231
349.4512,533.6052,43.3150,46.1312
338.9344,514.0789,43.9494,43.2074
332.7459,508.0330,43.3401,42.2306
312.9940,506.7441,44.3518,40.3447
295.6103,502.1380,44.2069,39.1050
275.4076,505.5318,45.6404,37.2488
252.5334,518.9448,47.8379,33.3953
227.5499,537.6629,44.2060,35.7427
216.4596,551.3082,41.5694,36.0533
211.1804,558.0533,39.2921,35.4709
202.3514,569.8994,35.8897,38.1507
191.1134,579.7462,35.8727,36.8824
194.0564,586.6860,31.2854,40.9595
205.2854,610.2662,27.9841,44.7224
216.0193,641.1341,26.5062,45.7343
216.9159,681.6572,26.0667,48.7469
237.9951,709.8168,25.4814,49.0029
237.8522,718.7913,25.6622,48.1126
242.4805,736.7448,28.9823,47.1838
262.9174,742.5585,26.9541,49.8973
281.4433,764.7858,30.7166,44.6917
292.9616,772.5016,27.8499,47.7502
303.7733,777.8785,26.7021,49.1152
309.3819,793.9604,32.1422,41.7347
319.8982,803.6565,34.0249,38.4974
335.6351,812.2379,34.7280,37.2306
361.3316,820.2188,34.8335,35.9819
378.0461,827.1027,29.9088,41.1201
388.7075,840.7895,33.0030,36.7591
392.4047,841.9860,33.7811,34.2802
389.0632,839.7045,32.1722,33.6268
388.9931,841.2776,31.0606,32.7550
389.4919,845.5264,30.0102,32.7673
389.6781,846.2004,29.4968,32.4020
389.7466,846.6622,29.3019,31.3294
390.2484,848.0362,29.3922,30.5900
393.9847,851.7880,29.7440,30.0735
396.7423,853.0700,30.0170,29.2991
399.3981,857.5853,29.9067,29.0136
399.8451,861.7737,30.0366,28.2697
403.0893,862.9899,30.4734,27.9415
405.0350,863.3355,30.1991,29.2535
407.6891,863.1481,29.2366,30.3459
401.4042,864.0424,29.7124,29.6681
403.9459,864.1341,29.3910,29.9766
395.6664,887.1318,31.0333,30.3154
392.9647,888.8204,33.8704,29.3438
391.3959,887.8303,34.6301,30.7665
390.7542,888.4360,35.0939,30.9361
392.1496,888.6345,34.6096,30.7380
393.6979,888.5993,33.7666,31.6274
394.2504,889.9071,33.1179,32.5418
396.0523,890.2648,32.0919,33.2994
396.7758,890.8586,30.6623,33.6589
397.9753,888.2686,31.5986,33.1920
399.0667,889.9196,32.3347,33.2267
404.5340,889.9073,32.1324,33.7902
398.5373,885.4347,33.1366,34.3144
402.5973,886.1345,33.9897,35.2941
402.6926,884.4831,36.3725,35.2004
402.2537,879.7391,36.0280,36.5569
402.3686,882.4203,36.8062,36.7109
402.5190,883.7476,37.4232,36.9207
398.6791,879.2253,37.8822,37.6273
400.2266,885.2484,39.5008,37.6428
408.3827,887.4584,40.3296,37.4324
411.0532,890.5273,42.2621,36.4127
413.8847,891.7505,42.9158,35.5451
415.1944,893.1628,43.8259,36.0576
417.2037,891.7782,44.5605,35.7501
419.8305,890.7764,44.7202,35.9265
420.9106,893.3068,42.5963,36.3679
419.8476,894.6821,41.5723,36.1421
421.5243,893.6670,39.6551,36.4600
420.0097,893.2103,39.5956,36.2275
418.3697,893.2076,39.8097,35.6327
412.7379,893.1050,40.5293,35.0155
410.6816,894.0395,40.5855,34.8363
411.2989,895.4497,40.1454,34.7924
411.6763,894.8746,40.6051,34.7636
412.8687,894.0113,42.4094,35.1339
411.7702,894.2121,42.9132,35.2506
413.0689,892.5723,44.0170,36.0156
412.1697,891.9781,43.6603,37.3290
412.3543,893.2477,44.1069,37.0844
410.2862,893.9464,44.8858,36.4657
407.9025,891.2646,45.0466,36.5132
407.1291,891.9449,45.5500,36.4122
407.0861,892.1146,46.2834,36.6097
409.2838,891.5063,46.0557,37.1685
410.3818,891.4004,45.8795,37.8080
406.6723,889.1763,47.0495,36.9220
404.0405,889.4892,47.8794,36.8442
402.1138,889.5031,49.6073,36.4800
403.5918,889.8070,50.3489,36.3116
408.1189,888.8587,50.2854,36.5699
412.4895,888.3052,50.4904,36.8740
415.8429,887.5938,50.2443,37.6496
417.9339,888.3978,50.8319,37.6095
421.7165,886.8956,51.2447,37.4819
422.0177,886.6562,51.6651,37.9680
421.0784,884.6179,53.0404,37.9660
421.3405,884.2491,53.7621,38.4024
420.4227,882.1520,54.2064,38.6327
420.0063,882.1647,55.6078,38.4652
418.4482,879.1352,54.9883,38.1789
417.8925,878.4568,54.8655,38.4125
422.3522,877.1951,55.0078,39.3313
438.4796,877.8273,57.2079,35.8214
454.8199,872.9150,58.8893,32.8012
464.4599,871.0194,61.6393,31.5078
475.4682,866.6843,62.2396,32.1019
490.1449,859.6671,60.0541,32.8832
516.6671,854.9972,60.0938,31.1579
541.0963,850.0289,59.6139,31.4142
554.9833,849.7352,59.9268,29.9674
564.4670,851.2448,59.7460,29.5100
565.7560,853.7865,58.7113,29.5966
566.4690,855.6855,57.8809,30.4436
570.0452,860.6733,53.0700,35.0579
572.1401,859.9168,51.1046,37.0376
573.1072,858.6392,50.4891,38.0361
572.8859,857.6370,50.9271,37.9312
573.8939,843.5076,52.0490,36.4231
574.0630,844.5487,52.5689,35.5613
577.5021,843.1476,54.6161,35.1191
578.6660,841.9450,54.7159,34.8247
586.9734,844.2076,58.8169,31.7235
589.6765,847.3588,62.0812,30.1424
594.6141,850.7115,62.9299,29.1329
601.4188,848.9575,58.5541,30.5036
613.5198,848.1738,56.7536,30.7708
614.3699,844.8990,55.7908,31.1381
615.0236,844.4203,56.6462,31.6918
617.3228,842.3574,55.2496,32.0467
623.1650,843.0071,53.0659,31.3640
628.5773,843.0814,51.5875,30.4980
637.5651,840.7225,49.4652,30.8769
642.1830,838.8915,47.6954,30.1515
647.6108,835.8028,44.5939,31.8481
658.2037,831.2043,42.1243,32.6271
667.8527,827.9277,39.4412,34.0087
669.3183,825.0884,37.5640,35.8569
673.6472,823.0608,35.4912,37.7257
679.3068,818.3793,33.5769,39.2011
684.1650,814.7526,33.4992,38.1376
691.2484,812.5816,34.0919,35.8468
696.3745,804.5494,33.1018,35.8585
702.7548,797.4764,32.8550,34.6841
713.3441,774.7910,33.5024,33.4510
723.9114,763.4763,34.9869,33.1002
735.3007,748.9939,35.7395,33.2816
752.2560,728.8337,35.3834,33.2771
762.7544,712.0606,34.8385,33.0299
776.9731,693.7137,34.5471,34.0037
777.9507,685.7963,35.0232,34.1036
781.3456,682.8832,37.1789,34.0150
782.7845,682.4996,37.9084,34.3743
783.7501,683.1558,39.4105,34.3459
785.1931,684.0229,41.8921,34.3759
786.2123,684.3845,43.5291,35.2593
785.5721,684.3155,44.7326,35.1647
784.6013,686.9694,45.4822,34.8784
784.7342,691.1790,47.0528,33.3437
784.3519,693.9495,47.3018,33.4338
785.1081,696.3637,45.4866,35.5355
786.4193,698.4150,44.5113,35.4271
786.8389,699.3867,42.1777,38.7038
786.7189,702.2031,41.6280,41.1126
786.6921,700.1062,42.0168,41.5709
785.9974,703.8138,43.7756,38.9139
779.7033,713.1336,35.9928,46.9692
781.9058,713.0739,34.4984,48.5243
779.0252,711.8740,30.8171,52.1173
775.8535,717.7438,28.3077,56.3506
771.6877,720.0728,26.5982,58.6759
767.6550,718.5598,24.3593,62.9471
757.1129,722.5403,25.2624,63.5228
746.3807,726.6110,31.1607,56.0681
728.0348,729.3312,36.1804,49.1019
714.2783,741.4649,38.6575,43.9722
699.6511,749.7523,38.7711,42.7209
690.5701,754.7303,39.9630,39.1108
686.5164,758.4841,41.0645,36.8814
683.5709,759.7353,42.0443,36.9512
680.0437,754.4952,41.6228,40.6880
678.9291,754.4670,43.2160,41.7162
677.2757,755.0673,45.4172,41.7690
676.5093,755.1053,47.1257,41.4808
669.1112,755.5650,50.9222,39.5058
674.7430,759.7162,49.5662,39.9915
675.0242,759.8974,49.3213,39.8765
674.8262,762.5098,50.7271,38.5205
673.8679,763.8984,49.9535,37.2113
672.1331,765.5795,49.3428,36.2022
669.1724,766.8101,49.8933,35.4409
670.9335,767.8032,50.2877,35.2598
670.9551,769.2007,51.0881,35.1260
668.2027,762.9924,51.1610,36.6021
665.6802,760.7090,51.8960,37.0710
665.8286,758.9672,52.4158,37.6474
667.0559,758.7910,53.1733,38.3213
663.4352,757.4738,52.9593,38.5887
666.0126,751.3513,52.9026,37.2587
666.3681,745.7486,50.7157,38.8978
668.1600,737.3395,48.4543,40.6839
663.2748,733.9523,46.9283,42.5765
662.3022,724.6723,45.1274,43.4727
651.7872,709.0872,44.1883,45.3023
648.4988,702.5243,44.7304,45.6584
645.4849,695.4211,46.1081,46.8847
634.9969,677.9122,48.9875,43.6406
624.6703,666.1736,49.0592,40.9778
611.1088,655.3300,52.3750,36.6775
584.7331,643.8300,52.1923,35.2049
541.7043,639.4977,55.4414,33.0244
505.3335,634.2934,57.7769,32.3220
483.8143,636.5319,56.0712,31.1439
467.4550,639.6177,56.0055,31.4798
434.0125,648.8027,57.5709,30.1948
405.6292,657.1423,57.2496,30.8695
385.4955,664.1364,55.3958,30.1603
363.8880,676.2756,53.9564,29.7690
345.0034,687.1818,45.9211,35.3550
330.2483,705.9402,42.0666,36.6004
323.6184,724.8632,34.7266,44.7358
319.6613,751.2078,35.8848,42.3270
316.4507,780.8125,35.8440,39.8368
314.8462,799.8278,30.7335,45.5273
314.5891,813.4681,32.6325,44.5386
320.6878,800.1668,33.0698,44.6025
331.5410,803.1151,33.7570,45.9444
338.6909,806.7939,34.1856,46.3368
350.7297,811.1238,35.7305,43.7446
373.1693,821.2601,36.7642,39.7571
390.4739,828.5767,36.7522,38.0633
401.8897,832.6146,38.2248,36.2782
414.3758,835.4872,36.9247,35.2218
434.8409,843.0107,36.5568,34.3258
436.2581,839.6213,35.0546,34.1337
432.8462,832.9434,32.6936,35.7549
433.9325,829.0550,28.9569,39.9348
431.6512,835.8922,26.9347,42.1318
430.9293,838.1446,27.8785,41.5684
424.8833,839.2717,29.1751,40.2227
412.7750,843.9557,30.6714,36.7892
391.6959,845.1852,33.1056,33.3250
373.6580,842.8955,36.8738,29.2638
354.3792,832.6102,36.7783,28.7410
331.7776,826.4727,36.0839,29.2873
309.3489,812.2806,35.2563,28.3518
281.0299,797.6143,36.8576,29.4395
256.4588,778.1646,34.8623,32.8498
230.3632,750.1625,34.2456,31.3891
207.4639,721.5376,34.7108,31.4108
186.9791,706.5831,32.4562,34.8160
175.1936,687.3970,34.1984,34.6421
170.1746,682.0511,34.1913,34.5022
168.3793,681.3977,35.1835,35.1644
166.0937,679.9097,36.8923,35.2456
163.8638,679.5298,38.5331,35.2655
162.1202,678.9750,39.8645,35.4398
156.2238,678.2872,43.5457,35.8985
153.1353,676.4708,46.2647,36.1171
150.0946,673.4490,48.9740,35.9471
147.0110,672.9482,50.9503,36.0762
145.4394,669.4429,52.1128,36.9074
146.1648,665.5400,51.3668,39.0866
144.4102,664.0520,50.9115,42.1408
140.0236,653.3323,48.0448,45.8052
139.7623,639.6207,47.3380,45.6913
141.1677,629.3811,46.9344,43.8363
128.8590,619.8904,45.7946,44.5283
123.0434,593.4544,44.6921,44.7178
123.6561,572.2723,42.3721,46.0018
124.8808,567.8780,42.2948,46.9079
125.4208,550.9023,42.7509,46.9399
128.9813,529.0326,41.8273,47.3947
129.0353,505.5246,44.1385,46.2662
131.9404,477.8153,43.1322,47.1463
141.1343,449.1121,43.8703,46.8970
144.4468,414.9318,43.3661,46.9542
153.7134,388.7702,42.4040,48.0496
167.9383,371.3764,43.3758,47.6246
177.2299,357.5740,44.9377,45.1005
191.7129,350.9783,44.0537,46.2650
193.4948,349.7777,43.4488,44.6783
196.2448,348.6601,41.8493,44.0168
197.5626,345.7962,41.3370,45.3398
198.6884,346.5183,41.6349,45.8441
199.9713,347.3848,41.7652,43.7886
205.5412,341.3565,39.6783,42.9832
209.5497,342.8748,37.3264,42.6303
211.2179,342.9563,36.2990,41.5595
212.0598,343.0232,35.2821,41.0398
212.2153,341.8545,34.4753,41.3722
213.1615,341.6896,34.3998,42.1360
212.7736,341.3802,34.3730,42.5244
210.4180,340.2673,37.6074,39.8665
209.9807,338.8272,39.1084,38.8690
209.0891,338.7621,40.3659,38.6100
209.5418,339.8353,40.4437,38.7194
210.1193,340.5415,40.0941,39.2545
213.8897,340.5536,40.4615,39.2743
218.2512,339.4244,41.6780,37.3782
227.9803,339.6516,42.7367,36.0482
232.4755,337.5395,42.5846,35.8933
240.8282,334.0005,39.7470,39.8134
245.2305,324.2281,37.4548,43.0128
253.6293,317.5251,37.7979,42.6647
257.1307,313.4707,36.2501,44.7849
261.1678,312.7452,35.0921,45.8843
267.8907,305.7505,35.4223,45.7947
275.9653,292.8388,37.3736,42.9297
284.4093,287.1306,36.1923,44.2080
291.2571,284.5221,36.0366,44.9128
293.2530,278.1800,37.3191,43.8458
294.5934,268.7823,37.5615,42.7258
290.8210,260.3751,38.4192,40.7463
291.7749,257.5320,39.0611,40.5149
298.3846,248.3538,38.2204,42.1361
306.8439,244.6913,34.5332,46.6377
308.8290,242.9910,32.3830,49.1793
309.9636,242.1511,31.3626,50.4487
310.3569,245.2856,30.9923,50.9919
311.1141,243.3512,30.5990,51.7521
311.4824,242.9362,30.1211,52.5219
311.6516,241.6630,30.0156,52.6178
311.8311,241.7699,29.9223,52.1380
311.5139,242.4467,29.9236,52.1386
305.8036,241.8640,31.3615,49.5986
305.3169,244.0383,33.4803,46.3795
304.4806,244.1863,35.0713,44.0266
299.3595,244.5611,35.2217,42.8938
299.8996,245.2690,35.2399,41.1870
300.3741,246.2197,35.3131,39.8127
300.7068,247.1873,35.2840,38.7184
300.8901,247.4244,35.2750,37.4620
296.3689,245.5086,35.5872,37.3839
291.4803,246.8195,36.4185,36.3693
291.2597,248.0386,36.8488,35.3606
287.5396,248.8894,36.8517,34.9894
282.0712,244.4390,38.0438,35.9618
281.9183,243.7897,38.4635,36.3400
281.0663,243.7332,38.8280,36.9923
280.4129,237.8409,39.3088,37.0423
275.2466,238.0144,40.5387,35.5133
273.7873,238.2892,41.6406,34.4962
272.1562,238.8931,42.5182,33.6200
267.9979,239.1053,44.0366,32.4344
263.3952,239.9707,45.2814,32.6489
255.7794,240.2601,45.5243,32.8826
254.7178,244.5740,45.1558,34.5463
249.2145,253.0014,47.0061,34.0090
239.7209,259.6179,46.5330,34.5229
226.2918,272.8442,47.1685,31.3184
211.9897,285.9505,43.2584,34.9435
193.7805,304.3123,40.4604,34.4090
189.9237,316.5100,37.4357,35.9215
183.8118,325.0207,36.8871,35.1531
178.6324,326.4540,40.7028,32.8062
178.9008,323.2827,42.0976,33.6589
186.5112,323.2354,40.6009,37.3707
188.1440,316.9667,39.2997,39.4182
201.7780,307.7820,35.4147,43.3472
209.7649,290.8093,35.8141,45.3689
223.8746,282.8302,37.7181,43.8730
247.5224,263.3689,38.9148,43.0426
266.1972,249.8162,38.8917,42.7973
294.7061,228.9803,39.2126,42.7200
324.0085,215.0802,41.0355,41.5143
360.4743,201.4790,43.1965,39.3573
391.5658,198.2115,44.1488,37.8816
417.2886,199.6011,44.6332,36.2507
452.7555,212.8417,41.1882,36.1834
487.1839,237.1728,39.3428,35.1512
495.7159,246.5036,37.4623,33.6687
500.8957,253.8361,36.4644,32.9061
512.4704,261.8318,37.3695,31.3877
533.7407,261.6528,37.0390,30.8742
568.7003,250.1157,36.3531,30.9952
602.1921,227.5987,35.3227,31.2207
617.7077,224.0660,35.2839,31.2989
622.4843,223.9869,36.2724,32.1077
621.7241,223.8914,36.6187,33.5341
620.7827,224.2932,36.1115,34.6278
620.6114,224.7020,35.8551,35.5012
618.8004,224.5404,36.8162,35.3610
614.7947,222.0419,35.4726,36.5343
608.1859,220.7971,31.1238,42.0576
603.0306,213.9705,31.7154,42.4680
594.7493,207.9013,33.2907,41.7366
583.0349,200.2074,35.1446,40.0816
553.9290,189.1234,35.6961,38.6605
527.0311,180.3067,34.8990,38.8480
506.9409,183.3923,35.6150,38.2669
494.7165,183.0475,37.4173,36.3580
495.6367,181.5253,37.1318,35.5693
497.4203,184.9379,36.3206,37.8560
510.6565,189.8008,32.1015,43.0595
518.1027,191.3036,32.3333,43.8399
526.8528,193.8917,33.3403,41.8738
543.2289,195.4591,37.3003,36.8609
565.0961,204.7440,42.4696,31.0756
598.0950,214.3540,39.4840,32.3886
633.7770,221.5948,37.1638,32.1510
660.0326,237.0056,36.0639,31.4955
679.2499,253.0536,35.6451,31.7669
700.2648,273.2898,30.3338,37.4966
720.9682,306.5791,32.9909,33.1525
735.6549,319.3325,33.3780,32.2021
753.7170,332.4147,33.3848,30.1024
771.4546,347.7022,33.3613,30.3545
786.3892,367.2039,31.4402,32.1594
788.8276,390.0324,28.0807,36.4138
785.8256,422.5495,25.6553,39.3976
787.2344,453.4845,24.3577,41.5555
775.6192,498.9948,23.0623,42.2930
764.2009,539.8074,23.0008,42.8257
760.3645,581.0262,23.6423,42.7458
756.8511,601.5121,27.2142,38.9258
732.8296,622.7689,28.7411,36.1979
712.6995,630.4810,32.4684,30.6446
690.9443,630.9272,32.0728,29.6741
656.7473,621.2941,34.6411,28.5235
634.7423,610.2700,34.1293,29.8556
617.6745,591.2202,28.8511,36.0580
595.9760,542.8060,29.0951,36.9216
588.8557,494.8217,29.8202,37.2476
575.3668,448.8944,32.7976,36.4926
570.3169,409.8631,33.2550,36.1997
562.2825,383.2006,32.8153,37.0546
564.4493,372.6685,32.7081,37.8714
542.1223,346.5162,33.0167,38.0950
523.7310,307.9304,36.4235,34.7753
512.3425,287.0367,34.0050,37.1370
509.5474,270.1459,33.6380,38.9133
503.5505,239.6557,34.8996,37.9045
504.5872,201.1002,35.2101,38.1547
511.7220,186.0920,30.9659,42.6849
513.6839,184.4135,29.0443,45.6901
514.5579,189.0022,27.5998,48.7218
509.5728,193.5239,28.0105,47.8658
498.6377,191.5551,29.5299,45.3497
486.4672,189.3374,33.7718,40.6080
465.1771,188.1163,36.5874,36.9478
435.9775,191.7859,36.4890,35.5601
407.6097,189.9506,40.6535,30.3001
384.7281,197.0553,39.5395,30.8806
357.6169,219.8490,36.5754,32.8168
333.9798,227.3633,37.7912,28.9990
302.8404,241.5075,40.3364,26.6002
285.6537,242.6893,37.2539,27.9543
269.7120,253.0160,34.4251,29.2566
249.4438,281.0910,32.8963,29.8649
230.5948,319.7132,31.2268,32.6813
208.8044,343.9081,26.0340,39.7297
2
0
0
0
0
1
233.9632,597.7862,27.3166,46.7906
212.8285,615.6837,27.2724,44.7522
178.8102,638.2963,31.9971,38.9870
171.3351,641.8396,32.6548,36.1807
170.2954,644.5161,31.8234,36.4159
171.1152,647.6487,32.3645,36.0829
168.9453,649.5513,31.8916,36.3116
163.3995,651.5899,32.0081,37.0383
160.7598,653.2043,32.9857,37.6939
161.0506,655.4017,33.8023,38.0084
161.3050,657.7352,34.5659,38.6733
162.5004,660.3755,34.9815,39.2855
164.1054,663.2930,34.8737,40.9132
169.8683,668.5518,33.1479,42.5192
181.6570,678.0892,28.7574,46.1065
192.5083,692.5009,27.4025,46.1273
203.2790,709.9434,26.4222,45.3332
220.9795,732.8405,28.9361,41.9311
232.0727,745.1720,26.8117,42.8859
240.2638,751.8652,26.6926,42.8776
248.7563,763.9213,26.3747,42.6358
259.3130,771.7759,28.9631,38.3770
271.5441,768.8868,31.6387,35.5563
294.9784,766.5153,33.1507,33.2177
335.4642,754.0643,34.2407,32.4746
371.9581,749.6582,34.8610,32.5465
404.4644,750.1777,35.0876,31.7833
425.7912,753.4361,33.7882,32.4130
445.0668,755.1759,33.4582,32.2460
453.2253,777.2833,37.8712,28.6525
482.7529,796.3114,34.6992,31.1299
502.1406,814.5560,32.0904,32.9588
516.6272,827.3412,27.9032,38.1305
515.1058,833.6646,29.0724,36.7012
518.7023,835.1669,30.2098,34.5280
522.7631,837.7789,31.4919,33.2770
522.4094,839.4332,32.2432,32.3974
522.9115,840.0798,32.4152,32.4913
527.4210,837.5547,32.7730,31.5504
532.5632,839.1481,32.5444,30.9888
533.5334,839.1575,32.2533,30.5999
534.2547,840.3220,31.8394,30.4895
534.4468,840.7399,31.5103,30.1277
537.7656,839.2433,33.4172,29.1631
540.3231,839.1268,34.8313,28.7674
540.4465,838.7939,35.3081,28.7326
541.2864,835.3827,33.1671,29.8253
542.9736,832.8884,31.8092,30.3752
544.1016,830.5454,30.8118,30.8468
550.6970,824.2421,31.5819,29.9815
550.8290,822.2557,31.9723,29.6479
554.3215,821.0256,31.4847,29.6124
555.4189,819.3392,30.4737,30.0780
555.1871,818.7606,30.0782,30.0776
555.2217,819.1031,29.9143,29.8406
561.0677,815.8585,30.0091,29.1294
571.3824,812.5370,29.3874,28.7463
574.1910,810.9581,29.9640,28.1264
577.4584,808.2310,30.0831,28.2110
581.5234,801.9372,29.2934,28.7733
584.1408,800.7796,30.0777,28.2883
587.4568,799.5914,30.9681,28.0540
591.4325,800.7158,31.5669,27.6022
596.6478,796.5634,31.0012,27.9334
604.6032,795.3480,30.9153,28.0935
609.0638,790.5529,30.6419,28.3479
609.8777,789.9120,30.4134,28.5503
612.6614,786.5520,30.9224,27.9459
616.1166,789.2688,31.1976,28.3574
617.1924,789.0847,31.1204,28.5563
616.6907,788.0834,31.6862,28.3702
616.5177,787.6538,31.8168,28.6014
617.5992,787.5206,32.0335,28.9249
618.2242,790.1235,32.2101,29.1836
618.8268,789.3165,32.4619,29.2831
619.7939,788.6197,32.4179,29.1671
622.5864,785.7055,32.8445,28.7873
622.7696,785.8950,32.4821,29.0419
626.3422,787.2795,32.2649,28.6179
627.1396,790.4446,31.1049,29.9477
629.9204,791.3414,31.8633,30.1673
629.4641,792.1981,31.8618,30.3944
632.5007,792.6404,32.1946,30.9774
631.1819,792.8749,32.4252,31.8488
634.0892,789.5311,33.8130,31.4579
634.1292,789.6334,34.1638,30.9577
634.8970,789.8776,33.2807,31.1932
643.7097,790.0322,33.2176,31.3890
657.3047,780.5451,32.4234,31.0756
679.7079,770.7042,32.8470,30.8772
695.8175,764.0487,30.6029,31.9621
708.0484,747.9957,31.6695,31.7705
710.4376,741.5426,30.9363,31.8747
710.6411,740.0124,30.7582,31.9493
710.6945,738.7010,30.4438,32.6573
710.7441,738.3172,30.3570,32.5963
714.0795,736.5648,29.8086,33.2096
714.9327,735.3456,29.1658,33.8955
714.0692,734.0179,28.8587,34.1396
714.3597,733.0822,28.4139,34.7238
