1
334.3506,112.1045,77.3848,16.1293
325.9074,113.0026,82.9187,16.8336
316.8391,113.9641,88.0638,17.5263
307.6640,113.9880,92.3256,18.4427
299.1249,113.4072,95.1887,19.4510
289.7961,112.9184,97.7482,20.6295
288.2163,110.0684,92.0784,23.6849
287.2834,103.4394,82.4813,31.8621
285.5413,92.1132,69.8996,45.7667
282.3691,82.0002,57.6140,60.7246
279.5179,73.6736,49.8784,72.4743
280.6063,67.3334,45.0963,82.4967
279.4334,58.4164,41.9256,88.5340
277.4631,50.8087,41.0604,92.7435
276.9488,41.7707,40.6392,93.2151
272.6973,30.3410,40.2411,92.1638
273.8159,26.9868,36.4425,95.1334
274.8554,18.2554,33.3713,98.1036
274.5143,17.1467,32.2877,98.5873
272.9456,17.8690,32.7240,98.4066
270.9390,16.7781,33.5776,96.9386
272.0482,14.7558,34.2542,94.8651
274.8939,15.9584,36.9081,92.9781
276.0701,16.7055,41.0332,89.7809
274.9683,13.6062,45.2394,84.8978
272.7575,12.8503,49.1199,80.9081
270.8093,14.3384,54.8475,75.7646
266.0661,16.5250,59.3988,74.2779
260.4074,17.4254,64.1473,71.3869
262.6968,12.6956,64.6510,67.5172
273.2369,14.3581,60.6870,69.1375
280.3733,15.0387,50.8689,74.0909
285.3304,15.8526,47.7507,76.9317
285.0666,15.8797,48.2609,76.4955
283.9659,16.9185,49.7198,77.0619
282.8885,16.7426,51.8449,77.4218
280.0274,19.5474,53.9521,76.9299
272.3533,26.6040,60.6851,70.7788
269.4716,26.6588,63.9320,62.2554
266.8726,31.8865,65.6735,58.0908
264.0268,36.1174,64.6657,59.6335
261.0266,39.0814,62.0373,62.7697
258.7065,41.5974,59.5543,66.8166
254.2262,43.6290,57.0483,71.0383
254.3426,44.9940,53.9126,76.7579
253.0104,47.3314,51.9678,81.0223
249.6757,51.0563,51.6890,83.2295
245.6947,55.3250,51.8905,84.1814
244.0134,59.8357,51.8941,86.0247
240.9946,64.6308,52.7501,86.2195
238.8775,69.9988,53.6696,85.9803
233.4245,74.3075,55.4753,83.7775
226.5914,75.2295,55.3376,83.3642
225.3186,81.8000,56.5209,79.8481
225.6516,86.3606,61.1685,72.7353
225.5309,92.9532,64.4300,66.8653
225.6023,101.7057,67.7978,62.1780
223.5988,112.5783,70.3007,59.5889
223.4670,120.9569,68.2830,60.2142
223.8463,123.1897,63.0137,65.2715
220.3320,125.2066,53.2083,75.9702
222.0413,123.4207,45.2860,85.9984
217.1100,122.7536,39.7914,93.9089
217.5773,126.8547,37.3153,97.2384
216.9286,132.3061,36.0400,99.4947
215.4454,138.6018,35.0639,100.2182
214.1981,140.3066,36.1018,99.0114
211.7717,142.4441,37.7520,97.7093
211.9509,148.7941,39.2859,94.7396
214.4381,157.3335,38.8923,91.7995
218.5435,163.6338,37.9781,92.3987
221.8532,170.7558,34.3589,95.3185
223.7426,178.7410,31.6003,98.2814
223.8714,182.6236,32.3339,99.2847
224.6105,188.9284,31.7209,101.9247
227.2701,194.8412,31.4373,103.4539
229.1679,200.0087,32.1809,103.4109
231.4700,207.1512,34.0778,101.2891
232.9644,215.4419,36.1769,99.9821
233.3328,223.1018,39.0241,97.2744
233.6747,230.8361,41.6825,95.0966
233.4400,238.0473,43.7228,94.5391
233.2699,245.4397,46.5801,92.2828
231.5563,250.2592,48.0929,90.5172
230.9833,257.2672,49.5320,89.1884
235.7716,261.6452,48.2341,89.3526
240.9075,263.9880,44.9562,91.9732
247.1075,265.6398,41.9302,95.3329
251.0751,267.3542,39.6996,99.0708
253.9742,271.2829,38.4859,101.5087
255.4291,275.4202,37.3525,102.8346
256.5686,278.7227,36.2563,102.7394
257.6929,283.1301,35.7672,101.8481
257.5018,291.9756,35.2629,100.1603
256.5526,302.9683,36.0475,96.0934
258.4705,308.6606,35.3308,96.2585
259.6294,314.5247,35.7134,97.0674
260.3852,323.2558,35.4354,98.3170
257.8335,330.1051,35.8798,98.7170
254.3730,337.6320,35.9274,98.6778
252.9280,346.4707,35.9859,98.6722
251.7412,356.0771,37.0852,97.9760
251.0917,363.7501,38.0029,97.8414
249.0477,369.5641,37.6894,98.8888
246.0118,374.1090,37.7187,99.1534
244.4481,377.0333,37.3449,99.8774
243.3802,378.2771,37.3205,100.7792
242.1748,380.0330,37.3040,101.3004
240.1081,380.2481,36.8573,102.3657
239.5281,380.8032,35.8824,103.8795
239.6847,383.6783,33.5816,105.5416
239.2730,385.9149,32.6047,105.5049
238.8845,386.9007,31.4751,106.3382
237.8378,390.1181,31.2739,106.2967
237.2078,392.1465,31.0472,105.9897
237.8644,394.6845,30.0040,105.2196
239.6756,410.8924,32.2585,99.3022
240.2704,414.7513,31.7026,99.4009
241.1306,421.8560,29.9199,102.0167
241.2523,426.7323,30.3425,103.6972
242.5970,434.9138,31.2882,103.1597
244.1374,445.5230,32.3084,102.0964
244.7846,451.8980,34.3510,101.5625
244.5754,461.9104,37.0146,99.9409
242.0401,468.6936,39.9872,98.0875
239.2435,476.0166,42.2551,96.0841
242.3860,482.8124,41.8518,96.6455
245.6170,485.8785,40.8312,97.3954
248.3102,490.6182,38.8259,97.9349
251.6806,494.6873,37.1921,98.3310
253.9578,497.5580,35.7761,99.2000
253.6379,500.4251,35.3090,100.3222
253.5072,503.8086,35.6611,100.9190
253.3842,507.2687,35.8180,101.4338
252.2859,512.6863,36.3069,101.1844
250.9822,515.9926,36.6650,101.4938
249.5873,519.3691,37.0561,101.9607
251.1245,526.4283,36.2415,99.8725
252.2214,536.8188,36.0998,97.0923
250.7237,541.3864,35.8321,97.4459
252.1086,549.7547,36.1034,99.3315
252.9787,569.8259,48.4744,81.6540
251.6773,583.4158,60.1914,67.9679
266.2718,582.3782,64.6267,65.9048
280.1318,571.0823,69.9340,61.8948
296.3016,561.7592,76.1610,55.4615
313.9191,550.2342,75.9217,58.3432
328.9165,543.0222,76.5300,60.1173
341.5341,528.7197,78.4369,59.1099
351.7852,518.3210,78.8481,58.9824
362.2598,509.9161,80.2991,58.9485
376.4525,503.8128,80.8799,58.0809
387.5332,498.3787,82.2388,53.7189
406.7010,493.1846,79.7509,51.1194
413.9433,490.2574,79.5210,48.0001
426.0345,487.7946,77.7990,52.0745
434.6866,486.7847,74.3977,58.2522
440.5522,491.1443,70.4514,63.3761
448.9997,494.3237,63.7568,69.1697
458.5705,492.0808,53.5207,77.5689
467.1593,486.9043,44.7039,85.8098
473.1349,487.6492,40.1994,90.4669
477.0106,492.3734,38.9666,91.3415
478.7883,499.7915,38.4810,91.0566
478.7760,505.1993,38.8460,91.4956
479.1164,510.1555,39.0239,92.5948
477.4598,514.9122,39.9184,92.8681
475.7530,516.9971,40.5890,94.8890
477.4793,527.9516,43.1908,90.8805
474.3882,536.0712,42.6119,89.7089
472.1948,540.8881,44.0712,91.2110
471.8418,550.1085,47.4634,90.5905
473.6561,559.0324,50.0032,91.0813
477.9760,570.7973,51.9436,93.1378
481.0033,578.7960,54.5506,92.4979
482.7106,587.8386,57.3245,90.1505
496.7551,599.3327,63.8680,78.4936
497.0110,610.0613,64.8863,73.6591
505.3221,601.9698,55.6083,82.6472
522.1453,584.6885,50.0901,90.6727
522.8016,566.8489,50.0063,95.7226
534.9005,543.5080,48.4842,97.0966
549.4957,524.7572,43.7736,101.5299
551.8307,508.1986,44.3735,101.3194
563.8133,499.5033,49.2157,94.8587
565.9294,492.8656,58.6320,79.7222
567.1531,490.8606,67.8049,68.3518
581.9152,492.4117,70.8140,68.2870
597.8281,503.2252,73.1524,69.0841
612.0060,517.1869,75.6915,68.4692
628.3773,522.0674,75.1188,71.7405
642.4268,529.7037,76.0241,73.6794
651.6758,542.7839,78.0634,73.0933
664.5947,553.3359,79.9981,71.4845
672.7678,559.4395,80.4566,71.9449
685.9249,568.7778,80.0223,72.1818
692.0696,577.5534,79.9251,70.8238
699.6391,586.3625,79.6293,69.2383
707.4905,591.9941,79.1973,68.7131
715.5511,597.5790,78.2249,68.9925
722.7596,601.7478,79.8244,66.1727
737.4424,604.4239,77.8673,62.9318
738.3231,618.6059,80.0533,53.1268
738.5626,627.8917,83.5013,44.1932
746.8498,629.4766,82.3660,42.2789
754.8517,629.1895,79.5633,44.0456
763.2743,626.9862,76.9231,46.0913
767.0475,623.5139,75.3808,50.4716
769.2067,619.9269,76.0599,54.3157
770.8057,616.9253,78.2527,55.0657
774.9778,610.4775,82.1196,50.6391
782.2672,607.9891,81.6147,48.6277
796.2566,610.6673,80.3463,48.3240
801.4772,608.7208,83.4227,42.4011
805.4170,609.5959,90.5642,34.3940
811.3477,610.7903,96.6072,29.4685
819.2123,612.0792,99.9050,26.8811
828.9688,613.7320,101.6840,25.5023
837.6935,615.0330,101.3500,24.9290
847.3129,615.6210,99.6331,24.8576
856.6547,615.6698,98.4767,25.0657
866.6880,616.5242,95.5506,27.0130
876.9662,616.1334,93.2796,28.8504
882.5615,615.4856,95.2214,27.4391
888.7572,614.6900,97.8355,26.0767
898.8091,613.2512,97.8066,26.4839
908.7886,610.9269,95.5584,28.9800
915.3901,608.6455,94.9038,30.6523
920.9314,606.9243,96.3677,30.5479
925.9713,604.4232,97.4844,30.7506
934.1077,602.5330,96.9870,30.6038
940.5548,600.1045,95.1455,31.8748
950.7426,600.5738,91.1815,33.7255
962.9311,599.5783,88.2284,33.3122
967.2454,597.7426,92.4515,30.3535
973.2820,597.9200,94.7919,29.3011
986.0057,599.9248,95.1315,27.4785
988.6085,601.9704,96.6220,27.0297
995.4522,604.2806,96.7831,28.0539
1003.0377,604.0963,97.0011,29.0607
1010.4952,604.8481,97.2841,30.7360
1016.4269,605.9244,97.5610,30.8993
1023.4366,608.7950,96.0372,29.5402
1038.3629,608.6282,92.2488,29.8102
1045.2826,610.8288,92.1845,29.9634
1053.1575,610.2379,91.3540,33.0692
1062.0660,610.1664,89.8948,36.6543
1069.5620,607.9742,88.4700,41.2492
1076.7589,605.1174,91.3385,42.6308
1075.1260,602.4529,94.5378,44.6317
1074.6560,598.4136,98.0609,45.7603
1091.9049,595.3573,97.7624,45.5099
1101.3898,589.5324,99.6856,40.0471
1118.4824,590.5531,95.8702,38.1769
1138.0294,585.2039,79.1485,52.6306
1159.9585,579.6974,62.3581,72.0186
1174.3807,591.4630,53.1989,86.2110
1179.7518,607.8245,49.7949,92.1791
1192.0383,623.1980,45.9519,99.1687
1197.9550,638.6516,43.3497,102.6440
1202.1986,651.6357,42.7079,104.8318
1205.6892,662.1821,43.9947,105.6351
1217.9368,683.9962,51.4295,93.8232
1217.7716,717.0577,69.0851,69.7419
1241.9204,732.0056,82.6187,53.0152
1272.4458,736.3991,92.2783,41.0978
1303.0448,738.7743,95.9848,35.2220
1343.8624,713.7289,76.1059,55.1220
1378.9575,673.7925,63.8923,70.4898
1394.6589,640.2953,63.6996,72.6421
1418.1372,608.9735,64.8374,73.7083
1435.2512,585.8840,66.9169,72.4359
1453.1469,563.0012,68.8389,71.0778
1472.4486,541.8488,68.8978,71.1738
1490.9514,527.0793,68.9716,71.5463
1508.4552,510.4881,68.5243,72.6671
1523.4541,480.5653,64.0002,74.0091
1531.2737,467.5922,59.8807,77.3348
1528.1748,449.7229,63.2275,74.5334
1514.7021,431.5598,66.2879,74.0569
1499.3621,413.6031,67.0942,76.7253
1487.2256,395.3619,68.8662,74.4106
1474.4877,377.3534,67.7524,76.4297
1463.5087,366.1938,65.2557,81.8727
1453.5986,352.5311,60.6742,87.9130
1448.4365,336.4389,59.3664,90.3853
1443.2483,322.3404,60.5327,90.9202
1435.2179,310.3230,62.1642,90.6782
1426.0068,303.3501,62.3301,89.7740
1389.2310,296.5212,75.3179,70.3451
1339.7867,315.0903,85.9544,56.0337
1294.1521,337.8892,94.9663,44.2589
1256.2732,342.6752,97.9997,36.3084
1221.4421,346.2324,100.6595,30.8540
1189.9745,347.8376,101.7963,27.2356
1164.2456,348.4722,101.8781,25.7176
1140.0428,349.3164,101.8732,24.4603
1117.4551,349.5513,102.5596,23.2241
1096.1732,349.8357,102.4361,22.4860
1076.6782,349.9550,102.3558,21.9653
1060.3430,350.7792,103.2155,21.8907
1045.6615,351.3477,103.3737,21.6318
1030.3488,351.6370,104.0881,21.7593
1016.5219,351.3007,104.7825,21.6232
1003.0038,351.6890,104.2889,21.3991
989.9913,352.0280,104.2544,21.3994
979.6216,352.4624,103.7804,21.2917
969.1837,351.9849,97.3499,23.9721
966.4694,346.7691,79.9721,38.2555
963.3321,338.5233,66.3542,52.2333
969.0858,338.4561,62.7997,59.4299
969.1677,342.5686,66.1646,61.0914
970.7360,349.0073,70.6911,60.0057
975.3286,353.9944,74.1069,59.9697
985.2914,361.6153,76.5069,58.3743
986.0051,374.9885,74.2272,60.1829
1003.1457,374.5693,61.7494,68.6562
1012.6944,374.3063,51.6770,75.9567
1010.4724,372.3692,52.8184,73.0244
1009.9190,390.0472,58.6513,60.9125
996.6718,387.5338,65.3883,58.6261
972.7761,378.1048,69.3225,59.6485
950.1065,363.4656,78.9134,52.1290
927.7350,358.5764,84.2250,48.6453
899.1569,354.2090,91.2460,39.6714
876.8533,349.7636,95.3177,35.0053
852.2379,350.4130,96.9861,33.8583
833.4598,348.4430,98.4813,32.3299
815.5830,341.8268,101.6930,28.9997
798.9627,336.6827,103.0918,27.0947
786.7468,333.3792,98.4219,28.8586
778.5528,329.0639,94.1623,33.1633
766.0880,321.5171,89.2094,39.6504
744.1235,319.7665,84.8284,40.9115
733.7393,314.0060,89.6956,35.3337
707.9199,314.6596,93.7821,31.3994
689.1138,315.9312,96.3012,29.0693
671.4594,315.3887,99.2322,27.2010
655.2046,308.0466,99.9638,27.5007
638.3913,305.6056,98.5773,30.2847
624.2564,301.6242,97.0901,33.5594
610.8195,298.9357,98.0066,34.7297
598.5745,290.9354,98.1468,35.6860
584.3916,288.1727,99.2408,35.0284
573.5760,287.1326,98.8107,34.1028
564.5011,284.8648,100.5402,31.7504
555.5573,278.6938,101.5842,29.4138
545.6400,278.3898,101.6664,27.9633
536.6062,276.7438,102.0195,27.7555
527.8688,275.9873,102.0129,27.4319
519.7327,274.4153,101.3564,27.0551
511.1619,272.6806,96.9424,28.0781
492.1739,264.5937,92.3991,31.5731
461.0761,272.2427,92.2597,32.3786
434.5059,282.1660,95.2413,30.4566
407.3919,285.9048,95.6892,29.8654
383.5114,294.2047,96.5398,29.1938
362.7455,296.6756,99.0530,27.3851
344.4728,303.9007,99.0948,26.9128
327.0106,296.8189,93.9388,29.0709
316.6070,290.8093,84.0984,37.8809
303.7889,275.2350,70.5242,54.5466
298.2118,262.8366,59.2867,70.3247
290.6496,243.9354,52.3070,82.7181
283.8968,232.3242,49.8610,88.1963
281.3429,219.9108,48.3282,91.7392
272.2780,201.4377,45.9844,96.5036
265.5536,190.5164,43.7306,99.4896
263.6995,179.7806,42.3002,101.1191
260.2362,169.6540,42.4891,101.3250
257.2817,161.3288,43.6208,100.6010
253.5100,150.7774,44.5961,100.2824
249.9592,140.5290,43.6705,100.6042
249.6216,135.6894,46.5500,93.4308
245.9440,134.4493,55.1349,79.9458
241.3876,133.6832,64.7471,69.3199
239.9335,128.0600,76.7689,56.2304
244.2289,129.2517,85.9666,45.2939
253.5517,127.5079,88.9784,41.6220
262.9799,124.1741,89.1485,40.9615
272.0903,117.5396,92.1911,38.3214
280.0213,115.9763,94.3272,36.8098
289.9490,114.0911,95.2250,33.9079
299.9487,108.1214,96.2618,31.5239
307.7476,106.7852,94.9353,31.2752
314.4052,105.2779,94.4906,31.3683
319.8233,103.5429,94.1767,30.6290
327.4427,104.0952,95.2610,29.6773
336.2900,103.0106,92.3626,31.1885
347.1356,100.4967,88.6031,32.1335
357.0095,98.4768,86.2051,34.1952
370.0940,98.4467,83.4271,35.8073
380.1343,99.1685,81.5032,39.7939
387.4799,102.5372,83.5368,39.6095
391.5680,107.1486,87.3245,38.7477
396.5993,109.7163,91.3933,38.1009
402.6839,114.3474,92.6351,38.3326
408.7082,116.1157,93.6368,38.7036
415.6937,117.9682,93.3570,39.3789
