1
81.6618,146.1279,25.2021,26.6540
82.3103,144.1306,23.8747,28.5256
82.9096,142.8791,23.0460,28.9969
82.4941,142.3186,22.8175,28.1366
82.0280,141.6738,22.6621,28.1513
81.2464,141.2358,22.7492,27.5711
79.7465,140.4655,23.2107,27.2221
79.5698,139.3398,23.0785,27.8747
77.6277,137.8965,23.6121,27.9564
77.2454,136.0364,23.8107,28.6245
76.9806,134.1098,24.3839,29.3084
75.4961,132.9239,25.1825,29.5448
74.7699,132.0337,25.9367,29.4996
75.6452,128.0197,26.5969,30.0116
75.2214,126.4148,26.4952,30.1648
74.5405,122.0996,27.0121,30.9868
72.9606,119.9204,26.3464,32.4914
73.5034,114.2601,26.1841,33.8556
73.3638,111.2906,25.8910,34.3882
73.9362,108.9219,25.5030,34.0569
72.9124,106.1281,25.4732,34.0247
74.0235,103.3743,26.1764,33.2830
74.6049,101.0388,26.7734,32.7089
75.5857,98.6706,27.8178,32.1333
76.0278,96.4164,28.2466,31.7724
77.4641,92.0459,29.4065,31.4571
79.4718,90.4664,30.0322,30.7905
81.1444,88.1551,30.6677,30.0876
82.7961,85.8956,30.7373,29.2626
84.9204,84.0764,31.1317,28.4801
86.1086,82.0423,31.3335,28.1529
86.5248,79.5207,32.0529,28.1928
86.3306,76.5458,32.1738,28.0863
86.9359,73.3235,31.7283,28.1629
86.4493,70.4538,30.5311,28.6202
84.9581,67.1049,29.4579,28.5408
84.0247,65.5733,28.7470,28.3595
83.3994,63.7720,27.7141,27.9162
82.2686,61.4664,26.8561,27.7140
82.2440,60.4260,26.1301,27.0169
82.9262,59.0998,24.7478,26.3720
83.5321,58.3971,23.8547,26.0833
83.5336,57.3378,22.7925,26.0543
83.0063,57.4508,22.3959,26.1445
81.7490,56.8201,22.1793,26.1545
80.2131,57.8029,22.7716,26.5066
79.6566,58.6285,22.8368,27.1835
79.6534,59.4428,22.3625,28.0306
81.0821,60.5811,22.0067,26.9665
80.8251,60.6315,21.0787,26.2470
82.2409,61.0913,20.6067,25.5186
81.9119,62.6566,20.6957,24.7961
82.2848,65.4820,21.2758,24.4008
82.2229,67.5867,22.4065,24.7106
84.6946,68.9906,22.9594,25.9121
87.3789,69.7730,22.9132,25.7829
88.5001,72.3431,22.9308,25.0471
91.3924,74.5000,23.0089,24.4842
91.4519,76.3782,22.6570,24.1923
93.4255,77.8103,22.4445,24.1813
95.3529,79.1614,22.3422,24.1215
94.6000,79.9137,22.1895,24.6668
96.4482,80.1578,22.1473,24.8290
98.3639,80.3530,21.9618,25.0081
101.8663,78.3098,23.0166,24.8525
101.8070,79.4558,22.9824,24.9144
101.9128,80.3398,22.7448,25.1246
104.5371,79.6329,22.8578,24.2601
104.0986,80.3966,22.5422,24.5628
104.7841,79.4934,22.3854,23.9474
104.1645,80.8146,22.1037,23.9772
102.9314,80.5400,22.1225,24.1802
104.0894,78.7687,21.8958,24.3828
103.5811,79.0654,21.4397,24.7490
105.0405,79.5253,21.0469,24.7684
103.9775,79.7216,20.9546,24.7134
104.6467,78.2787,20.5317,24.2734
104.6377,79.0195,20.5775,24.1384
104.6193,77.8358,20.5387,24.1703
105.3613,78.5049,20.3366,23.8326
104.3525,77.5949,20.7684,23.2267
104.3261,76.3253,20.9843,23.2081
106.0733,77.3279,20.8579,23.0872
105.6904,77.6450,20.6520,23.0790
101.8841,73.3275,21.8793,22.4448
101.3508,70.8547,22.5202,22.1462
101.6721,73.9597,22.8721,22.6126
101.5937,74.2133,23.3036,22.9025
101.7877,74.2976,23.3237,23.5568
101.7236,74.2785,23.4553,24.6770
101.8292,74.4275,23.5760,26.1582
101.7631,73.8395,23.9228,27.5454
101.5544,73.5700,24.1712,28.7292
102.1036,73.4162,24.4034,30.1531
102.1828,73.1684,24.6192,31.8510
102.8876,73.3943,24.8168,32.3586
102.3042,72.9780,24.5703,33.4789
102.8166,73.2585,24.8588,33.9203
102.4453,73.0899,24.7997,34.1527
103.1194,72.9876,24.9093,34.3574
102.7630,73.2059,25.3405,34.5740
103.8965,71.8223,25.4897,33.7050
104.2584,71.2707,25.7765,33.3701
104.7418,71.1224,26.8384,32.2020
105.7307,71.0060,27.0118,31.8282
106.3542,71.6639,27.1896,31.4703
106.8621,71.5188,27.0353,31.6232
107.1922,71.2502,26.9088,31.6438
106.5076,71.5220,27.3666,31.8714
106.0107,71.8117,28.1104,32.5215
105.3448,70.6827,29.0681,33.2559
105.2951,69.5171,29.2947,31.9703
106.2871,69.0130,28.3102,32.1888
107.0970,69.7637,27.6505,32.7217
108.4635,70.2884,26.2840,32.3795
109.0727,70.8294,25.4079,31.9058
109.2985,72.1537,24.8006,31.4267
110.2423,73.1348,23.8806,31.0721
110.3759,73.9392,23.5306,29.9071
109.8446,74.9062,24.2258,28.8740
111.7247,76.0646,24.3035,28.5137
113.3528,74.9302,24.6673,27.6010
111.9496,75.8748,24.7996,27.1767
111.4152,76.2882,24.7750,26.8960
110.7742,77.0810,24.7964,26.7282
111.0084,77.8691,24.6651,26.3802
111.5283,78.4007,23.9689,26.2889
111.6436,79.3164,23.4455,26.2310
111.3068,80.7040,23.2246,26.2676
111.2437,81.2413,22.7758,26.6127
110.9895,81.8506,22.2040,26.8181
111.5497,83.4119,20.5303,28.1517
111.3143,84.8285,20.7114,27.2568
109.5114,87.0499,21.8078,26.6071
108.8610,88.0772,23.0902,24.3626
110.2725,89.2545,22.7798,22.9669
110.6484,90.3714,22.7921,22.4778
110.7982,90.5595,22.9930,22.2357
110.3717,89.3385,24.3217,20.3664
110.7120,89.9979,25.0858,19.5542
111.3526,88.5088,25.4355,18.9953
114.0131,87.3979,25.5916,18.8400
115.9128,86.1555,25.6284,18.6893
118.7260,86.1038,24.4139,20.1280
118.6958,84.4711,24.8564,19.4337
121.2587,84.6553,24.1090,20.9429
123.3867,82.8070,23.7208,21.7468
125.8511,81.6708,23.6261,22.0606
126.1999,81.7545,24.1075,22.3950
124.9575,80.5396,26.6595,21.1221
123.4856,81.0910,28.3211,20.6062
120.9898,82.2239,29.3182,20.8682
119.7601,82.9946,29.2991,21.5400
119.3540,83.3006,28.7679,21.6399
119.2196,83.3121,28.2856,21.3494
120.4160,82.5274,27.9658,21.0395
120.2918,81.8411,27.4153,20.6188
121.5555,81.0074,26.8964,20.2693
121.2281,80.1995,26.1996,20.0366
122.6413,79.5795,25.5692,19.8151
122.0522,79.2509,25.2741,19.6035
121.7639,78.4886,25.2067,19.4074
122.7201,77.4942,23.4817,21.1840
123.2451,75.8680,22.9859,21.7675
124.1896,75.9754,22.7207,21.9155
124.8000,76.1264,22.7205,21.9961
125.2553,75.5193,22.3981,22.2583
126.7054,75.1677,21.9549,22.9262
127.9026,74.8888,21.8732,23.5240
128.9473,74.0298,21.7606,23.6225
129.6025,73.3850,21.6908,23.4863
131.1923,72.7094,21.8764,23.9478
132.0688,72.1609,21.6738,23.6486
133.0706,71.3776,21.5304,23.4806
133.7654,70.6615,21.2640,23.5276
133.8601,70.6259,20.8715,24.0132
134.4630,70.9357,20.8229,24.3149
135.4910,70.8130,20.9013,24.6111
135.9921,70.8862,20.9108,24.8549
136.6638,70.7206,20.7969,24.8166
137.4355,71.3090,20.5899,24.7770
138.2245,71.6095,20.5209,24.1926
138.9845,72.7718,20.1370,25.1076
140.9790,73.5498,19.7242,25.0120
142.3797,73.8002,19.8756,24.4513
143.6017,74.7323,19.9276,24.2446
143.9626,76.0259,19.8576,24.6699
144.7924,77.6944,20.8894,24.8950
144.7497,78.3675,22.3869,25.1147
145.1498,78.7615,24.1697,24.5713
144.5565,79.3575,25.5491,23.5164
145.3112,80.6599,28.4035,21.4060
143.2786,81.7939,30.4242,20.1472
142.3361,83.9533,31.1869,19.0150
138.7184,86.6491,30.3144,18.6286
138.8019,88.6611,27.6535,19.6341
135.7041,90.9646,26.2419,20.0122
146.9740,111.6611,23.7775,21.6155
146.0070,112.0689,22.0405,22.6728
144.4084,111.9050,20.9223,23.1611
143.0993,111.6566,20.0925,23.3603
141.6972,111.3256,19.5151,23.3571
141.4323,110.1232,17.9507,24.8348
140.3930,109.3750,17.0910,25.5356
137.2142,108.8922,16.4413,26.4554
131.0096,100.4543,16.5365,26.9003
129.7699,99.6263,16.7923,27.6827
128.2763,99.8936,17.1685,28.4580
127.2925,101.2387,17.2488,29.6342
125.5291,95.9930,19.2718,26.9100
124.1289,90.4955,21.1077,25.1218
122.0441,90.4933,22.8441,23.4510
123.3224,90.1765,23.9922,23.3802
122.5952,89.4074,24.7329,23.9017
122.3435,88.6584,25.8331,24.6196
121.5340,87.7176,27.4758,25.3675
119.4202,86.6588,28.1851,26.2218
117.0350,86.2249,28.5674,27.4658
115.5384,85.8270,29.0084,28.5376
113.9348,85.1070,29.3091,29.7091
113.8230,84.9912,29.5218,30.7381
114.2526,85.1051,29.2895,31.3768
114.8547,85.0426,29.5468,31.6375
115.3676,84.6857,30.0186,31.3498
116.5481,84.8951,29.7459,31.2273
116.7943,85.1555,29.5683,31.1071
118.2089,85.2899,29.3424,30.8076
119.0541,85.2478,29.2630,30.6711
121.0048,84.7961,28.8711,30.9774
122.9499,84.3231,28.2395,31.4423
123.5815,84.4515,27.9661,32.1072
125.2949,83.8532,28.4856,32.3564
128.3306,83.2757,28.0945,32.7955
130.0628,83.1836,28.1689,32.8217
131.2007,82.8970,28.1350,32.9599
132.9714,82.3720,28.2462,33.2270
133.9651,81.3905,28.1956,33.3410
135.2961,80.6959,28.5794,33.0716
136.2827,80.0356,29.0330,32.7520
137.3558,79.4148,29.6093,32.4883
138.8859,78.3648,30.3838,32.3894
140.5790,77.8775,31.3819,32.0757
143.1811,77.6505,32.2118,31.7524
145.6177,76.6127,32.9426,31.0429
147.8206,76.0334,33.5909,30.6012
149.7632,75.7911,34.1635,29.9497
152.4368,75.1284,34.6645,29.4873
154.4747,73.9613,34.1994,29.1070
156.0087,72.5665,33.8040,28.7543
157.9325,71.7646,33.7053,28.6327
157.7013,70.4782,33.6448,28.8569
157.3094,69.5590,33.3125,28.6514
158.1690,69.0193,32.9495,28.9379
157.3796,68.2597,32.5582,28.7447
156.0537,67.5069,32.0654,28.8057
155.5396,66.7947,31.8540,29.5011
156.6168,64.5197,31.4286,29.9229
157.0716,63.0200,31.4639,30.1333
157.0450,61.0062,30.4962,30.8936
158.6278,60.1402,30.4041,31.0020
158.8394,58.2317,30.1522,31.1297
160.7016,56.9561,30.3506,31.1091
161.4104,55.5220,30.1230,31.4630
162.9517,54.1056,30.1026,31.4945
163.5546,52.8218,29.8985,31.7747
168.4472,48.9972,30.2403,31.4511
169.2833,47.6706,30.5862,31.3512
169.6561,46.4535,30.9359,31.0260
170.0589,45.4464,31.6668,30.6598
170.0245,44.1644,32.8111,30.7082
170.4367,42.9117,33.5166,30.7728
170.7545,42.6761,35.1957,30.6731
170.3152,42.0676,36.0458,31.0470
170.6058,41.9563,36.5161,31.4925
171.1536,42.6531,37.1226,31.7272
171.7859,42.0964,37.5397,31.2301
172.3741,42.7647,37.3306,31.2947
172.0776,42.9835,37.1864,30.9309
172.8833,43.9103,36.7678,31.0120
172.8016,44.1280,36.9047,30.8997
172.6099,44.4018,36.9704,30.8121
172.4065,45.0714,37.0263,30.7740
172.4648,45.3973,37.0628,30.8052
172.3195,46.2543,37.0048,30.6896
172.3674,46.0596,36.9598,30.6793
172.6954,45.9199,36.7924,30.6834
172.4214,46.6271,36.9396,30.6238
172.4583,46.9903,37.0362,30.3995
172.1109,46.4678,37.2279,30.5373
172.3028,47.2761,37.2963,30.8158
171.6883,47.4959,37.5082,30.5978
171.8133,47.7456,37.7892,30.4829
171.0163,47.9039,37.5137,30.1970
170.7786,47.5499,37.7912,30.1006
170.2430,48.3577,37.9778,30.0246
169.5611,48.0544,37.7808,29.8569
169.0414,48.7389,37.7343,30.0341
169.1025,48.2045,37.2815,30.1548
168.6008,48.0538,37.0116,30.2312
169.5100,47.7241,36.7451,30.1264
169.7718,48.1798,36.6676,29.9793
168.9060,47.7476,36.5914,29.3055
169.2969,47.7838,36.2702,29.5375
170.0031,47.6633,36.1869,29.4043
169.5641,47.3436,36.2902,29.1353
169.7214,46.8647,35.8234,29.1640
170.1862,47.0426,35.5889,29.5070
169.7842,46.6742,35.3639,28.9917
170.4489,46.4534,35.6393,29.2384
169.3774,46.1109,35.2375,28.7057
170.0438,46.1645,34.6294,29.3761
168.8160,46.5756,35.0329,29.4333
169.0515,46.3197,34.6639,29.8460
168.4828,46.2976,34.7785,30.0828
168.6493,45.8243,34.1587,30.0144
167.2569,45.8654,33.6520,29.5785
168.1344,45.4619,33.2813,30.3274
167.0135,46.0025,32.2462,30.5352
166.1073,45.7423,32.2142,30.1174
166.2121,46.0258,31.5954,30.5649
165.5018,46.7679,30.9259,30.5368
164.6698,47.2564,30.1769,30.7392
164.4182,47.7066,29.4443,30.9294
163.6052,48.6519,29.0511,30.7852
162.1886,49.5437,28.7627,30.9420
162.1384,50.4702,28.8125,30.6547
160.6989,51.3557,28.7821,30.3022
160.0606,52.0948,29.1361,30.1997
158.5063,52.9509,29.4307,30.2741
157.5845,53.0050,29.2855,30.0355
157.1256,53.5977,29.2560,29.8662
155.5888,54.2695,29.4353,29.9604
155.2056,55.2599,28.8746,29.8236
154.5272,55.8328,27.7067,29.4664
154.0890,56.4033,26.2893,28.9896
153.7670,56.7899,25.9865,28.0850
153.9097,57.6736,26.7466,26.4617
153.6437,59.1166,26.2262,25.0435
152.2849,59.9492,25.6810,24.2824
151.4671,61.1807,24.6401,23.8995
150.9162,62.2247,23.8042,23.6152
150.8344,62.7642,22.8933,23.3031
151.0271,63.1236,22.0630,23.0417
150.3130,62.0654,21.8845,23.0553
149.4815,61.8517,22.1309,22.8561
149.0642,61.0997,21.9803,22.8449
148.8367,61.3109,22.1148,22.5060
149.0736,61.6432,22.0548,22.2657
148.2385,61.6698,22.2237,22.0930
148.0137,61.8329,22.0834,22.0791
147.4221,62.1048,22.1417,21.8401
146.8417,61.5979,22.2325,21.6479
146.9290,62.2633,22.3147,21.3780
146.7270,62.3541,22.3131,21.3956
146.6444,62.3234,22.1450,21.3705
146.0003,62.5868,22.1694,21.3662
145.7978,63.1123,21.8750,21.4368
145.5435,63.8378,21.7743,21.4841
145.4576,64.7436,21.3284,21.4901
145.0532,67.2573,21.3641,21.4386
145.2546,69.8811,21.3295,21.3387
146.8655,70.7808,21.7412,21.2343
145.7933,73.1245,22.2633,21.1894
145.2452,73.8795,22.5150,21.2806
144.9501,75.2122,22.4968,21.2055
