1
277.0602,68.9821,20.2166,62.9536
277.7772,69.2931,19.4665,61.7397
276.9191,69.2629,19.5071,60.6523
277.0685,70.4126,19.4854,60.4930
275.6417,69.7592,19.4268,60.9206
275.7204,69.7830,19.5781,61.7664
276.3808,69.3371,19.7345,61.3984
275.9916,66.6723,19.8796,63.2087
275.7608,66.9628,20.2650,63.8846
276.5721,67.5483,19.8638,63.8183
276.3908,67.9202,19.9734,63.8832
277.7404,67.9126,19.9288,64.1161
277.6955,67.6781,20.0779,63.5023
279.6451,68.3742,19.1441,61.8153
278.3364,68.7292,19.3909,61.3384
277.6239,69.1898,19.1147,62.1153
275.9268,68.3761,18.8399,62.0915
276.9440,69.5014,18.7696,62.9644
276.0553,67.6957,18.7060,63.6131
277.6254,66.2290,18.7408,64.0794
277.2651,66.9420,19.0383,63.9496
278.6381,67.6873,18.8653,63.9511
279.0387,67.1265,18.4662,63.5827
278.3531,67.0877,18.6664,65.0174
278.1506,64.7494,18.0826,64.4191
279.5298,66.2193,18.2004,62.4647
279.3097,65.8684,18.1848,62.5147
279.2875,65.7464,17.9900,62.2110
277.7151,65.8092,18.6543,62.1777
276.1782,66.7379,19.5176,64.1710
277.1611,65.1682,19.1522,64.7765
276.4537,62.9354,19.7895,65.2356
275.9835,64.5936,19.8218,63.6820
278.1365,65.6871,19.6424,62.1051
278.5029,66.5798,19.9683,62.5637
278.5255,66.6365,19.8547,63.2282
279.0261,65.6361,19.4494,62.6729
279.6069,65.1388,18.9124,61.5828
279.0238,65.9354,19.1558,60.9297
278.2281,66.5710,19.4965,60.3887
277.3680,66.6553,19.9416,60.6591
276.4885,67.4466,20.4759,62.3384
275.5803,65.4924,21.0119,63.5476
274.9944,64.3515,21.0751,62.7729
274.4357,65.2311,21.2142,62.4686
276.3360,66.8077,20.6431,61.3591
277.4474,68.1647,20.3231,62.8033
277.5110,66.5816,20.1376,62.8065
277.6850,65.9322,19.9806,62.7783
277.5394,65.8934,19.9121,61.3339
276.7592,65.4142,19.7249,61.7638
277.0137,65.0374,19.4326,61.5145
276.3563,66.0900,19.8392,61.3626
275.4376,67.7829,20.7974,63.1323
274.6976,65.2540,21.2639,63.0402
274.8917,63.3228,21.3570,64.1163
275.3614,63.5485,20.5673,63.4141
275.5983,64.1708,20.7907,62.7115
275.7264,65.0787,21.2906,63.2196
275.6529,66.1375,20.9743,64.8784
276.3138,65.6655,20.3256,64.5956
276.6693,64.8333,19.8532,62.8846
276.1417,65.0035,19.4257,63.1977
276.3805,65.4359,19.4936,63.2055
274.9966,66.7962,20.3492,64.8803
274.1014,66.2917,20.7636,67.2398
272.8909,64.2083,22.0456,66.4341
272.8230,63.3445,22.4481,64.9752
273.2389,65.4410,22.2182,63.7108
274.5012,66.2655,22.0517,62.5266
274.3683,67.2752,21.7647,65.1695
274.3700,66.1606,21.7448,66.4129
274.5255,66.5042,21.6259,67.8858
273.7382,63.3892,21.4079,65.6526
273.9310,64.1715,20.9607,64.9882
273.1913,66.6257,22.0824,66.6469
271.4521,66.9416,22.2323,69.9632
270.6956,65.5096,22.5423,71.6437
270.8493,63.6323,22.5278,70.6352
270.0285,61.5663,22.9179,67.1577
271.2199,62.8072,22.9243,64.6396
270.5911,64.7888,23.5074,64.8443
270.2424,63.8863,23.5164,65.0664
270.4377,63.4571,22.9247,64.5162
270.2955,62.4099,22.5259,64.3368
270.5858,63.0762,22.4385,64.3951
270.3064,64.2625,22.5024,63.8844
270.2481,64.4940,22.5960,66.8898
269.8532,66.1305,22.1672,70.6424
269.4471,65.3167,22.2417,72.9773
268.7929,63.9048,23.0716,72.3641
268.8289,63.7245,23.3001,69.9544
269.4594,64.9756,24.1405,67.6853
270.8476,69.7564,23.7759,67.5154
270.6966,73.9005,23.5316,69.7963
270.6790,75.9130,23.7981,70.8864
271.1801,75.0841,22.6571,73.9449
271.3617,75.8689,22.3288,76.8235
270.6146,77.1819,22.8789,78.5036
269.1888,76.0907,24.0200,79.1454
268.0424,76.7070,25.1140,78.9036
266.5838,74.9817,25.0721,77.7668
265.5086,73.8995,26.1430,73.6418
265.9182,75.5213,26.7396,73.4194
265.0506,75.2833,26.8726,72.8980
264.6028,75.2034,26.5817,75.4028
264.3191,73.6152,25.3457,77.0545
264.2117,72.2162,24.7200,77.6139
264.0018,70.6454,24.0843,78.1937
263.4466,70.9367,25.4390,78.3410
262.1202,71.0543,26.4721,79.8250
261.7838,70.5672,26.2995,80.5181
262.7313,69.5050,25.5747,80.8644
263.9847,70.2101,25.1734,80.5475
263.9597,70.8508,25.4010,80.2290
264.0182,70.7812,26.0288,78.4959
264.5445,70.8044,26.7711,77.9553
266.2068,70.8215,26.4865,78.7281
267.2990,69.3322,25.5079,79.9206
268.4780,67.9389,25.0017,78.8233
270.2136,68.2693,24.8408,78.2307
271.6323,69.1565,25.2541,77.8235
271.8282,70.5393,26.1658,80.8147
273.7737,70.2398,25.5446,82.1726
275.1841,68.9752,25.4666,82.2599
276.7565,69.4668,25.1150,82.4937
276.2542,68.6710,25.1158,81.5126
277.2433,70.2539,25.0932,81.0699
276.7755,70.3610,26.5101,80.4010
277.3210,70.3377,25.8534,80.7260
277.9630,68.9381,26.1935,81.5758
278.1540,68.7080,26.1499,81.1016
278.6809,69.9181,26.4283,82.2894
278.8853,71.4141,27.3901,83.2324
277.7262,71.2438,27.3383,83.6833
277.5673,69.3794,27.2586,84.5122
278.0047,67.2509,27.3467,84.7934
277.4414,67.2773,26.8012,84.6691
278.4887,67.4497,27.0958,85.1532
279.2698,67.6792,26.7619,85.5979
279.0633,67.7304,27.0864,86.2311
279.6351,68.0032,27.7120,86.4443
279.9181,67.3226,28.2620,85.9716
280.0928,67.0106,28.3508,85.7064
281.0989,67.9639,27.7562,85.3587
286.1327,70.0021,28.6981,85.4162
283.7136,69.6084,29.3131,84.7851
284.1329,68.7834,28.3416,85.2086
284.6270,68.8506,27.9484,85.4211
284.9779,68.6420,28.6592,84.5625
284.9693,70.3598,29.6937,83.6672
284.5590,70.8338,30.6523,83.3231
285.4679,69.7751,28.8275,84.1058
286.5860,68.9582,28.1145,84.5417
286.1625,67.6290,28.6494,83.1658
287.0028,66.8951,28.2318,82.3163
287.2893,67.3625,28.9604,81.9855
288.1972,66.8956,29.1236,82.5670
289.7498,64.1599,28.0567,83.5145
289.4236,61.9913,28.0218,85.2345
289.1494,60.7392,28.1823,86.9970
288.4062,60.4636,29.2006,88.6891
287.7393,60.1292,29.7225,89.2922
289.5554,60.0370,29.4770,89.0310
288.8698,59.6558,29.4612,88.6112
288.6844,57.5449,29.1186,86.9558
289.6497,56.4455,28.5239,84.8897
289.5394,56.3776,28.4159,81.3596
290.6578,59.5324,28.4716,80.7875
288.8037,62.0232,29.9553,83.4802
290.4676,60.2606,28.3800,88.8307
291.1914,56.4400,28.0129,89.4716
290.8537,57.1827,27.8956,89.5729
290.5261,59.6931,28.4966,91.2736
290.8486,59.7947,28.7800,92.8538
290.3963,58.5277,29.1421,94.0295
290.2241,57.6241,28.5088,94.3510
290.1372,56.8715,28.7324,91.3874
292.1055,56.4903,28.0648,87.8361
293.1366,58.4121,27.7868,85.8111
293.9066,60.7978,27.0049,88.7152
294.0319,60.9478,26.6258,90.9123
294.9300,59.7957,26.4814,92.2314
295.6193,57.3611,26.0080,91.1576
295.5947,57.3309,25.4460,89.5887
296.2835,57.6859,24.7298,89.7786
297.2400,60.4742,24.3556,92.2647
296.4346,60.2972,25.0038,94.3752
297.0366,59.1034,24.6514,95.4396
295.7379,56.2062,25.0005,94.1827
295.0951,55.3832,25.5298,89.0121
295.5184,57.3392,25.1167,87.3633
296.1349,60.1045,25.3635,89.0309
296.5241,61.2090,25.4072,91.7222
297.1621,60.5669,24.8722,93.1775
296.6721,58.3066,24.8538,92.8019
296.6175,58.6544,25.1236,94.0916
297.6511,59.0548,24.8807,92.8003
297.5160,61.0916,24.9680,94.9368
297.4174,60.7681,25.2346,95.8761
297.4660,59.4007,25.2908,97.6155
296.2472,56.3042,25.6062,96.4459
295.6031,56.2193,26.0856,93.7523
296.8435,56.5761,24.6273,89.4734
295.7957,59.2949,25.4252,89.6301
297.5683,61.6395,24.9714,93.2165
298.3582,62.4674,24.6577,96.0600
298.1819,58.6608,24.6386,93.8811
297.7620,59.3456,25.0721,96.0363
297.3673,58.9525,25.2686,97.2695
297.7752,61.3980,25.2932,99.2227
298.8895,61.1595,25.5931,101.0193
298.3686,59.2432,25.9306,102.6535
297.7553,58.2550,25.8979,100.9935
297.7570,56.9753,26.3329,97.9483
297.1635,57.4175,26.6312,95.0891
297.9570,60.8186,26.2465,94.2500
297.6743,62.6929,26.2088,97.0338
298.8814,59.5490,26.2374,98.8178
297.3623,58.6106,25.6005,97.9080
298.0287,56.8231,25.9290,96.9203
299.0000,58.8308,25.8879,96.5176
298.6050,60.1338,25.7033,97.1938
299.1453,61.4707,25.9715,99.6693
300.0512,59.1894,25.9555,103.0911
300.0854,55.2613,24.9400,100.5984
299.7775,55.1891,25.0207,94.6691
300.5983,56.2849,24.2736,89.6192
300.5989,59.4039,23.8714,88.2204
300.5080,62.9411,24.4621,91.9692
301.2628,64.2396,24.1828,96.6655
301.9716,57.8001,23.8259,98.5575
302.2492,57.4871,23.3872,99.0520
302.7186,60.5465,23.5302,102.6527
302.7276,61.4677,22.6724,103.1856
301.9081,60.4728,23.7024,105.0288
302.3080,59.9842,23.9282,106.6332
302.1444,57.0952,23.9770,103.4683
300.9890,53.9644,24.0031,96.6951
301.8328,55.7711,23.3610,92.3379
301.9484,58.6901,23.3157,88.7592
301.2075,61.9452,23.7957,89.7832
301.2041,61.2774,23.9559,91.8220
302.4046,59.6027,23.7648,94.1371
303.6014,59.9344,23.6947,96.3222
303.4565,57.5658,23.3936,96.9129
303.6256,59.5479,22.8123,97.7167
302.7507,58.2018,23.3243,97.2934
302.5043,58.5404,23.9198,96.2425
301.8980,59.4825,24.1035,97.0375
302.2708,57.3597,24.2401,94.2513
302.3512,59.8596,23.8053,91.9934
301.4737,60.4653,23.7572,91.0339
301.9175,60.0513,23.5471,92.6144
308.1565,60.0230,23.7964,95.5977
307.4560,55.7904,24.4277,95.7871
306.9786,57.4919,24.3249,96.7003
306.4133,59.3852,24.2321,97.5786
298.6047,64.5686,24.5998,100.9262
304.5953,62.5454,25.2743,103.0738
303.3187,57.9736,25.9281,103.6991
302.1088,58.4630,25.3245,105.5413
302.3708,55.1996,24.2347,101.0951
301.7953,59.7880,24.2152,95.7894
300.9099,58.6209,25.0944,94.2907
301.3518,56.2515,24.9863,92.5720
301.7276,62.6250,24.5599,93.0066
308.7648,55.1377,24.9107,91.5160
301.4319,57.0514,24.3674,91.3157
308.3223,57.8852,24.2462,93.5240
300.6379,62.0678,24.5822,94.7478
307.3081,57.4618,24.8053,95.4845
300.9142,54.6691,24.3815,92.6412
301.5728,62.1076,24.2192,91.7269
301.7388,62.2347,24.0229,91.3005
300.9526,61.7184,24.3367,91.3288
300.7471,60.0040,24.3277,90.2150
301.3694,57.6141,24.1299,88.3432
301.0340,60.7669,24.3578,86.6937
301.2885,55.0478,23.8781,82.1264
300.1995,58.9740,24.3512,79.1593
300.4167,63.2407,24.0962,78.8326
300.8426,64.1164,23.8091,78.6388
301.0077,65.5725,23.9392,79.3508
300.7534,52.7994,24.2103,76.9122
300.5559,52.9442,24.1743,74.7596
299.9421,61.5174,23.8604,75.2882
299.6905,67.3834,23.8005,75.6534
317.7271,57.8930,23.5421,75.8783
317.5557,58.1736,23.5604,75.6609
297.6121,56.5902,24.1694,73.4141
296.9350,60.0202,24.7429,71.6180
296.3503,58.8281,24.9767,70.8901
295.7737,62.3786,25.4478,70.5806
302.6002,65.5040,24.6397,71.7158
296.8670,66.9042,24.9209,72.1250
296.6612,60.7171,25.2318,71.8884
296.2505,61.3522,25.5879,72.1656
296.9508,69.3495,24.7767,75.7426
301.8097,70.4596,24.2253,79.3559
301.6738,72.3142,24.1697,81.9537
295.1409,90.2513,24.4486,82.7138
296.5549,94.5113,24.4668,82.8629
296.5441,96.3891,24.4808,83.5602
294.7430,58.7554,26.8911,81.0256
294.4758,62.4990,27.1434,82.6172
295.5458,73.2553,26.5935,87.2379
296.3896,69.7129,26.0806,91.6300
287.8055,54.6892,27.6054,89.5060
287.2876,55.1211,29.3949,87.1758
287.8502,67.0697,29.2390,92.5406
287.4919,68.9227,29.0406,97.7924
287.3678,63.5194,30.2117,99.1028
293.1158,57.2883,31.3378,94.0126
291.6070,52.6111,31.8119,91.1190
290.0617,54.6882,32.3540,86.4632
289.3021,61.8880,32.3469,85.7216
288.6725,63.1534,31.9513,85.6907
290.2528,68.8909,31.7604,85.8334
291.3614,66.6693,31.7626,84.9690
269.8128,65.1290,31.4753,86.2271
270.0155,63.4704,31.4252,86.8646
285.2273,59.4212,33.2742,82.3229
288.2545,60.6215,31.4286,81.9903
289.3177,62.1386,30.8246,80.7595
289.2214,63.6856,31.2041,80.1398
286.7114,54.9882,33.9677,74.7459
284.9497,55.6462,36.1273,68.8967
283.4575,52.5805,36.9172,65.7964
282.5408,55.7286,37.1674,64.5032
270.6029,62.9578,33.6066,68.0862
272.3995,65.6138,29.9839,72.0097
283.7143,58.7917,31.1706,71.2916
283.7555,59.9123,30.0168,73.1736
284.6351,65.1878,29.4618,74.3095
285.6145,67.0443,28.8224,75.5745
285.6042,70.5293,28.5231,75.2572
280.5511,67.9848,27.9777,77.8053
279.3334,55.9738,30.4592,73.8923
278.7780,54.2062,33.4455,68.9616
277.9385,51.8533,35.0976,65.7638
271.3832,56.2250,34.8060,66.0118
264.3906,57.0126,33.0848,67.1795
265.7492,63.2243,31.4728,68.8058
271.4348,61.8699,31.1361,69.4064
284.9344,66.3229,30.8507,69.3919
285.7845,68.6988,29.9966,69.6289
287.5158,74.8533,28.2370,70.9788
284.3971,74.5808,27.0883,72.7116
286.2680,75.6672,27.0253,73.2575
287.9431,76.0106,26.7840,73.4791
287.8426,74.7521,26.5566,73.6983
288.1326,72.8918,26.4201,73.8221
287.4921,63.5573,26.8385,72.8301
287.0371,80.9168,26.3295,74.2965
286.3706,80.6482,26.7922,74.5482
285.6651,86.9207,26.8323,74.8120
286.7658,76.6998,26.8109,74.8254
288.5458,73.9670,26.4196,74.7840
290.2255,75.1282,26.0004,74.1216
291.6964,71.4446,25.8835,74.4612
291.0694,71.1385,26.3898,74.3277
291.6314,71.9417,26.2973,73.9162
293.6921,77.9083,26.0960,73.7696
293.6355,75.0611,25.8324,73.9155
294.2513,72.7509,25.8149,73.9665
294.0939,65.7960,26.3378,73.2248
294.2773,78.2178,26.3392,73.0357
299.0635,82.1961,26.3395,73.0562
298.2458,75.8461,26.5817,72.4615
298.8919,69.6946,27.0241,70.3443
298.8711,74.4908,26.6713,69.1699
299.9353,74.6963,26.6716,68.9334
301.9572,78.7793,26.2226,68.4449
303.6122,73.3400,26.4951,67.8348
303.5567,65.3483,26.8108,67.6974
296.5484,52.2873,27.2802,67.3492
300.8843,55.3279,28.9160,66.4147
299.6049,59.0261,30.2464,66.4344
292.0523,49.7154,30.3680,65.1525
290.7137,48.0827,30.2269,63.4276
289.5207,47.1603,29.7736,61.3372
293.1603,44.8908,29.4335,59.9495
296.0407,42.7291,29.1944,58.0955
299.5851,42.1874,28.7721,56.2935
303.2877,48.0462,28.1692,55.3456
303.6411,50.7079,26.9932,54.2555
303.8921,53.0707,25.5847,52.9228
303.4326,50.2337,24.5939,51.6221
302.2976,47.0602,24.1687,51.0553
302.3223,45.3808,23.6667,50.8318
302.4359,45.0492,23.1456,49.8896
301.6341,46.8320,22.6998,49.4713
304.0496,49.6624,22.5910,49.1093
304.2627,49.0709,22.6189,48.6753
306.7075,46.1175,23.0907,48.5126
310.2462,43.1979,23.3538,48.9227
313.8121,41.6746,23.0933,49.4789
314.4647,44.9088,22.8583,50.1851
315.8313,45.9887,22.9338,50.1612
315.9878,48.6712,22.4848,51.0859
315.7379,47.6125,22.6607,50.4494
313.8314,45.1582,23.0457,50.3011
312.5183,43.9443,23.2926,50.3315
310.7213,44.0465,22.9555,51.3647
308.7311,46.8452,23.1859,51.1384
308.0735,49.2803,22.9382,51.2465
307.6173,47.0464,23.2939,50.3438
309.9572,42.9958,23.6189,50.3997
310.7130,39.9342,23.4432,50.6430
312.3498,38.7004,22.8671,50.9057
313.1598,40.8031,21.7876,52.9381
312.5901,44.7148,22.5409,52.6376
311.0827,44.6310,23.0226,51.9825
307.0155,43.3872,23.0609,51.8387
305.1939,39.7538,23.2154,52.2629
303.2851,39.6161,23.2961,52.7734
302.1140,40.4413,23.5563,53.6799
301.5408,43.4297,24.0919,54.3050
303.7653,45.1034,24.4030,54.4021
304.1759,42.6827,24.7272,54.2693
307.6765,39.2741,24.9358,54.3930
311.2287,37.0803,24.7969,54.7481
314.3118,37.4142,24.4784,55.9497
316.8739,39.4958,24.6961,56.3017
315.5039,43.4650,25.1182,56.2127
314.0140,41.0523,25.5238,56.0100
312.3470,36.5583,26.0045,55.9243
310.3024,32.8805,26.4736,55.4815
308.4323,33.5776,26.1762,55.7824
306.7410,34.1642,26.1196,56.5854
305.8221,38.9446,26.5290,56.9595
308.4022,39.0160,26.8859,56.6634
310.4223,37.5295,27.2233,56.4692
313.0789,34.8620,27.4561,56.5666
316.7354,33.5970,27.4274,56.9243
319.9329,33.8234,27.0892,57.2040
319.4618,39.9827,26.9340,57.8829
322.0045,42.6604,26.7796,58.6419
321.2412,38.8243,27.1125,58.0582
319.8725,33.9151,27.4781,57.7673
317.9345,32.0051,27.6256,58.0350
316.4246,30.9285,27.7284,58.4421
315.4375,31.3108,27.6847,58.9176
318.4290,35.4931,27.5003,59.3944
317.1694,36.5731,27.7743,59.3252
319.6627,33.3374,28.3271,59.0607
323.1350,28.2790,28.2521,58.3658
326.8817,27.8987,27.9379,58.8056
330.5803,28.0324,27.7878,59.2064
331.5705,33.3596,27.4890,60.3964
335.3331,37.6682,27.2798,60.7746
335.5278,37.0993,25.9050,62.8622
333.7755,30.1332,26.9837,61.7924
331.6920,28.1605,27.4748,60.4592
330.1119,28.3947,27.5470,60.5152
328.6711,31.0759,27.6858,61.7074
328.3630,35.7260,27.6801,62.7361
331.7437,36.0454,28.2292,61.8393
335.2050,36.1711,28.3806,61.8155
338.8531,31.2793,28.5201,61.7805
342.7042,30.4387,28.5733,61.7906
347.0114,29.8107,28.5066,61.8648
346.5626,34.8472,28.5823,62.1980
345.4576,41.2473,28.6096,62.5109
344.5378,38.1100,28.7026,62.3522
342.3521,31.6536,28.7484,62.1508
339.1831,28.2122,28.8110,61.9037
332.3738,28.4552,28.9776,62.4367
330.3421,32.0234,29.1196,63.1909
328.6893,33.7741,29.1358,63.1898
327.2744,35.8874,29.1364,62.8964
325.9173,35.4306,29.4056,63.8179
325.4486,30.8506,29.7125,64.0920
325.4933,29.9479,30.3988,65.1707
325.5302,29.3655,30.8172,66.1720
324.8432,35.5467,31.3409,67.5108
323.4379,41.2920,31.9101,69.1321
322.5474,38.6862,32.3255,70.9352
319.6577,33.4593,32.9073,71.4605
312.5558,30.2440,33.6096,72.0975
311.1758,31.4011,33.9241,73.0973
310.0810,32.4219,34.2121,74.7268
308.8236,39.9994,34.5548,75.8415
308.6676,42.2344,35.0215,75.9152
313.3525,37.2303,35.8476,75.9572
314.4207,29.4487,35.9092,77.2949
319.4940,26.5041,36.0147,78.2208
319.7302,22.2982,35.9649,78.4327
320.2347,29.8491,35.8497,79.9048
320.2056,33.4250,36.1394,81.4944
320.2153,32.5713,36.7221,81.6749
318.6514,28.0025,37.2588,81.8485
316.3532,25.9241,37.4712,82.6441
314.8459,21.0751,37.7145,82.0366
313.2120,22.3884,37.8381,83.1951
311.1947,29.2994,37.9317,84.1846
305.2929,35.9446,37.9600,84.3922
303.1863,36.1107,38.7385,83.6511
301.4878,30.6871,39.8409,83.2225
300.6983,22.9173,40.3557,83.4714
300.8846,19.4753,40.6875,84.4382
300.4055,21.1955,41.0469,85.3475
299.5931,26.9998,41.7734,85.4294
299.2079,34.0810,42.0191,85.2296
293.4533,31.4808,42.2014,85.7795
287.0686,27.4199,42.3595,86.9746
286.6638,21.9698,42.2588,88.1112
286.3911,23.1263,41.9563,90.0620
286.2768,27.6253,42.2386,90.9890
286.7339,32.7084,42.5290,91.6777
287.0180,31.6270,42.8117,92.3388
285.9888,28.3400,43.2400,92.2538
284.6418,21.9003,43.5761,92.7120
285.3354,19.3290,43.5651,92.7047
287.0380,19.8586,43.7263,93.6491
285.3889,26.6132,43.9826,94.4934
275.5196,38.5558,44.0950,95.1400
264.9914,46.1402,44.3032,94.9413
214.4885,70.5451,42.9190,91.5556
216.1874,66.5082,40.9395,92.9420
216.7915,53.5977,41.2274,92.9981
209.9964,50.6242,41.3333,92.9192
211.0545,61.0138,41.6470,92.7647
211.8779,63.1131,42.2882,92.3268
214.5009,62.1648,42.3528,90.8838
226.0667,55.3932,42.6588,89.5100
238.8009,57.8895,42.1858,88.9510
250.8037,62.4535,41.9855,88.4659
269.9503,66.0100,41.8966,88.0155
279.2250,73.9954,41.6857,86.2366
279.1368,95.0010,37.0395,90.2055
278.5341,77.9869,34.8611,89.4221
276.5301,72.4568,35.2664,87.4151
268.7897,76.7187,34.1749,86.9147
261.5263,80.4491,33.0715,86.5947
261.8749,84.1976,31.7130,85.2211
255.5927,86.2762,33.0958,81.0563
255.7563,95.1140,31.4567,79.6914
256.0638,109.5235,28.3005,88.7861
256.9389,110.3958,26.7822,88.5964
263.2241,104.9406,26.2939,90.8550
271.7117,107.6162,25.5715,91.8533
283.2529,102.5665,26.5219,87.3954
287.2456,99.7589,27.6777,82.6615
284.7534,107.6661,30.2666,77.8977
285.3775,108.9413,29.7860,74.3794
291.9236,106.1727,28.6171,73.9286
303.0523,106.5373,28.1030,75.0899
309.5001,106.6745,26.5738,75.0707
319.8882,99.3638,35.0643,64.8140
327.8062,127.7069,35.1994,65.8575
335.3130,123.0975,35.5964,65.0572
336.3477,123.6777,40.1726,59.3683
336.6394,127.0434,38.2850,60.7995
328.3123,125.3885,34.7327,64.2994
330.2500,126.8659,33.8805,66.7303
324.9580,120.8952,32.9049,69.2125
308.7121,121.2116,37.4173,62.5611
310.5713,118.5029,34.7900,62.3434
312.4319,120.1257,32.3930,61.6809
313.1086,122.5202,32.0920,61.9544
312.8631,128.7247,31.2971,63.2111
306.9896,132.4415,30.9161,65.1648
302.0168,127.5591,31.3722,63.8219
302.4386,127.1560,31.7832,62.0308
301.1535,127.1046,31.0529,59.7390
299.1100,128.8709,30.4235,56.4670
294.3293,132.0797,30.1368,56.2955
294.0153,133.2022,28.6011,57.0523
292.7321,137.3852,28.2772,57.7414
296.3689,139.2325,28.6467,55.6231
292.1773,141.6523,33.7265,48.8982
298.2680,142.1227,30.9423,49.1857
299.9343,148.0964,27.8721,50.8393
289.6468,145.9463,28.0229,50.6462
289.1647,145.0760,26.7140,53.3580
289.5620,145.9647,25.0710,55.8545
289.7384,146.3940,23.2631,57.7149
291.1404,145.7899,22.1885,57.5119
292.3928,146.0035,21.7302,56.8822
294.2379,148.7136,21.3958,58.2664
296.2055,151.7061,21.0553,60.5058
297.7130,154.4836,20.9559,62.1323
298.2939,158.0426,22.0069,63.7051
300.2153,157.9532,22.3085,63.8646
301.0881,160.0229,23.0746,65.8129
305.4695,161.4019,24.3105,68.6350
305.8399,161.5806,24.7021,70.7737
307.0934,164.1626,24.0516,73.1559
308.9448,163.5186,22.1211,73.9957
310.0170,165.0091,20.4079,74.0994
311.5262,163.8353,19.8853,74.6433
311.1860,163.2882,20.3514,76.4042
310.4410,163.9836,20.9752,76.3672
309.3466,164.8221,20.9039,73.7241
308.1401,167.3280,20.1690,71.4797
306.4427,170.3363,19.1875,70.6112
305.2697,169.9435,18.5421,69.5469
302.4724,169.8066,19.2632,67.5956
301.1479,170.7469,19.5583,66.4347
300.2158,170.6364,18.6827,65.0903
298.8428,171.2439,17.6988,63.6747
297.5750,172.8685,16.9593,61.3761
296.6151,174.3212,16.9537,58.2049
297.5357,174.5127,16.4359,58.1039
297.4007,174.1164,16.5216,56.5346
296.9312,173.0252,15.9592,55.6973
297.4018,171.6500,15.5533,56.2085
298.2830,170.7779,15.0965,55.4876
299.8622,170.0803,15.3315,54.6538
299.7849,170.8320,15.1519,53.6844
300.3862,170.3142,14.3003,52.6906
300.0984,170.7527,13.7687,51.3030
300.8844,172.9663,14.0637,49.5240
301.1500,173.8506,14.1546,47.8637
299.8947,172.3257,14.5166,46.8793
299.5881,171.6873,14.4694,45.3038
299.5136,170.9944,13.8662,44.3819
299.3642,172.0436,14.3544,43.6900
298.2632,170.1360,15.0711,43.2481
298.3368,169.5803,15.6135,42.5837
297.8286,167.8324,16.0145,41.3858
298.1814,168.0317,15.9892,40.6094
297.4929,168.1791,16.4929,39.3743
297.3530,168.7807,16.8545,38.0557
297.1185,167.4317,16.9008,36.3309
294.6826,166.4507,16.7600,34.9025
294.6895,167.4512,15.7283,34.2061
293.7076,167.0675,15.3967,33.2854
292.6956,167.2854,15.0846,33.3164
291.4034,165.5379,13.7556,34.9881
290.4711,166.7546,13.3429,34.3213
288.4902,164.7567,12.1894,35.8066
287.6615,164.8778,11.7444,36.5578
286.3098,165.4329,11.8239,36.1400
284.1210,165.0851,12.0355,36.6542
281.9232,165.3347,12.3892,36.5960
279.8852,163.8588,12.7568,36.8442
277.2803,164.1131,13.3801,37.0066
276.3466,163.3766,13.4989,37.7170
273.5410,163.5117,12.6500,36.8372
272.8586,164.7356,11.9639,35.8994
271.6642,165.1949,10.9761,35.1357
270.2863,164.7920,10.3328,33.9649
268.5978,166.1649,10.1173,34.1455
266.3943,165.2710,10.3442,35.2329
264.1845,165.2572,10.2818,36.5387
261.7360,165.1942,10.6273,37.2126
259.0309,166.3561,11.4148,37.1593
258.6556,167.6107,12.3290,35.8763
257.6428,167.5247,13.1270,35.4308
254.4425,166.9720,13.6701,35.1253
251.5099,166.7433,14.0958,35.0124
249.4030,166.2677,13.9850,36.0977
247.0103,164.8892,13.5155,35.5368
246.5552,165.2894,12.7498,34.4106
244.9097,165.8669,12.0181,32.9199
242.8403,166.4010,11.1762,31.9775
240.7447,166.7065,10.0000,32.4679
239.5469,166.1159,10.0000,32.3769
237.0523,166.5479,10.0000,33.5962
234.0709,165.4912,10.0000,33.1263
232.0406,166.9961,10.0000,33.6878
229.6812,167.5072,10.4312,33.3866
227.3348,167.9448,10.8418,33.3550
226.6690,167.5320,11.7152,33.6705
224.2796,167.3871,11.8024,34.8014
221.4655,166.0917,12.0104,35.2168
218.1174,166.0035,12.1655,35.8792
215.8701,165.6522,11.7431,35.7050
214.4948,167.2264,11.4959,34.6948
211.6805,168.4663,10.9387,33.9614
209.6463,168.7793,10.5431,32.6123
207.9487,168.3955,10.6254,31.1786
205.9420,168.9540,10.7810,30.6932
203.8302,169.4856,10.6880,30.1932
201.3706,170.0114,10.5050,29.6852
199.7300,170.0805,10.0673,29.4361
197.1260,170.0426,10.0000,29.3484
195.8303,169.8223,10.2013,29.7074
194.1458,169.7311,10.6294,30.4880
191.6147,169.5215,11.4058,30.8745
190.4221,169.4131,12.0835,30.8981
187.9728,169.6034,12.8415,30.7240
186.3103,169.0545,12.9302,31.0468
185.2378,168.6588,13.0673,31.4270
182.3206,168.9722,13.1011,31.7552
181.4220,168.6282,12.4172,32.2668
179.0630,168.2350,12.6039,31.7368
178.5869,169.0197,11.9155,31.1651
177.7720,169.0719,11.5813,31.0849
174.8718,169.3913,12.6735,30.1001
173.7606,170.0909,13.6488,29.2490
172.6359,170.5728,14.3700,28.6428
169.8754,170.9854,14.9031,28.2003
169.0210,171.1441,14.5213,27.7871
169.0484,169.5336,13.1790,28.8693
169.2983,168.6284,12.1208,29.8600
170.4082,168.7894,11.4044,30.5999
169.8679,168.7780,10.8483,30.1583
169.6929,168.8472,10.0482,31.3121
169.1806,169.1916,10.0000,31.4795
168.1751,169.5726,10.0000,31.3715
167.1253,169.0270,10.4311,31.2126
166.6336,168.4407,10.4892,31.3113
166.3640,168.8456,10.4545,31.4229
165.0061,170.0072,11.4344,30.5622
164.2916,170.8955,11.8623,29.8718
163.1350,170.6805,12.5389,30.1113
162.7076,170.7382,12.9420,29.9289
162.2098,170.6730,12.9761,29.8440
163.8579,169.8201,13.3759,30.0064
163.4602,168.5806,13.3307,30.7278
163.9486,169.5476,12.8906,30.8400
165.9309,169.6079,13.1344,30.9499
166.8241,168.4332,11.7011,31.9783
166.8582,169.6452,11.2271,31.8113
167.0091,168.5941,10.6673,32.4411
167.4169,169.4188,10.3967,32.3104
167.8356,168.5653,10.0000,32.3479
168.3838,168.9449,10.0000,33.0310
168.5413,169.1689,10.0000,32.9283
168.1289,168.0170,10.0534,33.0458
168.7317,166.8673,10.0000,33.7894
168.6855,167.1149,10.0000,33.7553
168.4986,167.0607,10.0000,33.8777
168.8026,166.8051,10.0000,34.1192
168.3569,167.7161,10.0000,34.1210
168.6720,167.0290,10.0000,33.9472
168.4654,167.0634,10.0000,33.9408
168.6965,166.7258,10.0000,34.0920
168.2726,167.2843,10.0000,34.1565
168.5779,167.2997,10.0000,34.2940
168.3424,167.2107,10.1614,33.9502
168.5342,168.3051,10.2381,33.3579
168.3111,168.2168,10.2912,33.1503
167.8193,168.6669,10.2557,32.8682
169.8686,167.9093,10.3705,32.2874
169.4251,168.1353,10.2914,32.1614
168.4836,168.7105,10.6195,32.1291
167.5390,169.0916,11.0358,31.9664
166.2076,169.4300,12.2204,31.1479
166.2957,170.4051,12.9834,30.3882
165.9134,171.1315,13.5695,29.6274
165.6792,171.2426,13.6028,29.1433
166.0271,171.2677,13.6914,29.2299
166.4359,171.7218,13.6045,28.5210
167.9316,171.9040,13.4740,28.4666
169.0840,172.3846,13.1764,28.1574
170.6007,172.4251,12.8840,27.9262
172.1138,173.0141,12.3724,27.6218
173.3046,172.7099,12.5398,27.1074
175.5639,172.0826,12.5951,27.1434
176.0065,172.6390,12.7611,27.0806
176.6592,173.0425,13.0330,26.6094
177.9598,173.1769,12.9098,26.5494
180.2478,173.0753,12.1554,26.4074
182.3269,172.0487,11.9223,26.5662
183.5759,172.5065,11.7552,27.4038
185.8869,171.9303,11.6815,28.2144
186.7146,171.0360,11.8756,28.2473
189.2209,170.6608,11.8669,28.2598
192.4177,170.2377,10.7477,29.5737
193.6563,171.0175,10.7596,28.6559
196.8177,170.6729,10.3255,28.6616
199.1154,170.0955,10.3783,28.9908
199.5270,169.8488,10.8736,29.2671
202.4024,169.3275,11.3464,29.3188
204.7312,170.4332,11.6980,29.0282
206.7977,170.2535,11.8995,29.2755
206.9474,169.8988,11.8781,29.2325
209.0173,169.0198,12.0566,30.2383
210.4799,168.7451,11.8911,30.1793
212.4302,168.9235,11.2483,29.9323
214.0695,168.8189,10.9784,29.9790
218.0980,168.2533,10.0266,31.6008
221.5543,167.1645,10.0000,32.9400
224.2928,167.2243,10.0000,33.4609
227.4845,167.4943,10.0000,33.3434
230.7825,165.7988,10.0000,32.1386
234.0139,167.0137,10.0000,31.3832
236.1316,166.5262,10.0063,30.7236
238.6562,168.3810,10.0296,31.4037
241.0025,168.0382,10.0622,32.1592
241.6701,167.5238,10.4775,31.6605
244.6196,168.0523,10.6815,30.9893
246.4281,168.2766,10.6246,30.8106
249.5991,168.9167,10.0290,30.4069
252.9749,169.8699,10.0401,30.5649
255.9743,168.7253,10.0749,31.8218
258.5864,167.1744,10.1402,32.6050
261.3061,167.4884,10.6643,33.2487
263.9050,166.7397,10.7310,34.1362
266.4767,166.4569,11.1126,34.2015
269.7031,165.5710,10.6815,32.9978
273.1221,165.5021,10.4907,32.6850
275.2098,165.3844,10.7248,32.1710
279.6353,165.3066,11.5493,31.0033
282.4155,165.3605,11.1724,30.7373
284.9619,166.2564,10.8799,29.8756
288.3495,166.8754,10.7280,29.9779
291.0913,167.9154,10.7364,30.4543
294.8809,168.1126,10.0000,32.4089
300.6419,163.1702,10.0000,34.9430
303.1031,163.5949,10.0000,36.7825
305.6438,164.4600,10.0000,37.1947
311.1454,163.1548,10.0000,38.2507
313.7923,166.0417,10.0389,37.1909
314.4539,165.6740,10.0118,36.7401
320.1126,165.1205,10.2682,34.7297
323.0315,165.4504,10.4051,33.6521
325.9579,166.2734,10.4003,32.5315
330.3786,167.3585,10.7053,32.0714
332.9953,166.0201,10.6700,31.5548
337.4297,167.9017,11.6605,31.0049
339.8918,169.0275,11.2806,32.2456
342.2612,169.0547,10.7127,32.4104
342.7038,167.7207,10.4742,32.4169
345.6133,165.9055,10.5617,32.2440
348.6009,166.3804,10.5813,32.1929
351.3709,168.2307,10.7287,31.8574
353.8303,167.4098,11.6378,29.4677
356.2653,167.5568,12.0297,27.5852
358.5315,167.3801,12.0676,26.9173
360.7580,167.2248,11.9252,26.7358
361.5590,166.6642,11.8352,26.1831
364.1945,167.8842,11.9779,26.4493
364.5573,168.2565,11.7654,26.2372
364.9384,169.1037,11.5039,25.4357
365.6656,169.8373,11.0207,25.6161
367.8434,170.2944,10.5808,25.0939
368.0091,170.0864,10.5069,25.1162
372.5965,170.6440,10.2030,26.5605
372.7553,170.9218,10.0104,28.5478
372.8393,168.7352,10.0000,29.3869
373.1705,169.7377,10.0000,31.0013
373.1177,169.4347,10.4696,31.0511
373.5617,169.3186,10.7653,31.2397
373.6876,168.5725,11.0619,31.4188
371.6547,167.5184,11.3538,31.1436
372.4164,167.0000,10.8659,32.2808
370.1949,166.2666,10.7456,33.0031
