1
231.3311,136.3915,51.2173,73.8965
232.2305,133.3814,48.7683,76.2242
228.9880,132.4838,47.9808,76.9633
226.8544,129.5479,47.8515,75.7013
225.7200,127.1563,47.6400,73.1990
223.3795,125.4544,47.2391,72.4884
223.3625,122.4272,47.3061,71.4049
221.1846,118.4561,47.7072,70.7408
220.8436,112.8367,47.2282,71.5920
219.1398,107.1432,46.8950,71.7826
216.0524,103.7804,46.2158,71.0119
214.4224,99.0131,45.7884,70.8185
214.6317,94.3020,44.8264,71.7468
216.1327,89.1382,43.7547,71.8665
217.4989,85.6459,43.3466,72.1227
218.8843,83.7294,43.1655,71.2210
205.9561,83.3751,45.3829,67.9554
200.3301,82.2124,42.6737,67.1761
200.3628,83.3301,42.9162,66.5086
203.5751,84.1096,42.8509,67.4511
203.9361,85.0890,39.5867,71.8363
205.8512,86.0574,38.7900,74.1550
206.1060,87.2831,38.9214,74.6245
205.4075,90.0802,38.9087,75.6240
205.1412,92.2045,38.7860,75.0776
205.5717,95.1105,39.6918,72.6332
207.9051,97.7012,39.8557,71.0945
208.4656,100.6299,39.7222,70.1655
211.0373,101.6448,39.7666,71.1708
213.1315,102.4075,38.8419,74.2386
214.7291,98.3568,38.1402,76.3782
216.4268,93.0779,37.9576,77.0839
218.3110,87.9275,37.5285,78.5401
219.5797,81.0773,37.7330,81.0000
220.6104,76.2101,37.6138,82.4096
223.1467,72.0958,37.9002,82.9792
223.8866,67.9490,37.2623,83.3078
227.0347,66.3592,38.3707,83.0723
228.1384,66.2098,38.1232,82.0617
229.7301,67.8762,38.4159,81.0871
231.2461,69.1696,38.4558,79.3805
231.9063,72.9263,39.2070,78.4341
231.4899,77.9323,39.9653,78.3179
231.1604,81.5708,40.3950,78.7038
230.0245,88.2513,40.4536,79.4451
231.1132,94.0109,41.1167,80.8380
232.0634,98.7675,42.0917,81.0149
231.6673,104.5599,42.2948,82.0846
232.5080,109.0208,42.6183,83.4667
234.5459,115.0286,43.4698,84.6317
236.4334,115.0786,44.8984,83.5845
239.1596,115.0689,45.3613,82.1376
241.8620,111.6010,45.5628,81.5741
244.9193,107.6564,44.9145,81.9674
247.3503,99.9590,43.9957,83.2573
248.8783,92.2538,42.4566,83.8340
250.6397,85.1940,40.9839,82.0500
250.7944,79.7764,40.0706,77.6746
249.3469,77.6939,40.3378,74.7277
251.9346,79.0585,39.4146,73.5403
253.4406,84.6510,39.6462,72.2319
255.0772,89.1004,40.2454,69.9698
254.5787,93.0820,40.6500,67.4870
256.6881,95.9511,41.4449,66.6353
259.0542,96.7375,41.6530,67.8330
260.1464,97.3037,41.1105,70.0407
260.1331,97.3728,40.8174,71.9524
258.5637,95.9009,40.9432,72.5839
258.2974,96.6963,39.8757,74.0332
259.6703,98.2671,39.5523,74.8765
260.3660,100.2030,39.3061,75.9160
261.3500,103.1724,39.2743,77.4899
261.9052,105.7857,38.1962,78.7342
264.0456,107.0791,39.9610,77.6570
264.3072,107.1067,41.1415,75.9917
264.5285,106.0549,41.9306,76.3171
266.2733,103.4942,41.4018,78.5945
266.7057,98.2897,41.2890,82.2935
266.4498,90.7773,40.6238,82.4226
266.2975,81.1211,40.6936,82.1655
266.7262,70.9449,40.5418,81.9948
268.3279,63.3411,40.7855,79.6951
269.6134,58.2254,40.6892,77.9775
270.7278,56.1971,40.9053,77.1200
271.5830,56.2427,41.1792,76.8229
272.7294,56.1678,41.9151,75.9971
273.1579,56.0285,42.9493,76.0787
274.3697,57.4928,42.8537,75.3702
274.8947,59.6730,43.1304,75.9412
275.6474,61.2383,43.2766,75.9788
276.9140,63.9181,43.0742,75.9955
278.0150,67.6350,42.3221,77.1509
277.8539,70.5829,42.2274,78.5606
276.8597,74.2662,42.8424,78.5295
274.5585,77.4580,42.6601,79.6066
272.8868,83.5601,42.0660,82.3849
270.7131,87.9501,42.9854,83.7192
267.5283,90.0302,44.7585,84.1848
263.5574,90.7980,45.6995,84.0023
259.2281,88.9777,45.8396,83.4564
255.9862,84.3391,44.9252,85.7082
254.1003,75.7880,44.2330,87.9484
251.8828,66.4085,44.8545,88.1629
252.8588,56.7982,44.9078,87.2178
255.2869,49.2844,44.4210,85.5413
258.0589,45.4008,45.0665,82.4662
259.7283,47.7593,46.7777,81.5818
261.8871,55.8242,48.6058,79.7062
263.4802,65.6004,49.9252,76.3298
264.7056,72.2327,50.7959,73.4405
265.0765,77.2204,50.7770,73.1105
262.7106,81.2474,54.2077,70.1253
261.4816,84.1750,55.8594,69.2188
260.6589,85.4021,56.6280,70.1699
261.1991,82.5149,55.9737,71.6612
260.4459,79.6372,54.8117,73.6539
257.2823,79.0960,55.7504,76.1804
255.9924,78.4460,54.9683,78.1456
256.0180,80.4592,53.2758,80.4945
252.5975,85.5790,52.2761,82.0978
250.4927,88.5853,53.6585,84.4369
249.6259,89.4995,52.5991,85.9181
250.9176,89.0764,52.3403,86.5737
252.4170,87.6233,51.7744,89.5274
255.4871,81.8265,50.8694,91.7189
258.2692,71.7572,50.0118,93.4320
261.6114,63.1139,48.9696,92.2993
264.7133,56.7226,47.4481,90.6486
267.9458,55.2498,46.6627,88.2822
272.7032,59.1543,47.1098,87.4563
274.8551,62.8944,49.3629,85.2156
276.0225,70.8269,50.5643,82.1180
276.4486,79.8907,51.5247,79.0935
274.4641,88.4880,54.9011,73.3395
273.1812,94.6012,56.9681,70.8678
274.7704,95.4520,56.8286,71.6473
274.3611,96.0133,56.3049,72.9009
274.5524,96.3237,55.1847,74.8435
272.6829,95.5125,53.7979,77.1021
271.0308,93.3480,50.1372,80.1615
268.6467,94.1276,48.4720,81.7590
270.1104,95.0973,47.8407,84.2326
267.9075,96.7000,47.9346,84.2677
263.3857,98.3890,47.4682,82.7366
258.6048,101.6286,47.9176,84.3147
250.0955,103.3377,49.3014,84.6720
247.5707,102.5787,49.3916,86.7805
247.8788,96.7472,49.5067,88.9219
248.0800,85.8738,50.1475,89.8942
250.9303,77.0387,49.7705,90.4847
254.0271,70.0455,49.0804,92.8624
256.8135,61.7440,48.8118,92.3904
259.9478,57.5627,51.1759,89.1864
262.2740,58.5836,53.1488,85.6755
263.4902,69.3484,54.3957,81.0960
264.5792,76.1567,53.9453,77.6403
263.3875,85.3989,56.2631,70.8872
261.2169,94.3016,57.2190,68.0085
260.7034,99.9282,57.2828,66.3773
260.0505,102.8603,58.4876,65.4079
258.6514,101.5624,58.1804,65.4890
256.8528,99.5006,57.4146,68.3830
254.8881,95.0597,56.6721,72.6438
253.9125,91.4171,53.7168,77.9196
253.2286,89.4122,51.1367,81.0906
249.7883,89.3585,48.8014,84.2464
248.4370,89.9290,48.2677,86.4812
244.9722,90.6231,49.3410,86.0035
241.6241,95.9747,50.1558,85.1577
238.8880,98.6373,49.1609,86.4944
236.9307,97.5554,49.0031,88.7516
238.0238,92.3248,49.9155,91.0180
239.7578,85.2093,49.9210,95.2582
241.2977,77.0674,49.5279,97.3252
242.8009,67.3093,49.9110,99.0342
244.3565,60.2970,50.9104,98.7830
245.5437,55.8020,52.9102,95.4258
247.5423,57.9193,53.5387,91.2297
248.8378,64.0607,54.5203,87.6117
249.4215,69.8307,55.0571,82.9178
251.4422,76.5934,54.3878,79.3684
249.6851,85.3924,56.4615,75.7930
249.9855,89.4347,57.3787,73.3670
249.6706,90.7530,57.4087,72.5074
248.9308,91.1264,56.3070,71.0929
247.0029,94.4351,55.1473,71.2517
248.0546,96.7630,54.4087,74.7889
248.8961,97.0833,50.4405,79.3057
247.1808,96.7381,46.8207,82.6471
245.5811,97.5421,45.6255,83.8552
245.7894,98.7076,47.5048,85.6143
243.6786,99.3064,48.0490,85.9090
241.3931,98.8448,47.6897,87.6029
238.6966,96.5342,47.4224,88.6739
236.1936,93.8149,47.7865,90.1475
235.8058,88.0712,47.5045,91.9331
234.7423,79.6322,47.6713,92.7477
234.0460,69.6341,46.9982,92.1813
233.1129,60.9437,46.6202,90.9641
231.8220,53.3291,46.4629,90.4048
230.5033,47.2896,45.9453,90.4033
230.1963,42.8934,45.9696,91.7904
229.7506,42.0117,46.4695,90.9898
230.0914,43.1958,46.2447,91.4682
228.9627,44.6741,46.9702,91.5213
229.1371,47.0532,47.5967,91.7923
230.0926,50.5288,48.1453,90.0053
230.7184,53.3485,48.0364,88.6348
230.8695,58.6184,48.4997,88.4608
230.1101,64.7423,48.9550,88.1264
230.3394,70.5400,48.9581,87.2664
230.4769,77.4311,48.5304,89.1149
231.1953,83.5102,48.5740,89.2831
233.2692,87.2763,48.0224,89.7269
233.3804,94.1992,48.7697,89.1001
234.5394,98.1310,48.3602,89.6016
235.3834,101.7906,48.4932,88.9395
236.6039,101.7742,47.8835,87.9834
237.7740,99.1149,46.9071,86.1537
239.6366,92.5738,46.5631,84.6769
242.6478,85.9764,46.1320,84.2372
245.8798,79.8529,45.9372,85.1407
246.0644,72.4794,45.3241,85.9407
246.6584,65.9729,45.2195,87.5914
246.8481,58.4706,45.1519,88.2686
246.7626,51.1112,45.3533,87.5812
248.4132,43.8278,44.1602,85.9972
250.4832,37.1152,43.8625,84.3800
253.5455,29.6905,43.3903,83.0949
257.2220,24.9950,43.0392,81.4779
260.1531,22.1470,43.0939,80.2824
262.6286,21.5102,43.3922,79.6482
265.4492,20.4492,43.4618,79.5821
266.9551,20.1805,44.1729,77.4629
266.0669,21.8677,48.0546,72.5623
266.9061,24.1513,50.5231,68.0333
268.5479,29.6912,51.1454,67.2549
276.8459,36.5688,46.8330,72.0126
284.0847,42.4927,43.9925,75.5904
282.7959,48.6254,42.5383,78.4426
280.3231,56.9077,42.4401,81.1575
272.8055,58.2456,43.2999,82.3869
271.2135,56.8496,44.4526,84.2825
269.9612,52.1341,45.2186,86.3383
266.2525,43.4104,45.1377,88.1407
261.5085,35.2555,45.3637,88.4811
251.4094,28.7839,47.0880,87.0245
248.5527,26.3209,47.0900,86.9515
239.5303,24.3413,47.4385,87.3036
230.5916,22.0846,47.2875,86.1009
228.1946,22.7310,48.0257,84.1727
225.0186,25.0683,47.2720,82.3281
222.8874,28.1636,46.7398,81.3956
220.4040,30.0647,46.5028,80.2247
217.2889,33.2593,45.8017,79.4249
214.5599,40.7051,44.2305,81.5934
211.3607,43.0029,43.8801,81.9493
208.5428,46.4946,43.5115,82.3051
200.1291,48.9858,44.6051,82.5249
198.4192,52.6366,44.8101,85.0596
196.1206,56.2368,45.1122,87.5786
193.1367,59.8239,47.3241,88.6450
190.9449,63.5634,48.2616,88.3754
189.2236,70.4319,47.4763,89.7145
188.6426,72.2933,47.3668,90.0709
188.2179,72.1287,49.4881,91.1317
188.2544,66.1818,51.8581,92.5298
189.8129,59.5530,53.6096,93.7638
190.4969,48.3242,53.6795,92.7122
194.1982,37.1873,52.9552,91.4390
199.0285,31.8618,50.7952,91.2192
203.0156,26.4100,49.4849,90.3857
207.6671,23.2091,49.4888,88.5220
210.7438,21.3586,49.5883,89.2033
213.7972,19.1999,49.0505,87.6943
222.3578,18.8714,47.6057,90.1616
224.5143,16.8358,48.2386,88.7619
232.6064,16.3966,48.0831,90.5596
240.2021,14.4716,47.8791,90.2210
241.5448,15.7876,48.8231,87.6139
241.1241,16.8188,53.5045,81.4289
249.6750,21.5441,51.8724,80.9847
247.9350,25.8278,54.8275,76.1761
250.8442,33.5929,56.1962,76.5328
260.4872,41.9041,52.2008,81.6472
261.3551,49.2524,50.6043,84.2311
261.6043,58.4049,49.7737,85.9408
259.9882,65.9429,49.3614,88.3887
256.2065,69.9490,49.5556,90.1723
251.7006,68.4190,49.8018,92.5900
235.5641,57.9942,51.7299,93.5491
228.8380,44.8336,52.4231,93.6816
227.9189,32.9451,52.8516,95.1724
224.7796,23.2677,52.1732,95.7976
216.9654,16.6846,51.6249,98.1631
208.0744,12.7364,52.4649,99.5842
204.8894,14.9299,51.6266,100.7429
193.5979,15.8567,50.6011,103.2699
195.0568,17.2725,48.8013,101.9187
193.8486,21.1624,49.5926,99.6848
192.0242,24.3616,51.1248,97.3926
190.2965,28.5942,51.2743,94.8009
189.7795,32.9356,51.3103,92.8730
187.7169,34.9384,50.2185,92.0691
185.8605,38.0127,49.5598,91.7972
182.1603,41.5813,49.6324,91.6997
180.1908,45.5571,49.3998,91.9458
176.0563,50.5073,48.9742,91.7182
171.4821,58.9465,48.0890,91.8936
168.0032,65.9415,47.6682,93.1753
166.0717,69.0315,49.2095,93.2075
162.7980,71.4997,51.3960,91.4459
162.1389,70.4164,52.8546,87.2884
164.2229,67.5412,53.3399,87.1789
167.2870,60.0168,54.0787,89.4254
169.6908,49.4855,53.3572,93.1079
175.1715,34.8341,53.2282,95.6938
179.0685,25.2860,52.9633,96.3596
181.6253,18.6217,51.3427,95.9920
184.7994,14.0948,50.5182,95.5814
188.1323,12.3872,50.2344,95.2135
191.5822,12.1394,51.0863,94.4624
194.2124,12.8129,50.4171,95.2796
196.5012,11.7043,50.6173,94.7878
197.7101,11.1500,49.4991,95.5695
200.3355,11.0725,49.1324,95.1952
202.2621,12.6615,49.6979,95.7386
202.5389,16.3042,49.7205,97.2695
204.0016,18.9003,49.6969,99.3964
203.5684,21.7491,50.4676,99.8691
204.1787,26.6042,51.6748,100.4456
203.4689,32.1071,52.6722,101.5824
204.3558,40.4448,52.7672,102.7998
203.7979,45.6506,53.8070,104.3341
202.5838,48.6259,54.9219,104.1288
201.7022,51.1900,55.3571,103.1750
202.1148,51.6905,56.4403,101.8613
199.7346,50.5197,56.8925,101.5842
198.6367,46.6059,57.4990,101.9005
199.6782,40.3961,57.3577,102.2960
199.4676,34.2913,57.1037,102.4742
199.9184,27.3166,56.7410,101.1517
198.4240,25.7790,57.0965,100.2452
197.9935,24.9771,56.9505,100.6677
197.5023,25.2632,57.3320,100.3292
195.9912,26.7108,57.5926,101.4529
197.6266,26.3752,57.8627,101.7635
194.6981,26.9790,57.8091,102.5319
194.0231,25.6146,57.6755,101.4973
193.4886,25.1875,57.4244,100.0143
192.2832,25.9313,57.5874,97.6596
190.5801,28.4580,57.8205,96.7910
188.8829,31.5600,57.8413,94.5890
187.3119,34.3330,57.2181,92.6686
183.5081,39.5327,57.2072,91.9700
180.1774,44.6737,56.3212,91.7647
174.9592,54.7105,55.7058,90.7539
171.2325,64.5975,54.6753,89.1838
167.8829,74.6510,53.1361,88.0692
161.6375,81.3591,56.5119,81.8145
158.4233,92.3005,57.5284,79.9900
155.7258,98.0606,58.4427,81.7062
153.2820,103.2523,58.5999,82.9986
149.7536,105.2577,58.3509,83.3874
