1
1102.0486,612.1212,40.4657,50.1474
1099.1715,609.3095,41.5454,48.9096
2
0
0
0
0
1
913.8918,607.3879,51.6495,63.7126
908.3286,606.9520,52.0960,59.8872
888.6644,598.2451,51.0159,57.9950
871.6149,592.9228,48.4618,60.7464
860.1268,590.9935,50.2451,59.4779
850.3527,585.9329,52.5891,59.1831
840.6181,569.4726,51.7322,59.3901
832.7538,566.4028,50.4238,57.7443
824.9136,562.7809,50.3202,56.9110
820.8366,560.5056,50.6938,55.8250
810.5165,556.7107,48.7019,54.6591
803.5105,555.1407,45.8104,55.5759
796.2278,554.8301,45.1333,54.1056
789.1381,555.8444,47.0422,51.8116
784.4781,557.1380,50.7603,49.1961
785.3472,558.2880,53.9827,44.9851
787.8282,558.9676,54.3093,41.8019
791.3881,559.6387,51.9965,41.3552
792.7715,555.3825,47.9288,42.7406
796.4493,550.0947,44.4445,45.2724
800.6282,538.2560,42.7549,47.7718
799.1111,524.8542,42.9697,48.9014
801.0812,517.3869,41.8203,52.0378
801.1522,506.3944,41.6039,53.4573
800.3359,493.6951,40.4172,53.5540
796.0461,488.8729,39.2177,52.8935
791.0580,487.0333,39.0327,52.5268
780.2850,485.4091,39.8881,49.8213
774.3585,484.5054,40.2132,47.0930
762.8359,480.9582,40.3627,44.7240
746.9075,476.9875,40.4992,42.4555
737.2594,469.5734,39.5540,41.0139
722.2834,466.2975,38.6107,39.6887
703.4424,464.1945,37.7464,37.9654
687.0754,457.4967,35.7446,36.9500
667.8671,455.7318,34.2303,35.9513
649.8323,453.0334,32.7874,35.1239
628.5815,451.4177,32.2862,33.8998
604.6917,446.0529,30.1998,33.5418
2
0
0
0
0
1
388.6248,430.8796,37.3171,26.1537
2
0
0
0
0
1
102.6697,433.6779,33.8568,27.2225
2
