1
337.2789,118.9115,18.8640,25.3391
331.4751,118.7421,18.8259,25.0643
326.3392,118.0621,19.1277,24.0223
322.0332,117.9590,19.1356,24.3179
317.7708,118.5971,18.9835,24.3333
313.2579,117.6283,18.3609,24.6129
309.0393,118.2436,18.5606,24.3939
304.5248,118.1197,18.2042,25.0230
301.6730,117.3432,16.5432,27.0932
300.6378,116.4071,15.7357,27.5169
297.6461,116.5638,15.0938,28.9693
294.6491,115.4754,14.7712,29.7323
291.3783,115.8180,14.6035,29.9607
290.7320,114.7887,14.4187,30.1801
287.2473,115.0262,14.4570,29.4744
284.6027,114.1014,14.2026,29.8294
280.5366,114.9122,14.4338,29.2187
279.1046,114.5144,14.2224,29.1819
277.4302,114.9231,14.3832,29.2081
273.3727,113.5420,14.0253,29.2703
269.3215,114.1420,14.1807,28.3716
265.7191,113.4775,13.7081,27.9268
264.1488,113.6807,13.2917,27.4533
259.5942,113.7556,13.2568,27.1105
255.3599,114.1980,13.7536,26.2776
251.7288,113.7694,13.2737,26.8042
245.1949,114.0742,13.5708,26.3044
241.0925,113.9256,13.7710,26.0454
234.6606,114.0405,13.6290,27.1511
230.3156,114.0899,14.0682,26.8161
224.2192,115.0720,13.7970,27.3397
220.0315,114.8747,13.2573,27.3701
217.4129,116.7237,12.9556,27.7568
214.1896,117.5499,12.7094,27.9434
210.7213,118.1822,12.6458,27.9880
207.0018,118.0564,12.2663,27.5936
201.3347,116.6483,12.6555,26.8685
198.7914,113.9565,12.6415,26.1446
190.8454,116.2369,14.8877,22.9481
186.0985,117.1496,16.1457,21.0105
179.8691,118.4261,17.0902,19.8350
173.6286,118.6945,16.7462,20.3308
169.3093,119.2429,16.5100,20.5814
166.1100,119.1553,16.2500,20.4823
162.1418,120.1443,16.7246,19.4253
159.4621,120.1585,16.3618,19.1448
158.7539,119.8640,14.0546,21.3553
155.9294,120.8563,14.9666,19.7762
152.1350,122.3361,15.5089,18.5984
151.3267,125.3344,15.9988,17.4865
151.0964,125.9937,16.2339,16.5061
149.8730,128.3422,14.2950,18.6642
149.9779,130.3376,12.8278,20.4844
152.2730,129.4615,11.7829,21.7777
153.3631,130.5270,10.9607,22.4697
155.5939,129.9219,10.6057,22.8265
157.8659,129.2456,10.7648,22.5875
159.6287,131.8612,12.2353,20.7872
160.9172,127.3863,13.0720,18.9218
163.4210,126.3488,12.0965,19.2973
164.8835,128.2001,12.9193,18.1474
161.5290,128.5982,12.8354,17.8000
167.5593,132.0013,12.0032,18.1981
169.2777,130.9669,11.5673,18.9084
170.8886,131.6873,11.0538,19.6212
173.5185,134.0302,12.6477,18.2770
177.1820,134.2469,11.6967,19.4548
178.9345,135.2939,11.7828,20.1064
182.7309,136.3087,11.7243,19.8881
186.5622,135.1461,11.5462,19.7707
192.4839,135.9218,11.3730,19.7668
196.8615,138.2270,11.1616,19.2916
202.6792,138.7169,10.7072,19.1473
205.8716,140.1322,11.8214,17.5756
210.4805,141.8176,12.6559,16.5708
215.5764,140.6158,12.8292,15.9336
2
0
0
0
0
1
253.0575,146.0638,18.1165,21.0227
258.1075,145.3217,17.6051,21.2332
262.9536,147.6777,18.0842,20.8130
268.2981,146.6514,18.0912,20.9333
273.4280,146.8195,17.3911,21.7346
278.3607,146.6471,17.1421,22.4429
283.2830,147.2409,18.0328,22.2591
288.2940,147.3034,17.8415,22.4123
290.5699,146.4116,17.9269,22.8386
292.6696,145.8973,17.6214,23.5070
294.3827,146.0328,17.7680,23.8644
295.8352,144.6673,17.2751,24.2578
297.1824,144.4783,17.2875,24.7669
298.0534,143.3276,17.3506,25.1796
297.5778,143.9847,17.5397,25.0654
298.5116,142.8417,17.6116,24.9379
298.8599,144.1114,17.8490,25.0481
300.4317,142.6653,16.5363,26.8953
299.9179,142.6235,17.1700,26.6339
300.3175,141.7403,16.7253,27.7984
300.5202,141.8860,16.2838,28.5696
300.8475,140.1055,15.8075,29.8869
300.1504,141.0360,16.1747,29.6779
300.8035,140.0775,16.2861,29.4087
300.5692,139.3665,16.5329,29.5727
301.7568,137.8957,16.2503,30.4157
302.1833,139.1859,16.1989,30.8089
303.2700,137.8666,16.2780,31.2819
303.1133,138.6266,16.6526,31.2962
304.3050,137.0452,16.5923,32.0245
305.2152,138.1294,17.0057,31.3430
306.8328,138.3377,16.6287,31.5781
307.4554,138.8384,16.3148,32.4361
307.6028,138.3835,16.2411,32.5566
308.8304,138.0273,15.5607,33.4444
309.3449,137.9643,15.1040,33.9999
310.1873,138.4781,14.7043,34.3908
309.6970,136.7937,15.0118,34.1177
309.3797,135.1935,15.9110,33.5606
309.7141,136.1163,15.7759,34.2519
310.4218,136.2391,15.2309,35.3775
311.4452,134.6618,13.8761,38.3775
312.3581,132.6175,13.2773,40.8966
313.3672,132.0247,13.2532,42.1148
313.6044,131.6772,13.6258,42.1709
314.1135,131.1146,13.4322,42.9760
314.4076,129.4832,13.5241,43.6152
314.2674,130.1536,13.9535,43.8475
314.6568,127.5294,13.4391,45.4649
314.7606,129.2064,13.8911,45.2940
314.9676,126.9034,14.0818,45.3763
314.6145,126.9662,14.3771,45.8098
314.8038,126.1779,14.7835,45.7729
314.3539,127.5406,15.2975,45.2833
314.6354,125.8309,15.1937,45.3948
314.3698,127.1069,15.7916,45.1419
315.3600,125.6781,15.5050,45.5391
316.8227,126.0807,14.7080,46.3849
316.8795,124.4630,14.4377,46.8498
316.1924,124.3761,15.0924,47.0302
315.8092,122.5615,15.4693,47.4883
315.4592,124.0551,16.0516,46.8139
315.1538,122.1258,16.4030,46.9206
314.9570,122.0001,16.6177,47.1564
315.1553,121.6817,16.2962,47.8121
315.1636,120.5191,16.5486,47.4539
315.8962,119.1453,16.2680,47.8174
315.5285,121.4187,15.8630,47.1894
315.3663,120.1337,16.5992,46.9195
315.7575,121.1966,16.4762,46.8234
315.9249,119.1909,16.3184,46.9836
315.4680,120.6689,16.2238,45.9952
314.8845,119.8166,16.5677,45.8004
314.7206,121.0325,16.6764,45.2855
315.1324,119.7245,16.8697,45.0433
315.1625,120.0429,16.3425,44.7184
315.3287,120.0004,16.3600,45.1248
316.1591,120.8812,15.7620,44.8039
315.3061,118.1546,15.3728,45.6036
313.5971,118.8805,15.5442,45.4205
313.3784,117.7199,15.8177,45.1157
313.0142,118.5273,16.0060,45.1187
313.6157,117.8763,15.8742,45.3484
314.0813,117.9065,15.2836,45.9941
313.7813,116.6219,14.9303,45.9197
313.8237,118.3043,15.2279,45.5426
314.7485,117.4476,14.5884,45.8889
313.7619,118.2738,14.8822,45.7283
314.5015,117.3470,14.8842,45.6786
314.2244,117.5505,14.7568,46.2039
314.2109,118.3881,14.7585,46.3847
312.7072,117.3703,15.1075,45.4677
312.1269,117.5664,15.7939,43.7625
311.7195,118.3340,15.8742,43.3397
312.0197,117.2767,16.0477,42.7511
312.3423,118.7246,15.4843,43.0661
311.6042,117.5831,15.4463,43.6189
311.8741,118.3815,15.4796,43.0028
311.9763,118.3179,15.5042,43.0732
312.1790,118.9089,15.7875,42.3914
311.3102,118.1586,16.0978,41.6552
311.0714,117.8949,16.7062,41.5886
311.3112,118.4471,16.7854,42.0716
310.9635,117.6813,16.4076,42.4130
310.8091,116.4964,16.6860,42.8522
310.5487,115.6914,17.0052,42.7248
310.9384,116.1145,17.0302,42.8491
310.7257,114.1846,17.1413,43.1550
310.4616,116.1153,16.6811,43.6349
311.7062,113.7829,16.6011,43.4906
311.4314,113.7026,16.3366,44.1500
311.7941,114.3478,16.2435,44.2984
312.5736,113.3531,16.3892,43.9813
313.8713,113.0427,16.0634,43.6041
313.2814,114.0745,16.2387,43.1304
314.4221,113.8256,15.9478,42.7626
315.4023,114.8318,15.9049,42.6694
315.1757,112.9271,15.8189,43.9766
315.1771,114.5958,15.5920,45.4929
312.2609,112.3916,15.0791,47.0042
312.9065,112.5383,14.7327,48.5409
313.4842,112.2310,15.3807,48.1954
313.1712,111.9531,15.1039,48.2812
313.2389,110.0937,14.9866,48.7335
312.8697,112.3932,15.1438,49.3552
312.9518,108.8859,15.0622,49.5760
309.3943,105.8798,14.8783,50.5924
305.9700,103.2123,14.7920,50.7201
306.5215,103.2011,14.1632,50.9632
303.4313,102.1944,14.2052,51.2585
304.7220,101.8660,14.1604,51.8209
304.7024,101.4370,14.5560,51.6604
304.8234,101.9300,14.8375,51.8749
304.8629,101.8685,14.5568,51.7833
303.9290,102.2976,14.2814,51.5183
303.3682,101.5583,14.2218,51.5181
303.2983,102.0149,13.9719,51.1424
303.0278,101.7262,14.1881,50.7237
302.9462,102.7969,14.4113,50.2493
302.8463,101.2901,14.5090,49.7672
302.4321,103.9761,14.8752,49.4350
302.3507,102.3617,15.0927,49.2762
298.8251,106.1590,14.9629,49.8508
299.2063,103.9993,15.2708,50.1101
298.5731,104.5666,15.5368,50.3270
297.9373,104.3824,15.8447,50.6541
296.9877,104.9474,16.0043,50.5932
296.4778,103.2435,15.5462,51.6713
292.3231,102.9548,15.3232,52.0350
292.3062,103.9329,15.0691,52.8864
291.3011,104.9792,15.2495,52.5975
290.5420,109.2574,15.2850,51.5423
289.8354,112.6237,15.5252,49.0108
286.7219,112.7539,15.1566,48.1445
287.2528,111.2864,15.4530,47.0718
287.5020,115.4953,15.1843,46.5365
284.2062,119.9312,15.8065,45.2604
280.1858,117.8145,17.0442,42.4498
284.5816,106.4837,15.8187,44.8379
284.7131,101.1524,14.8494,47.1143
284.3014,101.0619,14.7585,48.2175
283.5246,100.3337,14.7860,49.2543
280.0349,102.8763,14.9168,49.3166
279.8290,102.3230,15.0040,49.4390
276.3564,104.2792,14.4812,50.2122
276.4861,102.6248,15.2044,48.9861
276.1008,101.8841,17.3969,45.8300
273.0236,103.1994,17.7955,45.2889
272.9005,104.2286,17.8270,43.3466
272.1317,104.1685,17.8455,42.6325
268.4649,104.4494,17.4677,42.4154
268.8084,102.5441,17.3876,42.2057
265.7357,103.5971,16.1500,44.0052
273.0267,103.1028,15.6200,44.7733
2
0
0
0
0
1
257.1471,112.4274,10.7444,25.7506
256.4601,111.5401,10.4548,26.3675
255.6604,111.6583,10.0505,26.7689
254.9903,110.4529,10.0000,27.1511
253.8212,110.7400,10.0000,27.0263
253.0751,110.5082,10.0196,26.5805
252.0225,111.3811,10.0000,25.4652
251.1781,110.8416,10.0000,25.5581
250.4401,110.8842,10.0000,25.6055
249.8861,110.2131,10.0000,25.3725
249.5045,110.0458,10.0000,24.7518
248.7647,109.6139,10.0000,24.2498
248.3003,109.6623,10.0000,23.6581
248.6593,109.2052,10.0000,23.4482
248.9323,110.2591,10.0000,23.0200
248.1396,109.9061,10.0000,22.3106
247.7024,109.7396,10.0000,22.0746
247.1444,109.9271,10.0000,21.6885
247.6563,110.5290,10.0000,21.5807
247.5663,110.5637,10.0000,21.2833
247.6407,111.0456,10.0000,21.0804
247.4363,111.5958,10.0000,20.5106
247.1378,112.6407,10.0000,20.3240
246.7130,113.1719,10.0000,19.9639
246.0060,112.9696,10.0000,19.8721
245.3082,112.6040,10.0000,19.5716
245.1365,113.7038,10.0000,18.9333
243.1601,113.9346,10.0000,18.8006
243.5552,116.2529,10.0000,18.5275
240.3361,115.7717,10.0000,18.4098
238.6886,115.3316,10.0000,18.8844
239.0069,114.3481,10.0000,18.8085
238.3845,114.0513,10.0000,18.9336
238.0345,113.7412,10.0000,18.8729
236.3748,114.3320,10.0000,18.9523
236.0195,113.2732,10.0000,19.1044
234.1466,113.8821,10.0000,19.1482
233.7511,113.4249,10.0000,19.0288
233.1335,113.6527,10.0000,19.2425
231.1792,112.9023,10.0000,19.2933
231.1112,113.9802,10.0000,19.3939
229.3122,113.9020,10.0000,19.7638
229.3238,114.2381,10.0000,19.6419
228.6606,113.9605,10.0000,19.4673
228.1787,114.5198,10.0000,19.3119
225.5531,112.4550,10.0000,19.1379
225.5198,112.5052,10.0000,19.0774
223.6796,113.1436,10.0000,18.5647
223.9324,111.4651,10.0000,18.7921
222.4194,110.0452,10.0000,18.4780
222.0453,110.0235,10.0000,18.3635
219.9690,108.3243,10.0000,18.3203
219.6908,110.2961,10.0000,18.4006
2
0
0
0
0
1
185.6700,118.1903,12.9846,15.7457
184.0331,118.0218,12.8822,15.8958
180.9088,118.3141,12.5977,16.0417
178.3698,116.7577,12.0309,15.9527
175.5451,115.1902,11.8493,15.9885
172.6784,115.3171,11.5496,15.7447
170.4391,115.1977,11.4713,15.5564
169.5511,113.9848,11.3241,14.9346
165.5845,115.6605,11.6446,15.0360
163.2661,115.7448,11.6619,15.1102
161.0751,113.6677,11.6503,15.0160
162.8028,111.9446,11.6096,14.7370
164.9941,110.4929,10.6010,15.1465
165.2281,109.3587,10.0000,15.3223
161.1457,110.2121,10.2389,14.3825
159.1324,109.2961,10.3053,13.6930
155.1699,109.9932,10.6653,13.1411
152.9560,110.2100,10.6204,13.2406
150.6610,111.9555,11.0543,12.9833
146.1513,112.4413,11.4860,13.1639
146.2088,112.6985,10.9769,13.4458
142.7311,112.6255,11.1224,13.5298
143.4664,112.3638,10.0000,14.6340
137.9094,115.4715,10.4731,14.3015
137.9806,113.8088,10.0000,15.0418
133.9907,113.8548,10.3165,14.4508
132.1216,113.9150,10.0000,14.6491
127.7004,114.4593,10.3693,14.0421
121.9886,116.1933,10.6144,13.4628
116.4431,116.4416,10.8900,12.7781
112.5501,115.2697,10.7826,12.5045
109.1272,113.2456,10.3639,12.5435
102.1182,115.0457,10.6359,11.8253
98.6378,115.1870,10.6530,11.5360
102.3803,115.6187,10.4328,11.7128
100.7558,113.6787,10.4391,11.5459
97.3652,114.3763,10.6032,10.8819
93.4645,113.1019,10.3253,10.9244
89.9857,114.8350,10.3870,10.5968
86.3693,115.1014,10.3880,10.5646
83.5090,115.3563,10.4085,10.2902
81.8886,114.1686,10.0000,10.5962
81.7313,113.8564,10.0000,11.8548
76.3088,113.0638,10.0710,12.1487
68.9798,113.7407,10.3869,11.9268
62.9151,112.8309,10.3321,11.9244
58.2065,112.0786,10.3942,11.6604
53.6324,112.4967,10.7084,11.2778
47.7004,111.7297,10.3125,11.0993
42.6749,112.0989,10.0722,10.9364
39.1155,112.4189,10.0000,10.7107
34.5413,111.6052,10.0000,10.9085
31.2862,111.6198,10.0000,10.9868
28.1105,111.7164,10.0000,10.8774
24.0988,112.2507,10.0000,10.9662
