1
35.2253,60.5224,68.5223,83.8770
41.5599,66.5916,67.6739,82.1891
49.5146,72.4016,66.6847,81.3462
58.7834,77.0957,65.8261,80.9384
68.1362,81.7310,66.8563,78.5320
77.4208,85.2626,67.7763,77.4492
87.4737,87.9078,66.8256,76.6486
95.8027,90.2872,66.3611,75.9712
105.6546,92.6583,65.7177,76.5145
115.5352,96.3065,63.7069,76.8286
124.9869,97.8275,62.8749,77.7219
132.3709,97.6952,62.3683,79.9932
136.9076,95.0073,62.0667,82.1312
141.8828,92.2998,61.6362,85.0769
145.1444,91.0106,62.5296,89.0407
150.1042,89.9206,63.9099,89.6953
155.9301,82.6358,64.0336,89.3180
164.3671,78.9578,63.4982,88.3160
179.4285,75.7557,63.8133,84.1473
196.9968,74.1890,62.7365,79.2498
209.2810,73.6476,65.1474,78.2840
229.0496,74.8830,64.5065,76.3416
246.2415,76.4896,62.9225,74.6536
262.9085,76.5107,63.3945,73.1069
273.5961,75.7408,64.5001,73.0827
285.7655,74.6711,64.5729,72.3102
293.9147,74.2188,63.4552,72.7925
297.2009,71.0670,62.0868,72.8533
298.6711,70.7986,61.3092,72.3036
292.3171,71.7444,59.8878,71.6043
282.7474,71.9572,58.8432,70.3775
269.8297,70.9306,57.9165,69.5276
256.7443,70.2012,57.3447,70.0125
241.4478,70.1960,58.2967,70.5415
225.9636,70.0020,60.1105,71.6924
209.7497,72.4399,61.5791,73.5227
193.3305,73.6043,61.6560,75.6394
183.1914,77.1301,62.5964,75.2314
173.5052,80.9296,62.2288,74.5283
160.6876,85.7489,62.8337,74.1041
152.2924,88.4247,63.5722,74.3492
144.8031,91.4619,63.8745,75.6769
137.8822,94.3097,63.9648,75.6376
132.8672,92.8894,63.8935,79.8009
126.6527,93.5872,64.3823,83.3743
124.0604,93.3428,64.0616,85.7168
120.2374,92.6801,64.1559,87.1960
117.6031,90.2086,65.4928,87.9882
115.4303,87.3695,66.6791,88.9544
114.6215,83.8968,67.1615,90.2951
115.0718,81.2382,67.4024,89.3004
122.8089,80.6906,67.4999,87.5540
132.9800,78.8773,67.7018,86.9666
152.6186,75.4955,67.3034,86.1020
172.1798,76.6209,66.1971,84.1284
190.6790,75.3939,65.0033,81.7806
211.1170,76.7112,64.4309,78.2264
229.1460,78.2767,62.9244,76.7710
247.0811,80.1641,61.0462,73.7549
263.7075,80.5415,61.9570,72.0063
276.9524,79.6505,60.2612,71.2209
290.9166,76.8500,60.5293,72.2755
299.9554,73.9340,61.8650,73.5712
308.7841,70.8922,63.0374,74.2974
312.4066,68.0236,62.3730,75.7163
313.8740,66.6038,62.5524,76.6127
310.9535,65.7592,63.3770,77.3627
302.2686,67.4619,63.9712,78.7708
286.1346,72.5985,65.8700,80.4538
267.5838,78.3230,68.4951,81.5976
248.0068,83.5172,70.1242,80.4311
223.2065,84.2451,72.8060,78.1800
203.5171,82.7365,73.2749,77.7759
182.9827,81.5109,72.2236,79.1630
160.2728,82.1325,73.1355,84.9522
139.2745,82.3594,76.8514,87.4871
118.3660,78.2402,79.4020,90.4955
98.6705,72.3416,81.2685,92.1163
83.2465,65.3400,81.7928,92.8924
65.8718,60.9954,82.0622,96.3858
37.6662,61.2124,86.5308,96.1384
20.2568,66.6570,87.8097,94.5114
-1.1370,69.7066,82.3981,91.6192
-3.2390,71.7333,74.9320,89.0471
-4.3981,73.7298,67.9561,86.0754
-2.6917,75.2686,61.6034,84.6655
-0.5969,75.4938,58.1626,83.8549
0.7700,77.5077,55.4565,82.1699
3.5349,75.6556,58.8709,76.8724
3.9105,79.6824,61.1986,73.1725
4.1662,82.1092,63.4986,69.8976
7.2245,77.3354,65.3029,69.2321
16.2437,78.1944,64.9064,72.7505
24.6080,78.2524,66.3379,74.8135
31.8283,79.6708,67.7457,75.8622
41.9479,82.2469,68.4315,75.8599
47.4273,84.3291,70.6661,75.2796
55.5889,87.2385,72.1429,74.9078
66.2931,87.5852,72.2665,77.5575
81.8625,88.5956,74.0197,82.6677
98.5537,90.9061,75.5073,86.1044
116.4446,93.1984,76.1301,88.7639
134.0063,94.7247,76.4811,90.3245
156.1898,92.9261,75.1620,91.1514
174.6167,85.3318,73.7454,86.0317
197.7700,84.3045,75.5505,81.4775
216.4516,83.6802,75.0852,78.0574
247.3606,110.1204,73.7960,77.6151
274.3757,113.5067,75.1185,79.7622
294.1679,113.3112,74.1958,81.9434
316.5385,111.7177,74.4770,83.1794
332.8040,105.2943,72.6857,81.4668
346.0920,103.1581,71.4199,80.1746
351.1707,100.4703,69.3758,81.2095
354.4550,96.1926,67.9437,82.7203
355.6505,93.3441,70.2613,84.6797
349.7490,87.0869,72.7842,85.8903
338.6709,81.6335,75.8037,88.1939
326.2035,76.4987,78.7963,89.1501
308.1473,71.7476,82.1894,91.6078
289.0499,67.2676,82.2069,91.7020
278.4588,69.4810,81.8529,90.4413
269.5488,71.7363,81.1742,90.2426
263.6851,76.9467,81.1465,90.4258
256.3533,82.1191,80.9698,87.6801
252.0008,85.2265,79.3059,87.4375
254.6292,91.1910,78.3444,87.6293
247.9870,92.2261,76.6185,86.6420
238.2102,89.7366,76.2325,85.1932
215.2063,82.6378,77.8085,80.5345
196.9362,80.1399,75.4473,78.6849
181.7353,78.1588,72.0211,79.0622
167.8662,79.1432,70.5145,79.5034
162.1710,79.7684,71.5710,81.6030
166.3516,79.2012,70.9005,83.6307
176.3036,82.0167,71.0587,81.8180
194.1783,84.2044,72.0546,80.0194
220.1985,76.4651,73.6931,81.1945
231.8868,79.5461,74.4353,78.2064
241.6872,85.3303,75.1898,75.3866
252.1540,98.7797,73.1059,75.3325
255.0478,99.9589,71.7579,74.4697
254.6299,100.4772,71.0417,73.5854
250.8497,101.8814,68.2827,73.4747
246.6830,104.1654,66.2763,73.7047
241.8408,106.4010,65.6354,74.1381
236.9091,107.9127,64.1393,74.3608
233.3315,104.2854,63.3394,75.1391
225.3731,97.4321,63.4568,71.2757
225.4509,90.0023,62.6831,69.2365
234.0674,86.2433,62.0753,69.9466
246.7029,84.5464,61.3677,71.4388
263.9219,83.6797,63.0691,72.4591
281.1060,85.1933,62.6475,73.4797
296.6974,84.5833,60.9020,74.6261
304.7984,81.2595,60.9246,76.6635
310.9945,77.8060,60.9513,81.7265
313.0811,71.2082,61.5666,83.2610
313.3346,72.1626,62.5984,86.2879
311.5671,68.4130,62.3610,85.6983
307.2421,71.3138,62.7307,85.9638
298.6321,74.9324,64.6184,83.6848
289.6982,81.9694,65.3271,87.8395
282.5898,95.0530,66.6168,91.4642
276.8142,104.0330,68.3200,92.9817
274.2207,103.5132,69.8871,93.2699
269.0092,100.2358,70.8625,91.1436
258.4867,95.8877,73.7464,89.9337
238.8901,84.1480,74.4389,85.5810
229.9552,77.3664,74.3451,82.0529
219.2751,75.2781,74.2570,80.1696
209.0682,74.0045,74.1514,79.6164
207.5823,74.1831,75.7261,78.4996
212.4069,73.8447,77.3277,77.3587
208.4922,74.1467,79.5075,77.7270
198.2429,75.7835,80.1025,78.5750
180.6940,79.1330,79.1589,80.0457
163.7067,88.9397,78.7337,79.4386
160.6871,94.6255,77.6170,78.0609
162.5222,96.2374,76.2210,77.2519
168.7532,94.5778,73.7444,77.8276
168.2998,92.5875,70.3732,77.0217
171.6198,90.7852,69.8158,78.0853
189.2980,91.9313,68.4201,75.8048
194.4984,92.7013,69.4826,74.6201
202.0396,92.0058,68.8913,72.1108
208.6431,89.1572,69.1364,70.8203
210.6572,84.6143,68.0592,70.4420
218.9889,84.3346,68.8838,71.2062
222.7627,78.6694,68.4796,72.0826
221.1180,75.8384,65.6893,72.8247
222.3552,74.4472,65.5795,72.1107
222.1942,74.4699,65.9099,74.0774
222.6135,72.0274,63.9765,75.6535
225.5639,75.5530,62.0558,75.1968
224.6707,80.1434,61.7859,72.5537
224.3072,82.6929,61.3508,70.4453
223.5067,84.9739,61.2927,69.2045
224.6241,85.6758,62.1951,68.8891
226.6693,84.1588,64.4343,69.4096
237.2177,83.5865,68.4709,70.1390
249.9920,84.4076,70.6862,71.4109
272.4677,83.4122,73.2383,75.8265
280.2670,81.1445,74.0331,79.3031
267.1416,79.2703,74.9534,77.9197
256.2508,76.2529,75.6844,79.5107
238.7661,76.5572,74.9534,80.4136
234.9156,80.9149,74.9696,81.9415
241.1271,83.7395,76.6970,83.4814
245.9365,86.8443,75.7937,84.2279
243.8736,89.1736,76.1656,85.6841
226.7685,84.4291,78.4578,83.0664
210.6617,85.0265,79.1682,80.1303
191.4818,85.4171,78.2039,77.4878
180.4406,87.5164,74.7291,75.2277
164.0633,94.3218,72.3420,73.4554
156.5075,100.9522,69.6435,73.2876
153.8168,106.4893,69.2878,76.2624
153.9138,107.9510,70.3169,82.2771
156.8896,104.1327,72.5649,85.6402
167.0003,93.0583,73.0886,85.2662
177.7437,84.5429,71.1022,83.6750
188.9575,78.9687,67.3375,82.5313
201.4254,69.7399,66.3508,82.3979
217.3642,64.0111,66.3626,84.4173
229.8213,58.1348,66.8942,85.3033
237.4548,57.1063,66.5463,84.6180
243.5491,60.8809,65.9200,82.5672
247.2342,66.3918,64.2955,80.6842
243.7940,71.6597,65.0573,80.6266
231.6677,76.0253,68.9683,76.7750
221.5893,79.5477,72.1537,76.9831
213.1829,78.9165,76.1683,79.1307
197.2622,83.5172,73.4197,76.0826
185.8906,98.8103,72.4526,71.0850
181.9905,105.5114,70.3290,70.0427
185.7990,105.7403,70.0921,69.4694
189.6429,100.2188,70.0955,69.9124
197.5060,93.8946,71.8682,69.9623
208.2869,87.5645,72.0455,70.5413
219.5604,84.3998,73.7016,72.4270
224.5275,81.0995,75.5811,73.0181
227.8261,82.8593,75.8714,74.3032
232.6049,86.5014,75.5517,76.2488
240.3745,88.3190,75.0261,74.7355
243.4632,91.8673,74.3268,73.0896
245.3099,95.8360,72.7650,74.9120
242.6245,93.1320,71.0405,74.2576
230.5831,90.4629,70.6501,73.1621
219.3529,87.1585,67.3817,70.9930
215.1859,89.8498,66.3839,69.3149
210.4636,90.7823,65.2683,67.6753
208.5671,83.1351,63.7967,71.3620
207.0262,84.3369,62.8598,73.1658
207.7142,89.1603,63.4822,70.8480
208.0446,93.0966,63.8877,67.8859
214.6423,94.7968,63.9217,63.9719
223.1624,94.7121,65.7681,63.0963
230.3581,94.2130,66.5319,61.7684
235.0868,93.7002,66.9495,60.8849
232.0464,92.5264,65.8578,61.5322
224.7200,91.3489,65.5879,62.2398
211.2705,90.7016,66.1754,63.2088
203.4171,89.4900,66.6256,64.9301
227.6403,63.5140,66.3326,70.4306
226.2067,57.5673,66.5887,75.1909
214.5489,60.6693,66.8917,72.5278
210.4047,67.4386,67.5270,76.2100
218.5697,65.4046,67.1552,80.3831
217.8690,62.1838,66.1504,79.7310
213.7985,58.6520,65.4598,79.2122
210.6691,58.4566,65.9135,78.3319
204.6075,60.1743,67.0908,78.4020
196.5688,61.2154,68.9787,75.2910
188.1930,64.1943,70.7618,74.4519
173.1783,68.1673,72.3820,78.0901
157.7994,71.4259,73.6920,83.4402
141.2809,75.3512,75.9442,86.6908
130.9776,84.0686,77.1075,87.3744
126.3210,79.4186,77.3957,89.0081
129.4070,69.6084,80.6355,90.0986
139.3956,63.5105,83.3885,90.7403
162.4447,58.2522,82.9953,89.6469
183.4251,56.1859,83.5243,87.6564
202.6350,61.2319,83.5608,88.5354
222.9562,67.6428,81.3699,89.6610
244.6152,74.0355,81.4217,89.1323
262.2693,78.4100,79.4752,86.1015
270.2967,86.8888,77.9726,85.9806
268.0501,84.2577,77.7440,86.1841
258.8887,81.2767,78.8566,89.5834
251.3988,85.6219,78.2956,89.0807
249.4742,79.9218,78.4618,86.3151
241.4572,78.6039,77.2602,85.0685
243.8399,79.0385,76.2858,82.8620
244.3514,81.8310,75.6315,84.4555
236.6066,83.1294,75.8485,83.6382
225.4694,77.4880,75.3094,81.0059
215.6023,77.8649,74.4159,77.6229
207.3705,78.4943,73.5759,73.9607
201.4495,75.6997,72.1378,72.0446
205.9134,79.4221,70.9125,70.0100
224.6432,91.8728,70.4649,70.4066
240.8809,102.4694,69.8327,76.2712
249.4185,105.6279,70.2434,79.3803
255.1823,104.8489,73.5134,83.4258
252.1900,98.7178,75.5578,85.9930
247.3394,95.1765,77.0795,85.9821
245.1234,92.8732,77.8069,87.6081
247.4787,94.1026,78.3022,88.9697
246.1810,86.2351,77.8125,90.4230
237.3495,77.8511,79.6420,92.6197
206.7850,62.1608,78.5051,88.5891
177.3350,70.0024,76.4451,85.8195
159.9045,76.4867,76.6465,84.9208
154.9741,78.6244,78.2056,84.0677
172.9212,73.9617,79.2458,83.7393
196.4799,68.9593,80.8230,82.1310
236.6353,63.2610,81.1656,83.3174
271.9822,69.9263,85.4281,85.6560
296.4495,67.7596,83.8681,88.2573
295.5184,62.1632,85.8195,88.7365
269.5502,61.5525,86.7581,89.0457
234.6831,55.4421,89.7349,87.5474
189.3737,76.1333,87.4488,85.7929
170.0220,87.4766,83.5274,83.2432
161.8019,93.1872,81.4946,81.7295
194.7102,119.3027,81.6232,81.3156
206.0128,121.2332,79.3251,81.7303
211.3893,118.0135,77.0945,81.5700
223.2282,88.7386,75.7675,86.2261
239.2188,73.2228,74.7407,82.7126
244.3951,71.1349,71.2822,81.3680
226.6174,72.3741,73.7519,79.1144
210.9143,69.8714,73.2217,77.4050
205.3384,79.6867,72.6187,73.9411
199.3684,102.7478,71.8612,71.2486
230.7480,122.9486,64.8151,74.1761
244.4102,124.2402,66.9262,74.2597
267.1240,120.4323,69.8523,76.0895
300.7514,110.3660,72.4887,78.3386
327.7640,96.3818,73.9812,81.9540
335.2586,80.6874,75.0382,85.8232
314.8942,78.2930,75.2292,82.4717
284.1690,70.8856,75.1443,82.8144
254.2497,76.6456,77.0764,83.3927
217.0231,71.8236,74.0210,79.0524
183.9871,76.6510,74.2740,76.4594
159.4400,85.3023,73.4419,77.1306
146.0568,91.3766,71.0236,77.2493
145.5558,97.0888,70.7392,77.7610
145.2949,107.7939,68.6098,77.8996
153.7000,106.3852,68.5907,77.8899
201.2281,129.7353,69.0645,77.4353
213.3821,128.2573,64.1843,77.7639
215.6549,117.4532,61.6949,79.7992
201.2915,88.9587,66.3944,76.4153
182.1639,78.9051,70.5793,71.9636
157.9242,81.6554,69.2442,71.6381
139.5171,91.9931,69.5894,75.4806
130.7895,94.9961,68.1831,77.8987
128.8320,96.9192,69.4056,79.8624
140.0556,95.5327,68.2888,79.6836
161.0754,85.3111,68.7362,81.4214
