1
622.3140,666.9886,61.8723,28.1817
616.3018,660.7692,61.9924,28.2446
604.1254,659.7836,62.1028,29.2363
584.2513,655.5184,62.4564,29.1049
567.9435,651.1763,59.5501,30.2497
552.2778,646.3705,56.8323,31.0727
535.9229,640.7498,57.5622,30.6707
515.6781,637.6104,59.4231,30.1111
490.6613,632.7859,61.3893,29.8054
470.9924,632.2643,61.2569,30.2739
452.4528,619.0161,57.7363,31.6528
429.7067,592.3766,50.7780,37.5915
417.1906,577.8382,52.3918,33.1032
394.4888,569.3442,48.1517,36.9216
378.8092,555.9907,45.7472,37.3736
346.5113,534.5240,43.3769,41.8959
341.5665,516.1264,44.2822,40.0965
330.5579,509.2137,42.9181,41.0459
315.6453,503.0710,43.6568,39.6773
300.5781,500.8919,47.6574,34.7917
278.8716,509.4428,48.8036,31.2830
253.0384,521.5754,48.8114,29.4036
229.8523,537.9399,43.6779,33.0463
220.0759,550.7902,40.3201,34.1406
210.8724,558.5781,38.8764,33.5314
202.7334,570.3384,35.4262,36.6052
192.0794,582.4222,34.9204,35.3163
193.4420,592.2455,33.0608,36.4689
199.1983,615.1418,31.9778,39.2495
213.8522,645.0894,32.2111,39.0599
216.2826,687.9734,29.1770,45.1058
236.9075,715.4353,27.4602,46.6124
235.1968,727.0841,29.7865,45.8307
240.8951,735.8760,31.8081,46.8456
262.4790,741.1138,28.3871,51.6032
280.2814,764.6847,31.8688,45.8970
295.6767,771.7888,27.9275,51.3385
302.0063,778.4297,27.5134,52.5560
309.9625,792.0111,33.6715,43.8343
319.9713,802.2099,35.6041,40.5723
336.0792,811.5455,37.5133,38.4256
359.0137,819.4058,37.0228,37.6616
376.1730,831.5595,34.6274,39.9309
387.6342,841.2916,36.2188,36.2803
389.9310,842.5067,35.3043,35.4872
390.0685,863.0943,35.4705,38.3496
389.3314,865.6057,36.8707,39.4231
388.8190,867.9908,37.6275,40.3864
387.8602,870.4321,40.7842,39.8424
387.2489,865.7043,40.2179,41.6702
387.0031,866.0474,39.8584,43.4441
386.9343,862.6623,40.3568,45.0849
389.0530,865.6646,41.4581,45.7189
392.7164,866.7267,41.4595,46.5534
394.8195,868.7868,40.9359,47.6653
395.3025,871.3028,41.3283,48.2805
396.6422,873.1550,40.7173,49.5083
393.8299,873.2097,41.1408,47.1104
394.2917,877.5864,42.0242,44.8394
392.4496,880.4087,43.5012,40.5720
389.9873,881.5029,43.2094,39.4605
388.7411,881.6785,42.9966,38.1271
386.9403,881.8999,42.5915,39.0095
387.4689,883.7891,41.9519,37.5211
386.2055,884.4131,42.1255,36.5742
387.6925,885.3453,40.7884,38.2441
389.4657,886.5413,39.0757,38.3240
391.0303,887.0566,37.4652,38.8687
392.0685,887.5791,35.9535,39.3052
392.7629,887.1851,37.6392,38.5419
394.4745,888.0598,38.0951,38.0935
400.6922,888.0682,37.0025,40.0663
394.4471,882.5542,38.0246,38.7087
395.4718,878.8737,39.3875,38.6429
397.4915,875.5604,40.4549,39.6399
397.6306,877.1759,40.0139,40.1729
397.8161,880.1943,40.4327,40.0849
398.0244,880.8658,40.4935,40.0819
397.7484,881.8502,40.5108,41.4440
400.0426,883.8588,42.7275,41.0436
408.6093,886.9573,44.0955,40.5091
411.6041,890.2049,45.9078,38.5580
414.2640,891.8322,46.3975,37.5397
415.6310,892.6372,47.6763,37.4799
417.5990,891.3465,47.3521,37.1713
420.6908,890.1434,46.3338,37.9298
419.4978,892.7473,44.4166,37.8288
418.7656,894.0297,43.0228,37.1744
420.2372,892.8016,41.0278,37.2466
418.7504,893.3438,40.4958,36.7851
417.5008,893.1469,40.4587,36.1909
412.4522,892.3693,41.2417,35.4391
410.0642,893.3571,41.1186,34.9986
411.0755,894.9729,40.9490,34.7610
411.1114,894.3545,41.6341,34.7007
411.7564,893.2223,43.3671,35.3525
410.0344,893.9382,44.1250,35.1752
411.6649,892.0327,44.9360,36.1273
412.3760,890.0506,43.8215,37.9523
409.8373,891.1592,44.6703,37.8087
408.6017,893.2087,45.4112,36.7757
406.4045,890.5977,45.3545,36.2238
405.3167,892.0170,45.6172,35.9057
405.1872,892.0482,46.1378,36.1851
407.7787,891.2215,46.2799,36.7416
407.6496,891.2103,46.2983,37.4299
403.9614,889.6636,47.7539,36.8545
400.6656,888.8431,48.1485,36.6450
399.9605,887.9681,48.3273,36.9750
402.8467,888.6462,48.2205,37.2203
407.7799,888.6724,48.7479,37.5263
412.1507,888.7155,49.1854,37.8710
415.2602,887.8065,49.3538,38.4668
417.0528,888.0205,50.4214,38.1227
420.5770,886.1534,51.1784,37.8559
420.8553,885.4534,51.1682,37.9788
420.4248,883.8271,51.7749,38.1805
420.6769,884.3423,52.4673,38.3372
419.1473,882.3633,52.5296,38.3628
418.2475,882.2124,53.5659,38.2626
417.2985,879.3571,52.8554,38.3675
416.3421,878.5680,52.0778,38.6668
420.9185,877.9905,51.5088,39.2902
435.3856,876.1257,53.9418,34.6725
455.4790,872.8510,55.8907,31.7811
466.0167,869.0739,54.1597,34.3440
476.8759,867.3051,58.7852,31.9493
490.2785,860.5451,58.2506,32.0517
515.0013,855.6313,58.6573,30.4463
542.8474,853.8244,60.6622,30.0485
555.4959,852.3130,62.0788,29.2282
563.3021,853.6303,61.0879,28.5600
563.9607,854.9661,59.6475,28.2448
565.3021,856.3290,58.9555,28.6401
570.6805,862.3086,56.3184,29.9388
571.0131,863.4399,56.2559,29.7212
571.3045,862.7121,56.8765,29.2705
569.4227,861.3129,58.4726,28.7567
570.2079,848.5640,59.3479,27.7262
570.7065,850.2444,60.6490,26.2186
573.8009,849.0604,63.5061,25.1829
575.0470,847.7853,63.2240,25.4501
584.7569,847.9628,63.2763,25.5645
588.3748,850.7751,64.2256,25.5989
593.4537,853.2640,63.6104,25.8005
601.9524,851.4550,61.4955,26.7279
611.9474,850.7357,58.7000,27.9165
612.7755,846.5255,57.2621,28.9815
613.9247,846.1459,57.3766,29.5646
616.8243,841.4163,56.0833,30.1776
623.2633,842.9245,54.0106,29.6013
628.5112,843.8090,52.3309,29.0424
637.4150,839.7576,50.1701,29.3190
643.7624,839.1897,47.8724,29.0935
648.1686,837.8156,45.6583,28.7751
658.4117,832.8388,41.8666,30.3708
667.9374,828.3012,38.2146,32.7510
669.2637,826.5748,36.2711,34.4995
673.5227,825.0399,34.4852,36.0380
679.5867,817.4989,32.9202,37.0776
684.5972,812.5535,33.4134,35.3931
691.3923,812.1686,34.3377,33.3323
696.5877,804.9883,33.6547,32.5696
703.0051,798.3274,33.3276,32.1054
710.8937,775.9545,32.6884,32.3058
723.5142,764.2050,34.5246,31.9445
734.2979,750.0165,34.9803,32.4620
752.6132,729.4021,34.7316,32.2139
763.2370,710.7633,34.1093,32.8580
776.6694,692.7344,34.5633,33.5159
777.7860,686.2402,34.9683,33.3778
780.6484,683.1682,36.8822,33.5065
782.3215,683.5828,37.5199,33.2103
782.6869,684.0718,38.3172,33.2169
784.1982,685.3416,40.0351,33.0402
785.4755,685.9391,41.9956,33.6247
785.2122,686.1372,43.6714,33.5612
784.4042,687.5642,44.5356,33.9592
783.7020,691.3018,45.8045,32.2398
783.6906,694.5312,45.6969,32.2197
784.7471,697.2824,44.1158,34.0302
785.6462,699.6434,43.2297,34.1966
785.9089,699.7598,41.0583,37.7480
786.8500,706.8520,39.8317,40.7167
786.3647,699.5161,40.7437,40.6249
785.4084,703.7349,42.4382,38.3391
785.2525,706.8665,43.0781,37.4687
783.5850,715.1630,39.2431,42.8731
775.2509,717.1281,36.2153,45.7112
771.9656,722.5810,35.9764,46.6628
768.4725,725.0781,34.9612,47.9548
765.9616,719.8563,29.1083,57.4329
756.6624,721.4643,27.2977,62.0063
745.1719,724.2764,32.7756,55.9736
725.6134,729.5625,38.3035,48.8187
712.1060,742.2380,40.2105,44.3077
696.5283,750.6318,40.6499,42.4093
686.8304,755.9963,42.7779,38.7377
684.3373,758.6194,42.7215,37.4604
683.3448,759.7130,43.0585,37.7837
679.3443,754.0734,43.0047,41.0183
678.2411,753.8307,44.4559,41.3600
676.9924,754.4706,46.1877,41.3293
675.9603,754.3726,47.8383,40.8235
669.8457,755.6611,50.1737,39.1284
675.4363,759.9230,48.1868,39.5830
675.6462,760.0267,47.9728,39.5666
675.3989,763.0089,50.0901,37.9602
673.9996,764.0344,49.3302,36.7836
671.6596,765.6718,49.1408,35.7870
668.7095,767.0011,49.7864,34.8244
670.2089,768.1923,50.2250,34.7279
670.2804,769.4623,50.9144,34.4507
668.3700,763.2569,50.1139,36.6305
665.4946,760.9774,50.5693,37.4413
666.3383,759.4745,50.8371,37.8916
667.9825,758.7267,51.4892,38.4599
664.6544,757.5740,51.9789,38.2285
665.9288,751.9252,51.8207,36.5824
666.2908,745.4706,49.4608,38.4126
668.1561,737.1386,47.3180,40.4943
667.2518,732.3245,46.2773,41.4259
661.0137,723.4545,45.6454,42.7560
655.4068,708.1066,43.8424,44.8899
646.1892,700.9008,45.2787,44.8905
643.5941,692.0557,46.9937,45.5348
633.4648,678.9022,49.3602,43.0324
622.1935,666.7769,50.4490,40.4362
606.2715,656.6645,54.6727,35.9492
583.2004,641.5767,54.3962,33.6335
540.3165,641.1227,57.1051,32.0788
503.1765,636.1705,59.3624,31.1118
488.1559,637.3597,56.5392,30.5579
468.3221,640.0052,57.2974,29.8411
434.5330,648.7437,58.0357,28.8707
406.3992,657.0864,57.1792,29.4328
387.6609,664.6597,54.6856,29.0053
361.4553,677.3025,53.2337,28.6455
347.0044,686.8375,45.5172,33.7345
328.3326,709.0952,41.5389,36.4749
322.4772,727.7922,34.2627,44.3756
317.0625,753.8607,35.3307,42.4688
317.4234,782.6620,35.8934,39.9924
315.3685,800.7177,31.4544,45.9894
314.4086,814.0544,33.5200,44.3605
320.1996,802.4490,34.6444,44.7112
331.4400,803.7462,35.5668,46.7894
338.2057,806.9853,36.3502,47.6121
350.7299,811.8774,38.2003,45.1073
369.2172,825.9182,38.7162,43.9383
392.6351,829.3354,41.1668,41.5809
400.3791,832.4055,41.9060,39.3023
414.3210,835.2621,40.4353,38.8052
432.1050,838.8359,38.8260,38.5060
434.1441,837.3572,37.3064,37.6243
430.4548,833.8553,35.5580,39.2560
431.0140,830.3539,34.3114,40.5226
429.2328,837.7013,30.8279,45.1130
428.6120,841.1724,32.3958,45.6623
421.1486,840.3268,34.1704,44.4394
407.5388,842.8986,35.7235,39.8937
388.8810,844.5088,37.7419,36.4061
365.4665,842.4896,43.7865,31.2425
347.6310,831.5615,43.6776,31.2115
324.8144,822.0883,43.3265,32.4118
305.9429,810.3111,40.7545,32.5082
279.5156,793.5723,40.8250,32.7198
250.9327,771.6074,39.2045,35.5947
227.7857,745.7598,38.0915,34.6531
202.4916,718.9028,38.8474,33.8966
183.6218,701.8696,36.7730,37.3009
171.9106,683.7560,37.5938,37.0638
165.6722,677.9445,38.2503,36.0786
162.8997,673.4853,40.0131,36.0421
160.2948,672.4846,41.6836,35.9825
155.1500,673.5250,44.4916,35.9052
152.2087,674.5239,45.6728,36.4716
149.9605,674.9507,47.0354,36.3905
149.5669,674.5958,48.2339,36.4927
147.4381,673.3777,49.6779,36.0321
146.2016,672.4638,50.0688,35.7465
145.0651,668.8453,50.8531,36.1495
145.4201,664.3947,50.2113,38.5034
143.6035,662.2523,50.2226,41.5681
139.1475,651.4686,47.6601,45.6046
138.2338,642.5989,47.0105,45.5704
139.4687,626.5471,46.4973,44.4364
131.9853,616.1336,45.1237,45.5738
126.0015,590.6971,45.1473,45.5704
119.7304,574.3350,43.2739,48.2167
121.1834,565.6989,43.4102,48.8560
123.3705,549.8698,44.7542,47.9603
127.0662,527.2222,43.5632,49.1187
127.8493,503.7529,46.0456,48.7866
130.7739,479.3503,45.5033,49.8298
140.9706,444.3141,46.3178,49.9912
148.2276,412.2897,44.8239,51.8886
156.7365,385.7473,45.5883,50.5627
166.1243,368.2985,46.1441,50.3672
176.2472,355.5745,47.0593,47.9440
190.5350,348.8534,45.9110,48.8928
191.6908,347.6069,45.7365,46.8155
194.6923,346.2364,44.2176,46.2199
196.6628,344.0470,43.5395,46.7037
198.4809,345.5748,44.1320,45.7642
199.5249,346.5595,43.5936,43.5140
204.9382,341.4185,41.2239,42.6643
208.9952,342.7368,38.5883,42.3114
210.4141,343.9061,37.5120,41.0842
211.3326,343.3408,36.2754,40.3940
211.9059,342.6274,35.3488,40.6509
212.3956,341.9684,35.2951,41.0827
211.9869,341.6780,35.1571,41.1683
209.1154,341.1563,38.3502,39.1718
209.8338,339.5686,39.7972,38.1871
208.8924,339.3304,41.0228,37.6662
208.6085,340.4235,41.9413,37.0951
209.1838,340.9450,41.3180,37.7815
212.9958,340.4709,41.3406,37.9267
218.0647,339.9207,41.6490,36.9036
227.3889,340.0426,43.0412,35.5819
232.3073,338.2581,42.6241,35.5202
240.8941,334.3270,40.4527,39.4698
245.6740,323.7151,38.6445,42.7237
248.8610,318.8448,39.4149,41.5675
257.4046,311.4603,36.9595,45.0086
261.0479,312.2137,35.7186,45.9845
268.0974,305.2690,36.3079,45.7306
276.7913,292.9942,37.8195,43.1286
285.5464,286.9312,37.0218,44.2565
289.2019,285.1444,36.2154,44.8056
291.4326,278.9827,37.9924,43.1976
293.2378,269.2934,37.8149,42.6418
289.8719,260.4243,38.6723,41.2881
291.7211,258.3163,39.4287,40.8202
298.8643,246.3952,38.3535,42.5629
305.1123,244.8103,36.5326,44.1459
307.6404,243.1880,33.4427,47.3832
301.1729,242.8092,35.2211,45.3981
284.3245,231.4808,37.4339,43.2961
279.0020,230.3608,37.5645,41.9928
266.9647,231.2443,39.3615,40.6878
257.2187,234.6579,40.8592,40.0508
254.7358,238.3130,41.2542,38.9121
250.3247,241.4007,42.3037,36.8411
246.3073,244.4071,43.9144,36.0998
237.6133,248.5283,46.0125,33.6936
2
0
0
0
0
1
284.9902,238.9943,40.9658,37.2382
282.8125,236.5914,39.2155,39.2168
280.8171,236.6879,38.8102,40.0778
281.6682,232.6497,37.9389,41.6656
281.3887,229.6402,37.0316,43.2818
279.5526,228.7165,37.2027,44.2746
278.2907,227.8926,37.8472,43.7168
274.4215,228.1876,38.7695,42.8666
270.5632,229.2150,39.5332,40.8092
269.6244,231.0953,39.9831,39.1554
269.3881,231.6785,39.9555,37.8613
267.1168,233.5293,39.1725,37.1010
264.9099,235.2452,39.0524,35.6523
262.2180,236.3090,38.7509,34.9767
261.7691,242.5334,37.1881,35.0438
256.0619,245.3925,36.3858,35.0026
243.2725,252.6093,36.2550,35.1495
232.6246,265.2904,34.8700,33.5043
217.1050,285.6847,34.5094,32.8221
198.5752,305.2126,33.7428,31.5607
193.7751,316.0684,32.3027,31.6661
188.1042,322.6792,31.8120,31.5073
186.1514,325.0532,32.3082,30.7704
185.1139,323.5564,33.0538,31.7830
190.2728,318.0483,32.7393,34.5144
190.1907,314.5551,33.0705,35.5988
201.7822,308.8276,31.2828,37.5198
199.6601,294.2422,31.3998,36.5946
214.4744,282.7344,31.9977,33.9319
238.6193,261.5028,31.2488,33.2887
260.1333,248.7972,31.1878,34.0234
281.4391,227.2238,33.0014,31.8146
315.4977,210.5226,33.7457,31.8526
355.1180,198.2346,32.9099,33.4307
390.4181,202.5361,34.0009,31.7998
413.5705,199.4176,33.4146,31.3736
451.8227,213.0686,33.5977,31.2508
486.7245,241.5802,33.4606,30.5775
495.9464,249.6049,32.8134,30.3699
499.7679,256.4656,32.0036,30.2323
510.0372,262.5897,32.1466,29.2785
527.7771,258.0464,31.5618,29.6298
561.3309,246.7256,31.7716,29.8035
598.7482,222.3840,30.7136,31.2271
612.5533,218.7505,30.8652,30.7531
621.3315,221.4733,30.9733,31.8253
622.2802,224.3712,31.0784,33.1560
623.2773,226.4465,31.3719,33.0418
620.3484,225.1303,31.3721,34.1461
617.4879,223.2648,31.3431,35.9077
613.2867,221.4317,31.1335,37.4852
605.1866,217.5075,30.8321,37.5743
599.6804,213.2901,31.0117,38.5681
591.5888,206.8598,30.9666,39.1251
581.6673,201.3080,32.3588,38.4459
557.5738,191.4542,32.9647,37.7773
528.5255,179.0607,33.0019,37.6202
505.6530,180.2143,34.6444,35.8316
496.1038,177.5090,35.6147,33.5312
494.4800,177.0408,34.3250,34.5603
496.7299,182.1176,34.2197,34.0317
510.8467,191.2528,32.8931,35.1420
516.0756,190.3279,31.6559,37.4214
522.6060,193.6179,31.7693,37.1931
537.6661,190.0737,31.9907,36.7854
560.2167,200.2446,34.0821,35.2419
595.9016,209.4446,34.1741,35.7511
629.4812,218.2574,34.2131,35.2412
658.4206,234.2246,34.9152,33.6469
676.8061,249.8762,33.5426,34.6908
695.7253,278.7436,31.8964,36.9306
718.2104,310.4911,33.7100,33.8865
732.4323,318.1163,33.4510,33.3957
750.3815,330.4277,33.1976,32.1583
768.1106,346.0773,32.2883,32.5742
785.4611,366.5411,30.5175,33.8909
787.3322,390.7981,26.5906,37.5176
784.1767,426.4986,23.9305,41.0128
793.1594,452.0419,22.3929,43.5765
2
0
0
0
0
1
653.9991,634.3861,66.9738,26.3209
636.6482,621.7316,64.0881,28.2300
621.3265,603.0920,63.5556,30.3011
602.1638,574.5067,52.7398,41.7854
592.8839,530.7681,48.3726,46.8058
581.2077,486.9937,47.5054,49.0748
562.3384,443.5841,48.5920,47.5252
549.1688,400.6810,49.4510,47.4491
552.7490,375.2811,46.6987,49.2543
548.0457,365.9559,46.0488,48.8019
536.6959,335.0377,44.0364,51.4918
516.8206,299.8545,45.9663,48.2043
504.6304,282.7023,44.2480,48.5742
497.1925,265.8259,45.5346,48.1225
486.8629,230.4157,45.0957,49.8944
494.0234,195.4561,44.9577,47.7445
502.3855,179.5213,42.9168,48.9961
503.8651,179.1643,41.7010,49.8460
505.2564,178.5353,40.3592,53.4463
497.8376,177.3888,40.0725,55.2191
489.1024,178.1594,43.0580,54.0751
478.4617,182.6485,46.8172,48.2782
454.2382,183.9099,48.6637,46.3395
423.5191,183.5143,50.9383,43.7044
391.0362,187.8885,57.5637,36.6418
370.7077,197.8938,58.7371,32.8775
345.1857,210.7688,50.8110,40.6865
323.1861,226.7140,53.2725,35.1653
291.0773,234.8005,51.3948,36.9396
277.6598,236.2804,48.5326,38.7564
261.5488,246.7783,43.8702,41.7029
243.6033,279.9080,42.1172,41.9331
226.8574,317.4950,41.1740,42.3255
211.0497,362.9825,39.8456,45.3887
219.5800,407.8345,34.4729,53.2171
230.5979,471.4747,37.1485,50.0819
246.4294,527.1083,38.9275,50.4383
249.8430,549.0964,33.8878,56.1158
244.6146,567.1615,35.8478,54.1088
243.1512,578.3893,37.4146,51.8246
224.1471,595.5204,38.5836,50.4025
202.4197,617.9745,40.4080,47.2410
174.0056,640.2620,46.4192,39.2273
160.3126,642.4758,44.0985,39.8476
162.7589,640.1088,40.9370,44.1758
162.4883,640.8800,42.2066,44.1508
160.2745,643.5367,41.6222,45.0371
157.9433,643.9479,41.1105,47.4743
157.6685,644.0010,40.9068,49.8470
157.8854,644.9421,41.2174,50.8507
158.7920,646.5274,40.6546,51.6848
159.8705,648.0594,40.3124,52.2409
160.5075,652.3804,40.2914,52.0565
167.4851,661.9088,39.3482,54.4635
172.9680,677.6585,39.7651,55.5006
180.3258,692.7974,41.3692,53.8923
199.9042,711.4021,44.0112,50.9548
210.8017,729.7866,45.2294,48.7965
226.0258,746.5468,43.5597,49.7387
234.5727,751.5103,43.9840,50.1494
243.1836,761.0140,44.7106,48.9303
258.9545,765.7810,45.4516,46.3061
275.3556,764.7511,55.2197,38.0534
299.6861,759.4944,60.1480,33.8183
337.4299,753.0210,61.3572,32.1469
367.2184,742.7938,59.9012,32.0885
396.0486,750.1386,58.3908,30.9625
426.4301,750.7993,57.5878,30.1412
443.7122,757.5399,54.9687,30.2853
467.9122,773.9286,53.6985,31.2404
489.1286,785.0587,45.7823,39.7245
503.0681,806.0717,42.1905,43.2317
513.5103,813.8722,34.1819,54.0536
517.2185,827.6414,38.0513,48.9692
523.7341,832.2563,42.1390,44.6197
526.0125,835.0197,44.4376,40.8898
525.9099,836.4287,45.8198,38.5524
526.1653,836.3422,46.2213,37.2495
534.3897,836.4905,48.1726,35.9936
540.3431,838.7888,48.0853,35.7265
542.4453,837.6581,49.3636,35.9036
542.6818,838.5880,49.3635,35.4640
543.0152,839.3884,49.4491,35.2884
543.5284,830.1539,47.9393,36.8233
545.1335,830.1682,46.5411,36.8878
545.2409,829.8140,44.2826,37.6240
545.5101,826.9878,43.1559,36.2904
545.8425,826.1941,42.3711,34.8133
547.5245,822.9115,40.2106,36.0176
550.7851,817.0920,38.9087,37.2625
552.5817,817.5010,37.9931,36.9628
558.7983,814.5850,38.1472,36.7286
559.0645,814.7552,38.5197,36.0393
558.4955,814.1399,39.1379,35.3230
558.2957,814.4012,39.6446,34.4022
564.6015,811.9387,39.6378,34.8973
572.1702,808.4125,39.3156,34.3998
574.7231,805.9379,38.0882,34.0726
577.4391,802.8550,37.3720,33.7149
584.4733,796.4641,37.6916,32.6474
589.7924,793.3638,37.3427,32.7280
590.5869,794.9175,37.3083,32.4352
598.1439,793.7492,37.6417,32.3687
601.3032,796.3698,42.1215,28.2069
607.6505,793.7223,44.3924,26.0435
616.6692,789.1379,47.8809,23.8921
615.1226,790.0157,48.5493,23.1724
617.4023,789.6907,48.7673,22.5585
618.1813,789.8672,48.2777,23.2679
617.4253,789.0417,45.7206,23.8445
615.7909,788.5165,44.0251,23.9786
617.1517,786.5629,43.5833,23.9285
618.1251,788.1166,42.5748,23.7994
616.8146,788.2571,41.1751,23.7127
619.2430,788.8789,40.4123,23.5315
621.4302,788.4315,40.3531,23.0857
622.4692,788.5874,40.4148,22.5531
623.4681,787.0536,40.1803,22.3945
625.5814,788.3266,39.2908,22.3907
627.7987,788.4269,35.3236,25.0839
630.0405,790.0003,36.1772,23.6460
629.0606,790.2334,33.6657,25.5729
631.4009,790.2520,32.6604,26.5671
629.6415,788.6688,31.6290,26.9029
633.8763,788.1445,34.6552,24.0474
635.5964,789.8464,35.9935,22.5509
636.5224,790.3950,36.1109,22.1780
645.5679,786.4194,36.1731,22.1966
660.2012,781.9946,32.9469,24.5325
681.4598,772.7048,32.4728,25.5427
698.9846,760.7720,29.7894,27.8344
709.4215,748.4011,29.6187,29.1937
711.9535,744.7050,29.1546,29.6599
712.2711,745.3323,29.0408,28.8668
713.1575,745.6329,28.7893,28.3894
712.5651,747.0953,28.6519,27.6940
716.0981,744.4338,28.0628,28.0774
716.7552,745.9157,27.2666,28.2298
717.3127,745.7382,26.6021,28.2626
716.0134,742.4889,26.4651,28.6490
