1
535.9041,241.6477,41.1548,15.9347
541.5081,245.1069,39.5705,16.3474
544.4564,246.7654,36.4263,18.5299
548.1718,248.9025,31.6604,22.5398
549.8131,253.0633,29.5725,24.7053
550.2352,264.8192,31.2739,22.4251
551.3140,267.4244,32.1224,20.3878
550.8564,271.6124,32.5978,19.1621
552.3221,275.8499,32.6059,18.9488
555.3228,278.4978,33.0153,18.1703
561.5350,279.5372,29.7864,21.0376
563.7592,281.4786,27.5211,23.1135
564.8878,283.9141,26.5831,23.6554
568.8000,286.7504,26.1883,24.7770
571.8850,290.5768,26.3336,24.5194
571.2521,301.7091,30.7578,20.2130
562.9448,305.7823,31.9868,18.9667
567.4183,306.6157,31.8985,18.9087
565.3240,310.3519,31.7428,18.9347
564.3499,314.6859,31.5158,18.9966
557.5928,326.7765,32.2368,18.2174
562.6556,331.0215,32.4021,17.5508
563.3666,333.1630,31.9068,17.8455
565.7546,332.5129,29.0056,20.9698
566.6938,336.4395,27.0807,23.3283
564.9188,348.4241,30.5013,20.1026
562.7872,353.3633,33.1680,17.9522
562.9185,352.7506,32.0405,18.8289
565.2419,352.2591,28.3967,22.3837
566.0049,355.3369,26.3296,24.4106
566.9144,360.9789,26.1857,25.0725
568.2129,363.2790,26.5842,25.2177
569.3853,363.2979,25.2256,26.7665
566.9375,364.0105,24.5516,27.9619
566.8351,363.7471,23.9783,28.5216
569.8951,358.0831,24.6738,28.7517
571.5021,357.7145,24.9574,28.6287
569.5517,353.8065,25.0204,28.5947
571.4645,356.4247,26.1288,27.0440
569.1315,355.8238,27.2146,25.6433
569.0745,354.5735,26.3948,26.3094
567.7267,349.2708,22.7162,30.4253
568.1079,338.1432,20.7095,33.2002
567.6183,336.8326,20.9884,32.3272
566.7360,333.1343,21.0753,31.4957
561.7996,326.0829,23.0263,29.1754
556.9454,318.9591,24.0119,28.3927
556.6473,315.3068,24.4343,28.1119
552.9900,314.4569,25.5056,27.3638
552.2355,313.4124,26.8653,25.8899
547.3103,314.0749,31.5203,21.7568
548.4211,312.0202,30.6419,22.8636
547.7370,309.5506,31.5860,21.6502
544.2781,306.3141,28.8837,24.3593
544.1625,306.6355,27.3970,25.7506
541.8035,315.5172,32.1758,21.7510
537.2389,319.1570,34.6971,19.6632
538.7866,320.4301,35.6870,18.8940
538.7601,319.2557,34.8927,19.6356
537.1685,316.8682,30.9361,24.1511
538.3375,326.0554,30.3668,25.0450
539.6740,331.5502,29.4026,25.8580
543.5876,340.1260,30.0299,26.6529
544.1566,338.4561,29.3026,27.5840
544.9565,340.2092,27.5495,29.6651
545.1647,350.6610,28.9699,28.2839
543.4135,358.1904,33.5099,24.4680
545.4008,360.2071,34.6435,23.8750
544.8332,356.2601,28.7180,30.5059
546.1058,360.8465,27.8873,31.8133
544.7893,366.0108,29.0052,30.3709
545.3516,364.9916,29.0038,29.6456
547.1949,356.6525,28.2078,29.8590
548.1455,349.7314,27.5635,31.8010
547.5453,352.2754,29.3423,30.6831
541.9639,351.1312,33.7810,25.7135
541.3373,352.3093,36.9188,22.4255
543.8578,350.9304,36.5977,21.5901
545.3073,346.5137,36.2487,21.7952
547.8291,339.0078,33.1092,25.0057
549.8116,339.8791,31.8783,25.7286
551.7914,343.3754,35.3109,22.0212
553.6171,349.3467,36.9112,20.1300
559.3904,349.6508,37.1839,20.2183
562.1538,345.5139,37.0663,19.7646
566.0914,343.4074,32.9893,23.6423
564.6339,343.5249,31.4833,25.2280
561.7763,350.1719,33.9329,22.5980
563.0676,354.5864,34.1512,22.5073
571.6624,355.6460,36.0996,21.3769
569.2625,356.4430,36.3415,21.6272
576.8443,356.2719,31.9439,26.9643
577.3072,361.2293,30.8106,29.7277
576.7847,371.5352,35.1061,26.0341
580.1876,377.1912,34.5688,26.6740
586.2275,380.0970,32.8843,29.8766
587.3317,386.3076,32.7194,30.1401
589.6527,392.0970,33.4584,29.1966
596.0981,393.5988,33.0363,29.2442
598.8054,392.1793,31.8707,30.1718
601.1293,391.8261,31.2344,31.2457
602.7642,393.0569,31.4959,29.8089
601.9385,392.7659,31.4353,29.7786
602.0526,391.4084,30.7462,30.2121
601.7784,391.1404,30.8642,30.0520
605.6821,381.5747,30.8374,30.2913
605.7480,378.9988,31.3808,29.5171
606.0696,374.1311,32.0953,28.3860
610.4972,371.0474,31.2040,29.5245
615.4641,360.7695,30.7752,30.0848
616.3115,355.9788,30.6297,30.0518
612.6494,354.9659,30.9485,29.9184
613.4365,350.2927,31.1830,28.8944
615.8356,345.1655,30.5371,29.2461
618.7474,337.2928,26.8924,33.6825
616.5666,324.9672,24.7073,36.9184
617.2540,320.0723,26.5762,35.3622
615.9725,318.6495,28.5151,33.5558
616.9483,313.9846,29.9683,31.8162
617.9706,308.7016,30.0536,31.4446
613.4348,298.0188,29.2865,32.9137
610.6729,286.5623,28.9427,34.4214
610.2043,285.6543,30.1362,33.2837
609.9203,286.2166,31.2825,32.2691
610.1043,284.2941,31.6544,30.7444
606.7773,273.1077,30.7150,32.1184
607.1679,272.7010,30.4319,32.4604
606.7186,271.9202,30.0639,32.0557
606.5571,275.5344,29.7020,32.3206
605.4913,269.6648,30.0320,31.0984
605.7497,261.8386,29.0716,32.2399
600.6029,260.9211,29.4538,31.9423
600.0154,261.2468,29.6264,31.5622
596.0920,260.7354,29.5948,31.0945
593.4374,255.6363,29.7743,30.6771
593.2382,258.4442,31.9486,28.4183
597.5501,253.1270,31.9165,27.7081
597.9072,249.8236,30.5814,28.7922
598.5402,249.1673,29.6102,30.0616
595.4033,252.1375,29.7282,29.4420
595.9465,258.7071,32.8209,25.2374
593.2592,262.2940,31.1400,27.0918
596.9559,259.2047,34.6576,23.2852
596.4442,258.4598,35.4228,21.8082
599.3542,257.3639,35.8927,21.6304
602.8765,260.5559,35.9783,21.8181
610.8525,260.8445,35.7165,22.2229
618.2155,260.5479,36.7427,22.3553
619.3470,266.1973,38.6120,20.8429
619.7369,274.0394,39.7942,19.3471
608.9829,280.9787,38.6257,19.9111
610.0643,284.1011,38.9255,20.8855
612.1933,280.5745,34.5542,25.5722
613.8724,279.9880,32.2516,27.7853
618.8085,292.8180,32.4346,28.2475
610.0474,320.1515,37.0791,24.6122
608.0714,327.6980,39.4524,22.0907
606.6482,331.8231,38.8742,23.5213
599.6034,337.9135,39.4217,23.5210
601.7987,346.8937,41.5703,22.4001
604.8320,356.7916,41.1400,23.6309
607.4767,363.6722,42.1065,22.5715
613.3671,365.5555,41.5494,23.5508
613.4804,371.8752,42.0610,23.1572
620.2050,377.6089,40.7281,23.5962
627.2083,371.1580,36.6043,28.4789
634.2314,373.4935,34.0058,32.1698
634.9031,382.7043,33.8085,32.7758
635.6310,388.5447,33.5170,32.4498
633.3940,384.1169,32.0752,34.4896
641.4368,381.3337,27.3143,40.7805
642.3840,382.9834,25.8910,43.5369
637.3966,392.3385,26.9853,42.5529
632.2028,396.9590,31.5079,37.6431
631.0503,390.1412,32.2339,37.4182
626.9112,382.2581,32.4387,38.2666
626.5234,387.3673,34.4457,35.8703
622.9589,391.2676,39.7363,29.5246
621.8177,389.6364,39.2246,29.9890
621.8322,372.0410,36.4618,32.6205
621.3395,367.4021,34.8333,35.7249
620.3610,369.4627,36.5466,33.8710
616.7273,369.4925,37.0076,32.6742
614.8464,365.8993,38.0481,31.5352
612.6052,349.6633,37.1214,32.7907
611.6954,340.7696,34.7905,35.6327
610.1194,337.1557,34.5939,36.6799
606.8002,338.9648,35.8519,35.0199
597.6339,338.0195,41.6988,29.0713
605.0545,328.0096,42.7460,27.4285
604.6545,315.9707,38.6032,31.7102
602.9055,304.5578,32.2606,39.5154
601.6703,304.0132,33.5258,40.0975
600.8328,306.5541,35.6541,38.1026
600.1202,307.1141,38.2166,35.0078
605.6522,303.1161,39.1298,33.9756
604.2252,297.4739,40.1761,32.3836
601.1782,292.5983,40.3290,31.9988
600.5099,288.0181,37.8677,34.5943
603.9442,290.4911,38.2216,34.5074
595.1975,298.3218,44.5440,28.9694
597.3625,299.2610,42.8100,29.6285
601.0836,300.5948,45.5476,26.3816
598.9107,298.7592,45.3458,25.6377
600.3989,288.5926,39.4604,32.2588
603.0831,289.9556,38.7298,35.2491
600.2731,302.3485,41.1998,32.7703
598.3350,310.1554,41.3885,32.0859
599.2073,312.8887,41.2238,32.4825
594.1135,308.2725,41.3234,32.2615
591.0060,307.8626,39.7898,33.6193
593.9730,308.5071,38.9004,35.0880
599.9111,314.5605,40.1225,35.1646
597.4115,328.2589,46.2986,29.5451
594.0323,329.7725,47.5267,28.3550
590.2423,325.1344,41.8856,34.4018
591.8355,325.6707,40.9976,38.0284
595.1149,339.8705,45.3222,34.1493
603.2762,346.3012,49.0255,30.7347
601.6596,351.7263,52.6037,28.9693
600.7401,346.4083,46.2553,36.1454
604.5336,348.5714,45.4836,39.7855
610.8322,359.6420,50.8657,36.0128
608.5875,371.3794,56.3957,31.3766
609.9902,375.1093,56.9547,32.0619
613.9804,372.6415,52.0640,37.9088
611.2585,381.0262,55.2743,35.5992
608.8494,392.2179,58.1300,32.4365
610.5085,395.1687,57.9713,31.4901
615.7731,383.7384,49.6234,41.6166
619.1491,386.8960,48.7336,46.7249
624.3052,394.0189,48.2083,46.2360
622.4875,393.0618,48.4081,45.0849
621.7116,385.2687,49.4584,43.7759
622.7438,380.4973,49.1040,44.7522
619.6467,383.6980,55.4184,38.3135
619.3357,387.0176,58.8756,33.1911
622.0546,381.0051,59.7560,32.0870
619.5283,372.3643,56.8769,33.3035
621.6567,364.1130,49.4020,39.8122
621.5496,364.6291,49.7822,39.6649
620.1928,367.8178,56.7060,33.6687
621.2421,367.2932,58.9096,31.6566
622.9666,358.3176,56.8256,32.3048
613.4518,344.5655,48.2432,40.3141
612.6872,341.7349,47.5538,42.8818
610.9429,343.2498,53.6888,37.1705
612.3920,340.7531,56.1754,32.9468
617.1150,339.3091,55.7365,32.0614
606.8096,320.8228,49.9329,37.1416
610.0562,307.7482,44.3350,43.0779
611.9272,305.5408,44.3767,43.8526
611.4386,308.3143,50.9395,37.0537
610.7208,310.1562,49.6199,38.5212
617.6808,293.2129,46.6707,40.6902
611.2344,290.8406,44.8200,41.4458
615.3889,277.0272,36.6093,50.0273
619.4388,271.2318,32.6503,54.5356
622.7208,272.3075,38.7599,48.9597
623.2213,285.4187,43.1594,43.3663
624.0162,279.1644,44.2886,40.4694
614.5277,269.9184,45.1911,41.1631
609.5610,266.9640,43.3150,44.5636
610.3833,263.3074,41.9419,47.6392
614.9834,263.8418,45.0787,45.0401
611.5228,276.1540,52.6127,38.1889
612.2333,280.7092,50.5666,40.1782
612.7193,282.6703,50.5530,38.7378
607.6374,275.0956,49.9855,39.5458
608.2621,275.8093,49.0644,42.7415
607.7700,289.7050,55.7257,37.0824
605.7338,304.1087,58.0932,34.3633
607.9883,310.7711,53.9069,37.7865
601.7016,310.9441,57.3360,32.9551
604.2327,305.8408,52.1415,40.1662
607.4345,313.9782,52.4365,41.4966
604.3774,328.4836,60.8003,35.9756
597.3901,338.7423,62.1588,36.0644
601.6699,343.1952,63.6019,34.0859
600.9467,350.1998,60.9787,33.9967
603.9535,356.9492,59.3362,34.9362
597.4061,364.5668,61.1726,33.4290
593.6604,376.0893,63.1942,31.2642
595.2310,378.9763,64.0456,29.4718
599.7426,373.1596,56.4358,38.9470
599.0942,382.5401,59.7328,37.3260
599.6359,396.6911,63.0119,34.4599
605.0511,398.2711,61.8479,34.3755
606.6382,389.6062,54.8979,42.0970
611.0918,397.0986,53.4141,43.0924
619.5680,405.9086,51.3409,45.2477
622.0259,399.1378,49.4684,46.3073
623.9509,380.6519,46.4654,49.4151
623.6470,380.9759,47.9218,49.5915
626.0546,405.1020,57.5891,41.1701
630.8933,406.8550,58.2164,39.1457
634.4355,405.1593,57.6101,37.7515
637.2610,399.3848,52.4600,41.8973
638.5486,390.3682,48.8181,47.2496
641.5276,408.3860,51.8431,44.2545
642.8489,407.1591,53.4214,42.5460
643.8286,403.3071,52.1293,42.4568
653.9279,390.6758,48.7875,45.6419
647.5956,389.4560,48.8210,45.5507
656.6122,405.2847,56.4261,38.3144
658.1569,408.2184,60.4768,35.0644
655.0352,401.3549,59.9049,34.0973
648.4561,392.1193,58.9683,34.7701
643.5724,390.2037,58.2817,35.2772
646.1116,396.1059,58.2690,35.4084
652.7018,399.0192,63.2502,30.7865
642.2839,398.3702,61.0987,30.5367
630.8067,391.4536,59.7067,30.8259
622.4334,377.3859,52.3206,38.4710
623.9764,371.2680,45.4435,46.6757
607.0372,385.6566,47.9778,42.9197
598.3238,393.3288,47.8354,40.9406
577.4830,386.4304,46.6127,40.6707
565.0968,377.0668,46.4804,41.0324
540.7659,376.4954,44.8025,43.3202
528.4845,372.6210,43.4483,45.2935
504.7841,381.8744,50.9414,36.4179
486.5232,383.8642,48.1012,38.0937
470.4725,371.4285,44.5192,39.5351
438.6384,378.1553,48.3920,35.3433
413.2096,373.4378,45.5536,37.5888
397.5333,360.9235,42.0530,40.4993
375.2701,370.5584,46.6539,34.4036
351.3914,367.7690,48.2324,31.5786
302.6078,357.9997,49.5656,30.0377
277.0767,358.7550,50.7489,28.5721
250.4552,358.3637,50.6580,27.1626
231.3718,350.2061,44.8908,31.5506
202.2675,347.7802,47.0631,28.3009
177.8300,342.6804,47.1609,27.8275
137.9234,333.0872,46.6033,27.6418
102.8204,327.8953,42.6246,31.8922
77.6713,328.6181,40.2884,33.6838
