1
269.7395,82.7750,28.7419,51.0401
267.8079,79.7162,28.8747,52.9739
267.5879,79.8790,27.5773,56.0804
267.4789,79.4841,27.4257,57.1672
267.4437,80.6714,26.9382,57.0002
266.9395,76.9617,27.4463,57.5854
266.8771,75.5497,26.8135,59.0368
262.3073,72.3995,27.2748,60.9288
263.7489,71.3232,27.5068,61.0301
262.5275,69.5726,27.0084,62.0493
260.7085,67.6497,27.6932,60.9863
258.9835,67.4421,28.2247,62.0194
256.0726,67.9484,29.0984,63.2081
254.5529,65.0967,28.9633,63.8804
253.6395,65.7917,28.0248,62.8453
248.9131,65.9775,27.3734,62.4405
246.6890,68.5748,27.9470,63.9577
244.9140,68.6976,28.4969,64.8556
243.0441,68.3096,29.3982,67.1080
241.3425,72.0062,29.8655,69.4052
238.3936,71.9799,30.8375,71.2065
237.8063,73.2093,31.0214,70.7013
238.2927,73.6328,29.3175,72.1161
238.8253,72.7111,28.6598,72.1046
236.5888,71.6030,29.3627,70.4949
235.4728,72.5441,31.7717,69.0034
239.1633,72.6029,31.7555,69.1023
240.4391,69.1117,30.8367,66.9958
242.1958,67.2901,30.3851,65.4446
243.6203,67.5542,29.8347,63.5892
244.0450,66.3649,28.3028,65.2957
241.1231,65.8014,26.4296,68.3186
241.1974,64.4380,26.9028,68.5726
233.7997,62.7930,27.2311,69.6273
227.8436,62.5603,27.9822,68.0999
226.8260,65.3769,27.2402,66.8224
225.9232,68.2795,26.0551,67.0344
224.0434,70.3426,27.0756,66.9651
222.3246,68.5446,29.0705,68.3479
224.8672,70.5915,30.4636,68.8760
224.9885,70.5120,30.7447,68.2154
226.0477,71.8296,30.2617,67.1851
224.4596,75.9425,30.9532,67.6048
223.8235,76.0954,30.9431,67.2186
225.7981,77.8206,29.3873,71.1948
228.4314,77.6685,28.3866,74.4915
230.5365,76.2716,27.8376,72.5461
233.4854,78.5771,27.2458,73.2165
233.4851,78.1848,27.4389,70.9391
237.2511,79.5695,26.5546,71.5781
238.7562,80.2568,26.4412,70.3320
238.5385,82.1396,28.1406,69.7684
235.7515,84.2349,30.3254,70.3084
232.1195,83.2279,31.0188,71.0190
225.4386,81.6232,30.9059,69.3365
222.6131,82.4277,30.1396,69.5015
219.9422,82.5991,30.2316,70.9570
216.4290,80.3034,27.7386,74.8681
216.2363,81.4430,27.4759,75.2063
216.6038,76.6149,27.1137,76.4710
218.1386,72.1331,26.6678,78.0482
217.9887,73.6539,26.9973,77.6729
220.1830,73.0332,26.0434,77.8221
221.4137,73.7404,26.1289,76.4446
225.1507,75.4217,28.1168,77.0780
225.4544,76.5824,31.2235,75.6863
226.3766,77.1881,33.5857,73.8966
226.2458,77.6102,33.8832,72.3285
225.7825,78.0180,33.1334,72.6417
224.6115,77.0336,32.1726,72.8062
220.5029,85.9295,30.6540,72.9532
228.2997,89.2937,31.3546,72.4162
232.0981,87.4509,33.2750,72.0310
237.6591,89.1315,32.8404,74.0250
236.5650,79.7405,31.1039,79.9389
235.1235,80.1192,30.4066,81.5164
241.5656,82.9183,31.8003,83.1045
242.8277,83.0311,34.1503,79.1872
243.0879,93.1041,43.4598,72.0823
246.3925,91.8482,48.9124,71.3946
243.8042,88.2914,50.3233,71.8549
246.2151,85.4339,46.4485,77.0874
247.2778,91.7384,43.7740,80.6082
246.7077,87.8356,41.4549,81.6388
246.8452,91.5827,40.7667,81.1651
246.6803,86.0180,41.1693,83.0001
246.0710,86.0254,44.2200,83.4392
237.6320,81.1067,42.9722,85.7003
236.7825,78.2536,44.7424,85.1530
232.9319,75.7621,45.1340,85.6474
230.3249,73.3792,45.6595,87.6601
229.4374,68.2435,47.7995,87.5701
232.3256,65.9145,47.6315,88.7629
236.6791,66.4368,46.6212,90.3194
238.5120,67.7749,46.0698,92.1211
244.5582,69.3725,47.7505,94.3221
244.1899,69.4213,48.5074,95.5207
245.2609,77.8226,49.2110,93.9438
247.4503,77.4847,50.0938,94.3572
255.7828,74.0954,49.9781,96.4719
257.8551,75.7447,48.4613,98.1667
256.2177,74.3234,47.7517,101.0019
256.1096,72.8690,46.9152,99.4886
256.5476,62.2212,46.2937,98.8172
250.9737,63.8502,47.0339,97.1217
238.4543,63.1082,47.7426,98.1277
230.9716,63.4811,48.4765,96.0504
218.2708,63.0232,49.2687,94.9168
214.9228,60.8538,48.7124,97.4800
210.5951,56.0567,49.2626,96.0937
206.4169,53.1434,51.0672,95.4092
207.4350,53.5918,51.3679,95.1387
209.9277,50.7061,48.8458,95.1495
215.2335,52.7134,45.8292,94.0350
217.7426,51.4883,42.6928,96.8792
225.0855,53.9427,41.4996,97.2304
228.7936,54.9225,40.7019,95.7137
231.7745,55.3653,40.3573,94.9186
238.9158,53.8335,40.8681,95.6017
245.8312,57.5333,41.3156,95.8576
249.4459,61.7091,41.3429,91.8899
257.0048,66.9553,41.3502,91.1773
258.8685,68.6907,41.7220,90.7371
265.5887,68.5770,43.5029,89.0076
268.0706,68.4239,42.9447,88.4597
275.4316,69.4829,41.2238,84.5769
284.0990,70.8401,37.5845,84.9902
287.0729,70.5265,35.6874,85.0900
291.9788,71.6512,35.1654,86.5935
294.5890,72.6327,34.3739,87.3074
298.5306,72.3887,34.8575,84.8755
306.2155,73.8371,34.8687,84.0606
308.7443,76.7900,35.3174,81.6228
310.4400,79.0990,37.3982,79.3973
310.6550,81.8252,37.9860,78.8719
307.4570,81.1295,38.1236,78.1220
306.9023,81.9948,36.8091,78.2749
306.6779,83.7234,35.3683,76.7136
303.3628,83.8184,35.0770,74.2142
299.0983,84.4038,35.5042,72.3971
294.2408,84.5720,35.6139,72.2002
289.4513,80.8513,32.1883,75.1537
287.7300,79.6701,31.2777,73.7725
285.3436,77.5109,31.3667,73.7215
283.6382,75.8235,31.9218,74.9072
280.6534,71.9605,32.1972,74.7448
277.3822,74.4317,33.4041,71.9465
275.3982,73.1581,32.9910,70.3784
275.9758,71.9551,29.7187,74.6504
274.1662,74.8183,28.7503,75.1227
274.4230,76.0450,28.5510,74.8370
278.0731,76.7103,29.0226,72.7071
277.1894,76.0147,29.0562,68.9855
283.2971,77.1891,28.7873,69.1682
287.9612,76.4843,26.9764,71.6626
292.8683,77.1113,26.5179,72.6871
293.1055,70.5993,26.8256,73.2600
292.3752,75.2349,29.2165,70.5937
293.5281,77.5955,32.5424,64.9846
296.3752,78.9414,32.0650,64.0990
298.1149,79.7705,30.1905,64.4118
299.6137,80.0356,28.2460,65.0997
298.9481,80.3483,27.2256,62.9729
297.1182,83.2177,28.1152,63.0740
297.5431,84.5656,30.1280,60.7247
298.2654,84.4824,29.6767,58.5712
297.9359,81.1991,28.9262,58.2945
297.6557,83.5309,29.2187,57.9262
296.8488,86.4920,30.0915,57.5951
292.8585,87.6872,35.7971,54.0028
294.2477,89.1525,39.1348,53.4246
298.9529,89.4103,43.0439,51.8676
301.9958,87.1915,42.9557,51.2252
302.7995,90.2156,42.9490,51.8830
301.7050,87.0500,41.8573,52.6516
295.6279,84.7822,38.7179,56.6527
304.2392,87.2069,35.0422,60.1703
312.6063,84.1893,34.5274,60.1809
313.1320,81.4080,34.0143,59.2277
317.3343,88.5503,38.2774,54.2895
308.5500,80.7205,40.7561,53.4974
314.4822,81.0269,43.4082,52.6874
321.6661,83.9960,41.4455,55.0191
321.3794,81.1173,41.3542,54.9377
322.9136,85.6966,42.4669,54.9343
323.1958,86.5317,44.8858,53.0511
326.3197,84.9699,45.9147,53.5165
327.4591,79.8154,44.5358,57.1018
317.6739,79.5778,46.2715,57.6202
310.8876,76.0300,46.9336,57.5691
316.7994,81.4966,47.4652,59.1226
325.4229,85.4084,46.5563,59.6617
325.9647,82.2270,45.6985,59.7494
329.1257,74.9812,39.9949,64.6107
335.4561,71.9035,37.0827,70.5441
337.6043,68.3437,34.8183,73.9412
338.1506,69.4607,33.9904,74.4304
339.1120,72.3777,35.8062,74.0791
345.2152,74.9544,37.1680,73.6948
347.5623,76.1428,37.4365,73.4755
347.3192,78.3553,36.9958,74.1941
346.1920,80.4570,37.1820,74.0220
345.1862,82.8655,36.6834,74.0562
343.2220,84.4859,36.8636,71.7199
342.7338,88.7122,36.5043,71.0509
342.3402,91.4213,36.2990,69.0488
337.2134,85.2821,35.3173,69.4344
328.4990,82.5823,34.8113,70.1573
321.5934,84.6312,36.4005,69.8274
329.4413,89.8662,31.7585,71.7885
329.6900,86.8872,30.1583,69.3318
328.1657,90.4336,32.3839,67.0033
328.4773,92.9838,33.0063,65.1772
330.0851,95.6599,32.6721,64.4263
329.8719,97.4572,30.9923,63.3207
332.2200,98.7218,27.1980,67.2793
332.6129,97.7841,26.2818,66.8044
336.9104,96.9061,26.4985,65.4966
340.2386,98.0358,27.1935,66.1118
341.6977,98.3517,27.9326,62.3179
342.4473,99.8412,27.5849,60.2919
342.4746,98.1364,26.9200,59.0342
345.5305,99.1430,24.9537,60.6526
348.2283,100.1619,23.1097,62.1746
350.3703,98.2918,23.0828,60.3134
351.7533,98.3541,25.3037,60.6628
352.7986,98.7795,27.5660,58.8353
352.3878,100.4349,26.7723,58.3747
353.0518,101.1289,25.6557,57.9379
353.5281,101.5724,23.4224,60.9729
352.5837,101.9433,23.3722,59.9419
352.1555,102.1622,24.2895,58.6656
348.8536,104.7145,26.8026,55.5732
348.7071,103.7280,26.8993,54.1568
348.2232,103.8685,25.7037,54.0027
350.0137,103.3031,24.4797,54.4287
351.8243,106.6873,22.6614,57.6018
356.9482,107.2546,21.9839,58.6696
357.8259,104.4502,23.0575,58.0699
359.5648,105.3491,25.3550,54.8944
361.7620,105.9434,25.8003,53.2160
364.9423,106.5810,24.5457,53.1342
366.2285,106.3241,21.7862,53.8012
367.6611,107.3753,20.5525,55.7152
371.8654,105.8452,21.1782,52.9845
374.7693,108.1822,22.4319,52.4247
372.6700,111.1053,25.3238,50.6605
370.6688,111.5773,26.6468,49.8293
369.7448,110.9353,26.1363,49.9736
365.2937,109.1734,24.9405,50.8275
366.8629,109.7999,23.0730,53.2005
367.6790,109.9412,23.4069,52.1701
367.3279,108.2587,24.5865,51.0617
366.6599,108.3149,26.5184,49.3955
367.3002,108.1955,27.2799,48.5214
367.3094,108.2009,25.7254,49.2067
362.5721,105.9903,24.9003,49.0982
363.7877,104.9697,22.4837,51.1909
362.9189,104.5536,22.2584,50.3549
360.9143,104.9358,22.2291,51.2632
358.9626,104.1916,23.5090,52.1765
356.2491,107.0743,25.6410,50.1776
351.3802,104.8396,25.8945,48.9789
350.5010,101.0868,24.2953,49.7731
349.0534,101.7598,23.3507,50.6176
347.9184,99.8111,22.9510,49.5938
348.5380,99.6946,22.6438,48.9851
348.4450,103.1475,23.6039,49.8087
348.8600,104.7507,24.1434,51.6371
347.9056,104.9707,26.5117,50.2289
348.8583,102.9651,25.0332,51.3630
348.6207,105.6936,24.6191,51.3895
353.5093,105.9664,21.6381,56.2430
354.4992,105.6080,20.4993,55.8498
355.3184,107.0570,20.6658,54.7104
357.7657,110.9731,23.5467,51.7973
358.5175,110.7867,24.7484,49.8451
360.1728,112.0174,24.7486,49.4406
360.2995,113.2986,24.2212,49.5789
362.1117,114.0446,22.3019,51.6613
362.8114,113.6043,21.2844,50.2580
364.0613,113.3932,21.5284,50.4591
363.9915,113.4492,23.0253,49.8908
364.2102,114.5599,24.4385,50.1840
366.1642,112.2727,24.7176,50.5447
365.4631,114.0659,25.4469,49.7067
367.0719,111.7018,25.0805,50.4478
368.5311,114.6173,24.4778,51.8993
375.8918,113.6052,23.3570,51.8841
381.4947,113.8347,23.8576,50.8033
389.0919,112.7802,25.0390,47.8812
394.9121,111.5098,24.9077,46.6126
