1
43.2198,608.8148,81.3226,52.0073
58.4363,604.1094,68.2103,62.5433
74.3152,607.6271,66.1193,64.0953
98.9241,606.4106,61.8982,64.2411
115.4622,604.3026,59.7626,62.3683
140.6763,601.2221,55.9104,62.4506
151.2290,599.7185,54.7859,60.4700
173.6055,593.4927,51.0848,62.5451
208.8234,594.0798,49.7986,60.6509
256.6966,593.3097,47.4213,61.0126
295.7820,595.0074,47.0409,60.5069
336.0170,593.9705,40.7017,64.3611
353.3163,594.6062,42.9906,58.7493
393.9380,593.1419,43.7182,56.8567
432.7706,593.2604,43.0633,56.0180
463.1988,593.8776,43.5340,55.8413
479.1324,596.7523,44.1895,55.3652
515.6710,595.8050,43.0167,54.9905
540.0397,596.0506,43.2654,53.6446
564.2247,595.1530,38.3845,57.9874
580.2190,592.9089,40.0171,56.1267
590.0351,594.4202,41.7310,53.8894
612.0438,594.8615,41.0087,55.6165
619.7960,587.9060,41.5322,55.5762
635.8392,580.8876,42.1931,54.8663
652.9805,578.3814,37.3299,60.4507
669.7714,566.9613,34.9732,63.6237
676.7618,562.3304,34.9756,64.1745
2
0
0
0
0
1
731.2596,392.4780,76.8097,83.5625
724.1586,386.1959,76.0657,77.6472
709.4855,380.6545,75.3688,71.7866
699.0866,378.9516,74.7583,67.7561
691.2454,377.3669,75.0318,65.4234
693.2418,374.7873,71.2862,63.2934
689.1639,374.3655,70.5954,62.2123
685.4381,373.9951,66.1379,61.9490
679.8260,374.0881,67.6578,60.0663
677.0543,374.6023,69.4974,58.6881
673.8792,373.8607,70.1517,58.1399
673.5377,375.5107,69.9360,57.1117
670.6020,375.5778,69.4208,56.7959
668.7262,375.9144,67.6070,55.7512
666.4605,376.1955,64.5147,55.3387
673.9899,374.9912,61.5142,54.8918
678.5544,375.9470,60.8558,52.4709
692.8472,374.5548,55.7874,54.1098
705.1807,372.1099,52.7941,53.9795
718.0261,371.9967,54.5988,51.3864
733.0438,372.1498,53.0697,51.2756
740.4033,371.1988,51.3223,50.9283
744.2723,370.5047,54.1432,49.1945
746.0059,371.0869,57.0773,47.7519
745.0141,371.4122,58.9682,46.9531
745.9829,372.8432,61.4783,46.1327
746.5738,373.7018,63.4247,46.0193
746.3837,373.4204,65.9858,46.1522
745.5880,373.3601,67.5346,46.6938
745.4711,373.9221,67.9736,46.8345
745.0550,373.6116,68.1261,47.1428
744.5690,373.3013,68.2565,47.6047
745.4734,373.2592,67.9712,47.7715
745.0465,373.2200,68.0521,47.7076
744.5162,374.1073,65.7604,47.8833
738.5527,373.4690,64.1132,48.9589
725.0613,374.7889,65.2467,49.4267
717.1226,370.1635,65.7418,51.8643
711.4903,367.9736,67.7094,53.4239
702.5175,368.3084,67.9637,55.1132
672.9085,366.4719,66.1492,56.5241
649.9695,366.1425,67.1710,57.9264
628.1475,365.3175,66.5782,59.7253
619.6361,357.6971,64.3187,62.8027
630.4991,374.3177,62.1408,65.6878
581.9035,373.9905,66.4558,65.2769
530.3953,369.6246,69.1457,65.1668
502.8914,363.0428,64.9164,67.9474
505.7341,358.5678,64.5361,67.2097
498.9668,359.3667,68.7348,66.0466
498.3185,359.6089,72.9323,66.2136
490.5831,358.3237,75.6630,66.2110
479.4396,358.4448,78.3687,66.0764
509.1453,358.1770,73.6048,67.9910
528.0960,357.0362,69.6097,68.8729
558.9781,355.7223,71.2362,66.7513
589.1317,360.2736,71.4458,65.6915
626.9537,361.3464,73.6153,64.6553
648.2492,357.9095,71.8738,66.5210
659.9082,349.3996,65.8325,69.7304
657.9518,343.2664,66.0209,71.9496
658.2359,350.1242,63.1478,72.5708
2
0
0
0
0
1
839.8599,312.1078,66.0261,76.3990
832.2152,300.1312,68.0938,74.4779
831.8328,278.6942,68.2096,73.9489
835.8154,267.7542,66.4761,73.3766
836.7779,246.7364,65.3006,71.9358
837.7292,241.6401,63.8619,70.2690
831.0863,231.2616,64.5575,65.8830
814.5354,222.1311,68.0089,59.3741
799.3920,222.1864,68.9194,55.8381
794.8277,220.8711,69.0779,52.5249
798.3761,220.4916,71.5865,49.9096
804.0852,220.1958,74.0358,49.1902
816.8352,220.5469,74.0713,49.4564
833.6099,220.5042,70.4666,51.1312
859.2933,220.3566,67.8031,52.3446
893.7560,212.4363,62.6130,54.9304
907.5816,208.1619,59.1845,57.5834
928.7648,205.1439,58.3203,58.5219
931.9077,194.8576,57.3030,59.7487
2
0
0
0
0
1
921.2754,113.0355,59.4287,66.4715
921.4229,110.5016,57.1527,63.7007
900.7642,112.2293,58.9685,58.1974
887.4729,112.1850,62.1616,52.4830
869.6163,114.9078,69.3924,45.7142
853.2216,116.9156,74.7895,41.7135
838.7614,119.2555,79.5316,38.8104
824.9488,119.6483,79.6586,37.9967
818.7191,119.4172,80.0291,37.2325
807.3352,121.0211,80.9071,36.5579
801.8777,121.2788,77.0714,36.3834
789.6490,121.2810,70.6135,37.4590
781.4506,120.3781,61.1764,42.7014
765.6715,121.5384,57.3970,43.3195
754.9969,116.9468,54.5715,44.4480
744.4187,118.7766,54.1143,44.0480
728.5920,122.3459,59.7233,39.2906
708.3099,124.3716,63.6222,36.4131
703.5980,125.0416,66.4373,34.8787
698.7946,125.8157,68.7947,33.8663
693.1280,125.8143,69.9511,33.3088
689.7597,125.5288,70.6903,33.4384
686.4822,125.1405,71.9203,33.2853
676.3320,125.7142,71.8626,33.4523
674.4338,125.3706,70.8145,33.8620
665.7407,124.8422,69.9522,34.2698
652.5916,125.3137,68.0740,35.9597
640.8508,121.4470,67.7048,36.2911
617.6799,118.1139,67.2371,36.1185
604.1723,120.6520,68.7239,35.1608
592.1688,120.8413,69.6349,34.4698
589.9849,120.2644,69.8826,34.3722
