1
712.1620,230.8114,21.7289,24.3935
713.6393,230.7426,21.6917,24.5842
715.2784,230.6185,21.6641,24.7464
716.3083,230.4036,21.6900,25.0898
716.9824,230.6132,21.5875,25.1225
717.8199,229.2437,21.8799,25.1029
719.3698,230.4262,22.0991,25.1029
719.7188,229.5649,22.4480,25.4633
720.5016,229.0151,22.6744,25.6669
720.0167,228.8878,23.2232,26.0432
720.0308,228.8053,23.4886,26.3705
720.4771,228.9865,23.6881,26.5649
720.7288,228.5433,23.8585,26.8566
720.4715,228.2324,24.1507,27.3734
719.4900,227.7189,24.6725,27.7979
718.7706,227.0222,25.1115,28.2671
718.4313,226.8361,25.2995,28.8341
718.0416,226.4781,25.0618,29.2350
716.5956,225.9785,25.5149,29.9080
715.9697,225.6133,25.9295,30.1973
715.0150,225.5386,26.3799,30.4178
713.3654,225.8836,26.9451,30.8136
712.2054,225.1496,27.2177,31.5528
710.5833,225.5601,27.3779,31.8406
708.9899,225.4992,27.6763,32.3263
707.2407,225.2096,28.2387,32.8547
704.8387,224.9177,28.6782,33.2307
702.6313,225.0434,28.8020,33.7318
700.2258,224.3627,29.0434,34.4081
697.8739,223.7462,29.1472,34.8314
695.5374,223.5743,28.9587,35.3038
691.0399,223.8134,28.4960,35.3023
688.5465,224.0189,28.5831,35.4044
685.1937,224.2361,29.0288,35.2762
679.3295,223.4499,29.4868,35.3290
676.1947,223.3081,29.9658,35.1352
670.6218,223.8391,29.7822,35.2853
665.4662,224.3564,29.6787,35.3990
660.0364,223.6297,29.2803,36.1560
655.3809,222.6692,29.1717,36.3784
653.2687,221.4461,29.5958,36.6078
646.5169,221.5818,30.6005,34.8413
640.6940,222.3619,29.7025,35.2507
630.4547,222.5151,29.0398,35.2119
632.3252,209.5564,25.8929,39.5272
628.6506,215.5959,23.5591,43.2316
639.2167,215.1405,20.6010,47.6746
647.6630,215.3108,19.2844,50.0566
656.6624,213.3962,19.8289,50.1332
661.4021,214.0193,19.1774,52.1286
666.1706,214.4513,19.0966,52.8520
672.0957,215.3106,19.4123,53.2639
681.2765,215.5007,19.1509,55.2536
686.7663,215.8024,19.3958,55.6804
691.7206,216.1267,19.8195,56.3122
696.3671,216.2720,20.3890,57.1049
701.6393,216.5552,20.8141,57.8339
706.4375,217.7760,21.4509,58.0165
711.2169,218.8113,21.8588,58.0637
714.9510,219.7986,22.4630,58.7498
718.0659,219.6976,25.0606,56.3569
719.6250,220.1241,26.2592,55.4717
721.2981,220.4911,27.1719,54.9404
726.3433,222.1667,28.1195,54.0476
727.3077,222.6809,28.5020,53.4823
727.7222,223.7946,28.7379,52.9148
728.7979,223.2079,29.1810,52.7393
732.3485,223.9441,29.8278,51.9074
732.2894,223.9182,29.9267,51.8506
732.0093,224.8293,30.0418,51.5485
732.0283,223.4617,30.1243,52.1006
731.5549,223.4170,30.4328,52.0051
731.5029,223.3307,30.4727,51.8608
730.7799,222.9692,30.7500,51.8269
729.9733,223.9864,30.7501,51.3559
727.3594,226.2721,33.7499,47.2110
724.9796,227.7130,35.3012,44.5519
721.0163,227.4458,35.7941,42.9504
720.5120,228.4055,35.6983,42.0524
718.5139,228.4830,36.0214,41.4081
714.0024,228.2186,35.5919,41.1192
712.6904,228.6884,34.8286,40.8527
709.0887,225.4662,30.9888,45.3943
705.7392,223.4525,29.1689,48.7374
704.5092,223.2457,28.9596,49.7940
698.5718,223.4157,28.8296,50.6442
694.3087,222.2488,28.0713,52.1565
690.0035,222.2692,27.8516,52.8979
684.0854,222.1099,28.3381,53.4461
678.2831,221.2013,28.4943,54.2034
671.1682,222.3094,29.3881,54.2291
666.6577,222.0310,27.8693,55.3087
658.3146,222.8924,26.5735,55.9105
648.0733,221.1476,25.3745,57.9766
646.8467,220.2427,25.0457,58.6631
642.1566,219.3685,23.7086,60.5087
651.7230,218.9203,22.9336,61.9336
656.8785,220.2125,22.8447,62.1451
666.6670,219.1066,22.8753,62.6372
671.7046,219.9200,23.2034,62.5018
678.4554,220.9125,23.6092,61.6356
684.8701,220.9264,23.4185,61.8341
689.9733,221.7265,23.8606,61.6516
696.3622,221.8270,23.6129,62.0766
701.4145,223.5316,24.1742,61.7090
707.0814,223.5605,24.2578,62.4016
711.5148,224.3554,24.6002,63.1584
712.3772,224.0736,24.6313,63.2186
718.8055,224.1821,24.2976,64.6868
722.8494,222.6944,27.2208,61.7972
726.8314,224.4528,29.2134,59.5473
727.2075,225.9301,30.0644,58.1483
731.7621,227.4118,31.0302,56.6531
732.9387,227.7362,30.9788,56.0619
734.5829,227.8281,30.9689,55.5155
736.3160,228.7291,30.6188,55.1789
737.9489,228.6653,30.4590,55.0141
738.7768,229.4678,30.3233,54.3882
740.6215,233.7644,33.5248,49.3475
741.0814,232.0975,31.9604,50.2356
740.4386,232.7845,31.3637,50.3664
740.6004,232.9785,30.8674,50.4968
739.0807,235.4772,33.2973,46.7700
737.6080,238.0043,34.8053,43.7026
735.1179,235.2982,32.8688,45.7785
733.2759,237.4339,34.4814,42.8393
731.3674,238.2504,35.4684,40.8988
729.3710,238.7767,36.0126,39.5485
724.4341,238.1828,35.8820,39.2339
723.2990,237.8299,35.6206,39.0065
716.4903,232.2331,30.9244,44.2041
716.6007,231.5998,29.4202,46.6493
712.1649,231.5542,28.4172,48.1453
705.7998,233.2263,30.9656,44.9624
700.4142,233.4599,31.9054,43.2836
694.0450,233.2368,32.2915,42.2840
688.4755,233.0501,32.2779,42.0863
682.5730,232.5397,32.5764,41.7147
675.2913,232.4301,32.5366,41.6968
668.4259,232.1784,33.1356,41.4442
660.9472,231.1452,34.0638,39.8233
654.1597,230.4958,32.7509,40.8077
649.0429,226.9666,29.6036,45.1190
639.5525,225.3979,26.2255,49.4144
645.5317,223.1800,23.3021,53.7358
656.3549,222.2397,21.6547,56.4275
662.5114,223.0304,21.0083,56.5208
668.3437,221.6822,20.7293,57.8865
678.7064,221.5246,20.5827,58.4484
684.8357,222.4975,20.5325,59.0822
691.7023,222.9341,20.5920,59.8098
697.4561,223.6184,20.8384,60.3587
704.3099,224.6187,21.2835,60.6967
709.4451,225.3304,21.6942,61.1400
713.3365,226.3549,22.2856,61.1011
718.3201,226.0142,22.2142,62.0936
722.9399,226.8896,22.5668,62.2375
727.0587,227.2027,25.0814,59.0867
731.4509,229.7902,26.6258,56.5530
732.8837,230.7043,27.1379,55.4288
738.2713,233.4807,27.8018,53.7410
739.3498,233.5235,27.9295,53.3337
744.0546,235.3457,28.2195,52.0902
744.6528,235.6781,28.2599,51.6124
745.6853,235.7290,28.0247,51.3675
749.0832,237.7310,28.5813,49.7961
749.4072,238.9048,28.5726,49.0302
750.5876,238.6193,27.9400,48.4226
752.1659,242.0471,30.9825,44.5031
751.0662,239.8662,29.7183,45.3899
747.5945,242.9031,32.0127,41.8072
745.3744,244.9098,33.2947,39.5817
742.9240,245.7267,34.3539,37.7810
740.2075,244.2192,33.9061,36.3723
739.3351,246.5163,33.5449,35.4242
734.7701,244.3136,32.8922,35.3313
733.7361,245.5703,32.2407,35.1952
729.4432,245.1557,31.9244,35.5666
726.6570,240.2868,28.3491,39.9196
723.3408,239.4751,26.5548,42.7763
717.6972,241.1797,28.7840,39.8866
712.2923,241.6904,30.0240,38.8218
705.7964,240.4909,30.6058,38.1375
699.9738,239.7913,30.7670,38.4641
696.9861,239.3529,30.9489,38.5339
690.1201,238.6263,31.0220,38.9794
683.9509,237.1356,31.1103,39.3336
676.6937,236.6043,31.4418,38.0002
669.5660,235.5002,32.3484,38.1262
663.3209,234.8172,31.3463,38.9314
653.0938,234.3215,30.7362,39.5927
647.1039,232.7958,29.8052,40.4193
653.3986,228.8065,25.9064,45.8370
660.2939,226.7596,23.8974,49.3888
666.4130,225.8723,23.1533,51.2276
673.4091,225.6828,22.6512,52.4879
679.3859,225.6275,22.6351,53.1974
685.4646,226.4910,22.8000,53.8272
690.3428,227.5283,23.3097,54.1991
691.7026,227.4194,23.4443,54.3424
697.9379,227.7301,23.7565,54.8005
700.0764,228.8046,24.0457,55.1031
704.9247,229.9253,24.7996,54.9503
706.7759,230.4664,25.1017,55.0198
707.0041,230.6948,25.0645,55.3402
711.5513,231.7537,25.1970,55.0480
712.5471,231.3824,25.2138,55.2764
716.7433,232.6788,25.3083,54.7560
717.2373,231.8758,25.4126,54.9690
718.1876,231.6197,25.4543,55.2380
721.8950,233.4104,26.1827,53.9659
720.9149,236.4564,29.8342,47.4090
720.7531,238.0517,32.2853,43.0412
721.7839,238.8210,32.7432,40.7534
722.6813,239.7758,32.6109,39.3257
722.8860,239.4375,32.6162,38.1146
721.5419,240.4398,32.7176,36.9265
724.5391,241.7783,32.6576,36.1213
721.1682,241.5598,31.8099,36.0332
721.4949,241.5789,31.2563,35.5488
722.6129,240.0317,27.7049,39.0744
723.6998,237.9501,23.5484,44.0407
724.0139,234.0649,22.9426,45.1640
712.6677,237.1401,25.9288,40.4340
710.9157,234.6635,22.3125,44.9217
708.1237,237.1433,25.5927,40.2361
705.4069,238.4341,27.2631,37.4548
702.5067,238.6083,28.1311,35.5731
699.8371,238.8860,28.7074,34.0618
694.0743,239.6109,28.8037,33.4332
689.3026,238.6268,28.4863,32.5845
685.2404,238.2499,27.7028,31.7481
683.6476,238.5015,27.1273,31.3584
681.5959,238.2018,26.5140,31.5303
679.6502,238.7999,26.4567,31.1293
674.6351,238.4293,26.2205,30.6883
673.4282,238.4660,26.2616,30.1251
667.3516,238.1115,25.9068,30.0159
661.4319,238.7847,26.6081,29.8193
655.4681,236.6781,26.4825,29.3000
650.6368,236.4735,25.8736,29.3073
646.1948,232.7255,26.4864,29.1250
641.7166,234.3555,26.2533,28.7406
645.0898,235.2881,25.6409,29.4140
646.6996,235.3218,25.0220,30.1081
650.0923,234.3128,24.6981,30.5727
652.8035,233.5557,24.3911,30.6588
655.6495,231.7867,21.5260,34.7946
658.2939,229.6430,19.8971,37.7247
662.3517,228.8216,19.3096,40.0316
663.1738,227.8767,18.8878,41.7178
667.0223,227.1262,18.8629,43.3772
667.9208,227.0276,18.9978,43.8871
669.0115,228.1685,19.4684,43.9204
673.2299,228.1582,18.4163,45.4891
674.2657,228.3618,17.9049,46.4587
674.9509,228.1886,17.3247,47.5504
675.7975,227.7017,17.4142,48.6553
676.5386,228.3112,17.5477,49.3774
680.5082,228.4332,17.8555,49.8010
680.4968,228.1787,17.8038,50.2939
681.4391,228.2666,17.9876,50.6532
682.8168,225.8808,18.0730,50.2961
684.2825,226.3227,17.8426,50.5727
685.0986,225.1426,17.6710,51.6491
686.2614,224.4851,17.5395,52.7933
686.5695,224.3156,17.7478,53.0785
686.6719,224.8788,19.4859,51.2473
687.8245,224.2578,19.0489,52.4183
688.0576,224.8533,20.4744,50.6936
688.7143,225.0560,20.0835,51.2971
689.6494,224.1871,21.0050,50.6410
689.9858,223.5633,21.7461,49.8745
690.7031,223.0250,20.9561,51.0835
691.3878,224.0094,20.2770,50.9998
691.1165,224.9640,21.3061,49.7957
691.4311,224.6645,21.6553,50.0982
691.4135,223.9297,22.1060,49.9218
691.4358,224.0587,22.5104,49.8294
691.4454,224.6909,22.6571,48.9923
691.7701,224.7756,22.5757,48.8736
687.9189,225.9785,23.1746,47.8795
689.6994,224.6201,22.6324,48.7999
691.1492,224.1320,22.6472,48.7950
691.5723,222.5803,21.3858,50.8527
690.2728,222.3975,22.1664,50.2752
691.4139,221.6981,21.2084,51.9749
691.5352,221.3477,21.7891,51.6440
692.0972,221.5514,22.0275,50.8177
692.1534,222.8478,22.6363,49.9302
692.9149,222.9093,22.6503,50.0622
694.8238,222.6943,21.4035,50.9839
699.6701,220.0857,20.5600,51.3194
699.9892,217.3409,21.3293,50.1607
704.9745,211.0897,22.0029,49.5368
709.6805,206.1466,22.8813,48.2403
706.1427,201.1548,26.0192,44.4228
710.3755,196.2803,28.1626,41.6141
2
0
0
0
0
1
691.4640,227.3737,32.3953,36.6363
697.4016,226.5031,27.8301,41.5878
699.7762,223.2032,22.7575,48.9049
700.9114,222.4374,19.7725,51.5512
697.6035,221.5852,18.0458,53.6142
698.3218,223.4355,17.2124,53.6436
702.8461,223.3848,16.9577,53.6909
702.5765,222.7064,16.7529,53.6646
706.4627,218.1963,16.8521,55.2853
709.4796,208.1659,18.5274,52.7937
712.9611,198.6246,19.2079,51.5783
716.6837,196.8329,20.1389,50.7402
720.7209,191.0483,20.5467,49.8332
708.0189,188.7144,24.3269,45.1837
2
0
0
0
0
1
696.7719,223.6157,29.4720,43.1760
696.9719,227.4501,25.4121,45.7194
708.0015,228.1533,29.0633,41.0956
711.6731,229.3712,32.7826,39.3651
710.4344,230.5793,34.0547,39.1443
707.4949,228.3383,29.8384,42.9896
709.8052,227.4167,25.1126,47.2679
711.7096,223.9716,23.7682,47.7254
2
0
0
0
0
1
670.5198,233.9800,28.7278,33.5827
668.7947,233.5322,28.4712,34.5870
667.1990,233.5773,28.5268,35.5075
665.1760,232.8209,28.6501,36.3237
663.4066,233.2396,28.9489,36.7361
661.7093,232.6503,28.9481,37.6195
