1
295.2145,74.2534,57.4442,230.2012
293.9438,75.2292,55.6691,230.5904
291.7721,74.7283,54.8546,229.4968
289.5351,76.9111,54.8437,226.7652
289.6113,77.6505,54.4930,225.9274
287.5400,79.0717,53.6706,225.4619
282.9718,81.3926,53.7870,224.2987
281.6430,80.0349,54.9777,222.8611
279.8512,85.0785,54.3013,222.5593
272.8207,86.5976,54.3399,220.6409
272.6807,90.7623,54.0920,217.8661
268.0361,91.6452,54.1990,216.5182
262.8318,94.0433,54.0834,211.8414
261.5127,97.0394,52.8769,210.0986
258.2088,99.3802,51.9706,208.1768
253.5200,102.0960,51.9184,204.1106
249.8382,105.2242,52.5128,199.3389
249.2776,112.6315,50.7569,196.1522
248.4746,113.7445,50.0456,192.7126
246.6405,117.4879,50.8537,189.0587
245.6141,119.5227,51.5981,186.0330
242.3115,124.1178,53.6221,187.1270
251.2105,136.6482,55.7307,179.8860
247.6830,135.1458,55.7935,175.8840
245.6334,131.7964,56.5510,177.0145
237.4602,152.2907,63.9349,167.0411
296.7165,76.1435,62.4250,160.3056
298.2463,75.4808,60.7532,152.6720
306.4778,68.4957,59.2374,146.7761
316.5753,64.7356,56.5097,142.9826
314.3034,67.4903,53.7865,140.9695
312.5072,69.4866,51.6017,138.1999
310.9921,71.2176,50.4228,135.0244
305.1717,74.7118,52.4661,129.8381
304.2479,75.2736,51.9520,128.4281
303.6865,76.0674,51.4201,126.5723
314.4436,72.3172,50.0657,128.0964
313.0522,69.5845,48.0186,127.7559
311.5323,68.6466,46.4844,126.3873
309.2038,69.1788,48.4084,127.0478
303.7625,69.0464,52.6174,126.6502
301.0682,67.3349,54.7209,127.8569
300.9373,63.6818,56.3640,129.7451
319.1719,73.6217,56.6298,126.0354
324.7402,73.2837,56.5974,124.2880
321.7238,68.7595,55.2252,125.3296
316.9989,69.8745,54.9974,121.9777
315.7535,69.5654,54.1290,121.4760
315.7289,64.3116,52.6517,122.6262
325.7679,55.8061,52.1177,119.9261
324.9952,56.6388,51.1687,117.3416
334.8393,50.7072,51.6998,114.0832
331.3705,57.5200,52.5635,110.6505
318.3328,63.3086,51.3638,109.1538
315.4474,68.6416,50.4248,107.8845
314.4668,76.8613,49.9181,106.6142
313.1422,82.1861,49.0238,104.9443
314.7216,85.9812,46.7879,104.2587
315.7976,92.2644,46.6481,101.2467
317.6183,90.8001,46.2824,100.0279
318.2914,92.5893,44.5861,100.0859
323.1082,91.6774,44.5937,97.8437
322.2959,92.6600,43.6799,97.2443
323.6350,91.8692,42.1845,97.8298
331.9510,89.7818,39.7121,98.8635
331.5177,88.4249,38.1916,98.7793
330.7359,89.1886,38.0743,98.2579
330.7525,88.3863,39.1996,97.7472
331.0951,87.3559,39.7789,98.2693
330.7104,86.4032,41.0210,99.9617
330.2614,85.9644,42.5842,103.2317
330.0513,84.3072,43.8043,106.0411
328.8954,80.1709,44.5100,107.6818
322.0384,79.7284,41.6097,115.3807
323.6555,78.9432,40.4480,120.2221
322.9924,76.1959,39.5526,126.0516
323.2092,78.3801,38.7735,131.3279
323.5130,79.3337,38.7148,137.4028
322.9044,74.6495,39.2997,140.8762
318.7130,104.6619,40.8227,144.6205
315.1021,117.8997,42.3382,151.4509
312.9321,122.5386,45.3461,159.4735
307.7263,114.4916,48.3537,163.6859
306.4285,106.8847,50.5511,170.0627
307.8316,102.4356,52.2772,179.4322
309.3091,101.6351,53.9535,184.9392
309.9767,96.8002,55.0244,189.2848
313.1971,90.9238,55.4825,195.2399
315.5556,85.9541,56.2936,199.3946
316.0939,82.1585,56.4711,202.4323
317.8810,82.4088,58.1673,205.4975
318.4565,80.7294,61.5218,206.8919
317.1165,79.1264,62.9703,209.1092
317.9265,75.3117,62.7257,211.2170
316.7594,69.2458,61.3474,212.5215
315.8653,68.3997,59.9858,214.0665
317.0811,68.6023,58.5828,216.2287
311.7325,65.5463,56.3035,217.6011
310.7000,67.9100,55.9865,216.1578
307.3948,65.1673,53.8502,218.8344
304.9416,67.3584,51.9974,222.4848
304.0368,65.6090,50.8731,225.9790
303.5707,67.8939,50.4231,229.4282
301.2724,66.0540,51.2166,231.3906
300.5400,63.7956,51.0953,233.2468
295.4962,65.9131,52.3576,233.9682
286.5814,67.6896,56.3596,233.2048
279.5511,69.0766,59.7337,231.8314
273.4786,71.6966,60.4969,229.9011
258.2731,96.4333,72.3203,211.0450
249.6568,106.6810,77.7459,198.6712
240.7456,113.9905,82.3146,187.6393
296.0664,104.1559,74.4945,197.1589
300.0349,92.6478,67.8274,203.4789
301.2251,69.7027,63.2263,211.3401
299.7353,66.9842,60.7237,211.9341
298.9203,65.5850,59.9256,210.0983
299.2198,83.9841,58.4427,211.8999
280.3657,88.3735,61.2070,213.7376
278.2938,87.7169,62.7700,213.6460
280.0534,86.7270,62.1965,218.5629
283.6290,72.3987,61.9118,225.1893
285.2317,68.2803,62.3219,229.2947
287.9502,66.2951,64.1035,235.8435
293.1965,56.4038,63.7929,242.8100
296.1735,49.6692,63.7617,248.8802
297.7704,45.9553,63.1098,252.5711
298.5633,45.6413,63.2103,249.9868
299.0338,46.8052,62.8326,249.0150
300.4465,49.5817,61.8145,249.6164
297.7443,58.2004,63.9479,245.5430
297.7464,61.4920,64.4470,242.5851
298.0009,66.1736,64.5141,240.6078
296.5586,73.1232,66.2499,236.1538
296.2097,72.4048,66.7051,234.1497
295.7569,75.2369,66.1071,234.4464
294.6200,82.6188,65.4573,230.8765
293.2769,84.2029,65.8003,225.5703
292.4133,89.1074,66.5439,222.3197
291.8250,92.8023,65.0429,219.8522
292.7598,94.9432,64.1615,216.4708
293.6761,99.2472,63.2846,213.2315
295.2825,102.2313,62.4781,209.4941
296.4691,105.3896,62.2231,205.3639
298.0134,102.7628,60.0843,205.0177
297.0617,100.0554,60.0837,204.1935
295.6733,100.3142,60.3990,203.6786
294.8927,98.8136,60.3470,205.2599
293.3129,96.0868,59.9825,205.0939
292.0343,96.2458,59.4059,204.5547
291.6060,93.7969,59.2057,204.4592
289.4832,85.5418,58.5989,206.2536
285.3186,84.1314,59.7757,203.6177
284.4981,81.7104,58.0944,202.3152
283.0205,77.1115,56.8923,206.2852
282.1927,72.9153,56.3817,209.1907
280.6110,71.0629,56.6444,213.9546
278.7480,70.7089,56.5416,219.5707
278.0121,70.6997,56.7822,223.1485
277.9822,71.7285,56.7648,226.0866
275.8212,72.8799,59.1730,227.2244
274.8396,71.9650,60.2680,228.4880
275.0550,72.7994,61.0984,230.5266
273.5847,71.9385,62.6860,226.7753
272.7053,70.3348,63.0585,227.7018
275.2467,72.8423,60.6327,228.6987
276.4944,71.1659,56.6648,227.7128
277.1789,72.9092,53.9488,226.0164
277.6256,71.9885,52.4356,225.6839
276.8767,71.6334,50.3744,226.6073
275.0844,71.7471,49.5754,228.0250
272.3387,73.9358,48.8560,226.2553
252.9802,73.6134,46.5723,220.0757
250.1451,78.5552,45.8800,212.3513
251.7608,83.2403,46.0249,208.8233
254.0446,84.8306,45.4148,205.2665
254.3378,85.3823,45.1597,204.2792
256.7792,83.4607,44.9666,204.2560
259.9724,80.1013,44.3809,207.0067
261.2244,79.5553,44.5359,206.9555
262.3979,77.9543,45.2798,209.2505
264.7987,75.9273,45.1589,210.2695
266.7729,75.8718,45.3101,211.5973
267.3809,70.9351,46.2185,215.2628
271.5198,71.2941,47.1668,212.7039
273.7614,71.1595,46.6241,210.7300
275.8596,72.8992,46.9872,208.1384
278.2535,77.4575,48.0875,210.4091
279.6220,76.7068,48.3553,210.3652
282.1422,78.1950,48.4750,212.3988
284.1263,81.6740,48.4160,207.6479
285.4789,84.0310,48.3797,205.5200
287.2557,91.0544,48.9215,203.6653
290.5360,101.4652,49.6114,203.3238
292.5232,105.4730,50.1633,200.5634
294.3765,105.7868,50.4946,200.8859
297.2752,109.5314,49.3868,202.6952
299.1198,107.3050,49.4749,202.9409
300.1594,110.1014,48.4636,203.6059
303.9723,108.8745,48.0147,201.5038
306.4685,109.3718,47.4637,202.8152
307.3542,108.9791,47.5325,203.8030
307.6190,106.2945,46.9885,202.8186
307.6473,102.9731,46.3411,203.8528
306.3102,94.6497,46.7337,205.0059
306.6529,104.6068,47.4490,198.7533
307.0582,113.9531,47.9367,192.3154
304.8104,118.8651,47.7221,189.1245
301.8485,121.5266,46.8197,185.7877
299.4431,125.4736,46.5122,182.3115
284.4310,128.0562,45.9498,177.7279
282.7131,124.8530,45.1854,176.1710
280.7405,120.9290,44.5576,175.6294
278.3638,116.7697,44.6722,178.3356
289.9784,123.6116,43.4879,178.9182
289.5516,127.4765,42.8961,177.7244
290.4462,128.1051,42.9068,177.7698
289.0879,129.4564,42.7248,173.6784
287.9808,131.9516,42.0796,170.0090
287.5077,131.8499,40.8811,170.0917
285.7967,134.1019,41.0759,166.3296
284.9442,135.0886,41.3203,164.1974
286.4122,135.3504,40.7763,164.1204
287.6554,128.9041,40.0603,164.5114
287.7470,130.1998,40.0329,163.9851
288.8662,131.3429,39.5728,162.5897
290.2181,129.3722,38.5707,160.9889
291.1570,128.4548,37.3682,159.6206
292.0908,124.0190,36.6020,160.8122
302.4533,127.5574,37.4420,161.7872
301.8633,122.6274,37.4334,162.3246
301.0404,112.9746,36.8519,162.9550
301.0760,111.8265,36.7307,164.3226
301.1301,111.5588,36.8289,165.1482
301.0856,108.2771,36.7691,167.0235
302.4384,103.3009,36.3417,169.7641
303.6087,100.2890,35.9880,171.6185
305.0748,96.7714,35.5166,174.6065
318.7212,93.6768,37.2594,178.5777
320.8878,91.5339,39.4525,182.3299
323.3120,90.2371,42.2205,186.4268
324.0953,97.9770,41.3521,184.9364
325.0846,104.1058,40.8267,181.3334
326.6936,99.4454,40.1778,180.9491
324.7558,100.3131,42.3199,176.3721
324.2724,100.6255,43.0538,174.4023
324.8934,99.3719,43.3801,175.7841
338.3710,102.0540,44.0822,169.0837
338.8694,105.5837,43.9708,164.0204
338.1463,98.9886,43.5083,166.6376
339.4745,86.0089,41.3803,176.0905
340.0156,85.6372,40.3667,180.1861
340.3469,79.1935,40.5980,186.5359
339.1342,78.5842,41.5837,191.6201
338.6338,76.5153,42.4392,194.7940
338.2597,75.2694,43.7342,194.8181
337.8113,76.5915,45.5731,192.3021
337.8166,77.2919,46.5048,191.0293
336.9091,75.4714,47.2439,189.2043
336.9571,75.2372,46.7294,189.1565
337.0415,74.8824,46.6638,190.2572
336.4787,72.1121,47.4884,192.8198
335.4120,65.5643,48.3320,196.8991
334.6470,61.9227,49.2147,199.9629
334.0131,60.5812,49.8066,201.2653
334.9424,62.6574,48.4435,201.7035
335.4383,62.7317,47.9656,201.7766
338.4190,62.0597,49.7600,198.7598
340.3715,64.3530,49.7813,196.8345
341.6115,64.9342,50.1242,194.9942
341.7978,64.7785,50.2467,195.3025
341.8517,67.3588,49.5021,192.7049
340.2019,68.3979,48.2193,191.1928
340.1867,71.1115,47.2168,190.8044
340.9750,67.6679,46.7978,192.8689
338.0756,71.1073,48.1202,189.1304
337.5464,71.2399,47.3697,188.8726
334.2408,74.5969,47.2644,185.6130
330.9614,72.8214,47.8523,182.2818
327.9648,76.8017,48.5548,180.2909
328.0270,75.6398,49.3995,179.9361
340.0686,73.5348,46.4689,176.4999
338.4576,76.5345,44.1770,173.3719
335.9158,78.3838,42.7814,171.1579
333.3242,78.1715,41.0296,166.6499
330.6498,80.5149,41.7496,163.2572
329.6985,81.4273,40.2572,164.5785
327.3692,78.5844,39.9987,166.6664
325.3000,80.8636,40.2659,167.4707
323.7017,76.6935,39.2674,169.4072
320.4962,73.9819,42.2846,169.9461
317.8372,79.6226,43.7617,169.8182
315.9591,73.6498,43.9479,173.4068
315.9342,67.3238,43.8756,172.7909
315.6333,67.9350,43.5284,172.4375
301.3400,71.5844,44.6498,173.9723
298.5839,67.1918,43.8836,177.1015
294.3482,70.0899,43.1083,178.2733
290.8112,68.6978,42.0656,180.9360
286.2920,66.7522,41.2433,181.8043
285.3654,66.1302,40.3959,183.2058
283.9728,65.8488,39.8868,183.6823
280.9510,68.2425,40.0926,181.9771
281.0378,69.0329,40.0537,181.6166
281.6623,69.9447,40.0481,181.0988
282.4461,71.3994,41.0052,178.3558
283.1031,70.6243,41.4907,177.7482
282.2252,72.2181,41.9506,177.7578
281.1163,68.4331,42.3254,177.5974
281.3581,68.8587,42.1381,178.2370
282.1274,67.5662,41.9683,179.5935
281.4363,64.5782,41.4050,177.4840
282.2339,63.2009,41.4489,177.5323
282.8427,62.7647,40.4471,180.5866
282.5725,60.1112,39.2718,179.3519
282.5110,60.6001,38.4755,177.8017
283.0912,59.2927,38.4173,178.1235
282.7152,59.3469,39.5771,178.5743
282.2173,59.8664,40.2507,178.5929
283.4286,61.2863,41.2908,178.9189
283.8048,62.9919,43.4429,174.3447
282.8666,63.8951,44.3325,171.8809
285.7146,66.2228,43.1876,172.7158
285.2103,72.9405,42.5271,171.3148
286.1898,73.6078,41.4795,170.3272
287.0650,73.3960,41.6237,172.7703
284.0958,76.7853,43.4211,170.9080
283.3325,76.9066,44.3132,170.5338
283.2200,77.1890,45.0046,169.7349
291.3077,81.5590,46.7787,168.1419
288.3124,80.4797,46.7187,166.7431
287.6900,82.4221,45.7297,164.2307
286.9584,87.1239,46.6192,159.1288
286.4174,87.2067,46.7634,157.2442
285.9207,89.1078,46.8114,156.6476
287.0130,90.4854,47.5167,153.4020
285.8193,91.9342,48.1702,150.8675
287.6641,92.9498,49.8786,148.5509
289.7560,93.3120,53.8072,146.2681
289.2131,93.7153,56.9379,145.8951
292.7594,90.2201,58.5109,148.7849
298.2810,88.2318,57.6762,148.0104
299.5014,89.4615,58.8766,146.7879
303.2114,87.3947,57.3681,150.4770
307.6787,88.9774,53.4235,146.8388
309.4024,89.0698,49.4097,146.7558
310.9716,88.8738,47.1516,145.9998
309.8483,86.7088,41.0482,149.0584
311.4274,87.0962,37.8400,149.9839
310.8303,83.0049,36.3087,153.6796
309.7657,78.3832,35.0658,160.3691
309.3875,77.0510,34.4407,164.7261
306.0645,78.3080,34.7496,166.4093
299.0998,76.7367,36.1859,167.5451
298.5119,76.2906,36.5310,168.9363
297.2768,75.0705,37.1152,171.0518
298.8893,73.2805,37.5235,172.6746
299.6857,72.7421,38.3228,174.5870
296.2923,73.7197,39.1019,176.1988
294.5326,72.2017,39.2108,178.0132
294.8754,73.0243,39.0969,178.5249
294.5364,69.1862,39.8886,181.0950
289.9746,74.8883,40.2807,178.8177
289.6965,74.7267,40.0169,177.8186
286.4990,78.6251,40.7780,177.3260
284.0423,80.9411,41.7329,170.8178
282.8525,84.7075,41.9028,166.3184
280.5375,79.5846,43.3711,168.5299
278.1524,79.7346,44.1291,168.8665
275.8877,79.2184,44.0022,169.6265
279.6710,79.5076,43.4331,170.4699
283.7893,81.3251,42.0744,168.6728
285.5843,82.2993,40.8120,167.4654
288.3488,83.0956,40.5693,170.6604
300.5534,84.8624,39.0612,170.4371
300.5435,85.9869,38.5261,169.1442
301.1968,84.3830,37.6239,166.3469
302.1968,87.2373,38.1581,167.8726
303.2981,86.8975,38.9202,169.5060
303.3682,83.2814,40.9987,172.9257
303.1085,88.9419,42.1977,169.9935
302.1112,91.3731,42.6064,167.0755
314.5047,91.5680,44.3025,168.3428
314.6380,89.6036,47.9937,168.7234
314.0140,89.2128,50.5251,168.6042
313.6517,87.9620,50.9951,170.3191
316.0852,88.5308,48.9326,168.8577
317.8573,90.9472,47.8127,169.4116
307.5055,89.6958,48.1010,169.7360
308.9378,94.5841,47.3571,166.6656
307.5267,92.9794,48.1688,164.6877
310.0561,99.2407,45.9928,165.3899
308.0251,101.0951,44.3301,161.0352
307.2582,101.2179,42.4536,156.5010
307.0724,97.8742,42.0383,155.4104
304.7580,93.0921,41.5913,160.9435
301.0115,94.3565,43.0244,161.3597
298.5710,92.4503,44.2613,165.4655
311.6766,92.4387,41.9686,166.8974
312.3188,92.2237,40.8365,167.8612
311.5178,92.0362,40.7653,169.8833
351.6511,111.6442,42.7943,163.5220
351.7720,115.2376,45.3561,157.0652
350.2418,114.8155,49.0753,153.7445
345.4263,119.8448,53.1343,148.0874
344.2985,118.2380,52.9238,148.3330
341.4872,119.1747,53.4363,145.6040
329.4059,119.8855,54.0301,142.9711
329.0054,120.6589,54.8113,140.7609
325.8829,119.8016,58.4902,139.5458
323.6394,118.3748,59.8896,139.8406
319.3614,120.5972,61.5620,138.5520
314.7176,119.3092,61.9740,140.2998
327.9056,109.8006,59.2549,145.2214
328.3241,104.2623,57.0470,146.4688
327.7486,107.8916,55.4088,151.3297
264.4477,97.3814,51.5086,159.1640
264.7014,94.1594,48.6718,164.9580
264.8230,92.5530,47.2953,169.2189
265.8909,99.1359,48.2181,168.8681
265.3603,100.7898,49.1899,166.1672
263.2545,103.3202,50.1265,166.0124
263.3533,107.5557,50.5283,163.5406
263.4203,107.5374,50.5715,161.9484
264.2768,108.8319,49.7531,161.7193
292.7959,109.9125,50.1873,160.8808
302.0589,108.9551,48.1877,160.1146
300.9464,107.0207,47.2207,160.5714
298.6105,106.5101,45.9582,161.5623
297.3497,107.0324,46.0110,161.7102
296.8026,105.5106,46.3222,160.1909
285.3710,106.9191,47.9969,159.9834
285.8395,107.1438,48.8480,160.6068
282.1945,107.4871,51.9060,160.1458
276.2817,104.7056,50.6133,157.0066
274.3794,106.4953,50.2504,152.5421
274.9486,106.7175,49.7822,151.9220
271.2298,102.7829,49.6927,152.5116
271.7109,103.8468,50.1024,152.4579
271.6531,101.3297,50.4389,153.5513
273.3033,94.7431,49.2263,153.3199
273.5540,94.3607,48.5954,152.4384
276.7943,88.7459,44.5673,157.8517
280.2045,90.6767,42.1237,162.1113
281.7267,89.8454,41.0999,165.4264
284.2578,89.8234,41.1680,168.2402
286.4055,94.7286,41.7263,168.8029
288.2626,94.8017,41.8272,167.9808
298.8600,91.5791,43.9495,172.3222
297.8612,101.6267,45.7983,170.2886
298.0486,100.2645,46.6255,169.9881
298.3787,104.1979,46.4054,172.8974
294.7091,108.1306,48.7557,168.5887
293.4869,109.5422,49.2651,166.7125
283.5842,109.8790,50.0554,164.0434
283.4497,114.3312,52.2478,161.1204
283.0352,113.8043,52.6064,160.7697
281.4248,113.0625,51.1091,163.1829
268.0369,109.6803,52.4442,164.0707
268.2858,109.9590,51.6472,165.0916
266.6424,107.9315,51.4282,167.1787
258.6401,107.2569,54.8376,164.8624
255.9057,107.9641,56.0106,163.5118
250.7028,107.7955,57.9458,162.5482
246.7668,107.2119,59.3273,162.1817
245.0147,103.7194,57.3697,165.2560
244.4034,101.4135,55.3966,170.6897
243.9819,100.3318,55.9837,173.4551
243.4616,99.7217,57.5048,175.4769
244.8940,97.4454,56.6229,177.7446
246.3412,92.5211,54.8178,180.9267
247.4244,93.3636,53.5651,180.9513
251.0850,92.7365,50.6574,182.4662
252.6233,89.3716,52.4807,181.4771
253.5403,94.9564,54.4800,177.2861
253.7108,91.8064,54.1580,178.0034
268.6013,98.5921,54.8390,178.1945
283.4484,102.3997,55.2665,177.6470
284.8215,100.2128,53.2740,176.4199
286.5929,100.8226,53.4567,172.1222
286.5913,84.7031,53.4682,170.8898
287.7943,82.7227,51.8942,174.6979
288.3476,80.2394,50.8665,176.9075
288.5723,79.5723,50.0662,178.1921
287.2043,89.9250,51.1331,178.0735
285.0645,94.3571,50.7680,180.8952
282.1162,94.1995,52.0977,182.5372
281.3841,91.0860,52.2880,187.8385
284.9917,83.4599,49.2911,192.3858
286.6723,81.3314,48.6633,196.9287
288.9926,78.5197,47.2933,200.8777
290.7815,81.1287,45.9059,201.6960
291.0745,82.6805,44.9317,199.1872
291.5642,82.0386,45.0352,198.6125
291.5469,80.7153,44.6697,194.3850
291.8098,81.9231,44.4509,194.5059
293.2884,82.8914,43.3363,194.8676
296.0168,81.8748,42.1189,195.5793
297.6004,82.7656,41.5599,195.7478
299.6933,82.1776,41.1735,196.2586
301.9084,87.8076,41.0197,195.0085
303.1880,88.6496,40.6491,193.7990
304.3442,90.3178,41.0619,193.3897
306.7778,94.5387,42.0582,193.3527
308.0004,95.5948,42.2914,191.9735
308.1974,97.1523,43.0776,193.9246
308.6103,102.2068,43.7804,193.4176
308.8726,100.1934,44.2054,194.0536
309.3125,102.1340,44.1987,193.7600
306.4859,104.6797,44.7993,187.8933
304.4432,106.8893,44.4427,184.8570
302.9034,108.7102,43.4506,182.7966
298.7129,110.3306,44.0624,180.4069
297.4984,112.8182,43.5411,178.7102
295.0463,116.0722,44.3648,175.4156
292.1456,112.5889,45.2828,180.0338
291.0091,112.1872,44.7367,180.8785
290.0274,111.1469,45.0513,181.7810
289.7743,107.5648,44.8732,185.1321
289.0953,106.2500,44.1526,189.2183
288.1372,105.9120,44.0108,191.1537
287.6234,103.4055,43.5556,194.5884
297.4039,97.9463,44.1345,197.3432
294.2009,99.0793,44.0369,200.1647
291.3321,101.4314,44.1996,202.3594
288.1555,101.2228,45.3156,201.6407
298.5958,97.6384,46.6135,201.6442
293.8965,96.2770,47.0229,201.5029
287.9917,108.7468,48.6214,201.5188
284.0230,109.9284,48.0818,200.3765
280.5011,105.1880,48.9585,200.2150
277.5613,101.4014,48.3699,200.0928
275.1500,100.0964,48.2707,199.7143
273.8797,104.9934,48.8197,199.7868
274.6021,106.8654,47.9393,198.6668
274.5095,107.5336,47.8554,197.5096
274.0333,108.8661,47.8175,196.0391
275.0502,101.1334,48.0169,199.5741
274.9488,97.1416,48.1416,203.4565
276.7044,91.7533,47.6983,208.0475
239.2319,86.0904,47.7439,210.8871
238.5898,82.5241,46.6915,213.5619
239.9764,80.3101,46.3474,214.6750
242.1455,70.9154,48.2224,218.2304
242.0484,70.8795,48.5455,221.7399
243.2696,70.9730,48.8830,226.5743
247.9594,73.8044,50.8298,229.2007
250.6401,75.1801,52.8924,233.0450
252.2843,76.3345,55.1009,235.2463
255.9732,77.6511,60.5318,235.2428
256.1559,77.1028,64.9975,232.7661
254.8234,82.1673,70.6003,229.1256
254.5349,86.0183,77.8402,225.2714
253.5692,85.4366,83.6817,223.8042
253.5536,84.7821,85.5094,225.7841
265.7578,91.0049,88.0559,219.8311
261.1589,95.8997,91.8181,212.9984
260.0465,99.6948,95.2972,209.3838
264.6215,96.9916,93.8888,212.0826
266.1754,97.2580,95.3447,211.3388
270.4756,92.7858,93.2154,215.4245
272.6154,89.7738,86.7910,217.4180
272.8118,88.7046,82.5360,216.8618
272.8245,82.2288,76.9435,218.1676
273.0214,71.5782,68.8671,223.2557
275.2459,69.1279,63.1280,227.8382
275.1524,68.4710,60.4635,230.2426
278.2979,66.7151,57.9978,228.3964
279.7362,66.4631,56.8377,226.0876
280.5178,71.1625,54.9382,226.5348
275.8946,72.7151,55.8651,225.0927
274.1377,73.5082,57.0929,222.1990
273.8774,78.2089,57.5255,221.3131
270.0987,78.3416,58.4435,217.5812
269.7007,80.5049,58.8453,214.8692
267.9204,79.7343,59.2847,214.4316
264.1886,82.3016,60.9438,216.2178
261.8948,79.3601,62.3350,215.3962
263.8747,78.4687,60.7729,215.6878
270.6278,78.4402,56.6976,219.0215
275.2318,77.0296,54.1722,219.9229
280.5911,71.2752,54.1636,223.8363
302.7139,69.5868,56.7291,226.5393
303.8816,66.9872,60.2098,230.0597
306.8979,66.7447,61.6297,233.9305
304.1206,67.0839,65.0114,231.0335
302.3871,67.6665,66.0327,229.5311
303.6209,65.7506,65.2411,229.5450
300.7261,69.2791,66.0906,225.5491
299.8532,68.8461,64.5655,225.0468
294.1082,65.7743,61.6678,225.4924
281.7226,57.2099,57.7615,227.8366
283.3260,60.1499,54.2248,226.5247
2
0
0
0
0
1
373.4307,71.5641,67.0245,190.0727
379.8276,68.9477,67.2622,187.8351
382.1631,71.2028,67.9692,186.3714
384.8324,79.1647,69.9083,185.0269
382.7404,84.8896,72.4095,181.8788
382.9631,87.1398,73.6959,180.8184
404.6919,87.0508,70.9263,181.0152
408.9863,86.5253,68.4603,182.3322
408.5561,87.2507,68.7271,182.2539
407.8183,90.7386,67.3866,183.8047
406.9865,89.7714,66.3673,185.4896
406.3218,91.2664,65.9352,185.3523
404.5213,97.6489,66.2965,181.8014
404.3727,98.5363,65.4435,180.0149
387.8327,99.7530,67.1201,177.1831
390.7714,102.6565,65.0174,177.3068
392.3592,100.8540,63.7760,177.4482
393.1478,100.4938,63.3285,177.6757
394.2909,100.6291,63.0125,175.7593
395.4386,100.1891,62.5194,174.4166
396.8546,99.7539,62.7901,173.7419
396.7232,96.6589,62.1319,175.7538
397.0669,95.0851,62.2765,176.5677
398.4219,94.0412,62.0801,176.8802
395.4698,88.5005,61.0529,176.0356
395.1039,85.7239,60.6988,176.9650
394.5455,84.6509,61.1987,178.4355
394.3223,82.6122,61.6033,181.3351
394.5768,81.6984,61.5738,185.7007
394.8987,80.6712,61.7212,188.2248
394.7762,84.3046,61.3540,190.4425
394.8877,82.4637,61.2141,191.4514
394.6403,84.5800,60.8464,192.4025
393.2834,90.0695,60.5871,189.4515
393.0999,92.2766,59.9906,186.7016
391.9474,94.3235,59.6264,184.7805
390.5268,92.7377,59.4927,183.3039
390.5375,93.3147,59.2985,182.6062
388.7974,91.6070,59.6600,183.1717
390.1464,79.8532,51.9809,198.1292
390.9791,75.9248,47.7355,208.0433
391.6568,74.5814,45.8235,212.8949
388.8080,77.8641,47.3343,211.4489
387.3966,79.1062,48.0715,209.4559
388.1660,82.2845,48.0310,210.3931
386.9847,88.0710,47.1388,208.3189
386.3118,91.3171,46.3544,206.1895
384.4385,93.0221,46.2800,203.8557
382.6057,93.4987,46.8473,199.3599
381.6376,95.6459,47.4087,195.2413
381.2690,96.0154,47.3243,192.1953
380.7094,93.0106,46.1771,194.1256
380.7645,91.0271,45.2864,196.7039
381.4602,90.6217,44.8917,200.1026
381.2851,88.3249,44.4293,200.7846
381.7837,85.0225,43.9302,202.0281
380.2172,90.0365,44.1540,200.8604
378.6879,91.1139,44.8018,198.8201
378.0972,91.7017,45.0481,197.7870
379.1557,91.6974,45.2309,196.3354
375.3512,86.2843,46.2217,198.4756
375.5938,87.5870,46.3845,198.1875
372.2278,86.9080,47.2946,197.9138
365.8339,91.5348,49.0625,197.0608
365.9191,90.3673,49.4308,197.1534
361.9843,91.8525,51.4209,196.3915
358.4221,95.3688,51.2107,192.2203
357.5115,97.7618,49.7677,190.2122
356.0053,99.7887,49.2807,185.2958
351.0016,104.0752,49.3577,180.2999
348.7253,106.2977,50.2629,176.2681
347.7302,108.1020,49.2577,173.8086
344.1603,111.7459,48.5924,171.4438
342.2652,114.6251,47.9596,169.0012
338.4713,118.3081,48.6311,166.8045
331.5001,120.6329,50.6706,162.1828
328.1006,126.5397,51.9023,158.1732
323.6288,128.4734,53.8307,155.4005
319.8643,129.7711,52.6777,155.2420
317.7861,132.8981,52.2359,152.9324
316.5808,130.7575,50.1099,153.6938
314.0222,125.7293,46.6851,156.0313
314.3329,126.9010,44.7769,156.4227
315.5728,125.1982,42.8457,157.2010
314.6183,124.4304,41.9947,154.9631
313.1733,124.8625,42.2386,152.6834
314.3583,125.7337,41.0863,153.3156
311.9911,125.8179,41.2752,154.0085
310.6065,125.8297,41.7296,155.1546
311.9862,121.1948,41.6221,159.1425
312.8020,119.7526,41.2355,163.1196
313.1686,117.9856,41.4919,166.7359
313.8917,114.0748,41.8395,170.8700
315.0868,113.6051,42.9966,172.3945
315.8944,112.2456,43.6187,174.5069
319.6630,110.3483,43.9689,179.0405
324.9502,111.3930,44.1801,184.6304
327.6626,105.6955,45.4194,190.5176
329.7599,105.0466,45.9940,194.3020
330.8438,108.9130,45.0748,195.0962
329.6722,110.7405,45.1913,194.1200
329.2253,114.2082,46.0055,192.5882
329.4887,116.7071,46.4678,191.9774
329.9813,118.4135,46.7343,191.4013
331.9596,121.3906,47.3523,188.7471
335.1161,124.1247,47.7308,184.8789
337.2734,126.9637,48.1852,181.6413
