1
189.7608,345.1385,45.8240,111.4651
196.8057,345.4482,43.5577,113.5443
202.9487,347.2770,43.3033,114.1248
213.7933,353.9914,42.5308,116.6169
227.3646,356.5533,37.6303,126.7603
240.0195,353.9184,35.2346,131.0665
252.9649,356.5459,34.9508,131.7951
263.8868,356.9225,34.4139,131.9978
276.1029,356.2645,33.2020,136.7354
289.2906,356.0099,33.3661,139.9790
302.4561,353.6928,34.9317,141.2888
315.6511,350.6106,37.4335,141.3685
330.9359,355.9412,39.5579,137.8680
346.6870,359.6672,40.4451,135.5479
362.4524,359.2728,40.8976,137.7439
378.5528,360.3120,41.2173,139.0500
393.9953,374.2746,42.5685,138.6981
416.1516,376.6966,42.1367,142.1499
429.0313,391.2771,43.1339,145.5429
439.6303,400.3488,45.5273,145.7008
449.4370,403.4519,51.8949,137.3378
451.4358,399.9553,47.3892,140.9832
465.3179,373.9806,45.1810,145.6501
475.1301,360.1059,46.6640,148.0496
497.1407,348.8021,47.2530,151.0171
522.1197,360.8558,48.8137,157.9665
534.0612,361.0804,48.6557,165.1653
544.1891,369.4128,47.6309,170.5058
542.3257,363.7613,49.8899,174.1985
553.3188,326.5812,50.6251,181.7284
539.1648,344.2470,52.2595,182.4733
506.7779,368.9552,62.4426,168.8914
506.4344,342.8290,60.7023,169.1798
534.9905,276.4384,58.2334,171.2229
543.9860,281.8436,69.5643,158.6394
622.9879,343.4619,61.9672,166.4498
639.7786,331.0016,54.5518,183.9028
625.1280,341.5083,50.4732,204.5662
610.0175,329.4175,49.7657,222.7062
591.4884,313.0550,51.8805,230.7909
587.5152,268.1989,59.6578,224.3570
607.1318,239.7608,62.5943,224.3987
592.2169,262.9209,61.2855,228.3258
572.9808,272.0497,60.6935,229.5477
2
0
0
0
0
1
626.6011,166.6607,205.9020,193.8167
634.4213,194.9105,210.6399,183.9717
609.9003,231.6231,237.7147,161.3794
615.6913,233.7802,227.5594,182.9029
605.0504,250.9228,207.6398,206.2173
596.0028,200.3069,169.2945,245.0944
587.5738,162.1736,139.0887,268.8616
595.9955,164.5831,123.1962,273.0483
583.1883,175.7281,133.6519,249.8977
573.6216,190.9133,157.5979,218.8985
595.4604,197.4949,171.6950,194.5975
626.0588,199.9009,178.2610,180.9416
643.5119,228.4228,178.1763,173.7852
613.5001,225.4451,168.8143,177.3459
605.0450,217.8746,157.5649,188.4402
614.2570,196.9861,156.8381,192.2557
629.4700,195.8490,154.6116,193.0788
660.6942,221.9055,161.5134,192.0440
670.0109,266.5280,165.8878,186.3576
660.1522,336.2225,148.5396,199.8605
758.8074,378.0466,126.4159,213.2107
740.0464,381.3808,119.6521,213.6436
751.1581,428.4053,103.3096,219.9878
760.6305,435.4164,89.0503,232.5694
748.9575,440.9083,82.5901,235.5835
753.4387,456.8801,76.8809,229.8258
756.9958,476.2061,72.3643,216.6853
759.7690,475.9102,68.9303,206.7633
763.1074,470.9010,65.4757,201.3424
766.6661,467.1582,63.2474,200.0086
769.9564,463.3224,60.8125,199.4725
773.5471,459.3274,58.3495,199.7164
776.9272,466.2763,55.9492,195.6538
778.8810,455.6981,53.6800,197.5972
767.0206,452.3464,52.6397,199.8259
769.7048,442.8676,51.7938,202.5451
771.9443,445.1489,51.3890,204.2361
773.5733,439.7235,51.0695,203.8736
775.0532,443.6840,50.7226,204.9609
775.3926,433.6270,50.7857,205.9053
775.8155,434.7966,51.0166,206.1742
763.1300,433.1609,51.3436,207.8736
764.7407,422.3565,51.1035,211.5684
765.5435,426.2420,51.1819,214.0188
766.2424,417.5279,51.2828,216.1371
766.9284,419.6780,51.2548,219.0844
768.1287,409.2873,51.0681,221.2307
768.1399,412.1947,51.4936,224.3510
768.5750,413.8289,52.0862,225.0639
769.3190,417.3590,52.5841,224.6699
771.0197,411.1974,52.2727,224.0177
772.6014,417.7359,52.4345,224.9253
774.4921,421.4525,52.8288,223.7976
776.0243,415.4728,52.9920,223.5243
777.4019,419.0361,53.1478,224.2440
2
0
0
0
0
1
768.9010,298.2466,62.6944,321.4958
765.3940,301.6747,64.1586,312.2168
763.4061,302.7975,64.9649,305.7373
762.6093,304.1737,65.5712,301.3917
761.5416,306.7851,65.3362,297.5150
759.7051,303.9724,64.2003,300.5898
