1
285.6572,250.6125,43.6115,44.6288
288.0470,250.6920,43.0581,45.6745
289.6151,253.1070,42.9500,45.9686
289.6960,253.8296,42.8295,45.3117
291.0682,257.0098,41.7833,46.3909
290.0720,256.5587,41.1249,47.1548
290.3107,258.3515,40.8187,47.2392
290.4896,259.3497,40.3853,48.5336
289.6170,261.1966,40.5951,48.2864
287.1387,263.1725,41.0100,47.7705
285.9941,262.9139,40.1541,48.6786
284.2467,265.8843,39.0280,48.1310
283.3229,263.1245,37.4333,48.1250
284.4715,266.6166,35.8532,48.7416
284.1501,265.7617,35.0310,49.7300
283.8663,268.8509,36.2373,49.4154
284.1439,267.5061,35.2434,50.9304
283.6120,268.0737,34.5379,51.4801
284.3753,269.4507,34.2287,52.1805
285.4405,268.2068,34.1361,51.8470
286.0630,266.7211,33.3401,52.2002
286.0997,264.7948,32.3170,52.9773
285.4037,264.6579,31.8514,53.3417
284.4474,263.0862,31.1371,53.8819
284.4499,264.5073,32.6930,52.6518
284.8696,267.7809,33.0965,53.2878
283.2354,267.3343,33.8237,53.6798
282.6374,268.4313,33.7474,53.9261
281.7592,266.9605,33.9141,53.8456
280.4493,266.2204,34.3052,54.0655
281.3293,271.3720,33.3176,55.6774
280.0985,272.3690,33.9026,55.1484
279.3040,271.1785,33.8811,55.0574
280.5905,272.8142,35.0843,53.6832
280.1054,270.7689,35.3711,53.3749
280.7657,273.3203,34.7884,53.2443
280.6934,274.0410,34.4760,53.3266
281.2090,271.0433,35.3422,53.0090
280.3046,270.2406,35.0364,54.2393
280.1420,270.9782,35.2574,52.6072
281.6187,271.7972,36.5094,51.8389
280.2867,269.4229,37.0430,51.8099
280.6741,267.5585,36.3663,52.8078
279.4128,267.0118,37.0431,53.2390
279.7380,266.2859,36.2642,53.8249
278.1994,264.5085,36.2239,53.7516
277.0501,264.1934,36.1503,53.9821
275.0278,264.2609,36.3939,54.1039
275.4746,265.0556,35.8352,55.4902
275.8117,266.0212,35.8881,56.2467
274.4994,265.2440,35.9418,55.8264
275.2670,264.3601,36.7839,54.5112
274.7079,266.6967,35.6668,55.1629
273.2474,267.3468,35.8465,55.1208
273.1794,267.9248,35.8863,54.9224
272.9064,267.4447,35.8828,55.0238
271.9633,267.1084,35.6981,55.5348
270.7610,267.9059,35.5116,55.4013
269.7081,267.0005,35.2810,55.7215
269.3059,266.8680,35.2666,55.3570
268.2190,267.1179,36.1401,54.5153
264.5384,267.8947,36.9519,54.6316
263.1193,267.7551,36.9730,55.0697
262.9450,266.9639,36.3553,56.3511
262.0795,267.2527,36.1007,57.9991
260.7788,268.1996,36.2837,57.7672
259.6592,268.3267,37.2209,56.7330
256.2057,268.3989,37.4656,54.4801
253.8309,269.4498,38.0734,53.6601
252.4232,269.8670,38.0130,53.9787
250.9909,269.3302,37.7966,54.2564
249.7264,268.4023,37.7809,54.7235
248.0374,267.9997,37.9127,54.7285
247.2353,268.3437,37.7566,55.0013
246.3100,266.1218,37.6087,55.9936
245.7491,267.2451,37.8896,55.6700
245.3287,267.3885,37.7600,55.0528
246.6653,268.4060,37.7676,52.8729
250.4587,271.9908,38.2811,53.0793
250.6866,268.2421,37.4017,54.5748
251.2560,267.9051,36.8730,55.2056
253.0288,268.3322,36.2234,56.1561
253.7018,267.9084,35.8587,57.2403
255.4734,269.2298,36.0125,57.4288
255.4084,270.3002,36.2283,57.3951
255.0126,269.0230,36.1894,58.3975
254.4738,268.5053,36.6143,58.1441
253.3633,269.5687,37.4345,57.7378
252.1760,269.1230,37.7905,57.6351
251.8573,269.1140,38.0628,56.7557
251.2637,269.5563,38.2274,56.7501
250.8818,270.0977,38.2693,56.8241
249.8140,268.8314,38.3527,56.9804
249.3808,267.9804,38.3349,58.1850
247.3542,265.4181,39.6672,55.6052
245.9871,265.9390,39.1823,56.1166
244.1665,264.3765,39.6294,55.4518
244.2138,261.0847,39.5932,55.2130
240.5391,265.1499,39.3056,54.6531
240.8755,264.8329,39.4522,54.4814
248.3772,273.2993,38.1447,57.0936
263.0125,297.4179,38.4086,57.3213
278.7629,303.5436,39.4084,56.6871
297.7769,319.4949,46.7084,50.3592
316.9874,329.2566,52.2016,46.2709
333.5201,336.5606,54.7762,45.5138
347.0769,333.8229,50.7666,46.1988
354.8240,332.1068,47.1231,48.4514
359.0765,332.2936,45.1640,47.4976
362.5298,326.3651,44.4247,47.7346
366.8125,320.1385,43.7974,48.1723
371.1373,320.2307,43.1051,47.0789
373.6843,320.2177,42.8169,45.6325
369.5688,318.0687,42.7623,44.5512
368.0486,319.2410,42.2352,46.4030
368.7090,321.0780,42.6743,45.8118
366.3442,322.5574,41.8318,47.2611
365.3380,323.5606,41.1376,47.0714
361.6658,325.1418,41.5537,47.9326
362.2548,325.5711,41.9328,47.1656
360.5773,327.6646,42.0301,46.7369
355.5740,328.1594,41.1165,47.0280
354.7287,325.1383,39.4505,47.3081
350.8631,323.0178,38.6800,47.0826
341.6101,319.6999,38.0162,47.6130
338.1335,316.5757,36.7413,48.5198
337.7129,316.0787,36.2980,49.6390
340.4261,318.5013,36.4872,50.6185
339.1634,317.1358,36.6168,49.4892
335.3900,316.1281,36.7172,49.1197
336.0536,315.8236,35.9486,48.7840
334.6321,314.9632,35.7601,49.6090
335.6569,314.3131,35.8020,48.9097
336.2350,311.4249,35.7148,47.5666
332.7454,307.1234,35.6046,48.5758
328.4850,305.6191,36.0864,49.1774
324.7442,305.2530,36.2626,49.2306
324.3480,309.3285,34.7347,48.6158
317.3613,309.7664,34.3994,48.8984
311.4720,314.6761,33.7795,48.5505
311.4508,315.1289,34.2290,48.7616
312.5559,315.9868,34.7417,48.3787
312.6590,314.8752,34.7564,49.6323
311.7815,313.0782,35.3638,50.0657
313.0620,311.6324,36.2564,49.4582
312.3992,307.4401,36.0766,50.5547
313.7775,303.2743,36.6301,51.4463
315.0345,298.1473,35.7892,51.5894
316.7644,293.8781,35.6950,50.2751
320.0591,290.1015,34.6973,49.4955
322.7924,289.4835,34.4605,48.1184
323.5362,288.8254,33.9501,46.8838
324.6988,289.0057,33.4058,46.2820
322.5136,293.5261,35.8961,43.0894
318.7899,290.4691,36.4391,42.9464
324.8809,288.7547,37.0460,42.1464
325.7710,285.8621,35.9207,41.9100
326.2171,285.5656,35.4161,40.7794
327.7756,282.8862,34.4495,39.6980
328.3051,282.7543,33.1304,39.7498
330.7414,280.2499,34.0669,39.0102
330.7407,278.7832,35.0803,38.0100
330.9286,277.5854,36.0545,38.7908
330.2578,277.3545,37.2425,39.1716
329.9122,276.8906,37.1826,40.8906
330.0102,274.6114,37.7231,42.1425
331.5790,274.0098,37.7196,41.0025
331.3076,272.8612,37.0733,40.1545
332.5020,271.9694,37.5021,38.8205
334.9782,271.4733,36.9063,37.7811
335.7924,274.2003,35.9255,37.6159
336.2584,273.1082,36.0936,36.4765
335.8468,275.4166,35.6973,36.5240
336.1830,272.2355,35.8929,36.0543
336.9181,270.5933,36.1232,36.0563
337.4255,268.3489,36.3271,35.5594
335.1049,269.8885,36.4239,36.4220
337.1649,265.7793,35.2439,36.8942
336.4853,260.6202,35.3100,37.3883
337.4873,256.0266,37.0740,37.7302
338.3033,253.3020,37.0465,38.5036
339.6211,251.0813,37.1687,38.8504
340.8828,247.4002,36.3611,39.6057
330.8893,242.4401,34.0967,39.8481
330.5175,242.6843,32.6521,39.1908
333.1625,243.1389,31.4248,39.5633
334.0783,243.5964,30.8947,38.9638
336.7118,242.8534,29.9376,38.5723
337.0251,243.3092,30.2142,36.0364
336.7535,244.9963,30.1645,33.8004
337.2430,244.5557,29.5141,32.8619
339.4363,243.4146,28.3375,33.3392
339.4001,243.1185,28.0733,32.8082
340.5210,243.4263,27.8709,31.6878
341.7738,242.7864,27.4739,31.7849
343.7697,242.5153,26.9016,31.5759
348.1638,238.5947,26.7444,30.5845
348.4640,238.3510,27.0050,29.9913
348.6396,236.9427,26.8358,29.3537
348.4796,236.0536,26.6357,28.8171
348.5068,239.1727,26.1686,27.9774
347.5511,238.7526,25.9834,25.6356
347.5813,237.6041,25.8191,25.2086
348.1177,236.3013,25.6884,25.5096
348.8277,235.7635,25.8252,25.1854
349.6350,235.6201,25.5973,24.9928
349.9190,237.2413,25.3663,24.9051
348.7316,238.2050,25.6238,24.6483
347.9587,239.6889,25.2755,24.3846
347.9719,244.4505,24.7639,23.9083
346.7078,245.2246,24.5868,23.8029
346.4754,249.2413,23.9879,23.5114
342.7413,249.9008,22.8474,23.6171
342.1078,249.5012,22.6085,23.0706
342.4672,247.6391,21.9568,23.3099
341.3566,246.2393,22.7736,21.6261
340.1839,245.8006,22.3439,21.3807
340.9542,244.9973,21.0448,21.6464
338.7484,245.3365,20.6680,21.6257
337.5082,244.6968,19.4607,21.9859
335.6112,243.5795,18.6464,22.0628
333.7233,242.8363,18.3996,22.0629
331.2632,241.8806,18.3066,22.0740
331.5056,241.1931,17.9529,22.3612
330.1462,240.6517,17.6833,22.3667
330.7110,240.4892,17.3352,21.8837
332.0715,240.1376,16.8995,21.6789
330.5553,239.8188,16.9368,21.2051
330.1814,239.0078,17.3245,20.0765
330.8789,237.3536,17.3172,19.7502
331.6042,233.8250,17.4564,19.4357
331.6950,232.1466,17.6812,19.1296
332.1899,231.0232,18.0341,19.2379
332.8883,229.5032,17.7721,19.2431
334.2314,228.6502,17.5898,19.5469
335.0128,227.8687,17.3254,19.9815
335.4745,227.4473,17.0201,20.0163
336.1960,226.6281,17.2941,20.0372
334.6687,225.2543,17.7228,20.3022
334.3956,224.6229,17.8668,20.4295
334.8462,221.3279,17.7624,20.9740
334.8546,220.8680,17.6843,20.8208
335.1556,220.2515,18.0582,20.1275
335.9833,219.3024,17.9754,19.9202
336.3585,218.6823,18.6348,19.9761
335.8873,217.9957,19.0012,20.2463
335.7273,217.0015,20.0440,20.4974
335.8941,216.1602,20.1801,20.8071
335.9848,215.3249,20.8118,21.2858
334.9018,214.8379,21.6117,21.0074
335.2655,214.2077,21.4684,21.4549
335.4468,212.8181,21.3972,21.7479
335.6111,211.2748,21.6188,21.9485
335.1761,208.8418,22.0189,23.3277
335.6152,207.7166,22.5263,24.1230
339.8734,209.7398,22.2277,23.6064
344.1758,210.7814,23.1336,23.4407
347.5705,211.6854,23.2029,23.6043
348.6219,215.0355,22.1912,24.7334
346.3364,221.8716,22.1740,24.7217
344.4670,222.2341,23.0100,23.8647
342.1621,228.6914,22.5549,23.5625
336.9850,232.1113,22.2958,23.6210
335.0923,234.4081,21.4849,23.9382
333.6913,234.4239,22.0429,23.4007
333.1454,233.9568,22.6305,22.7985
333.6959,232.1732,22.3054,23.5574
334.1897,234.7111,22.4923,23.6339
333.9224,233.3009,22.8556,24.2492
334.1518,233.8153,23.2424,23.1006
335.4814,238.5624,23.1675,22.0845
336.9812,239.2553,22.4738,22.4885
334.7101,239.5088,22.8481,22.6555
336.2313,239.4892,23.0494,22.8271
337.2617,238.8049,23.0538,22.9876
337.6920,237.1883,23.3625,23.0319
338.2710,234.2768,23.1088,23.3068
339.3615,234.4845,22.6446,23.5253
340.3759,234.7456,22.4505,23.3724
340.9946,233.7402,23.5051,23.8803
340.1457,232.5506,23.9099,24.6248
341.1587,231.6205,24.7784,24.7241
340.8443,231.7176,24.5501,23.5953
341.2053,231.3844,25.1928,24.0426
343.4117,231.2220,25.3074,24.2652
343.7425,231.6025,25.2050,24.0231
344.0528,231.5669,25.2790,24.7752
344.8879,230.4491,24.5018,26.3414
346.9768,230.2789,24.8583,27.3696
346.9671,229.7132,24.8673,28.4976
348.0314,228.8977,24.2597,29.9278
352.2784,229.9171,24.5524,29.8329
355.6001,230.3321,24.3954,29.0696
358.9839,233.6592,24.8421,28.5338
362.7192,234.0694,24.7548,28.4420
366.5272,233.2434,24.4464,28.7568
367.6629,227.4663,23.9410,29.0314
366.3659,231.6256,25.5888,27.9066
365.7999,232.2910,26.3305,26.7242
367.0754,232.3618,25.8874,26.9849
367.0248,233.0766,25.5778,26.9477
367.1749,232.7993,24.8309,26.9285
367.3968,232.2958,24.1326,26.8353
365.3176,235.1684,23.9911,27.3751
366.2699,233.9733,24.2845,28.4309
365.9941,232.9762,26.6726,28.3793
363.6192,231.4561,28.2046,29.0452
361.5970,229.9278,29.2589,30.1485
361.0750,229.8265,29.4971,29.9480
361.9211,230.9756,29.5618,29.4101
365.4990,232.2500,29.2400,28.5248
365.8249,232.0720,28.0239,29.4161
365.9963,232.7082,27.3169,29.5293
366.3251,233.0701,26.9382,29.5164
364.7219,233.1459,27.0727,29.5277
363.4472,232.7729,27.4604,29.7387
364.0227,232.6431,26.9782,29.5457
366.0052,229.3802,27.3790,28.6514
364.6024,229.9805,28.0224,27.4660
364.2005,229.9961,27.2149,27.3715
363.9751,231.1374,27.0346,27.9980
361.5553,230.7455,27.6807,29.0042
362.5013,230.3997,28.4923,28.4970
365.7987,230.7830,27.5030,27.9728
365.4078,227.9028,28.1772,27.2130
366.4350,227.0694,27.4994,27.6299
365.1154,227.3602,28.7901,27.5556
369.9308,223.9299,27.2311,27.5980
366.3560,223.6723,26.0603,26.8225
362.6686,224.1840,25.0833,26.0710
361.4525,225.2972,24.4601,25.6183
362.5946,222.6551,23.7344,26.1514
366.3702,222.5369,21.3410,28.4721
364.6064,223.1122,19.5712,29.2861
365.1671,222.3116,18.6952,29.7690
365.5374,222.6242,18.3986,30.0306
363.1241,230.3769,20.2449,28.2827
361.8062,224.5310,21.5588,25.1847
364.9096,219.5370,20.9553,24.1960
365.0271,220.4130,20.5471,24.2246
