1
763.1948,238.5645,146.3375,94.4474
764.0031,241.6711,145.2245,94.5407
765.2219,243.2407,143.9115,95.1213
768.3050,242.2652,142.8210,94.3329
769.5231,244.0024,141.4368,94.7119
773.2609,242.6543,139.4384,95.2592
773.1967,243.3955,140.6704,96.0119
773.5309,243.1725,139.5991,96.3204
776.3204,242.0205,139.2306,96.3670
776.7928,242.0324,140.7564,96.3654
781.6226,240.5663,138.8419,97.5921
782.7690,240.6870,139.9650,97.6304
783.7374,239.1163,139.6110,97.4915
786.5283,237.6407,137.9222,98.2396
787.9706,235.8995,137.2119,97.8211
788.8242,235.0838,136.2513,97.5051
790.5886,233.5575,135.9401,97.7384
791.7854,232.6252,136.3703,98.3567
793.1556,231.6498,136.9342,99.2873
794.4402,230.4232,137.2146,99.4021
796.8707,225.6900,138.8947,98.2018
798.5080,223.9691,139.5478,98.0823
800.5887,221.6461,138.8075,97.4188
804.5651,220.0979,137.6472,97.6521
806.8529,218.8665,137.5912,97.5776
810.9134,216.7316,137.3178,96.8672
813.2848,215.2191,135.8771,96.4122
812.9750,216.5384,134.2896,94.8548
819.9588,215.6697,131.5847,94.7274
822.1995,215.4304,131.2529,95.0909
828.7517,216.5888,129.2854,95.6868
831.8600,215.1376,127.6707,94.7610
834.9538,214.6555,125.5201,94.0456
838.3893,214.5462,123.7285,92.1016
840.6910,213.4955,121.6779,90.4266
842.8053,213.5829,120.1495,88.6599
844.0569,211.9436,118.9064,87.0029
844.2144,210.7073,117.6743,85.7527
845.7543,210.2254,116.0006,85.1182
847.4631,211.2918,114.0322,85.0103
850.1533,211.4467,111.8761,84.8426
852.2287,211.4880,110.1453,84.1690
855.4635,213.0647,108.7792,83.7293
858.5769,213.4731,106.9806,82.6212
863.2264,208.9556,96.3109,94.7166
868.8937,205.2842,88.9459,104.0371
873.0489,203.2029,85.0380,108.6424
874.6563,202.1556,81.3688,110.6243
878.1564,201.1173,78.4649,111.5320
880.3161,201.9141,76.1135,111.6820
883.6932,200.1534,74.3449,110.6374
885.5681,198.9473,72.8538,109.4715
888.1016,198.5445,71.2341,107.8274
888.5993,197.6509,69.6822,106.5143
889.1364,196.7105,68.9987,104.9165
890.9470,195.5103,67.7441,103.0625
893.5837,195.2390,65.7444,101.5150
894.3409,197.4219,64.9088,101.1525
898.3527,193.3057,58.7585,108.4027
901.3904,192.7002,55.0327,113.4216
903.3259,193.0993,52.6441,116.8455
905.0495,192.3676,50.9842,118.8733
905.1635,190.8890,50.1188,118.9664
904.6223,191.2914,49.7014,119.0305
904.9146,191.5420,48.8525,120.6097
906.0385,192.0091,48.3387,120.2929
906.9988,193.6715,47.6733,121.3278
907.5614,194.5818,46.9811,120.7034
907.9305,195.5650,46.3515,121.0844
908.9785,193.7773,45.5160,121.2447
910.9875,196.1598,44.3248,122.0832
912.1583,197.3736,43.6131,122.7768
912.6897,197.5999,43.4362,123.0672
912.7609,201.4115,43.2481,122.6790
912.6055,201.4343,43.4174,121.6872
912.4662,199.8766,42.0770,125.2394
912.5820,197.4791,41.0802,127.8848
912.2612,196.8787,41.0436,129.3424
912.2423,197.3099,41.2403,130.1097
911.5778,196.8953,42.0692,128.8174
908.8698,196.7038,44.2696,128.7415
907.4175,196.6924,45.5445,130.8215
905.7097,194.7972,46.5465,132.6155
904.2626,195.1609,48.4201,133.8165
902.5612,195.9016,49.5308,134.9178
902.0116,195.4352,49.6898,137.8953
902.0737,196.3415,50.7526,136.2448
902.7278,196.0814,50.8183,136.0995
903.4122,196.2537,50.4486,134.6701
903.7713,196.6511,50.1249,132.9155
903.8344,197.4195,50.3794,131.6236
903.6473,195.3095,50.3979,131.9285
903.1658,196.3861,50.7357,130.5114
902.3817,195.7046,51.1353,128.6495
903.5436,194.8420,51.0519,128.1883
903.3693,196.5882,50.8078,127.5092
903.6537,196.8339,50.6323,126.7739
903.4847,196.3793,50.8890,126.3268
903.8415,196.8500,50.5089,127.0695
903.6468,195.5542,49.8081,128.1046
903.0965,196.3654,50.3411,127.5154
903.0886,194.8377,50.3854,125.6921
903.4140,193.6327,49.9723,125.4554
902.9581,198.1997,50.0942,123.6668
903.3760,199.5381,50.0191,121.8848
903.3823,200.2637,50.0633,120.7961
903.5264,200.7472,50.0589,119.6834
904.3007,199.7784,49.5970,120.6840
904.6817,200.1463,48.6574,121.7824
904.4048,198.5659,48.1105,121.6680
904.6589,198.5001,48.4465,121.7021
904.8187,200.1559,48.7767,120.6868
904.6443,203.0243,48.9030,120.8656
904.8879,202.5767,48.7663,120.3295
904.2594,203.4370,49.1726,118.9321
904.2575,205.9542,49.3316,117.2629
902.8270,207.8508,50.4328,116.0211
902.5059,207.9567,50.2965,117.7918
902.1028,208.5153,50.5957,120.3903
901.4799,208.9172,51.2291,121.5913
900.4055,208.4438,51.9042,123.2464
899.6625,207.8062,52.8355,124.0478
898.3724,207.9205,54.3799,121.3861
898.0650,210.7251,55.5734,121.0702
897.5143,210.7720,56.3515,119.7939
897.5192,212.3697,57.1479,118.6426
898.3677,207.9340,56.3403,119.1454
899.3629,207.7917,55.4292,119.1898
899.4478,207.1637,55.3960,118.4998
900.2280,205.9971,55.1064,118.8653
900.2313,205.8681,54.6552,119.2299
899.7183,206.7852,55.1200,117.9789
899.3088,207.3026,55.6116,116.7814
900.1372,207.7106,55.1020,117.3109
900.7935,207.0640,54.1935,117.2210
900.8430,207.3419,54.4225,117.7235
900.2904,206.5454,54.6166,117.5644
899.4686,205.5145,55.4990,116.7330
898.8893,205.1372,55.9136,115.4863
898.8295,205.4130,56.5068,113.6349
899.2706,206.4820,56.4453,112.6685
899.8055,206.0670,56.0871,112.4443
900.1599,205.5537,55.7104,113.2664
899.8480,205.6749,55.5787,113.0303
900.0419,206.0148,55.7111,112.5905
900.6824,206.6692,55.0092,113.2151
901.2383,205.9285,54.7168,113.6222
901.5623,203.5187,54.0843,115.2180
902.1962,203.6440,53.9009,115.2623
902.2275,202.9129,53.1292,116.2592
903.3950,202.7309,52.6182,116.6658
903.7857,202.2022,51.8535,117.1973
903.1668,203.4012,51.8857,116.9779
902.5125,203.2382,52.7553,116.6231
902.3063,202.1169,53.2588,115.5633
902.6137,203.9143,52.7219,116.4287
902.1739,202.6715,52.6046,116.8854
901.6445,203.3127,52.7265,116.8326
901.5606,204.1116,52.2240,117.6607
900.6031,202.1224,52.5052,116.9342
899.5855,203.0433,53.1862,116.5705
898.4568,201.8074,54.5890,114.8552
897.5053,200.9714,55.3226,114.3240
896.4351,199.3010,56.5075,112.8253
894.3175,198.7322,58.1339,110.0535
893.8292,199.8787,58.9344,108.1122
892.6075,200.2715,60.0087,106.8229
892.1068,200.7002,60.5671,107.6951
891.4813,200.9537,61.5522,107.3379
890.3552,203.8112,61.4118,108.3539
890.7468,206.4124,60.9603,110.9637
891.2248,206.2272,60.3571,113.8569
891.4908,206.4282,60.7425,114.7323
891.5278,205.6295,61.2040,115.5940
891.6250,206.1175,61.2148,117.2960
891.0398,205.0690,61.4887,118.0378
890.2609,205.3945,62.1257,119.8345
890.1479,205.1711,62.5973,121.3833
888.8518,204.4079,63.2833,122.7546
888.4026,204.8508,64.1014,124.5261
886.2203,202.3904,65.1398,124.2926
885.8644,202.1983,65.3786,123.4118
886.1555,204.7983,64.4790,123.4232
885.2166,204.9050,65.4029,123.9724
883.3368,206.7171,67.2832,123.2157
882.8380,206.8575,67.7286,123.5910
881.4250,207.4313,68.5044,124.2012
879.5927,206.8131,70.0632,123.7466
878.1750,206.3530,72.1731,122.2351
877.1948,208.2036,73.4133,121.0115
876.8249,208.6600,73.8430,120.9269
877.1213,209.5504,74.8572,119.7542
877.6281,210.9710,74.6371,119.3089
879.3708,211.2520,74.0653,118.2952
881.7650,211.8069,72.1960,117.2344
881.5946,212.1246,71.9018,116.6051
882.6592,212.6178,71.4347,115.6892
883.1414,213.1940,70.6524,115.3526
883.7221,214.3869,70.1199,113.7809
884.7744,214.6625,68.6634,112.2511
885.3221,214.4141,67.7691,110.0976
886.9051,214.1661,66.7800,108.3223
888.8278,213.9983,64.9275,106.4667
889.2057,215.0448,64.0705,103.4194
889.3941,215.8347,63.3215,100.9056
890.2104,215.7310,62.3247,98.6045
890.8093,216.0284,61.5730,96.4281
891.7936,214.8746,60.3569,94.7469
892.1667,214.4085,60.0548,92.1909
892.9335,213.5298,58.9370,90.8130
893.1144,213.2687,58.2945,89.1934
893.3878,213.8221,57.3958,87.6791
893.3538,213.6721,56.6338,86.3561
893.4465,213.6187,56.5001,84.7932
894.0045,212.8571,56.3237,84.0247
894.8651,212.3603,55.9158,83.4350
891.0234,214.8272,61.0831,78.8066
888.9537,217.0580,64.4438,76.2775
886.7823,218.8322,67.0183,75.2964
885.8454,220.3296,68.3405,75.0068
885.1683,224.1327,69.3840,73.8011
883.6820,229.0732,70.4065,72.3384
880.9032,232.4488,71.9582,71.8030
878.7179,234.0116,73.5886,70.3152
875.3297,234.6332,74.8605,70.6087
872.1531,235.0647,76.4537,71.5632
871.6431,235.9705,76.4261,71.1991
872.0947,236.6009,75.3639,71.3387
873.2419,237.8984,74.2827,72.5273
873.6305,238.1533,74.9740,73.3721
873.9341,238.9309,74.9985,74.4854
873.0920,240.9518,75.1243,74.5626
869.7891,246.3275,76.5980,74.8155
868.6237,249.7773,78.3384,76.5080
867.9736,253.2127,79.1292,78.4999
867.0329,258.1173,82.1669,77.9020
861.6320,258.2339,85.6215,78.0657
859.6572,257.6772,86.4500,79.4072
855.9879,257.8013,88.4590,79.8580
856.4617,255.8490,88.8550,80.9880
857.1110,254.9328,89.2397,81.5472
861.6629,253.9301,88.4733,82.2131
2
0
0
0
0
1
504.1267,205.3055,200.6125,126.7409
500.0252,204.7248,201.2736,125.8165
517.9667,196.1639,178.8249,141.1890
522.5201,189.0000,165.0833,149.5193
522.5194,189.1947,156.3207,152.2450
530.0315,187.7873,152.8254,153.0444
530.7932,187.2182,147.9228,152.6492
533.6598,187.8792,144.5963,151.9396
535.5665,187.7921,140.5992,150.2977
536.9168,188.0813,138.0532,149.5245
536.7541,188.3981,136.3226,147.4673
537.1697,188.8213,136.7081,145.8767
538.6429,189.4169,136.0759,144.4409
538.2906,188.0176,135.4173,145.9780
536.3221,187.2446,137.6059,145.3592
539.1147,188.2704,134.6866,143.7213
543.2948,188.0245,131.6440,140.5903
546.1326,188.1210,127.5624,140.5487
549.8977,188.4725,124.4491,141.2511
550.3553,188.8887,121.5666,138.9346
551.0733,187.9918,120.1584,138.4059
549.3798,186.5331,119.1633,140.2591
550.9009,187.8241,119.4552,138.7379
549.9090,185.6392,119.0761,138.4062
550.8900,185.7920,117.5625,136.5793
550.6599,185.6537,115.7283,135.8329
551.4498,185.3833,114.3171,133.5085
551.3865,187.0840,112.9631,131.0411
553.4008,197.2258,112.1802,129.5816
554.2433,192.6073,111.6903,130.7044
553.5283,191.0185,111.4727,130.4115
552.2382,189.3440,113.1018,132.6180
552.2668,188.6565,112.7170,132.9687
2
0
0
0
0
1
412.6521,197.1746,117.3344,116.3208
416.5555,193.2838,112.7030,121.3921
415.8553,192.0537,112.1373,122.8310
416.9473,190.3057,109.1367,126.2760
415.9658,191.2899,107.0668,128.7809
418.9021,196.0211,105.6997,128.0185
417.1151,195.6446,104.6138,125.4666
416.7485,199.4781,106.8215,121.5530
414.6667,199.2560,104.6360,122.4719
415.6990,202.1732,104.8367,121.9367
412.7262,205.3005,103.5857,123.8614
408.2959,206.0986,101.6103,126.3727
407.6995,207.6487,100.3305,128.8710
405.9288,208.3851,99.6903,130.3740
401.7491,207.8110,98.7277,133.3578
401.2938,204.0029,98.0233,136.0069
401.4658,204.0319,96.0486,138.3547
402.6951,204.8256,95.4535,138.5497
401.8494,206.7475,94.6292,136.6228
401.9403,207.6345,93.4929,136.4388
402.1556,207.6165,92.2154,136.9680
401.7546,207.9216,92.2934,136.6289
401.0916,207.2752,93.0223,137.2733
400.1451,208.6329,92.9359,137.8752
398.4825,205.9124,92.8116,138.0623
396.3462,209.5585,93.7655,137.1260
395.8792,209.0879,94.1962,136.6410
395.2086,207.6308,93.3805,136.9161
394.7858,208.5918,93.2700,136.6501
393.7466,211.5534,92.5119,136.2733
392.9164,208.7565,92.6771,138.1824
391.7006,207.0713,92.9118,140.9486
391.1900,206.4800,93.1048,143.1798
389.4208,205.6583,93.1709,143.8401
390.1324,206.0846,93.9823,144.4563
389.8178,203.7441,94.2060,146.7341
390.6312,205.3250,93.9531,147.5527
391.6313,203.5623,94.6430,147.0383
391.4460,203.6529,95.1263,146.8279
392.0569,202.5907,95.4579,145.1259
386.1702,200.4724,99.4693,143.9396
386.2914,205.1197,102.9125,141.6753
385.9554,205.2991,105.0092,140.8248
381.9934,203.1477,107.0290,141.0437
379.6325,202.9798,108.4484,141.3826
376.5272,202.8634,108.8693,142.0673
375.5234,203.5716,108.8618,141.9210
377.5037,202.7131,108.5593,142.1384
376.8216,203.6245,108.4488,141.2822
374.7548,201.6297,108.9141,141.8362
379.4421,202.8948,106.6603,141.0431
383.7322,204.8207,103.1859,138.9478
382.8086,203.1176,102.2447,137.7963
379.7643,203.7233,106.7802,128.5814
378.3586,204.7921,109.5993,124.1220
375.1838,208.0813,111.5054,120.6240
371.3304,207.7191,113.9887,118.3235
371.2946,207.3171,115.6596,117.5766
369.9258,206.1745,115.7694,116.6678
369.0847,205.8497,116.4933,116.0723
361.5811,205.9152,119.9163,116.0660
362.3856,206.6967,120.9739,115.8515
359.4007,206.2825,122.1537,115.6017
359.1966,206.5039,123.3046,115.7025
353.9240,205.1411,126.2426,117.0893
352.4735,205.5093,126.3186,118.5653
353.0968,204.5215,126.5640,118.8592
350.8983,204.1947,127.0653,118.4303
347.8921,203.5070,129.1302,118.4124
344.4445,202.6926,131.3863,119.5387
341.8728,201.8582,130.8451,119.9797
342.0394,201.8881,130.8344,123.2001
341.3560,201.2827,131.1446,123.7674
340.8893,199.6662,132.1573,124.0432
342.5471,200.7399,133.0323,126.4940
342.1070,201.5703,137.1289,125.2685
339.7482,203.2706,140.1486,123.4309
338.1632,206.2311,141.0536,124.0937
338.2095,207.6221,141.8279,124.1649
332.6867,209.8517,143.2129,124.0660
330.4339,210.0807,143.4126,125.1404
326.7976,211.8020,141.1274,127.4003
324.7242,212.0693,139.9167,126.1968
321.0273,212.8419,137.0879,126.8401
316.7878,213.2342,136.6215,123.9706
312.5813,217.6994,134.7510,122.1738
309.9307,215.4585,133.9791,121.1850
308.2623,215.0055,133.3414,120.5370
305.9401,214.2902,133.4599,118.5150
299.8528,213.9346,132.7940,115.5530
292.9438,214.4681,132.1320,117.0089
286.4348,212.4957,133.3337,119.1041
283.7045,209.9961,133.2794,120.9195
281.7000,210.8877,134.4929,122.7087
282.7123,211.9243,133.6177,126.1025
279.9090,210.4681,134.7438,127.2187
278.3642,208.9776,135.1752,129.0067
277.4095,209.8654,134.9169,129.6883
276.8370,208.4885,133.2660,126.9409
275.1454,212.1442,134.3959,122.1527
273.0665,211.5161,137.4641,119.0342
272.1487,212.8800,139.5465,117.1108
271.5181,213.1545,139.7149,116.0539
272.6544,211.9996,141.3273,115.0614
272.1638,212.4209,142.0494,113.7362
261.2085,215.6715,141.9904,114.1923
258.2085,219.1680,139.7822,115.6143
260.6012,220.3272,137.5921,116.7051
262.5189,221.4297,132.0964,118.4440
262.2647,222.8540,128.6283,119.3551
248.7113,223.0382,130.5571,119.5329
227.5541,223.4713,133.0688,123.2237
218.9372,224.3996,134.2831,126.8246
205.4976,221.8207,135.4092,129.5465
211.6509,222.8658,135.9862,133.2117
195.7850,222.8081,135.1384,135.3668
198.1976,223.7253,132.9810,136.6536
201.5480,215.7877,133.5086,133.8630
204.3372,220.1105,132.2004,135.0485
208.1684,223.8682,130.3519,135.3122
207.0397,214.9967,133.4660,132.1885
209.5385,220.2094,131.0315,133.4720
196.0254,220.0738,130.1037,133.3818
199.3102,221.1683,129.2550,132.1774
200.9988,221.6431,129.1604,132.3791
184.6631,219.5382,132.6723,130.4304
163.9642,214.6207,134.3773,128.2432
162.8125,212.8892,137.7974,125.9342
160.7865,214.1801,141.1764,123.6236
161.3052,214.0628,142.7854,123.0773
162.8504,212.7543,144.0880,122.9123
153.5850,212.5168,147.4072,123.8176
156.7768,210.3036,149.5589,124.5630
156.5483,209.6991,150.9500,124.2949
155.9202,210.2512,149.7676,124.2490
160.3765,209.3993,150.1619,124.0247
156.4692,208.6912,153.4821,122.2992
153.8507,210.0012,154.6064,121.5912
154.3953,210.5609,152.9867,121.5494
156.5307,209.1847,152.7243,122.2208
150.8098,208.0072,156.1673,121.3438
153.4621,207.3079,156.9308,122.9982
162.8270,209.0845,154.9381,124.1491
168.9690,208.5867,153.3725,124.7361
159.8021,207.1071,155.2066,124.0846
154.9059,206.4908,157.4447,124.1624
153.8429,206.7467,157.9031,124.0828
152.9825,207.6576,158.2653,124.9520
154.2431,207.6552,158.6782,124.6718
147.0161,209.9473,168.8439,116.4578
143.5597,212.4774,175.0604,111.8812
144.2553,215.2692,178.5375,110.1388
141.6829,215.8907,179.8349,109.7327
138.3773,216.6704,179.5257,109.9530
105.1318,221.0853,184.7843,110.6034
88.0472,223.2646,191.1091,111.1401
88.7675,224.4570,193.9960,113.0156
64.8981,225.0355,195.9850,114.7652
63.4135,226.4085,201.9541,116.4912
59.8067,226.3278,204.6196,117.1465
55.3074,226.5779,205.9192,117.7957
51.4693,226.7403,204.8035,117.6507
52.3744,227.1111,203.8925,115.8864
59.9580,227.3216,202.1640,115.6337
71.0056,227.8029,194.8967,116.2827
79.4297,227.4490,189.7801,116.0818
84.3998,228.6442,185.0612,118.8488
86.6181,227.2236,180.8427,119.5951
90.1491,225.9526,174.7785,119.9229
89.8081,227.8531,170.4863,119.8268
91.8026,225.0697,166.9785,119.3899
94.0885,224.4896,152.7219,127.1982
100.5606,222.6589,143.7633,131.3813
99.8131,220.0345,138.8655,131.1037
101.7651,219.0806,134.3550,131.9093
99.9679,219.4685,132.2431,131.5365
95.1436,219.9180,132.0034,129.2331
95.8053,221.0415,131.5098,128.4866
93.9789,221.6157,131.9406,128.0649
94.2526,222.3564,130.2439,127.8800
92.5992,222.5356,131.0720,127.7498
91.2181,222.5636,130.8326,126.8525
91.4840,223.3972,131.4091,125.6467
90.3168,222.8345,130.1831,125.7233
89.4445,223.8232,129.6902,125.4371
79.3148,226.0331,131.7917,123.6745
62.7809,227.1909,138.1996,121.2973
43.5208,228.1776,148.2566,118.7459
40.3536,228.1746,154.9658,118.2275
37.9384,227.2384,160.4079,118.2878
37.6317,225.6755,164.0524,119.0004
34.6942,225.1572,165.6543,119.7274
33.3783,224.0551,168.7287,118.9438
31.5745,222.7948,169.8594,118.7414
28.9676,222.2611,172.6730,117.9960
29.0047,222.0261,174.0379,118.2475
28.5471,219.9809,174.1839,118.8341
28.3851,220.3327,173.6369,119.8550
27.0661,221.4135,175.6862,118.6164
27.0435,222.5859,175.1022,117.5168
30.4758,222.6853,173.8510,116.2833
32.2289,218.3126,173.1794,116.8531
32.2673,215.8926,173.9612,116.8485
31.8737,213.1539,169.1745,123.4150
32.1920,211.2421,166.4356,127.2345
31.5532,210.4730,166.1886,130.1759
30.2774,209.5467,164.6292,132.7658
30.2046,209.4546,162.8257,134.0225
30.9770,210.2365,161.9845,133.7680
30.0226,209.4768,162.0091,133.8535
29.9023,209.5725,161.7979,133.8807
30.1331,209.0920,160.6314,133.7144
32.0291,210.3861,160.6868,132.8186
31.7240,208.8511,160.1218,133.5492
33.1897,207.1027,159.8579,135.7169
34.1069,204.1240,160.5437,138.7676
22.5808,200.4308,164.1656,141.8672
24.5960,200.1715,165.9371,142.0124
26.4925,200.1048,170.2457,142.3813
24.8962,205.1713,171.1515,140.6596
25.3228,206.2505,174.3489,137.7770
23.8428,207.8966,175.6868,136.0534
22.6564,208.5968,175.6531,135.3785
23.8875,209.0198,175.9631,133.9753
23.8744,208.3461,175.2259,133.6512
23.9055,209.1667,174.9519,133.6310
24.2959,206.8150,172.9789,135.0482
24.0624,203.6534,172.2702,138.4754
25.0939,197.8214,171.0332,142.9619
26.5301,192.9746,169.6074,148.3050
27.3808,188.2722,169.7559,151.5458
20.8190,185.1697,170.6595,154.4027
23.1921,184.4208,170.9356,154.7594
24.7676,183.4921,170.6291,156.1590
25.6732,182.8409,170.4362,157.3820
26.9877,183.2308,169.9920,157.9481
26.0425,182.2825,169.8137,159.5384
25.4472,183.7760,170.8888,157.6991
24.8724,183.8896,171.0380,158.1752
25.2886,183.5252,171.9518,158.4569
25.3184,183.6765,172.0714,158.9902
25.9768,183.1866,172.7932,159.4609
26.4254,182.2423,172.9660,160.1421
25.7956,181.8827,172.2791,160.5634
25.5558,182.2081,172.5209,160.2359
25.4364,182.2215,172.4733,160.2871
24.8133,181.8557,171.8037,160.3761
24.5094,181.4629,170.4546,160.2815
24.8138,182.0971,170.7945,159.9409
24.6756,182.1908,169.8721,160.0958
27.1706,180.9179,168.3484,161.2787
31.4954,178.2658,166.5426,162.2781
32.9548,170.7039,162.0954,163.0318
32.5426,173.6675,161.2755,165.0758
34.6049,174.7517,159.4954,165.8399
35.5078,174.5651,159.6154,165.7904
33.2198,174.7149,160.0169,165.9727
34.0218,175.8953,159.8599,165.8116
34.1441,167.9058,157.8193,166.0451
33.7342,171.3918,157.5924,168.0155
33.3187,173.4322,156.6646,168.0380
31.2761,172.8715,157.2282,168.5430
31.7925,173.1178,157.2231,168.2252
32.2346,172.9379,157.3433,169.0110
31.5615,173.4366,158.3185,168.8432
31.0606,173.1048,158.5854,169.2824
31.4433,173.1273,159.5849,169.3780
30.6143,173.1706,160.7644,169.6447
29.6853,171.5718,160.7699,171.0326
31.0278,166.0380,158.0216,170.6545
38.6798,172.8215,154.9324,169.1599
51.3864,187.5290,148.4587,161.7697
58.7678,199.6826,141.8984,153.6793
63.9195,208.1219,136.6959,146.2222
69.4769,213.5164,129.6421,140.4514
72.4532,215.0967,123.6236,135.4321
74.0815,216.3839,118.9561,132.5644
75.8927,216.0684,114.0485,132.7645
76.5094,216.3996,109.6255,133.1296
79.3338,217.1668,108.0917,131.6591
82.5350,217.9969,106.0773,128.9217
78.9559,217.5610,105.1456,131.5945
77.1420,217.4083,105.1282,130.6780
78.2461,216.8848,104.8749,130.0553
76.1826,219.3402,103.5861,129.8512
75.6011,221.3973,101.7045,129.2318
78.1334,215.5862,98.4113,126.3604
78.7892,219.2242,94.0132,129.5150
80.6788,220.2124,90.6896,131.6543
81.5697,214.7939,89.4447,126.9830
83.3762,218.9729,86.9371,129.4485
85.5798,215.3196,86.3723,127.9458
85.1675,219.0291,84.7475,129.1458
84.8125,214.3324,83.5847,129.0197
85.8340,216.9800,83.6202,128.9464
88.9496,214.1341,85.8987,130.1743
92.0748,213.3139,88.0426,130.8130
93.5422,211.4216,93.1309,132.9142
92.7712,210.6318,97.6532,134.3819
92.3546,210.3536,100.9294,133.8886
92.3318,210.1671,102.8995,133.8545
92.5109,209.4124,104.0103,133.8353
92.5486,209.7559,103.7594,134.0573
93.2586,209.8278,103.3771,134.5542
91.1575,210.9472,104.2149,135.4041
90.7835,209.9874,105.2403,136.5271
89.3177,210.5666,105.3517,137.1060
88.5920,212.5903,105.6735,138.6552
86.8155,212.8908,106.2917,140.7951
84.5596,213.4216,107.1534,143.5457
84.5313,214.2645,107.7958,145.4831
85.9913,213.5515,109.3875,148.3697
88.6298,213.5902,112.2541,150.6639
86.4449,216.6731,125.9712,143.3832
84.3062,218.1689,134.7472,142.1260
81.8143,219.3298,142.1051,140.1587
79.2592,220.2140,145.2363,139.9068
77.0780,219.8065,147.5868,139.6615
75.6588,219.7896,148.6964,139.2748
74.6168,221.0229,149.8646,138.0056
74.9704,220.6221,151.1865,136.2532
75.4110,222.3687,150.6674,135.1885
77.0378,222.4792,149.5432,135.1598
77.5158,222.1817,148.9229,135.1446
77.5578,221.5336,149.6116,134.0237
77.2903,220.7181,149.3269,135.2719
76.5135,223.0400,149.3846,135.3017
76.1300,220.8059,149.0815,136.5770
76.1679,220.8869,149.1178,137.7932
75.0879,220.6177,150.3122,137.5640
76.1772,221.0560,150.4192,137.5936
75.7022,220.5547,150.5246,137.6225
76.8448,220.3932,149.0870,138.1599
76.5836,220.9062,148.6133,137.5724
76.6999,221.2205,148.1281,137.6357
75.4077,222.3488,147.5477,136.9305
76.9997,222.2323,146.0273,137.4154
76.5074,221.2226,147.8613,136.8506
77.3809,222.5523,146.9746,136.5280
76.3609,222.0912,147.1039,135.3698
75.7388,221.4977,147.5696,134.9752
76.4032,221.7360,146.8802,135.1618
77.3770,220.9787,145.6469,135.5069
77.8323,222.4645,145.5544,135.4902
77.6076,222.7923,145.7208,135.4204
79.1597,222.9935,144.7749,135.6244
78.7999,222.9174,144.8277,135.3872
80.8956,222.1630,145.3000,133.5853
80.1532,223.0836,145.6399,133.4651
81.3396,221.2251,146.6871,131.9810
79.0306,221.3701,149.2852,130.5762
78.6024,220.0579,151.0451,130.3475
75.9510,219.4648,153.8386,131.3195
75.8219,219.2771,155.0236,130.6994
74.9519,218.4181,155.3245,131.5659
73.8594,218.3436,157.8548,130.4360
71.7613,220.3820,157.0367,130.9929
76.6427,224.3401,152.3449,131.7391
82.6031,222.2806,148.7320,134.2355
79.2140,224.5701,152.1671,134.6694
75.0917,223.9434,157.3786,133.2993
60.1474,221.4260,162.0531,131.4842
60.1763,225.8992,166.4533,128.8121
53.8902,228.2633,168.4189,127.5358
59.1109,229.3503,170.1888,126.4265
55.8205,230.3235,172.0288,126.1895
60.0893,230.0308,175.3798,125.5327
59.4190,231.1561,178.9196,125.4018
59.5491,231.6433,181.7462,125.5555
59.4522,231.6574,183.1005,127.0349
58.6958,232.3517,183.3373,129.1023
62.6634,231.3456,183.5604,130.2165
60.5490,233.4061,185.8834,129.9852
61.3333,231.7869,187.2757,131.0631
58.6319,234.1948,187.3358,131.6419
59.7828,231.6165,187.1337,130.9943
59.0355,232.1544,188.0499,130.2247
59.5801,233.0258,184.9803,130.8253
61.9488,230.1182,183.4949,130.1801
61.2687,230.7224,182.8820,129.9480
62.3219,231.5334,182.3325,129.2649
64.1870,229.2240,180.6041,128.3299
64.1842,226.7964,182.2505,126.9743
63.7773,226.3384,179.9116,127.0596
66.8695,226.5453,176.8843,126.7266
69.2307,224.0658,173.4390,126.6273
70.7107,224.8466,173.2768,126.0378
73.3728,223.5349,171.3853,126.7626
70.2193,222.2904,171.6335,126.5289
72.4821,221.5459,170.7219,127.6508
72.7679,220.8074,170.0972,129.4816
73.4003,219.7166,171.0466,130.0267
70.6055,218.9788,174.6369,129.5231
71.3265,216.6768,178.0228,128.1443
74.2997,216.6574,176.3299,127.3508
75.7260,216.3260,176.1052,126.1870
79.2407,217.3914,177.5595,127.0383
84.7714,214.5307,175.8557,128.6199
83.6883,213.6453,176.4469,128.9268
78.9944,213.0808,179.1131,128.1727
81.2581,215.0610,177.1993,130.3799
90.2760,215.3364,173.3654,133.7785
98.2725,217.7069,168.4504,134.6309
110.4138,217.0593,161.9683,136.5987
118.9664,217.9529,156.4171,135.7787
124.3856,217.2858,153.0217,133.5329
131.3119,217.0833,149.8567,131.3174
139.1485,216.5137,148.0598,129.7634
145.1136,215.4014,144.5938,130.8715
148.0258,213.7339,143.0137,130.1360
148.8938,214.4899,140.8740,129.1707
151.4204,214.1974,139.8797,127.2539
151.6478,215.4328,141.1938,125.2370
153.4104,215.7737,143.1630,122.4170
158.6706,215.1710,143.8608,122.8972
157.0173,214.2440,144.0843,123.9653
157.0046,212.2993,144.7563,124.6067
157.6733,214.4699,144.9226,124.8304
159.3237,214.3878,145.2085,124.5872
161.7452,214.9408,143.9196,125.0876
164.1670,214.6673,144.0900,126.2629
162.3891,213.8251,145.6519,126.0656
164.3067,212.3545,144.5217,125.6995
167.4421,210.9206,144.3451,124.5033
169.2410,210.5502,144.9314,123.2552
170.1109,208.9833,146.9003,122.6893
169.1286,208.5341,146.7701,121.6547
173.4916,207.4771,144.4533,123.2954
175.6634,207.3920,143.1130,122.5322
178.4641,207.1720,142.9293,122.2313
176.5421,207.5710,144.8076,120.3324
183.0161,209.1536,145.0764,119.8122
184.9930,208.2912,147.5428,119.2271
185.7078,208.0211,149.0760,119.4336
193.0870,207.4521,146.9022,120.7870
195.7033,208.7684,145.2756,120.4078
200.3212,209.6187,142.8501,121.1332
207.8977,202.5625,145.3067,120.0143
212.4198,206.4524,143.3602,119.7239
219.3267,207.5824,138.3054,119.6354
226.6700,201.4971,139.4734,118.2088
217.4005,206.6117,138.2476,116.0845
224.6245,207.5731,135.6160,114.9097
226.9609,208.9705,134.3789,114.7503
228.7602,208.6019,134.2370,114.3232
221.4368,208.8453,130.8617,113.0224
227.3443,209.3364,130.5758,112.1896
227.4289,209.6117,129.8183,111.2476
227.7789,208.5632,128.9282,111.1495
228.7581,208.2497,128.6774,110.5829
230.8096,207.6455,128.4648,109.8532
233.9609,207.9314,129.4613,110.1091
237.6348,208.1220,129.7421,110.9703
231.7538,208.9833,126.1300,111.6075
237.3918,208.4520,126.6779,111.2106
239.6777,207.0373,126.0891,110.8916
235.3803,207.4155,125.0447,110.4581
237.4686,207.4620,125.3303,109.3791
239.6113,207.0241,125.2382,108.1980
242.2404,205.7538,125.6484,107.9632
242.6607,204.6803,126.7460,108.0417
238.5084,205.2332,126.2819,108.8962
244.2991,205.6357,128.1284,108.9790
239.0634,206.4622,125.5607,110.6518
245.4196,206.3029,127.6354,110.3876
240.2055,206.1649,126.7334,110.8345
244.3872,205.5097,129.1797,111.7042
246.6268,203.6843,130.6941,111.7433
247.9888,202.2837,132.8340,111.5050
246.8376,202.5609,131.7117,112.2185
246.2126,201.6639,132.8064,112.1960
246.0482,201.7200,133.3270,112.1537
247.3340,202.4817,134.8516,112.3187
239.9058,203.5515,133.8418,112.2388
246.6433,203.1445,134.4463,112.6008
247.9069,201.6040,137.5554,112.5915
240.6390,202.1028,136.3668,112.3499
243.9913,201.8258,135.7889,113.0658
243.7247,200.6153,136.6439,112.9057
242.5012,199.3625,136.9137,113.4947
243.6088,198.5305,137.1577,112.7846
244.8078,198.5580,138.4438,111.6634
245.1092,199.3272,139.6836,111.1089
242.5318,199.0925,139.1985,111.3507
235.3638,200.8538,138.3173,110.5992
238.2273,200.0445,138.4043,110.3695
239.7738,200.0235,137.6566,110.2972
239.2262,199.8458,136.7168,110.2022
239.4571,199.0147,136.2147,110.5661
240.7812,198.5973,135.9689,110.2973
242.2258,197.7009,136.8256,109.8188
241.8093,197.6401,138.8306,109.3259
241.4778,198.1931,138.9805,109.2938
240.4998,198.3323,139.4203,109.5732
242.1001,197.6113,139.8728,110.5860
240.9122,198.2892,140.4955,111.1192
239.2596,197.6275,140.8953,111.5560
238.9645,197.2206,139.2008,112.4173
239.8269,196.4030,139.0471,112.8084
238.0682,196.4545,137.2820,113.4735
237.7152,197.3724,137.0729,113.2069
238.2020,197.4531,135.7977,113.6253
238.6427,197.2630,136.4679,114.1633
238.9053,197.5544,136.6954,115.4621
237.8956,197.1088,136.9321,115.9834
236.1165,197.9757,136.2186,116.0566
234.3841,198.8546,133.4691,116.4086
234.3082,199.4436,133.2443,116.7860
236.2593,197.2787,132.6048,115.6779
238.0513,196.2080,130.0079,116.4876
241.7792,191.8861,127.2569,116.6330
234.0598,189.0888,122.8554,119.2587
239.2870,186.7133,124.2519,118.2342
249.7195,185.7418,121.3839,117.6300
245.7443,195.3694,120.1059,120.1612
243.8999,192.6182,122.4069,116.3646
241.1763,192.0918,124.9970,113.6517
244.6233,193.3544,123.9669,111.9501
242.6607,193.8482,125.2384,111.9889
239.9568,192.6618,122.0769,113.7062
237.4172,191.9970,120.3250,115.7623
238.2818,193.3438,121.5859,116.4570
240.6359,190.6476,123.4387,115.5104
241.3611,188.2426,124.9732,114.7876
241.2639,189.8716,124.8562,114.4401
239.9257,200.7949,122.6684,115.2382
243.1785,194.1251,123.4154,116.2213
248.0876,190.3611,122.3075,115.6796
248.1119,196.6031,120.8050,116.9125
251.0125,189.4777,120.2092,117.1757
252.1166,195.6578,119.3097,117.7698
256.1716,189.7636,118.4930,116.9581
255.2377,196.5847,118.1932,118.1930
255.5837,189.7542,116.6630,118.1148
254.2997,196.5858,115.8404,119.4789
253.2166,189.5991,116.2513,119.2568
254.3347,199.1232,115.3071,118.6203
253.4076,193.4713,116.2988,117.6508
251.2722,202.9050,117.8396,117.5548
251.0461,198.1059,119.6657,116.6305
251.8087,193.3352,119.8707,116.1728
251.8696,201.7464,120.1973,117.1631
251.6655,194.8505,121.0083,117.2115
249.9872,192.0741,123.5726,116.4422
251.7438,201.0753,121.6161,118.4400
250.1633,195.1501,122.2797,118.4329
250.5825,192.3448,122.1532,117.7189
249.6394,202.6517,121.3695,118.5686
247.5231,197.7006,121.0267,118.2097
248.3418,195.6982,121.7338,117.1299
248.3311,209.3698,119.6762,117.5597
258.5414,227.9707,105.4085,127.7238
268.5054,232.6215,94.3700,133.4135
277.8875,243.1854,87.5756,133.5037
273.5269,240.7423,81.7315,132.7085
280.7982,239.8719,78.4397,131.1983
283.6180,245.3225,76.6703,130.3816
282.8649,246.5480,74.9278,130.1341
282.7027,247.7213,73.5894,129.5541
282.3417,248.4599,71.4329,130.2724
284.7866,245.2806,70.9848,128.1699
283.5249,247.0696,70.2985,128.1097
282.5205,248.1289,68.6521,128.0121
281.7606,249.2407,66.1981,128.6092
282.6236,249.3625,64.4441,128.9818
282.9977,249.3355,63.0734,129.0430
283.8012,246.4995,63.1854,127.8986
281.9047,248.7515,63.4873,127.7221
282.5499,249.6040,63.0672,127.4137
283.4642,247.2927,63.5659,126.3405
281.2430,249.1245,63.4289,126.6465
282.2578,247.2594,62.1590,125.9610
280.9822,249.3409,61.3662,125.8398
281.9754,247.1639,60.1188,125.5530
281.3117,249.2184,58.9712,125.5824
282.7481,247.0208,59.0883,125.2957
281.1989,249.1715,59.0117,125.0291
282.5257,247.9734,58.6429,124.5771
281.1556,248.8717,58.0516,124.5452
280.9740,249.8827,57.3546,124.5435
281.2299,248.0688,56.8250,123.9674
279.3971,249.8077,56.8454,124.2220
279.8734,247.8593,56.5441,124.2915
281.0883,248.1565,55.9145,123.5849
281.0868,248.0522,56.5061,123.0545
280.7466,250.4953,56.8072,123.6077
281.7897,247.4792,57.4247,124.2759
282.6514,246.0430,58.3616,123.6329
280.3425,249.4029,59.2850,124.1770
281.6007,248.3876,59.5926,124.8033
279.6959,249.2097,59.6223,125.2930
280.9550,247.4583,60.1413,124.7240
280.5010,247.2905,60.0669,123.8933
279.7933,249.5612,59.4161,124.3260
281.5658,247.8286,59.0899,124.1329
279.1430,250.1393,59.0791,124.1944
281.2902,248.3593,58.9296,123.5244
279.6718,249.8364,58.9267,123.7967
281.3945,247.9333,58.6626,124.2568
280.6596,249.1757,58.8541,124.7541
281.4009,247.3917,59.0046,124.7123
279.1628,249.0309,58.8018,125.4114
280.7438,248.0753,58.7111,125.0106
281.7582,246.6576,58.5753,124.2589
281.5931,247.1916,58.6158,123.1346
280.6302,246.6522,58.5399,121.8310
279.0292,249.8535,57.6656,122.2048
280.0952,247.9908,56.9472,121.5170
280.9445,248.0266,57.3184,120.4103
278.8529,251.2327,57.1592,120.9526
279.5424,249.0518,56.6275,120.6453
280.6030,248.3685,55.9844,119.9672
280.0469,248.3259,56.3176,118.0654
279.8349,251.8744,55.2263,118.3195
280.2813,249.9514,54.7788,117.9034
279.5882,252.6123,54.5305,117.9826
280.3080,250.1748,54.6808,117.5772
280.1119,252.7401,54.5170,117.9830
280.2253,249.2836,54.6501,117.6442
280.3829,251.4991,53.9181,118.4013
280.4482,249.4453,54.2960,117.2739
280.4784,248.2312,54.2169,117.0633
279.5865,250.5668,54.7755,117.7558
280.4688,248.4959,54.7963,116.7954
279.9307,250.4957,54.8523,118.7804
280.8854,247.9624,54.9679,117.9350
280.0520,251.0551,54.9113,118.8995
278.5247,248.7469,54.7036,118.1942
279.7889,251.4352,54.2991,119.3095
279.9771,246.9585,54.2630,119.1760
279.6419,245.9753,53.9358,117.8479
279.6329,244.9932,53.3048,117.5493
279.4028,247.8728,53.1503,119.5709
280.8405,246.6173,52.9526,120.4638
280.0591,249.3225,53.3987,121.7820
279.9645,246.7997,53.4187,122.1015
279.9352,249.5444,53.3631,122.7783
279.2234,250.4628,53.4064,123.5287
280.9866,247.3948,53.3556,124.0531
278.8510,249.6290,53.4114,124.0631
2
0
0
0
0
1
354.5478,207.1904,198.5845,93.5649
354.2816,206.1645,201.1945,94.3603
354.1045,205.0432,201.4988,94.5343
358.8047,204.5308,203.6605,93.9836
360.7423,205.0746,203.2064,93.4457
361.1204,207.3298,201.6896,93.3757
363.5459,206.1373,202.8089,94.9591
364.6782,210.3033,201.8528,94.7408
371.7117,212.8513,199.7463,95.4574
374.3945,212.6271,197.9519,96.1888
380.1902,215.8789,196.5338,97.3320
384.4375,218.3773,196.0207,97.6587
393.9846,220.4337,194.1469,97.0179
411.8800,227.4178,182.7326,98.6284
427.7984,235.5463,172.8011,96.7724
441.6173,239.2177,166.9649,94.9348
454.2528,240.3009,155.7107,101.5085
457.1146,231.9997,143.0316,102.8689
467.9258,218.6567,138.2525,106.4372
480.2390,227.7513,131.8673,108.5505
486.3159,157.6103,144.3841,97.3102
479.0397,161.1067,153.8951,88.5045
475.6908,162.7372,159.3891,83.8045
2
0
0
0
0
1
599.5163,232.9732,164.6970,75.7983
606.2474,232.2663,153.9569,83.3449
610.0905,232.8283,149.1343,87.5618
614.8602,234.2069,144.9960,88.9337
612.8124,233.6631,141.7148,90.4204
621.5737,222.3836,120.7163,109.6854
628.0097,214.8936,108.6284,117.9180
624.9232,214.7460,103.7461,122.8422
625.7169,211.1669,100.1963,126.8378
625.0178,209.6888,98.5645,128.9168
623.5305,209.4001,99.4329,130.4881
625.0434,204.9344,99.8464,135.7223
624.1929,205.9695,102.8155,136.6143
623.2902,205.7494,104.2577,137.8331
621.9531,204.8480,104.9003,138.7726
620.8170,204.2720,104.9108,139.2071
620.2910,203.8075,106.4142,138.6511
620.7268,203.8578,105.4941,139.3195
620.2008,203.2816,104.1656,141.4020
622.0540,204.3030,103.1627,142.5874
621.7895,204.5952,102.2643,143.0038
621.1025,205.1183,101.6053,143.1459
622.2735,203.1509,100.8060,141.9852
623.3638,202.2276,99.4015,142.7084
623.6124,204.3896,98.9756,143.1413
624.9138,204.6074,99.2448,142.5504
624.9379,206.6680,99.2632,141.9662
626.1417,207.0963,100.2923,139.6390
625.6801,207.3597,100.9337,138.3104
2
0
0
0
0
1
765.3710,214.5345,182.7016,115.7689
