1
335.6555,112.4476,76.7189,15.8889
328.0322,113.6164,82.0912,16.3223
319.6783,114.9474,86.6190,16.7757
310.4390,115.4340,89.9954,17.5854
301.6866,115.4045,92.9715,18.2375
291.5034,114.7353,95.6690,19.1656
290.3568,111.9903,91.0627,22.3364
289.0007,105.8279,81.2462,30.4989
288.1004,98.5863,70.9959,41.5825
283.5148,87.1104,61.6077,54.9234
279.2071,78.3434,54.4016,65.7378
280.4106,70.3002,47.4697,78.2990
279.5506,61.2914,43.1729,85.4225
278.8016,53.9059,41.3617,89.4440
278.0559,43.6243,40.4622,90.5913
273.9240,30.2885,38.9057,89.7352
275.6568,26.1900,34.0676,94.3805
276.7370,20.9288,31.0554,97.7675
276.1509,18.5414,30.0708,98.8447
274.4974,18.4147,30.6251,98.3500
272.8997,17.7650,31.2527,96.7309
274.1172,14.3218,30.9514,94.7433
277.1111,15.5901,31.8468,93.7790
278.1354,15.1303,34.7557,92.0144
277.2193,11.0182,40.1995,86.6702
274.7804,11.6633,45.0800,82.7761
273.0779,12.1065,49.2072,80.1570
268.5653,15.1742,56.2944,75.3620
264.5523,14.1213,57.7958,76.1028
266.0988,12.3375,60.2383,69.9015
271.4781,14.5421,57.2312,68.9981
283.3234,16.5568,52.9192,71.9008
285.2438,17.2303,50.6591,74.1197
283.3873,17.5254,51.3061,74.0612
283.1285,18.9150,53.3017,74.8490
282.8574,17.9291,54.5145,77.3423
278.1066,20.6617,56.6796,77.4757
272.4241,28.7241,62.4664,71.5441
268.3790,26.2370,63.6709,63.6341
267.0697,31.3174,65.2559,59.2525
264.0351,36.6506,65.0378,60.0215
260.7001,39.3181,63.3555,62.6641
258.2320,41.3530,60.8574,66.6896
255.0234,45.8385,58.8986,70.3267
253.2370,46.5311,57.0064,75.0487
249.9074,48.8147,55.5374,78.9099
246.6543,53.1609,55.4450,81.1677
244.1769,56.3003,55.3032,82.6882
242.2327,61.1559,55.8252,83.6457
238.5748,66.7517,56.5035,84.2942
236.3023,72.1945,57.7158,84.2285
231.2435,73.8247,58.6978,84.5827
224.9495,77.7537,57.6099,82.6923
224.1851,82.0456,57.7985,79.2689
227.3399,83.8985,58.0573,76.9627
226.7386,92.4595,63.3568,69.1501
226.4193,100.9982,67.8907,63.5197
224.7491,112.9824,71.5392,59.9951
224.0536,121.3127,69.8856,60.8077
224.6176,123.3817,63.8743,66.8742
221.5031,123.1469,53.6190,78.6649
223.3351,121.7855,45.8047,89.2644
222.4397,122.1100,41.3082,96.5291
221.8391,126.0137,38.7644,100.5764
221.3583,130.3319,35.0067,105.9016
218.9706,135.5334,34.7283,105.9062
215.8621,138.0432,35.6763,103.6111
213.4375,140.0048,36.0674,101.2785
213.8046,146.6479,37.0363,97.9036
216.7246,154.5059,35.7608,95.9578
220.6713,160.3516,36.0327,95.2133
222.6024,168.2816,34.8109,97.4193
222.9686,173.9230,34.1596,100.0613
224.4754,179.6456,34.9268,102.0679
224.3520,186.7108,35.6294,103.5504
226.1896,193.0407,35.9143,104.4263
228.4709,199.3047,36.7088,103.9743
231.5177,206.0063,36.3998,104.5800
233.7074,213.8165,37.1926,103.2893
234.6322,221.7334,39.0772,100.6242
234.9603,229.7314,41.0244,97.8420
235.4358,236.6326,43.0875,96.6720
234.6393,243.4496,45.2351,95.2123
233.1615,247.8737,46.7345,94.9204
232.7279,255.8619,48.8114,92.8400
237.2423,260.5403,47.3701,92.8875
242.6622,262.5785,44.3307,94.4923
248.6750,264.4678,41.8884,96.7914
252.4236,266.5700,39.8004,99.9873
254.9346,270.2648,38.6381,102.3887
257.1228,274.4179,37.3848,104.2020
257.9772,278.3324,36.9098,103.9822
259.2428,282.8407,36.5083,103.5106
258.7699,292.5091,35.4962,102.3620
258.5941,304.0198,34.5793,99.9498
259.9704,308.3330,34.6655,97.7281
260.7679,312.9781,34.7153,97.7400
260.9663,321.4742,35.6533,98.3183
259.2041,329.5786,35.3287,100.7867
256.3648,336.4500,34.7029,100.9501
254.7283,345.2953,34.2992,102.3892
253.6769,354.2929,35.1314,102.6219
252.9794,362.5792,35.7701,102.5266
251.3936,367.9614,35.5684,103.4272
248.7800,372.3072,35.3343,103.6437
247.1229,375.1629,34.5779,104.4313
245.5081,376.6239,35.1955,102.7238
243.7584,378.2501,35.4721,103.7314
242.5881,380.8116,34.3035,104.3006
241.7933,382.1108,32.5103,104.9866
241.2888,384.1828,30.9271,105.3585
240.6612,387.2598,30.5709,104.3191
240.2179,389.7003,29.8087,104.3563
239.4237,392.1497,29.2840,104.1138
238.9603,393.8587,28.9622,104.0372
240.2126,397.2047,27.6731,104.1052
240.9599,408.7782,30.3568,100.1014
241.9044,414.8630,29.6963,100.5279
242.9738,419.9648,28.7160,103.6400
242.1791,426.7252,29.5310,105.9675
242.5132,432.2361,30.5859,106.8776
244.3295,441.3873,31.6298,106.2827
245.2870,448.5832,33.4095,105.4898
244.5858,459.8318,36.3050,103.4355
243.2053,466.4009,39.1159,101.4891
240.1807,474.8528,41.7982,99.2116
242.4569,482.6712,42.1738,98.5869
245.5405,484.7631,41.3808,97.6313
249.0538,489.5345,39.2254,97.8792
251.9564,493.6929,37.4323,98.0643
254.3384,496.5790,35.8207,98.5619
255.1401,500.5372,35.1612,99.1780
255.8386,503.5433,34.9046,99.5116
255.5061,507.6670,34.9404,99.9754
254.4505,512.5121,34.9490,100.7040
253.4063,516.5956,35.3579,100.5225
252.2405,519.8776,35.2796,100.8238
253.2416,526.6784,34.4787,100.4105
254.0873,536.7936,34.8732,98.4181
252.9936,541.0500,34.8702,99.1043
254.2643,549.7618,35.1828,101.2093
255.0226,570.7811,47.6019,82.5044
251.4904,585.4312,60.1501,67.6382
266.8665,583.1017,62.7598,65.7716
280.5190,573.2299,67.3059,61.9701
298.9500,559.8409,70.6752,58.6822
315.9731,549.6180,71.6834,59.9871
330.1453,543.2450,73.0126,61.1454
341.9880,528.9778,75.4211,60.3981
356.1586,516.9221,76.7666,59.8693
364.4802,511.5014,77.8019,59.6929
373.6930,505.2985,77.6459,60.3304
389.9977,495.9699,78.7582,58.0113
408.1767,493.6660,75.5443,57.3755
414.9590,488.3768,76.2292,54.0866
423.0395,486.7024,77.4413,55.7738
432.6374,485.6139,75.4963,60.7232
440.0039,491.8655,71.6885,64.0057
450.1040,495.1552,64.8543,68.6916
459.7923,491.5449,54.1070,77.5605
468.4921,486.2953,44.8764,85.4387
474.6166,486.7381,40.2713,89.2000
477.9635,492.9429,38.7232,89.8127
479.8689,499.9615,37.9711,89.6216
479.7496,504.6302,37.5766,90.5021
479.9170,509.7112,38.2240,91.2026
478.4380,514.2348,38.6397,92.7519
477.0706,516.5097,38.7539,95.1309
479.2950,527.1926,41.2602,90.9216
475.5352,535.8768,41.6462,89.7626
473.7848,541.0774,44.2213,90.1861
473.5320,551.1199,47.0429,90.1686
474.5717,560.1313,49.5297,91.5782
478.5814,571.6116,51.6308,93.3666
481.4742,579.2524,54.4536,92.4828
482.5964,591.0572,60.2226,87.1816
497.5063,603.2729,65.4325,75.8973
498.0450,612.7736,65.2940,70.7197
505.8980,603.1063,55.1340,78.9610
521.8997,589.4851,49.0216,86.8722
523.1545,571.4100,48.3573,91.0707
534.7311,547.8974,47.2390,91.5932
549.6547,526.7015,41.6145,98.6738
552.4261,508.8960,41.4012,99.5309
564.8423,498.2513,45.3012,94.8051
567.9937,492.3946,54.7275,79.1869
567.9133,491.6788,64.6545,68.0403
583.6973,493.3136,68.3386,67.4827
598.4164,505.1713,72.2194,67.9423
611.6694,519.2244,75.7361,66.7022
628.7279,523.7530,75.5006,69.2233
642.1774,532.3237,76.4675,71.4557
651.6136,544.6262,78.6913,71.7553
664.3329,555.8174,80.5366,70.2100
672.9916,562.0388,80.6558,71.0445
682.0443,570.2806,79.8671,71.3350
690.1685,579.2931,80.0879,70.0282
699.3482,587.9232,79.9075,68.7792
707.3878,593.4683,80.0617,68.7888
716.2554,598.6288,79.2517,68.9856
723.0102,603.2835,81.3025,66.2447
736.8113,604.4882,77.0809,65.1304
738.9302,618.0844,79.9963,54.7825
738.8134,627.9046,83.9664,45.8511
745.3228,630.0521,83.3516,43.0085
754.6193,629.5275,80.1261,44.8390
763.1987,627.2895,77.4036,47.1187
767.6895,623.7286,75.3070,51.8550
769.7460,619.2933,75.4455,56.0291
771.0395,616.4598,77.7346,57.4747
776.2361,608.8495,79.7215,54.7173
781.9117,607.2186,81.0237,51.3139
793.9272,609.1940,79.1916,49.7430
800.8078,608.2833,81.9178,44.0141
805.7452,609.3941,88.6710,36.0540
812.4268,611.3740,95.1265,30.5651
820.8243,613.1940,98.0511,27.6652
831.0329,614.4009,100.9479,25.9960
838.9772,615.3544,101.3425,25.2827
848.1613,615.9329,99.8711,25.2096
857.2841,616.2222,98.5591,25.4818
868.7099,616.7143,94.7972,28.0231
879.3309,616.1562,92.1337,29.9344
884.9033,615.2847,93.4727,29.5748
890.2789,614.3329,96.6665,27.3055
900.9264,612.2484,96.0205,28.1943
912.0184,609.9141,93.0018,30.8414
917.3709,607.6833,92.8633,32.3628
923.5503,605.8240,93.4396,33.0585
930.0880,604.0447,94.0545,32.8488
936.6257,601.9490,93.2319,32.9434
942.6075,599.5674,92.2809,33.6484
952.8315,599.5136,87.9717,36.1239
964.2027,599.3256,85.6579,36.0556
968.4561,597.9720,91.1718,32.5834
974.3862,598.7349,93.2988,31.2099
985.8103,599.7499,93.0418,30.4521
991.0774,601.9263,94.3161,30.2490
998.1805,603.5372,95.6453,30.5901
1005.7657,603.2221,96.0361,32.0050
1012.4461,605.4645,97.3558,32.2024
1017.4343,606.7296,97.8539,31.9892
1024.0410,608.9422,96.9026,30.5256
1038.0393,608.2553,92.4326,31.6833
1044.6782,610.8574,92.1960,31.7160
1053.7426,610.4005,91.4836,34.0931
1064.3253,609.8322,87.8741,39.5521
1070.4009,607.4579,88.3293,43.2269
1075.0061,605.2021,92.5153,43.3972
1072.2887,603.2089,94.8656,44.8307
1069.6993,599.2465,98.5831,45.5370
1065.8918,595.5323,105.1424,46.4198
1090.3430,589.5087,110.4481,40.9048
1109.9731,590.7955,105.4022,39.1388
1133.6665,583.8821,86.0098,53.8571
1157.2006,578.8983,67.7938,73.3605
1174.3210,591.1133,56.8814,87.7952
1178.9421,607.5619,52.6041,94.6782
1192.2264,621.5561,47.9275,100.7195
1198.2748,636.1384,45.1197,103.5990
1203.1505,649.8695,44.1037,105.2333
1207.0464,664.7379,44.7020,105.2649
1218.1227,683.3852,49.8609,95.3651
1217.7520,716.8535,68.9087,70.5912
1244.0673,728.1556,82.1149,52.8895
1273.3649,734.5063,90.1415,41.7677
1305.4838,738.6298,93.1460,35.6363
1344.5101,713.3038,73.5274,55.0155
1379.5300,673.8251,60.9438,69.9224
1394.9059,642.0076,60.5327,71.1234
1418.3835,611.6191,61.3123,71.5960
1438.6809,587.8651,64.5208,70.6832
1454.4319,564.9338,66.4080,69.9236
1476.7118,548.1140,67.5170,69.4370
1493.6560,525.8887,67.4876,70.9610
1510.2424,508.3690,66.3090,73.3285
1523.6241,482.9668,62.5379,73.7919
1531.0712,468.7790,59.6876,75.3414
1526.9557,451.4595,63.3964,73.3148
1512.7920,432.3906,66.9698,73.0901
1497.1561,414.2877,68.2213,75.5633
1485.3494,396.3640,69.6282,74.1456
1472.9521,378.2025,68.7358,76.3176
1464.8105,367.5581,66.8399,80.8086
1450.0933,355.8532,65.7709,84.2795
1445.0216,338.7830,64.7888,85.9235
1439.8400,328.9837,66.5957,85.5310
1432.7861,318.0557,68.7649,84.8633
1424.6764,303.4744,69.1778,84.8678
1391.4874,299.4597,76.8345,74.7373
1340.4945,317.1782,87.5509,59.0419
1295.5365,334.5699,95.6232,46.0421
1256.7590,341.0502,98.9727,37.3120
1222.4607,344.3447,100.3627,33.0634
1190.5625,346.6736,100.8730,29.6551
1165.5651,348.6694,100.9832,26.7810
1140.9113,350.3646,101.3653,24.7627
1117.9570,350.9633,101.7890,23.3070
1096.8590,351.7264,102.0037,23.0914
1075.8271,351.7961,103.4896,22.8222
1060.6801,351.9559,103.2968,22.3190
1046.0939,352.7285,102.8036,21.9707
1031.5996,352.9032,102.3558,21.6927
1018.1348,353.3397,102.4900,21.4707
1003.9907,353.8829,102.3488,21.1559
991.7177,354.0359,102.2027,20.9492
979.8892,354.1198,103.1326,21.3714
970.1223,352.8843,96.8382,24.1007
967.6483,347.0933,79.2107,38.6563
964.0635,339.3837,65.9947,51.8942
968.9110,340.8694,63.4138,57.3514
968.9348,344.4078,67.2089,59.4825
970.5403,350.1142,71.8196,59.4227
975.7388,355.1806,75.5037,59.6146
980.9854,362.0573,77.8936,58.2419
984.3127,373.4339,75.5860,58.6798
1003.4971,373.7398,64.0283,67.3500
1011.3682,374.5843,56.0739,72.4025
1010.5872,373.3928,55.1444,70.5475
1008.8492,391.9140,60.0962,58.8519
996.2116,389.0442,67.4672,57.1824
971.3656,379.5652,70.7229,58.6121
949.7482,364.4895,78.8796,52.0279
925.3913,358.5143,84.3624,48.2775
898.9448,355.3470,91.0474,38.4021
876.4806,350.8812,94.4484,34.6413
854.2398,350.9002,94.5269,34.0360
834.0352,344.8238,95.4609,31.6136
815.0421,344.5417,100.1441,27.8042
799.0422,339.0397,101.0931,25.7968
788.2152,336.4392,97.7670,26.7561
778.8197,332.6573,94.3454,30.4236
767.4263,324.1143,88.1350,37.8384
745.5068,317.7467,83.7204,38.3128
734.8313,318.2766,89.7794,32.2530
709.7927,313.9228,93.9063,28.9554
688.6783,315.8724,95.9270,27.5988
671.4683,315.6887,97.7974,25.8847
655.2000,313.9254,98.8845,25.4964
637.3889,310.7318,98.1834,27.4463
625.4429,305.6268,95.7010,30.5764
612.7518,301.1487,96.0090,31.7854
600.3018,292.6219,96.0723,33.5441
587.1593,290.3250,96.0138,33.2260
573.2445,287.9711,96.9689,32.0424
565.7772,282.5781,98.7997,29.4088
555.2973,282.6285,100.2645,27.2114
545.5652,277.5296,100.5463,26.4775
536.5137,278.2338,100.3576,26.0404
527.1831,277.9768,100.8135,25.7906
519.5848,276.1913,100.4297,25.7764
510.9644,272.9964,96.0389,27.7569
491.5356,265.0488,92.5047,31.2455
460.0382,272.9193,92.2816,31.5215
433.3182,282.6460,94.6597,29.8911
408.4515,284.8965,95.1488,29.8928
383.0262,294.0714,96.1001,29.1291
362.2635,297.6021,98.6133,27.2123
344.5090,300.9562,99.2883,25.9819
327.7680,299.3265,94.1426,28.8781
317.3803,293.0322,84.2312,37.6352
305.1664,279.0080,72.3814,53.0593
296.6850,267.5176,63.1441,66.0335
290.5687,251.8025,54.6045,76.9594
286.6213,233.0839,50.9823,83.7602
279.5041,221.2078,48.9682,87.7258
275.4837,207.9948,46.6863,90.7115
267.7208,196.0069,44.3777,92.8187
265.0832,184.7749,42.4231,94.3702
261.5695,175.3983,42.1287,94.8092
259.2332,165.8263,42.4382,94.3892
254.8208,157.6507,43.8412,93.4071
251.3557,148.9187,42.8195,93.7097
250.1484,139.5272,45.2046,88.9928
248.0290,133.4883,49.9641,80.9601
243.4424,133.4975,61.0228,69.8537
242.9937,127.4189,70.6013,59.2621
249.1494,124.8637,80.8998,47.8751
256.1819,126.1977,86.5395,43.5277
264.3159,124.3572,88.1857,42.0732
274.0600,118.5561,91.8858,39.7526
281.6814,116.2935,93.0543,37.8169
292.2477,109.6977,93.9796,36.1494
302.0400,108.4804,94.0617,34.4919
308.6819,106.9346,93.5124,32.6126
315.8496,105.2870,92.8480,32.0006
322.0724,104.2505,92.5493,30.9455
328.9859,104.0480,93.4383,29.7281
338.2945,102.4136,90.0533,31.5202
350.3235,100.6678,87.4814,31.9590
359.7882,97.5147,84.5253,35.3405
373.1318,96.9160,81.1100,38.1079
381.6317,99.0653,81.6305,40.1211
388.2342,103.6216,84.3024,39.5653
391.9140,108.4178,88.3560,38.7862
396.7709,110.9554,91.8176,38.6782
402.5739,115.4910,93.3504,38.2726
409.7853,117.9213,93.8354,38.7739
417.1405,119.2785,93.8253,39.3529
