1
334.6047,169.4050,27.3372,39.1624
335.0174,168.9491,27.1895,39.7953
337.0689,168.0661,28.0637,40.1540
337.9316,168.9837,28.3587,40.7245
335.5805,163.4155,29.2455,40.4083
334.1997,162.3003,29.9609,40.9839
332.3622,164.5636,30.6500,41.2267
329.7090,165.5922,30.7733,40.5081
328.6117,168.0172,30.8181,42.3601
330.0009,167.2389,30.1849,42.4531
330.5792,167.8394,29.7457,43.3274
329.9750,167.9799,29.4887,44.6875
330.6424,166.9569,27.5329,47.2985
331.3366,164.8948,26.7882,50.1051
332.2321,162.3362,25.3497,54.1206
329.7823,162.1821,25.5160,56.1973
328.7666,163.8093,25.4781,57.8759
326.4768,164.3457,26.9319,58.0085
326.6382,163.1185,27.9680,56.3961
327.1140,164.2347,27.2728,56.8746
328.7037,165.9070,25.4218,58.8591
330.2235,161.9145,25.7365,59.3746
331.6198,160.1372,26.7002,60.2649
330.9596,158.9731,27.4645,62.7066
327.7983,158.3390,27.5132,61.3448
327.0776,156.5898,26.9170,58.8931
329.6531,155.3080,25.4151,57.8297
328.8986,155.1432,26.7667,59.0263
328.8698,155.7095,26.4863,59.9686
329.2607,155.5354,25.9002,59.3397
329.2996,155.0187,25.8245,58.2881
331.9896,154.7877,25.0363,60.2801
333.3734,152.6796,24.3933,62.4739
333.7889,151.1759,25.6028,64.0050
334.1980,150.3213,25.0940,65.2972
334.2233,149.8398,24.4896,64.9782
335.5694,149.4123,24.1589,62.1092
334.9995,149.5543,23.5483,59.7828
333.3373,151.7249,24.9794,58.8882
331.5708,152.0440,26.8347,58.7207
333.8745,152.0462,26.7549,57.2825
334.6256,152.1535,26.6019,57.7656
336.4604,151.6368,25.8730,60.5419
336.0595,150.2483,26.0814,61.3401
334.6050,150.5285,26.2791,61.8911
334.7599,151.0281,25.4669,61.9849
333.0715,151.1477,25.5050,60.6324
334.6752,151.3484,24.1125,60.5602
335.0615,152.1256,23.1514,59.3543
334.6950,149.8793,23.5521,61.2797
336.7808,149.1551,23.5875,58.6985
336.4642,150.4707,24.2743,59.5801
338.4408,152.3442,24.2507,61.0684
339.8591,150.3462,23.9532,62.4878
341.0549,148.7397,23.8633,61.4537
340.4627,151.2018,23.1018,60.3810
341.2078,150.8068,22.4836,59.0167
340.9052,150.9415,22.8608,58.4098
340.3233,148.9225,23.2921,58.1707
339.8163,148.3633,23.5025,60.0780
338.6535,148.4023,23.6268,61.2621
337.4780,148.3619,23.6546,60.1154
335.6749,150.4297,24.0488,61.1591
334.7505,149.7779,24.2902,61.1201
333.8405,149.0908,25.0446,61.8045
331.9402,148.4175,24.9332,61.5285
327.3786,147.3236,24.1766,61.5401
326.3878,147.3689,24.2148,58.9651
327.3412,147.5050,22.7292,59.0659
326.5372,147.3661,23.0623,60.4385
325.6992,146.6707,23.8959,61.5415
324.9621,147.5437,24.4942,62.2490
324.9059,147.8222,24.1712,61.1589
327.0758,149.4938,23.0764,64.7684
325.9882,146.8784,23.4404,67.4107
325.2812,145.5338,23.7944,68.9277
326.0377,144.1349,23.7644,68.2048
326.3025,144.9850,22.5831,67.1669
327.0924,144.1248,21.3465,65.2212
327.7896,143.2539,22.2181,64.3010
326.5786,145.8798,22.8494,65.5312
325.3341,144.7526,22.7239,64.8486
325.7204,146.5900,22.8964,64.5430
326.0769,145.8045,22.9449,63.2210
326.8998,148.1156,23.2622,64.8044
326.9913,146.4759,23.1405,68.0833
326.5302,144.5959,24.0433,67.9459
325.3329,145.8380,24.5796,66.7066
327.0856,145.3134,24.6040,64.0299
328.8811,146.0616,23.6408,63.7770
330.5347,146.4905,23.5526,64.0955
332.1071,144.8954,23.5349,63.2619
332.1312,145.6276,23.9173,63.7817
334.9952,144.8466,22.4637,65.1161
336.2932,146.1210,22.8273,64.6350
336.5595,148.3196,23.3818,66.4357
336.5687,142.5246,23.4562,65.5506
337.7158,143.3029,22.1909,65.3909
338.8350,143.8851,21.9117,65.5817
339.8003,143.2250,21.5781,64.0145
340.9495,142.2771,20.2623,65.6737
341.5525,142.3700,20.0952,66.8982
342.2442,143.5883,19.0020,69.6706
338.2078,141.7251,19.8517,69.0026
343.8007,142.9175,19.7447,68.5626
344.5074,146.8565,20.5506,69.0177
349.6076,144.5125,22.0852,68.5552
349.7698,143.4874,23.7485,68.3406
350.0060,143.4412,23.7339,69.0897
349.8408,143.9169,24.9000,67.8704
352.2039,141.9598,24.4612,70.7558
354.1285,142.0675,26.1920,71.2408
354.0667,142.6547,28.0281,71.7038
354.4395,142.4556,29.4640,72.2692
357.8228,142.8895,29.6515,71.7450
360.5974,145.2928,27.7458,74.3446
363.7148,143.8723,27.2081,74.9475
365.3293,142.6887,27.7356,75.1866
365.8009,142.9158,28.5414,76.8149
364.5568,142.3203,28.8637,77.1040
366.2084,141.5466,28.1308,76.7367
366.7773,140.5172,28.2731,75.3570
367.2539,143.2393,27.6204,75.5144
365.9340,140.5388,28.2702,74.1144
364.1931,142.1977,28.2802,74.2348
363.0386,141.6138,28.3914,73.8659
365.0146,145.1398,26.6043,74.7851
366.8424,144.9096,25.6368,76.0136
374.5025,146.2252,23.5500,78.1687
366.9889,142.3724,25.2386,75.1500
353.8871,140.3202,24.9035,73.9932
354.2742,138.5282,24.5399,72.8402
384.6337,140.2377,24.6333,72.5638
385.5407,145.7851,25.0483,73.3451
385.1263,150.4158,25.1260,70.9487
385.1673,151.6882,23.5434,71.1355
386.1389,152.8832,23.1757,71.0089
386.8577,153.3035,23.9103,71.9908
393.3460,154.5746,24.7648,70.4374
394.7473,156.3074,24.5826,69.6126
395.5061,157.4595,23.7562,68.3212
395.5728,158.3455,23.3444,71.1155
400.3159,158.1949,24.3381,70.7022
401.7585,159.0157,26.2824,69.4784
403.7947,161.0654,25.4510,68.4952
405.4778,160.8544,25.7472,67.6776
405.6458,164.3172,25.2907,67.1637
407.6554,165.6609,23.6141,69.8274
414.5288,161.0472,24.0094,70.1485
414.5978,160.2267,24.4067,72.1788
415.4756,159.2886,23.5428,72.4531
415.3138,162.8551,23.8161,71.5583
415.3363,158.5624,25.9297,69.5826
417.7918,158.6181,26.6640,68.0851
417.9043,158.2794,27.2343,68.5857
412.7654,156.8963,25.1878,69.6951
413.8913,158.8761,23.4624,70.9866
414.5006,157.7361,23.7645,72.5077
415.2467,161.7232,24.3372,73.6285
416.6838,160.0537,24.5873,73.5647
417.6614,158.3175,26.2825,72.4622
417.7924,156.7762,26.0226,73.4173
418.7581,159.7805,25.5269,73.4147
420.3686,159.9092,24.9206,72.8482
423.3257,160.1591,25.2197,72.6210
429.4406,160.2174,27.6797,70.8525
430.1086,161.4488,29.5878,69.9734
440.2460,162.0569,28.6369,71.6632
443.2096,161.9738,27.8167,73.5548
446.6166,161.5672,27.8891,73.4515
449.3164,160.0340,28.5683,75.0992
452.7010,156.8869,28.9390,73.9296
455.1898,157.0833,29.2431,71.8011
456.8904,158.2912,29.4020,70.9515
461.0775,157.8597,27.6313,71.9650
464.4232,153.7615,28.2449,71.1244
465.3616,151.9914,29.3129,71.6721
465.2599,151.5573,30.0161,71.5864
467.1424,151.5688,28.3487,74.3283
468.0270,151.0393,27.0386,76.1317
469.5498,149.1784,25.7086,74.4684
469.7623,151.2336,27.1583,75.5156
468.3852,151.0406,28.9963,73.2363
467.4483,151.5907,29.0636,70.9040
468.4059,155.4389,27.9031,69.8299
471.3741,154.9677,27.6375,67.9175
473.7686,158.7026,26.9611,66.7625
473.5271,158.5102,27.7371,65.6541
472.3607,159.8254,27.3205,65.4036
471.8237,160.4973,25.7844,67.1546
469.5896,161.6018,24.9956,65.4810
468.7618,163.1223,25.2810,65.4081
466.1809,164.0655,26.7031,63.8370
465.1876,164.1861,25.6184,63.7258
457.9304,163.8808,25.0301,63.2663
458.3296,162.6377,24.3391,63.3486
458.8228,162.4825,23.4738,62.9359
459.1572,161.5606,23.2411,62.5833
457.8135,161.1591,22.8217,62.5991
457.8569,160.8854,23.0942,63.1156
457.9432,160.2721,22.6386,64.0921
459.6147,160.3980,22.1747,65.9842
460.0298,158.0289,22.4466,66.2622
459.6168,157.0740,25.2203,64.7532
458.1566,157.0780,27.0377,64.8506
457.5158,156.0571,27.0822,65.7350
457.3661,155.6234,26.3902,64.6227
455.9514,153.5815,25.9179,62.6004
456.4869,153.1217,25.5819,61.4822
454.6792,154.4293,26.1081,62.4476
452.3694,154.5109,26.3509,61.3984
451.4663,153.8933,26.1458,60.7679
451.0056,155.6024,24.4062,60.9815
451.3300,156.0963,24.9065,61.7559
453.0280,153.0148,24.4600,60.3433
451.4716,151.6889,25.2515,60.6419
451.5270,151.7645,24.8680,59.7016
452.0474,151.0896,24.8171,59.6660
451.9180,151.9839,23.7570,58.7410
453.0949,150.5824,23.3885,59.1912
453.8380,149.6440,24.0158,60.1299
453.3120,148.2870,24.9233,60.7853
452.3311,148.8561,25.1821,61.0143
452.5705,148.4447,25.2931,61.6060
452.9272,149.5803,24.2402,61.5992
455.5841,147.9768,23.9283,62.3698
456.6673,149.0550,24.9086,62.2590
457.7673,146.3053,25.8528,62.8390
458.4641,145.0923,25.5184,62.8939
457.7317,143.4177,25.0377,63.1060
457.2917,144.8405,24.3889,65.1447
457.6693,142.7041,24.3989,63.9280
459.1614,140.7008,24.9910,63.6301
464.4828,142.4143,25.7990,63.9590
466.4888,140.8712,25.9046,64.6533
473.2776,142.6012,25.3161,63.1321
476.1496,145.9139,25.0832,62.2593
485.1306,144.7766,23.8111,65.1782
496.7727,142.7603,27.5462,60.4753
504.3387,135.2699,28.7391,60.2737
506.6251,132.3739,28.6318,61.3643
514.1091,129.9709,27.3437,63.6607
520.9721,129.0643,25.7301,68.3848
526.5566,125.9319,26.6193,69.5737
528.2050,124.9404,26.5540,70.2937
529.6385,122.6445,27.9069,70.4216
531.5876,120.1024,28.2868,69.0308
533.8617,119.7259,28.2960,68.9736
535.1411,122.2665,28.1664,68.3147
537.9753,122.2321,27.7525,65.7916
539.1395,119.0045,26.9816,66.1267
539.2480,120.8565,27.1217,65.4573
538.3209,116.8373,27.5947,66.1354
534.1047,118.2352,28.1461,64.6847
532.6086,118.2187,27.0755,65.6307
530.6603,118.4123,26.0818,66.3601
527.7983,118.3962,25.8611,64.7620
525.8603,118.5481,24.7931,64.4761
523.3987,116.9003,25.2572,64.8152
520.0757,116.5385,25.2767,64.5513
518.9907,117.3766,27.1211,62.6851
516.5283,118.3533,26.4773,62.8628
515.6054,116.4033,27.1777,64.9307
514.7186,114.8174,27.7101,66.6027
513.0037,114.5956,28.6069,65.9470
506.1749,111.1339,27.7466,64.4858
505.6324,111.4461,26.4572,65.6547
504.5639,111.2219,25.0422,66.8034
501.4265,108.9990,25.4348,65.4080
498.8983,103.9815,25.5292,66.3322
496.3691,101.7480,26.0180,67.8033
493.5278,100.4621,26.5086,67.1506
493.3698,98.9469,25.8167,66.8996
492.1679,97.1356,25.4204,65.5145
492.7541,93.8264,25.1890,66.5131
493.4163,91.3870,25.6683,67.9116
492.8010,89.6401,26.8155,68.8238
491.5039,89.1655,26.8612,68.6487
489.7942,91.5331,25.6260,70.4599
489.5659,91.4244,24.8937,71.1565
488.5890,88.8555,24.9158,70.9745
489.2766,87.6881,25.2822,70.0488
489.3742,85.0399,26.8158,69.9506
489.3928,83.8776,27.4406,70.1927
490.7550,85.5976,27.5518,71.6558
493.6855,84.1240,25.7322,74.9076
495.4349,80.7662,25.5065,73.5841
496.6022,81.8734,26.1884,70.9423
497.5497,79.4068,27.6214,70.9473
498.4748,77.2329,28.2318,70.8837
497.2474,77.7388,28.0987,70.7835
494.4682,80.3308,28.5373,69.6152
492.1451,84.6562,28.1531,72.2470
491.5651,83.3357,27.6569,73.1106
491.9839,82.3474,27.5218,72.8617
490.9309,82.6715,27.9553,71.8916
488.7871,83.2761,27.9510,72.1511
485.7365,84.6265,28.0910,71.7545
484.3226,85.3929,27.4090,72.4516
482.7767,81.5995,26.7223,71.6445
478.7376,82.9537,27.7609,70.2448
474.5373,84.1094,29.8823,68.4343
469.6247,83.5582,31.9992,65.2587
465.7262,86.3957,32.5861,62.9990
461.9922,87.5176,31.3255,62.4964
454.7165,91.0073,29.4047,65.2700
450.3341,95.0161,29.1705,67.6980
442.8099,92.0868,29.8511,68.9947
440.8949,92.3463,30.5093,69.3121
440.0093,94.6392,30.4974,70.0050
438.8425,96.2240,30.7080,70.3269
437.9967,97.2161,29.3446,69.8274
437.1359,96.4871,28.2751,68.5478
436.6621,95.8983,27.2595,67.6008
435.8403,95.9880,28.3185,65.4285
434.6428,94.4087,28.3605,65.1073
433.9579,95.8077,28.1730,66.0450
432.6917,96.1585,28.8673,65.7134
430.6177,97.3633,28.6143,66.8358
428.9937,98.9988,28.6109,69.3137
427.9510,96.8239,28.4748,69.6421
428.5331,95.7672,28.3228,67.8033
428.9221,99.0824,28.3404,67.1483
429.7137,100.9178,27.6687,66.4718
429.1925,96.6250,27.3360,64.2243
428.3869,96.9768,26.5328,63.5656
427.1647,94.7535,25.6223,62.1414
427.2410,93.5983,24.7415,61.0771
425.1468,95.4395,24.5472,59.8630
423.3944,97.6332,24.5927,59.9549
417.5991,98.3619,24.4959,59.9042
415.2330,97.1445,24.4626,58.6627
415.2004,97.9744,23.4361,58.7729
413.1441,98.9766,24.1391,58.0782
412.7449,98.9693,23.4959,59.2777
412.1400,97.4200,22.5184,61.6463
410.5355,97.1754,22.0588,61.7890
405.4529,90.9674,21.0194,60.9639
404.9298,92.4237,20.4426,59.1283
402.9529,94.0059,20.3341,58.3079
400.4642,95.3106,20.8500,57.5287
398.3878,95.8104,21.5638,57.1933
395.3527,95.2134,22.1341,55.4266
388.4995,98.0015,22.2135,54.1649
385.8439,97.5503,22.0898,53.1568
383.6260,97.0997,21.9314,51.9161
378.0653,96.6781,21.5610,51.9861
378.0010,96.5274,21.6853,51.7974
377.9702,96.3356,21.7425,51.6912
