1
781.1356,287.2743,92.1982,130.1938
783.0393,286.1672,93.7473,126.1962
782.6653,283.9554,96.0545,124.7823
781.3205,280.1172,97.7934,124.3270
781.7622,273.7404,99.1609,123.2072
782.2643,268.9364,101.6102,121.2857
787.2836,263.3531,103.9547,121.0174
794.7454,247.9485,105.4991,121.2047
801.3270,247.2047,109.7635,120.5197
804.6035,244.1661,113.8442,120.8981
805.1185,234.7409,119.0282,117.3531
820.4843,235.3023,116.1195,117.6002
822.0714,233.8089,118.1421,117.6135
823.7167,233.7101,118.3338,118.1467
827.4711,225.1389,120.1076,115.1280
846.6237,219.8733,116.6533,117.3786
855.6223,205.9400,114.5205,117.7982
866.4011,195.3379,112.4635,117.8330
876.7236,194.8489,109.8342,117.8359
882.5389,191.6003,108.8376,116.1142
888.6561,180.4647,109.3965,111.2645
910.0774,169.8682,104.5748,112.1052
918.4700,157.2772,100.0130,113.5621
923.4810,157.9901,95.8043,112.0765
931.6097,146.8078,93.0596,107.5967
937.1642,147.9229,91.9218,104.2779
939.4688,146.4288,91.8926,102.5303
943.3727,144.3820,93.9252,100.2636
946.1074,141.9658,92.8342,100.0756
950.4835,140.7322,92.0089,97.4817
953.3561,139.9366,92.0836,95.8180
958.3436,138.9933,90.2842,95.5912
960.1962,138.7383,89.4710,95.2922
961.9935,139.7366,87.2416,94.1690
966.2045,143.8163,83.5700,93.4446
968.5488,149.8183,79.4411,92.4333
971.8089,154.6778,75.4546,91.9988
975.4692,167.3185,71.9620,91.9367
974.1232,173.4036,70.8644,89.5448
973.2405,181.8463,70.0890,86.7425
969.4597,198.2448,68.7327,84.6932
968.6855,209.0676,65.9726,85.5724
966.7493,222.3541,64.0594,85.2380
962.0977,227.8002,64.3751,82.8292
955.9012,243.6997,66.0354,79.5241
944.5204,259.5303,66.9166,76.6404
934.4551,269.3978,67.1890,75.9553
922.5106,281.5749,68.3257,73.8502
911.7604,291.2258,67.6863,74.3499
896.3342,308.7645,67.4361,75.4519
880.5695,319.9802,68.0634,75.1552
875.0533,336.3220,66.7409,76.2598
856.9368,344.7274,65.2048,78.7942
831.7662,353.6345,66.1076,78.5847
806.2952,369.9786,66.6951,78.7248
781.2452,377.1039,67.4887,77.2950
756.0918,394.6278,67.5976,77.3946
731.7880,401.1371,69.5351,76.4548
714.2468,399.7655,69.0040,78.7645
687.8876,410.2007,70.7896,77.9102
669.0939,419.9912,73.1702,77.3304
642.8067,421.8820,75.8356,76.2224
624.8499,420.0466,79.4138,75.8385
616.6102,421.1606,80.4680,77.0970
598.9832,426.3702,80.1351,80.6141
598.6100,429.0274,77.9103,83.9296
598.1898,425.8901,78.3923,86.5668
596.8610,425.9618,82.6645,86.4079
594.2035,429.1411,85.4529,86.1649
579.8643,429.9248,87.6066,88.2460
575.4401,426.7299,88.4455,90.1206
567.3884,425.7842,91.8100,91.9019
561.3622,422.9813,94.0017,95.6741
554.8140,424.2236,97.6742,96.7316
548.4229,424.4420,100.7644,96.7665
