1
295.9319,149.3262,80.3486,206.0021
297.4721,144.0174,77.0682,212.6517
298.7121,142.7182,75.0167,214.0695
296.2910,139.5236,73.2445,216.3764
294.3521,140.2436,71.5156,216.7245
295.2341,145.0008,72.0655,214.0440
296.4119,145.2608,71.3627,211.6779
298.4613,147.3316,71.3184,208.0880
302.3378,146.5070,72.9324,206.9424
303.3931,148.6269,74.7343,209.6440
304.6141,144.6398,77.1075,206.3499
303.9790,151.8633,77.2942,205.8367
301.3345,153.4554,76.9446,205.3724
304.1307,154.2660,77.1479,203.6254
308.8661,155.6331,77.4550,201.5988
312.3143,150.4198,77.5037,202.3693
314.6538,145.6658,77.9523,206.7341
316.3674,142.7523,78.9868,208.0842
315.7723,139.4760,79.4324,210.6577
317.1140,136.4287,76.9763,212.4772
317.2534,132.4795,76.3329,212.5694
316.3961,131.6893,75.0142,213.6547
314.9860,136.8750,75.6325,212.9810
311.2560,137.7842,78.0992,210.4271
307.6298,136.7750,81.1464,210.0156
310.6501,140.3490,80.2951,209.1180
307.2384,134.9205,80.4385,210.0677
308.3061,135.4127,80.9773,211.4144
305.0782,129.2385,80.7849,213.9037
305.7717,126.8786,80.3858,215.1536
307.1118,123.9611,78.8517,216.1764
308.6328,131.1148,77.9889,211.5943
308.3193,136.6216,76.1059,204.2586
306.2735,132.7398,75.8363,201.5644
308.6137,125.7040,78.6412,204.3002
311.5638,118.4610,75.1324,208.1893
313.8649,115.4989,72.1567,210.3887
314.1705,115.2715,71.0776,209.3465
314.2604,115.6016,68.1192,206.6395
309.1496,119.4406,67.5733,202.6117
314.2910,116.8865,67.3807,203.0773
317.0864,112.8849,66.1061,203.3470
319.7922,113.3569,66.2616,202.1006
321.7816,112.6599,65.2848,202.1392
323.2269,115.3681,64.8622,201.2860
322.8920,112.7972,64.2993,200.2643
323.3374,113.4690,63.2240,199.8030
323.6638,112.3788,62.7351,199.3958
324.6560,114.2619,63.6497,196.7593
326.5367,114.4488,64.0557,195.4392
325.1537,114.2977,64.8566,194.5259
325.6365,113.0298,65.4284,193.6900
327.9512,116.1183,65.2514,193.0962
327.1418,112.0633,64.8367,194.9433
328.1188,114.4802,64.6554,193.2437
329.5208,113.5095,63.7160,192.4005
331.8757,122.0928,61.7104,186.7056
336.7365,130.8766,58.0546,181.5362
340.7156,125.4798,55.5217,184.2494
342.3552,119.2668,53.4187,186.4689
346.3936,118.8472,50.9084,188.4155
348.0381,118.3323,50.3562,189.7762
350.5096,119.5892,50.1170,189.2189
351.1806,120.4369,49.8908,187.4186
353.2538,121.0716,50.6662,187.0397
354.6688,123.1126,50.5878,186.3952
356.9104,123.1277,50.8031,185.7311
359.2275,122.3849,49.6543,186.7127
359.5282,123.0190,48.4259,187.8636
360.4288,120.0000,47.5729,186.4954
362.2953,121.4374,46.3019,185.6573
364.0341,121.0055,47.4957,184.9082
365.1512,120.4656,49.2719,184.4742
364.5692,117.9191,48.8770,185.8186
366.1758,116.8838,47.7785,186.8475
365.4431,118.2019,46.7923,186.0168
366.9344,116.4689,46.2047,186.9343
368.1187,117.5026,46.6416,186.4989
369.9225,115.6358,46.5611,185.0281
371.5803,116.9640,45.1356,184.9161
372.5204,115.7868,44.3992,184.2283
373.5268,117.3495,44.6703,183.0164
379.7815,127.8819,47.5580,173.3941
380.0435,118.2386,47.2234,177.4591
382.6413,120.3022,46.6781,176.7742
385.2366,118.4325,46.9892,174.4301
386.3894,117.3324,45.5301,174.7575
388.8311,122.8815,46.1356,170.7000
389.0357,119.2348,44.9429,173.5291
390.9238,117.6473,44.1455,176.3194
393.4476,117.8071,44.3485,177.4455
393.8159,117.3330,45.8118,177.4252
394.3286,116.4550,45.7464,177.6290
396.6660,120.3339,46.4834,176.3530
396.9720,114.7098,46.3361,178.7004
400.1972,116.2435,47.1245,178.5976
400.3933,116.7693,48.2477,178.8134
401.1294,117.6893,50.0509,179.7034
402.7247,116.2194,51.0762,181.8647
403.1105,113.7066,50.1671,184.2808
403.4104,111.4838,51.4871,187.0297
403.3724,107.6976,50.7146,189.9490
403.9101,107.7199,49.2390,190.3704
403.2641,107.5319,49.4832,191.7954
400.2268,106.0963,49.6892,192.9478
399.9327,105.5359,49.4522,193.9261
399.6353,106.8070,50.5017,194.3778
399.2064,108.3164,49.8715,192.6089
395.5873,105.6813,49.0687,191.2140
395.4719,104.1183,47.6208,191.9677
395.9196,104.7971,47.5010,194.3713
393.6482,102.6225,47.5090,194.0710
392.0722,102.7559,47.0402,197.4091
390.8546,102.7588,46.9621,199.1142
390.3356,98.1436,48.0318,201.5685
390.1740,99.1519,48.4137,204.1315
388.7172,98.0279,48.9527,205.4523
386.9418,98.9783,49.0340,204.8668
386.7804,98.3066,49.1972,205.9947
385.5948,96.6828,50.3864,207.8492
385.7169,96.3263,50.5984,208.1712
384.0632,95.8974,50.8736,209.8809
384.4790,95.3854,50.7285,211.4161
383.0636,93.6976,50.3149,213.0840
382.4784,92.6041,50.6733,215.3323
381.9384,90.9272,51.4079,217.4852
379.5310,89.1497,51.8959,219.9859
379.5985,88.1039,50.8697,219.3718
378.6804,93.0983,51.7601,216.2237
378.6599,96.9393,53.1829,213.5374
376.6975,93.6648,53.8836,216.8614
375.7586,92.6757,54.5519,222.0877
375.0866,91.8560,53.9462,223.9255
375.4182,90.9326,53.7567,226.2841
375.3579,92.5436,54.2264,226.5014
374.1211,92.5378,54.2999,224.4819
374.3955,95.7816,53.6547,221.6577
371.4616,90.8260,53.9278,224.3107
373.0930,93.7052,54.4357,224.2991
373.8321,93.3520,54.7249,223.4977
373.8192,92.5750,54.6433,225.0975
374.8722,93.1349,54.0927,225.8279
374.6550,93.0322,54.5959,225.8139
375.8097,94.3661,54.9129,226.8374
374.2648,94.1008,55.3272,227.0981
375.7588,95.3631,55.8202,227.7674
374.9795,96.0525,57.0440,228.1790
375.0356,94.7722,56.2743,229.9645
375.8538,96.6392,55.8286,229.5763
376.1176,98.4236,55.7713,230.4123
375.4582,97.9435,55.8114,231.5462
376.4958,99.3083,57.1682,231.0980
377.1807,99.6663,57.3475,231.0625
376.4217,102.3236,58.2442,228.1844
377.5939,108.5088,60.6159,220.7730
373.6780,110.0914,61.9622,218.8092
371.4629,111.0220,61.0084,218.9315
370.3892,111.1548,59.4153,215.0615
368.7910,110.6178,56.6561,214.1600
366.4033,111.3626,55.4673,211.0694
364.6341,113.0448,56.2290,207.4749
362.7511,114.0763,55.6100,204.6960
362.0948,114.9374,54.1829,203.0263
360.6578,111.8417,53.3232,202.0930
361.8429,114.5142,52.6487,200.0629
359.6251,116.0109,52.8753,196.9874
358.7155,119.0019,52.4640,193.5226
358.3663,119.7895,52.5113,191.8208
356.7523,113.1041,52.5925,195.0855
356.4977,113.8196,50.7149,195.3996
356.6440,116.4135,49.4194,195.1013
354.7833,114.5917,49.5161,195.6190
354.9742,116.5326,49.0920,194.5921
354.5253,113.8231,49.6011,195.9899
355.4898,115.2470,49.0578,195.3465
355.0447,117.6296,48.3189,193.8154
354.9576,120.1799,47.6054,192.3496
355.3223,123.7018,47.3553,189.0336
354.3329,128.5503,54.6261,180.0985
351.6402,126.4278,55.3574,179.1496
348.9091,121.6867,56.1084,180.8000
349.7003,125.8688,55.8300,178.8751
345.8124,129.2338,55.1675,177.5051
349.8371,134.6734,56.7413,175.1540
343.5867,130.5882,57.0560,177.0264
339.3626,123.0847,56.1130,179.2475
338.6501,122.9445,55.5979,180.0440
337.3132,123.2227,55.6947,181.2667
335.4620,121.8031,55.7259,182.7787
334.9470,123.1280,57.0367,182.3986
333.5996,118.5840,57.9047,184.7419
330.5284,120.1508,56.8123,185.5585
328.8348,121.9932,58.1675,186.4715
327.9804,121.0240,58.0882,186.5179
324.5054,119.7650,57.7236,187.8526
321.3761,118.6140,57.2051,186.9082
321.1944,123.2172,57.2901,186.5209
322.8467,128.0256,57.5570,185.2365
321.2623,122.5511,57.1254,186.4561
323.7969,126.7026,57.9579,185.7728
323.1985,121.0524,58.4777,187.6301
323.9026,126.1701,58.4994,185.9162
320.0354,129.2728,60.2797,181.1575
322.8723,130.0240,58.6779,182.8801
324.0070,129.3999,58.0142,184.4120
324.9486,127.9522,57.4658,184.6591
328.5428,130.3172,58.1391,185.1856
329.9675,130.8529,58.2024,184.1218
331.2751,131.3843,58.2221,182.7067
333.3329,129.7483,59.2774,182.6345
333.9933,130.0061,59.8969,182.6781
333.0971,128.2434,58.9148,182.7424
333.8952,132.7023,61.3570,182.2139
335.2523,127.7038,61.4119,184.7723
338.3842,128.5507,61.9878,184.1982
341.5541,129.2371,62.3851,183.4268
343.7909,131.0069,62.0046,183.4388
347.6447,127.3416,60.9476,184.4973
347.9284,121.0737,60.9675,187.4833
353.8779,121.6614,59.9263,189.2022
354.6769,115.8630,60.0586,191.3967
356.7467,119.4724,61.6158,194.0956
359.0055,120.4422,62.4712,193.9165
358.2984,120.9886,62.0400,191.9823
362.2863,121.2592,60.9249,192.9864
362.6371,116.5659,60.1584,193.2701
364.6582,128.6748,61.5135,189.0930
367.8002,130.2676,61.6046,184.8879
365.8575,120.3669,61.0299,190.4072
367.2375,119.2095,59.6552,192.3539
368.1612,121.5942,58.9291,192.5919
371.5259,119.8337,60.0029,191.6167
371.2665,111.9591,59.4267,195.7304
372.3517,109.6467,59.1909,200.9399
373.2976,107.3109,59.8599,203.9541
374.9269,104.1743,61.0062,206.8834
373.8182,107.5074,61.9105,206.9773
375.9539,109.9410,62.1670,205.9110
373.1207,104.9630,62.4554,208.7066
373.9647,109.8969,62.3532,207.4812
373.4565,104.9426,62.2717,210.0933
374.7676,107.5391,61.1362,209.5517
375.9440,108.2113,60.3912,209.2590
375.0112,106.1956,60.3754,209.5654
376.8743,111.3857,59.8026,207.9691
377.2998,109.2176,60.2512,208.0634
376.8226,108.8155,60.2795,207.0533
377.0031,110.3589,59.8220,207.0769
377.8280,112.3309,59.7370,206.0656
380.7233,104.9944,54.1335,214.5021
381.2361,109.3827,51.3659,216.7793
380.6964,109.5696,50.2355,215.1051
382.0800,102.2440,48.3000,218.7470
382.1596,98.1515,47.1672,221.1067
382.2991,99.2978,47.7150,224.8535
382.6309,98.8262,47.9837,227.0135
383.4577,96.2133,48.8732,229.6759
384.7033,94.2832,48.9440,230.8138
387.1298,94.0076,49.9186,231.2182
386.0437,92.7643,49.9828,233.5477
387.1556,93.2439,50.8179,234.2595
386.9891,94.2263,50.9447,233.7226
388.3177,95.0925,51.6318,234.6975
390.0703,97.6829,52.4237,234.3403
392.1218,103.0717,54.1598,229.9560
395.0579,103.6921,55.8999,228.2701
396.4146,102.0034,57.8165,227.9660
397.0078,100.3324,58.4651,227.8336
398.6155,94.0311,58.0996,231.7398
399.9338,98.6316,58.9886,229.6661
401.1510,104.3142,60.5260,227.1793
402.4588,107.2603,62.7008,223.3944
402.5231,97.9351,61.8594,227.9956
407.1428,100.1237,60.9840,228.8936
408.9977,104.6641,60.2459,223.1390
410.4535,99.5545,61.6242,224.7158
410.3827,94.5202,63.7073,230.9468
407.9164,90.0135,65.3796,235.5349
405.4896,90.5352,65.8386,236.5610
402.0306,91.2659,67.4428,235.6004
400.3788,95.7964,68.6922,231.3367
396.2343,95.5948,68.6639,227.4555
392.7906,90.9996,69.1292,229.8198
389.2395,91.3884,69.6544,232.7353
385.0183,91.3228,70.5426,232.2136
381.0051,88.4383,69.8786,236.2489
377.2371,87.2015,68.6846,239.0913
372.6784,88.6806,67.6862,240.5511
370.6457,89.9483,66.6610,243.0837
367.5925,87.5185,64.6537,244.1473
363.1445,92.1845,64.1830,242.5383
360.2164,96.5108,62.9386,241.6715
354.7314,85.7625,61.8552,246.9883
349.3982,88.4329,60.4576,247.0197
345.2899,88.2262,58.4001,246.8115
339.5068,83.4868,57.3589,249.8856
336.0023,84.4251,58.0214,249.9600
332.4498,83.4925,58.5643,250.8756
330.0467,89.9935,58.9939,245.0824
327.0447,86.2751,59.4281,250.7121
326.7333,82.3948,59.1289,256.1418
325.4771,80.5732,59.7775,259.1030
322.7856,76.7714,58.9161,262.1638
322.8661,82.1206,59.2105,260.8460
322.2046,81.8380,58.9097,259.4308
321.8333,83.2772,58.7662,259.6040
321.0908,84.3675,58.8673,258.6619
319.4888,84.7182,59.9772,258.4363
318.8643,81.9999,60.2678,261.5506
317.2791,82.0032,59.7878,264.6153
316.7513,82.6846,59.7826,264.7913
316.5036,81.6286,59.0372,266.0060
319.3264,75.7504,59.5465,268.2061
320.7062,79.5966,60.5860,267.1606
322.7847,75.2549,59.8275,269.9158
323.5064,73.9458,59.8526,271.5989
324.4305,74.5611,59.7211,272.0029
324.5009,71.3709,60.2422,276.9455
323.8232,67.6284,61.7255,280.7062
320.9847,65.1015,63.3560,281.6553
321.3876,62.3223,65.5773,282.6285
319.4364,60.2004,66.4137,282.6104
318.9282,60.1074,69.2290,274.8997
315.9230,58.7564,67.6293,277.6618
314.6891,58.2947,67.1290,278.1182
312.4987,61.0641,66.6946,277.8133
313.9407,63.5376,66.8010,277.5114
313.6992,69.1174,66.5356,275.8083
313.4509,83.2155,70.5681,262.9307
312.8265,70.4254,69.0462,271.8427
311.1334,70.7141,67.1926,274.8837
309.6152,68.6235,67.4308,280.1711
307.9125,64.4711,68.7508,285.6523
305.4035,59.3857,68.5464,288.1213
300.5852,57.0202,69.2597,292.8590
296.8488,52.3041,69.3616,298.0632
290.6403,45.7227,70.4874,305.9494
288.8430,43.9299,71.0783,309.3329
288.3247,37.9601,69.8913,314.6690
287.2198,35.9225,70.1711,318.4125
289.2570,33.9192,70.2009,318.6719
288.9526,31.0371,70.8723,319.4551
290.5458,31.3991,71.1533,315.4909
292.8345,35.5877,71.2882,309.0842
292.4980,36.0159,70.9012,309.9646
292.0242,37.1826,70.2831,306.1000
292.5446,40.3791,69.5336,304.0622
298.7204,50.5042,68.0751,292.9353
297.8017,46.4846,67.9761,298.3278
302.2925,46.7174,66.7197,302.5649
304.5093,50.8323,66.5037,305.2400
307.6360,47.6743,65.6753,307.9848
307.7596,44.3729,66.7952,309.0683
306.6689,41.6628,67.2904,311.4846
308.0774,40.6418,67.6940,312.6792
308.0960,38.2065,68.0602,314.8245
308.9256,37.7297,68.6916,316.0039
308.2990,29.9232,67.8145,319.9406
306.1760,28.3735,65.8542,321.9082
305.2324,30.8012,64.7930,320.1849
300.9552,24.2266,64.3287,324.3961
299.9456,25.8151,63.9928,325.0693
301.7416,33.6550,63.2436,324.5940
304.4403,32.1362,63.6273,324.8401
306.0621,37.1049,64.2088,322.0948
