1
141.2060,26.3162,32.2189,123.9408
141.3500,27.7080,32.6643,123.1354
140.7151,28.1700,33.0636,123.0622
140.4114,27.8551,33.1610,123.4291
140.1546,29.4952,33.2562,122.6021
139.8750,29.1211,33.3088,123.2690
139.1549,30.3347,33.1004,122.3049
138.2157,30.9275,33.0967,122.1538
138.1083,30.1541,32.8636,122.5863
137.4586,32.1659,32.9576,122.1088
137.7618,31.3472,32.8035,122.5834
137.3037,32.9622,32.7366,121.5663
136.5930,34.4030,32.6473,120.8155
136.1280,34.3945,32.6607,120.8710
135.9896,33.5790,32.8852,121.6927
135.4708,36.7945,32.8667,120.7968
135.1632,33.6868,32.6927,121.8466
134.3467,34.6026,32.5492,121.4211
134.5976,32.2518,32.6994,122.5686
135.1848,33.7644,32.7963,121.9634
135.3260,32.1873,32.5348,122.3970
135.5011,30.5815,32.8463,123.1277
136.0845,30.5906,33.2183,123.2204
135.9800,31.7636,33.0618,122.6115
136.2236,31.4187,33.0095,122.8812
137.3885,32.3172,33.0652,122.6907
137.6831,31.6855,33.1576,123.1675
137.8772,32.0708,33.1564,123.0780
138.4935,32.6642,33.2201,122.8063
138.8145,31.4578,32.7505,123.2563
138.8172,32.3523,32.9643,122.7416
139.2516,32.6662,33.2450,122.9859
139.9361,34.7102,33.1173,122.3900
139.7635,33.6079,32.8929,123.0650
138.6448,36.6066,32.6087,121.3168
138.9761,33.3441,32.7517,123.0847
138.4229,35.4882,32.7279,122.0027
137.4493,38.6657,32.4448,120.5523
137.2418,37.5872,32.0029,120.9390
136.1819,36.3567,31.8792,121.3887
135.3265,35.4825,31.9858,121.8125
135.5024,36.4991,32.2546,121.9988
135.4085,34.5563,32.4100,122.9414
135.1590,35.8953,32.4701,122.1947
135.1001,35.8842,32.6237,122.2200
135.2749,37.8699,32.8927,122.1238
135.5838,37.1288,32.7379,122.6837
135.3000,37.8202,32.7294,122.3082
135.4740,38.9901,32.6753,122.1467
135.9559,37.4678,32.6110,122.4860
135.1969,39.3378,32.5194,121.4809
135.0430,36.6455,32.7349,123.1200
134.8214,37.7870,32.7637,122.8819
134.5845,38.6318,32.6484,122.4883
134.7521,38.9780,32.3813,122.5198
134.5012,36.6924,32.4525,122.8471
134.4973,37.1769,32.3558,122.6363
134.7175,37.4734,32.1254,122.4220
134.6874,36.5719,32.4010,122.8620
135.2680,35.5382,32.4945,123.2951
135.3686,35.6947,32.4235,122.9266
136.0080,34.7051,32.8011,123.1186
136.4431,35.7749,32.6976,123.0912
136.7153,37.2419,32.8140,122.7119
137.8080,36.9682,32.4059,122.0152
138.0635,37.6789,32.3052,121.8682
138.5303,37.6646,31.9391,121.3518
139.0934,38.5209,31.7960,120.0386
139.8219,38.9744,31.3813,118.6495
139.6639,38.8536,31.6872,118.5321
139.5073,37.4525,32.0328,118.6135
139.3751,38.4994,32.2357,118.2338
138.7287,39.7501,32.3141,117.6980
137.6631,40.7520,32.4621,117.4890
136.7062,40.8936,33.0186,117.5706
134.1559,40.0792,33.0752,117.3653
130.0669,40.1290,33.4707,116.3046
127.0074,39.8084,33.3666,115.3677
121.5477,38.4196,33.8237,113.8194
116.0743,37.5433,33.9050,112.5781
112.6133,36.8975,33.9095,112.3745
107.7244,36.2230,34.1532,111.7480
104.0166,36.1483,33.9749,112.0412
101.6573,37.0082,33.8096,111.3074
98.8169,40.1456,32.7508,111.1980
98.4642,42.1577,31.5380,110.5812
97.8439,43.8470,31.1056,108.1233
97.3817,46.0394,33.5063,105.2037
96.1483,45.6859,33.9737,106.6821
95.0609,44.7790,34.9755,107.1465
93.8757,44.5190,35.7654,106.4702
85.9117,44.9656,35.6824,103.7537
86.0254,45.7436,34.8086,101.9868
84.5807,45.1258,33.1426,101.2708
82.5724,44.0593,32.4226,100.1326
2
0
0
0
0
1
117.2057,54.1438,49.7106,77.9935
115.4882,56.0324,52.2900,77.0048
113.5891,57.0611,54.3577,77.2842
118.2034,51.8860,44.4430,89.7496
122.7597,49.4975,38.7436,95.7166
125.9481,47.9684,36.1146,97.0322
127.0440,47.0905,35.2655,97.6203
127.5506,48.3124,35.2154,98.0333
127.4926,49.7486,37.1147,98.3322
126.9324,49.2846,39.2763,98.3340
128.1357,46.2864,40.6031,98.7262
131.6396,42.7766,38.0721,100.4731
134.9297,40.8214,35.8987,102.1192
135.3858,43.4337,35.4461,105.2687
134.4117,45.2129,35.1500,107.2083
134.4618,45.3170,34.4716,107.2652
132.2082,44.9345,35.5696,110.0769
131.4092,44.6128,35.8595,109.3074
131.7612,44.8929,35.8934,110.7383
132.7553,45.3182,35.1063,111.4765
134.1108,47.2209,34.9321,110.4101
135.4022,48.0296,35.4107,109.9110
135.4832,49.5065,36.5305,109.5297
136.6664,47.2301,36.7720,109.8927
137.8922,44.4418,36.9629,110.0546
140.0706,43.6762,36.0124,108.6384
142.5037,45.4062,34.5845,106.6003
143.6650,47.5360,33.5790,104.6217
143.1607,53.5202,33.7060,106.7725
143.5437,58.1419,33.4892,106.2704
144.1899,61.3687,33.0578,104.4760
144.1862,66.9355,33.0918,104.5701
143.9759,72.3967,33.4698,106.4257
143.4044,75.1568,33.2087,106.5657
142.6052,76.8594,32.7415,105.6315
140.2221,73.7440,32.0897,107.9451
131.4174,73.6132,31.0750,108.5354
119.6345,64.6632,34.5779,102.4463
123.5434,55.8732,48.3843,87.4690
117.9786,52.4291,63.0420,75.4652
118.0542,40.7271,68.6124,71.9933
123.8935,32.7882,68.0412,76.3452
139.0072,36.8721,69.4758,78.6200
146.2504,43.9599,70.8502,79.9376
148.5757,45.0463,70.6399,84.0351
150.2856,46.6635,69.3646,86.3195
151.1638,48.5851,67.5053,87.7978
152.6720,55.3549,66.2512,86.9725
153.6589,60.8916,68.3176,82.1711
149.8121,65.7337,73.1333,78.9260
149.6642,80.0336,80.3716,72.6423
151.5532,86.9968,81.0961,73.6348
151.8586,92.2573,73.9277,80.6879
152.9760,91.2060,65.6777,85.1662
155.2541,91.1714,60.4400,86.6916
157.7923,91.2900,56.9795,86.2256
159.6616,82.8570,45.8680,93.5916
160.1673,77.9460,39.4009,99.2334
150.3500,75.1379,37.0772,103.0415
140.2454,67.4606,36.1812,105.1068
130.5276,63.2511,35.5407,104.2939
122.8994,46.3335,33.8219,101.8165
116.5777,39.2667,50.4194,83.3922
124.4692,39.9277,50.3892,78.8699
126.6177,30.6024,50.1916,78.2659
129.1133,26.9815,49.9795,79.1716
128.2800,27.5067,57.5476,74.9196
131.8231,26.2226,57.5799,76.7369
134.6685,24.3473,55.3389,79.0508
142.0440,17.8254,44.3924,88.1451
146.8866,18.1551,38.2396,91.5698
150.5952,22.5559,34.4573,89.4074
153.1830,26.9818,32.5225,85.7188
163.0098,27.0004,30.8197,83.1355
169.9114,31.0213,35.5327,76.0737
169.0744,37.3054,44.2284,66.1605
166.8299,51.5021,55.6751,54.5654
163.5401,61.3224,56.4560,53.9879
167.6074,63.1555,56.4039,54.6309
165.8109,63.9840,46.0360,64.3582
169.5869,64.2029,37.4080,73.9249
171.3308,64.6276,31.7815,79.1524
170.8121,67.3632,29.0594,81.8546
170.6207,69.4445,26.9979,80.7405
170.9391,70.0551,25.5450,78.4207
171.0735,70.0075,24.3562,75.7288
170.4497,70.7409,23.6198,74.0488
170.0300,70.3429,23.1019,72.3229
169.4075,68.9096,22.8129,71.0881
169.8165,68.1889,22.4618,69.8864
170.0662,67.5783,22.3365,68.8223
170.8383,65.8189,22.5870,68.1665
172.0901,65.7852,23.1400,67.4637
173.4041,65.3054,23.6280,67.4875
174.9140,65.3765,23.9510,66.8405
176.7312,65.7059,23.5792,66.3596
177.9941,66.3919,23.3396,65.6430
179.5683,66.4162,22.9164,64.9530
180.7845,67.3199,22.5730,64.2818
182.0955,67.7645,22.0778,63.8031
182.8405,67.5205,21.6925,63.0556
182.1694,67.2796,20.9586,62.7962
180.9802,67.4764,20.7143,62.6659
179.8664,68.5890,20.7433,63.3294
178.2531,67.8499,21.0625,64.0444
176.8055,67.2564,21.0793,64.0891
175.7507,67.2364,21.2467,64.2268
174.4788,66.3631,21.6289,64.6815
173.7186,66.2900,21.9875,64.9253
172.8161,65.2367,22.5965,65.9070
172.0303,64.5469,22.9686,66.7127
171.6971,64.8479,23.1029,66.6115
171.6338,65.1169,23.8247,66.9662
172.3158,61.7032,24.0137,68.4506
173.6686,61.0296,23.9590,69.4035
179.5036,59.6335,23.2819,70.2305
179.9762,58.4012,22.8463,70.8985
180.3242,57.2777,22.7129,71.8205
180.0979,52.9152,23.4194,73.6054
180.6956,53.7733,23.9528,75.0057
181.3619,53.9133,24.2700,75.9108
186.5194,54.2674,24.2755,77.6689
186.3192,53.7582,24.5652,80.2591
186.0279,53.3591,24.9510,82.1243
185.9473,54.2053,25.4470,82.4055
186.1250,55.6225,25.8044,82.1790
186.6547,55.7129,25.8259,82.2672
187.1930,56.3724,25.7761,82.2699
187.7773,56.5554,25.7159,82.4752
188.4832,56.6523,25.6593,82.5952
189.1638,56.3347,25.4602,82.9682
189.7271,55.2564,25.6859,83.5302
190.3000,54.7410,25.7012,83.9615
191.9415,53.2910,23.4207,88.5456
193.0884,51.4778,22.2666,90.9901
194.0510,51.3041,21.7697,91.7158
194.6859,51.5309,21.4641,92.0169
195.2457,51.7950,21.3227,92.1814
195.6461,51.5663,21.0572,92.6321
196.1183,51.6215,20.9286,92.8731
196.2924,51.5710,20.8048,92.6908
196.6611,51.8435,20.7644,92.9185
196.6968,51.5451,20.8378,93.3505
197.2153,51.4826,20.7352,93.2405
197.1015,51.3656,20.7415,93.6529
197.3306,51.4304,20.7424,93.6284
197.5427,51.7749,20.6864,93.5770
197.6229,51.4820,20.7114,93.4225
197.6918,51.8507,20.6690,93.2734
197.8924,52.3866,20.6148,93.3002
198.0957,52.2926,20.6038,92.9756
198.1529,52.6264,20.6860,93.1464
198.2330,52.8702,20.7627,92.5770
197.9452,52.5266,20.7406,92.1476
197.6360,53.2476,20.5903,91.6299
197.7309,54.5343,20.0556,90.8561
197.4481,56.2773,19.6402,89.7826
196.8235,57.2745,19.4070,89.0804
196.1728,59.1480,19.2943,87.7142
196.0835,58.7995,19.0435,86.7355
195.4637,59.8774,18.7125,86.2390
195.1627,60.2504,18.4854,85.2318
194.7113,60.0176,18.3310,84.8167
193.5424,60.1501,18.3780,84.7507
192.6309,60.1552,18.3128,84.6382
192.1469,60.4766,18.2013,84.0434
191.4790,60.9554,18.1346,83.8219
190.9262,61.5667,18.0635,83.4989
190.7631,62.1128,17.8988,83.0100
191.1213,62.7039,17.7482,82.6896
191.2439,63.6082,17.6023,82.4618
191.0348,64.2472,17.4574,82.0033
191.3577,64.9703,17.2833,81.7410
191.7757,65.6245,17.2676,81.9282
191.8844,65.9434,17.1397,81.6703
191.7620,66.8508,17.0061,81.7039
192.1259,67.1847,16.9708,81.6254
192.0144,67.8085,16.8702,81.2569
192.1338,68.2275,16.8207,80.8572
191.9939,68.0560,16.7849,80.7501
192.4222,68.4058,16.7804,80.9757
192.5051,68.3737,16.6923,80.9062
192.6039,68.2041,16.6500,80.7702
192.7492,68.0474,16.5953,80.5850
192.7666,68.3040,16.6373,80.5599
193.0090,68.4870,16.7547,80.7285
193.4887,68.6362,16.9085,80.4351
193.6505,68.0266,16.8482,80.4516
193.9918,68.5344,16.9061,80.5645
194.5717,68.1828,16.9753,80.3842
194.9676,67.8935,16.9936,80.3104
195.7081,67.9472,17.0618,80.1774
196.0274,67.6712,16.9819,80.1013
196.4446,67.4767,16.9629,80.1285
197.0320,67.2144,16.9724,79.9874
197.3019,67.0982,16.7886,79.8869
197.3165,67.3883,16.6568,79.9519
197.1783,67.6013,16.5582,79.7974
197.7377,67.4024,16.6598,79.3509
197.4767,65.9511,16.5897,79.3671
197.6360,65.8699,16.5991,79.6157
197.5142,65.5929,16.5625,79.3710
197.3921,64.4045,16.5568,79.8064
196.6722,63.8143,16.7013,80.7336
196.7035,63.2784,16.8560,80.8488
196.5437,62.4307,17.0780,81.3443
196.2937,62.7529,17.2906,81.8890
196.1708,61.5014,17.4655,82.4895
196.1031,61.8697,17.6478,82.9013
195.8996,61.9462,17.8290,83.5879
195.7651,61.7598,18.0080,83.8677
195.7721,61.6033,18.3243,84.4547
195.2541,61.7731,18.4979,84.2125
194.5320,62.0775,18.6422,84.0611
194.0107,62.9478,18.7851,84.0366
193.3629,62.9312,19.1218,83.7871
192.9282,63.3020,19.4213,83.2056
192.3284,64.8899,19.8568,83.0685
192.1712,66.0639,20.3018,80.9192
192.1416,67.6099,20.2347,79.1622
191.5147,69.8151,20.9618,76.9701
190.9730,72.7432,21.8495,74.8236
189.7978,74.0306,22.8174,74.0421
184.3501,73.3411,23.4148,72.4960
183.8810,73.3601,23.6482,72.9313
183.7771,72.7923,23.6819,73.1535
183.8173,71.5238,23.5901,73.7029
176.5296,69.2525,24.6583,73.4224
170.4778,69.1715,24.1497,71.9431
170.2180,69.7652,23.7842,70.8943
168.0394,70.5552,23.3329,70.0919
167.0863,70.9886,22.9805,68.6930
167.7923,70.1444,21.7558,68.3521
167.2905,69.8117,22.4631,67.7146
166.2808,69.3398,23.7228,67.7142
160.5893,67.9674,24.3941,67.7258
159.8170,67.9170,25.2103,67.8636
158.6484,67.2161,25.7946,67.9716
158.1022,67.4199,25.1529,66.0383
156.9776,67.6232,23.2340,66.4342
151.7106,67.3660,21.3879,64.6270
152.7579,69.4229,20.3395,63.1135
152.5046,71.0198,20.4365,61.7132
152.4188,71.7274,20.5141,61.0403
153.4120,71.0213,20.7636,60.6203
153.7849,67.9615,20.8565,61.4995
153.4871,65.4540,21.5418,63.0312
153.9114,62.1683,22.2121,63.5810
155.0388,60.3236,22.4213,64.5812
155.7354,56.3878,22.4017,64.7729
161.5132,57.8959,22.5059,65.5340
162.2604,54.8101,22.7059,66.5583
167.7247,55.0099,22.2305,68.1180
169.0946,51.8395,20.5482,72.7960
170.0793,49.4916,19.9629,74.8487
170.5229,48.5078,19.7944,76.4253
171.4676,48.7280,19.9079,75.9177
172.3517,50.3461,20.0278,74.4735
173.4850,52.3795,19.8298,72.7507
174.3415,55.0777,20.3218,69.9712
175.3737,58.8543,20.8291,67.0403
176.6994,61.8961,20.9074,64.8431
177.7895,66.0397,21.2254,62.9554
179.2256,70.3828,21.1183,61.0785
180.6292,73.4068,20.8093,59.5285
186.6691,77.8021,20.5266,57.4832
191.6847,79.2489,21.2570,55.3554
191.6657,80.4489,21.9511,52.9954
191.2856,84.3750,22.9241,49.7723
194.6236,84.3637,23.1983,47.8706
198.6493,79.8339,23.1387,48.6533
199.3853,72.9220,22.9840,51.3619
198.4843,69.9499,23.0868,53.3650
197.9324,67.4008,21.9830,56.9720
197.6345,65.8677,21.1868,58.5642
197.4069,64.2379,21.3914,59.9897
197.3725,63.5578,21.4644,61.2887
197.4746,59.3681,21.7703,63.7388
198.4769,58.5746,21.5672,65.7544
199.3004,62.1163,22.1112,63.4848
199.9995,62.3566,21.9436,58.3988
194.0186,66.6117,24.6635,51.9598
194.3294,67.3555,23.6236,50.5584
195.1358,66.3575,20.9307,51.3608
195.2641,58.4984,19.3330,56.0137
194.6363,54.0930,18.8281,59.3264
195.7691,49.3011,17.0917,65.3061
196.4776,39.9046,16.7859,67.4958
196.9265,36.9637,16.9047,68.5373
196.6544,34.0472,18.1032,67.3856
195.2381,31.5723,21.8361,66.7163
194.1258,30.2175,24.1627,66.5689
192.3282,29.7926,26.8979,63.7962
187.3663,20.8923,23.0575,70.5970
187.2153,16.2555,21.4494,74.2835
182.0769,17.8240,20.7551,75.1984
181.4361,18.4806,21.3987,76.6342
180.3089,19.1835,21.4894,77.1171
179.6579,18.8131,21.5074,77.1492
179.1419,16.4788,21.1226,78.2995
178.4164,16.0025,20.6816,77.7147
178.0351,13.5447,19.6317,76.1934
172.7103,14.0541,18.1285,75.0570
172.6530,14.5309,17.5723,73.0385
172.4957,14.9891,16.9745,72.0726
171.7503,19.1023,17.2099,73.4875
170.7288,26.2579,17.7213,74.1098
169.3861,33.1854,18.1723,72.6907
169.5190,35.9961,18.1709,70.7848
169.3969,41.0755,18.4105,68.4959
169.9548,45.8526,17.9512,67.5825
171.2056,51.5023,17.4981,66.6654
172.6877,55.4883,16.6360,65.5538
173.1226,59.7040,16.1629,66.7769
172.9848,63.7209,16.1306,67.6719
172.2963,64.1587,15.9177,68.0238
172.6315,63.4501,15.6917,67.3464
172.5553,60.0890,16.6505,64.4262
172.4687,59.1450,17.5049,62.1791
171.4517,55.3251,20.2477,58.9515
169.0783,48.5913,22.0544,55.6901
164.8293,45.8466,22.8439,54.5602
164.6408,46.2951,22.8095,54.2067
164.5934,46.7090,22.3429,54.9023
164.9310,44.4148,20.7773,58.2077
160.9810,43.2123,18.8558,61.5144
156.6769,48.0898,17.9486,62.4682
156.3362,51.1875,17.4347,61.4613
156.0875,50.6759,17.1743,60.7000
154.6058,52.6441,17.7778,58.8110
154.3872,55.6546,18.2040,56.4103
152.3221,57.4413,20.0190,53.2569
147.9081,61.8215,22.9011,50.0128
143.3113,67.8368,24.1374,47.5455
143.3781,70.3978,22.8630,48.2207
144.2442,71.4810,20.7056,48.9740
144.2122,71.6116,19.4646,48.5713
145.0513,71.9362,18.4944,47.1391
146.2289,70.5502,17.1445,46.3920
147.3513,70.0048,16.1471,45.9263
148.1955,68.9190,15.4911,45.5374
148.9111,68.0423,14.7813,45.1129
149.5112,68.0823,14.5054,44.9139
150.2330,67.9914,14.3234,44.5460
151.2108,68.3960,14.3200,44.3163
152.4241,69.1168,14.2280,44.0305
155.6595,69.6211,14.3820,43.7882
155.9923,70.5290,14.3289,43.9365
156.4350,71.9336,14.3601,43.9170
156.4790,71.7770,14.6748,44.1852
156.8917,72.6643,15.0827,44.2669
156.9615,72.6569,15.2029,44.5416
157.2136,73.0196,15.1867,44.9935
157.4267,72.3167,14.9884,45.0942
157.6151,72.7332,14.8848,45.2805
157.8598,73.2948,14.8127,45.4739
158.4186,72.8489,14.6176,45.3745
158.6969,73.0711,14.4374,45.3624
158.7987,73.3281,14.2279,45.2397
158.3413,72.5357,14.1055,45.1007
158.5343,72.4357,14.1140,45.1901
158.3877,71.4989,14.3580,45.7306
158.3624,70.4251,14.7250,46.6234
158.2998,69.4193,14.9945,47.5936
158.0359,68.5953,15.2649,48.9987
157.7561,67.5300,15.5734,49.9813
157.4903,66.9095,15.7125,50.6670
157.8001,66.2222,15.8661,51.3434
158.1795,66.4368,15.7888,51.6452
158.4829,65.8486,15.8605,52.1343
158.9046,66.1966,15.8879,52.2780
159.4413,66.4129,15.7966,52.2658
159.4471,66.2874,15.7323,52.5268
159.6745,66.2925,15.7370,52.6987
160.1315,66.2938,15.9371,53.0465
160.6775,66.1970,16.0860,53.1762
161.0105,65.9568,16.1103,53.4441
160.8446,65.9127,16.5568,53.6681
160.2888,66.7227,17.1102,54.4983
159.3607,66.5670,17.7237,55.5318
158.9857,66.2053,18.1047,56.2612
159.7903,65.0693,16.4113,59.1609
164.9242,65.1560,15.3808,60.7501
165.3435,65.2887,14.8214,61.4364
165.5980,64.7449,14.4180,61.7964
165.6532,65.3774,14.2694,62.3506
165.4870,65.2826,14.1616,63.0288
165.1934,65.4725,14.1671,62.9930
165.0601,65.4478,14.3935,63.7944
165.2001,66.6068,14.4827,64.2555
165.1701,67.3334,14.4738,64.1872
165.0973,68.4244,14.2679,63.9453
164.8509,68.6273,14.3210,64.7316
164.3548,69.1888,14.5132,65.2348
163.9958,68.1743,14.6934,65.7305
163.6184,68.1936,14.9043,66.1536
163.0852,68.5617,15.2109,67.1037
162.6944,68.5131,15.4652,68.0882
161.5030,67.5636,15.9528,69.4003
160.4086,67.7979,16.2569,69.9803
159.3101,69.3283,16.5333,69.0496
158.1445,70.5485,16.4920,67.9526
156.9958,70.9317,16.5403,67.7947
156.0708,71.1115,16.5562,68.3906
155.0902,71.1466,16.6214,69.2110
154.1671,71.9392,16.7309,69.0497
153.6583,72.0743,16.8524,70.0090
152.8763,71.7579,17.1030,70.1841
152.7370,72.2247,17.2675,70.3197
151.8724,71.2639,17.9179,71.2686
151.0701,70.7494,18.8666,71.5780
150.2589,70.1747,19.7981,71.7712
149.1221,69.0430,20.6245,71.4849
148.3552,66.9166,21.2934,72.0645
147.5565,66.2360,21.9453,72.8643
148.1117,65.8338,21.6817,72.8126
148.9017,65.2515,20.8008,73.6387
148.8266,63.6222,20.2037,73.6763
148.9288,63.0470,19.3999,73.0608
149.5345,62.8065,18.2584,72.4042
149.9962,62.4324,17.3734,72.1702
150.2752,61.5070,16.7729,71.8448
150.4340,62.6449,16.3185,71.6181
150.5974,62.4619,16.1055,71.6332
150.2085,62.4676,16.2933,71.9537
149.9187,63.2827,16.5900,72.2729
149.7872,65.1234,16.7345,72.4249
149.7044,65.0232,16.8700,72.8779
149.4381,65.4699,16.9451,73.7846
149.0511,66.0591,17.0645,74.2735
148.7558,65.4649,17.2043,74.8734
148.4629,65.9461,17.3366,74.7607
147.9714,65.0445,17.5370,75.2849
147.5920,64.8698,17.6106,75.2869
147.5060,65.5936,17.5682,75.8323
147.2668,65.7110,17.6444,75.9653
147.2392,66.5568,17.5710,75.9870
146.8975,66.8450,17.7852,76.5319
146.9442,67.6216,17.6502,76.6032
147.1617,67.9834,17.4936,76.7016
147.8048,67.6145,17.6443,75.9135
147.7202,67.3071,17.5946,76.0161
148.2564,67.7532,17.5755,76.1166
149.1064,68.0294,17.6244,75.5891
149.9015,68.2938,17.5868,75.6756
150.1541,68.5221,17.4675,74.7573
150.5449,68.9856,17.4989,74.4208
150.3735,68.3071,17.4098,74.6730
150.1710,68.1142,17.4680,74.4259
150.3869,68.7474,17.3675,74.0698
150.4282,68.5221,17.4451,73.6976
150.3185,69.3946,17.1175,72.8819
150.3399,70.5657,16.8731,72.4862
150.0081,70.0713,16.7944,72.2032
149.9946,70.6776,16.7993,72.0928
149.7108,70.2246,17.1731,72.8094
149.4517,69.8980,17.4487,73.1389
149.5445,68.9649,17.4581,74.1257
149.5845,68.1059,17.4614,75.3903
149.4813,68.0453,17.4573,76.4373
149.3322,68.6138,17.5128,77.6142
148.7379,68.9011,17.7812,78.0140
148.0678,68.5184,18.0417,77.4469
147.5081,68.0473,18.2178,78.0487
147.3104,67.7880,18.3229,78.6413
