1
528.2590,56.6663,19.4893,19.8838
526.7648,65.5009,19.0773,19.9892
524.8219,81.7074,19.3634,19.2656
524.2275,90.2198,18.8532,19.4114
520.6766,105.2079,18.3549,19.0845
520.5005,114.9671,17.8792,19.5159
518.4958,125.7531,17.5346,19.2893
512.2451,142.2716,18.6505,18.3405
512.2041,153.3756,17.8014,19.6913
520.2788,165.1433,17.9071,19.1343
528.1086,170.4544,18.2626,18.9647
535.1710,176.2972,20.4173,17.2267
543.6903,187.3205,20.4955,17.6261
556.2866,190.8149,19.7539,18.5434
569.0221,202.1113,18.7428,19.4481
576.9367,209.8539,19.3341,18.3959
578.8064,221.2576,19.4395,18.1432
591.9909,232.4307,18.7923,18.3111
597.7480,241.5832,18.7945,18.4555
603.4606,254.9795,18.6447,19.2573
606.3508,262.3430,18.8512,19.5624
608.3082,265.5777,18.8989,19.2906
610.2940,263.4597,19.6145,18.1839
612.5057,263.8531,20.0219,18.2481
618.6300,264.7470,19.9296,18.1587
622.9628,265.1988,19.8058,17.7046
625.2917,266.5123,19.7231,17.3970
629.0866,269.9395,19.5434,17.1694
630.7977,273.0202,19.3547,16.9518
634.4030,270.6808,19.2653,17.3327
637.3191,268.0054,18.4521,18.1709
636.9397,267.0626,18.8336,17.7191
639.4752,268.1280,18.9439,18.1796
638.3263,268.5583,19.4727,18.1324
639.4916,271.9146,19.4844,18.1314
639.8162,274.9719,19.3694,18.0702
640.4660,277.9462,19.4918,17.6669
645.3425,275.6622,19.7880,17.5949
647.3992,278.3800,19.1439,17.6128
648.1477,276.6117,19.0693,18.0878
