246.5,226.5,94,114
247.348218207684,230.98741906810304,94.05551003391176,113.97463047646484
249.03499605050456,235.4300656730463,94.1123599650309,113.94681922306023
249.6959361232016,238.1774362167331,94.17217926250032,113.91771820374082
250.13032864981574,240.16683345829514,94.23203236950076,113.88987076689665
252.14794733952814,242.09693674670314,94.29360628463162,113.8610037877827
254.07481006457235,243.97839874684374,94.35400341602515,113.83360944868006
255.31947055518444,245.28842806640466,94.41632842898734,113.80443787926035
255.61166994587447,245.36457800226304,94.47364511458345,113.77895137455278
256.2039625968503,245.8817935451805,94.53403466424001,113.75254700781119
256.9422627604716,246.25036721545,94.59148134455829,113.72633877659757
258.4148000275087,245.80397633793055,94.64996806880009,113.70122724111678
261.4424817910087,245.1670136367419,94.71063761904006,113.6749567111058
264.33598950737644,243.6562173222531,94.76994567644736,113.64934937556006
267.798613548454,242.5917333360534,94.82936823333037,113.62331213136093
270.2370067314948,241.4465489735573,94.88510464099149,113.60116249812253
271.5720534406282,240.61249473964796,94.94308768070186,113.57515282381327
271.6234810562321,238.00544735198628,95.00052024694516,113.55251416255213
275.8004684267289,235.4050846906777,95.06144628567557,113.52800068512045
281.98202554512415,234.20601764978838,95.12354109429532,113.50045842107393
279.9511259953789,233.53153646018484,95.18200948623576,113.48055829055355
275.76428692267655,230.45508480918107,95.23060962108138,113.46507704055912
275.829678429068,225.28065322157696,95.284267638324,113.44751756256908
279.70148008057697,219.9037104570091,95.33969606977253,113.43028778866524
287.2664029006058,215.52886150288663,95.388031124295,113.41652363025979
296.3443653937186,212.85500090262087,95.4258221872638,113.40512017029937
306.09535745950114,210.41287047131732,95.45838395413612,113.39257717701047
314.9258874718929,209.8893747114742,95.50988076834186,113.37220388479946
314.3794660451756,212.26544882326107,95.57090654318603,113.34814690115488
307.8662113473555,215.1346679722921,95.61509133860658,113.33489304370565
299.51477594615255,216.72275272157518,95.64126727101733,113.32681221968477
294.04306145101873,216.56662485069683,95.65955492675133,113.32150335477488
287.26146444559475,215.22834665619695,95.68090933798986,113.31414460553006
280.8434749473558,212.59051583724408,95.73158807964606,113.29867045547189
287.6395947270486,209.48939641650128,95.79157878301686,113.27746721932077
297.6867015721207,207.20445932114526,95.83116750681296,113.2627876914659
307.47126987765523,206.30132389353352,95.85705881932793,113.25299895730342
317.7429393669796,206.93914715879905,95.88586721006388,113.24364869428184
323.47908677142874,212.21071117802146,95.93799981510612,113.22822012635702
317.22611605632915,216.50385158628453,95.96345628284195,113.22122493147394
314.8798676299475,219.13939810230164,95.97698279869115,113.21802330645265
316.8831618531001,219.65525643122356,95.99045393795728,113.21304779565016
319.3095346603489,219.25055129067022,96.00553669260026,113.20620262650812
319.7419686969711,217.4450626265712,96.02056716748199,113.20173076456639
315.40564788968186,215.8824894573133,96.03871163545412,113.19600723766469
309.032472058824,211.9953755288463,96.08464768590271,113.18268369155302
317.17821497525165,209.78218235322512,96.14327667543516,113.16043398780273
324.9191776505002,211.52819353262595,96.20121681871235,113.14072670201436
318.889355058243,216.07344944114897,96.24599517430836,113.12891971895272
310.42794993023887,217.5091680766369,96.27342350282638,113.12188760315868
302.73035320425447,216.06485422376332,96.29613656233919,113.11527953200465
294.2383930912916,213.35125634855333,96.32874376946606,113.10547643827788
293.56359696918474,209.19549673770055,96.39567743671444,113.08546985737115
303.98506527805364,207.61208646407738,96.44346309375698,113.06728092509482
314.95835855236663,207.46482099712807,96.48165208834382,113.05259786305987
325.0363261973331,209.10823929175973,96.52773362885517,113.035732406075
320.7478516432757,212.37161185963348,96.58134728012192,113.0222962722501
316.2311908853622,212.27407108539654,96.59837717760168,113.01839926254125
318.94134286312527,211.77248435784466,96.61279898348917,113.01285458467233
321.2518210703628,213.36775968397967,96.63243562092451,113.00384466001762
323.5991900308475,216.14716621287252,96.65227918951805,112.99562926992604
328.80669901589727,218.1707530670543,96.67008916894244,112.98738597766965
332.245308502494,220.11069641985165,96.68385330045479,112.9792632167008
334.18306971428285,220.57184561847393,96.69826541667206,112.97429365398995
332.5110385668813,220.22683218113815,96.71040065039409,112.97200709596805
327.80221248902365,219.81389780829156,96.72547635957626,112.96899696211408
325.15386216764534,222.03881970316274,96.73834922065572,112.9664974755028
324.35888567779955,223.81074603122647,96.7505131321252,112.96321102535373
324.7428508302685,223.09945367311548,96.76440914449763,112.9605150513826
326.37022430655725,221.33316706897267,96.77722195868955,112.95745803353293
327.7151865595363,219.76726037613122,96.79041148547681,112.953992479015
326.09105545399706,217.7555934176326,96.80403262142103,112.95218468000881
321.74937921464533,219.56397289712098,96.81710273623285,112.95082627378173
318.79906094923507,220.08297095554937,96.82938830346082,112.94832531893515
317.9322865672327,220.9793601379389,96.84078590722538,112.94306307125203
320.4975469858257,220.64109448277355,96.85221472366493,112.93766538931132
324.04491830318733,220.79815097464734,96.86583571732908,112.92996534082069
328.2806215172328,222.20784409282456,96.88208778990958,112.9239536238144
332.50660892230985,223.76747491549517,96.89672865663537,112.91590518571805
333.5625598417357,224.31296770213825,96.90940100220128,112.91355291130579
326.96862590961126,222.0727113101625,96.92642097368905,112.91121895834932
321.630370650357,224.17575637795483,96.9409661220193,112.90957037015845
318.72092547207393,225.16886616186605,96.9522745770352,112.90603481856375
321.5521143836802,224.72711479261778,96.96511533597595,112.89910937159729
325.55870997761764,224.30055308215364,96.98101979782028,112.89123708262952
328.4075870224115,225.75324763373573,97.00193798377576,112.88214877215944
332.15519511334685,227.504037843434,97.01873332992024,112.8749135409038
334.5571769804261,226.95526609738187,97.03174042095702,112.87165246567099
329.36853100413566,229.2946058770611,97.04493287097438,112.8700234968277
323.5103772351407,231.13637949733823,97.06112806612992,112.86830904664816
318.48308132399904,232.98258463169157,97.07261380931158,112.86369799325827
317.8839230668519,234.14402540579,97.08363512516537,112.85830249280616
321.6024350235192,233.87672095831167,97.0954174976889,112.85141970046497
325.2299436195737,233.85228215293307,97.1103254230726,112.8445623601731
325.7343019767058,232.42382981740496,97.1239904913401,112.84202408193427
316.69937667080785,232.79029775160916,97.15612900596801,112.83513280876744
324.3530128310051,238.56369708970288,97.21196722787086,112.82163453236024
333.54567077006215,241.91825413225126,97.2497337014414,112.81292509127596
337.6592164844998,248.85824463718774,97.30407823905782,112.79992368040202
330.74850935969374,252.32103465571782,97.32340565853073,112.79609800354082
332.7407902577505,252.99523800601327,97.3368611735134,112.79311619346811
334.9911869762337,253.20448166653873,97.35777336398849,112.78555002882361
332.37609702625343,256.3908861597958,97.37203949136594,112.77754721754134
333.68445003369,258.88780085348384,97.38376694245055,112.76959057567919
332.3547677098233,258.8128594746688,97.40050125151504,112.76608288104347
334.1657071695464,259.4705730203805,97.4219142822947,112.76119265103982
336.7897518494749,261.180997569837,97.44084467112546,112.75272305537698
336.66734649103694,261.1755724799048,97.46219781315702,112.74802722164019
335.14936259549506,260.94831095558834,97.48529004729498,112.74275849075505
334.84455022885817,260.7333076094242,97.50823442788092,112.73585616313629
336.3017157357317,261.15441455614587,97.53033601415524,112.72953786762763
336.27824500033455,260.09496848180555,97.54914098758606,112.72634563711212
337.03770981427573,260.34733197500236,97.57198098346007,112.71938693360879
337.7562149251348,260.16595371467923,97.59441802641325,112.71359625309847
336.3257894858572,259.34610652524646,97.61711005906699,112.70984359045252
336.01100790031273,256.2590390501689,97.63922346018221,112.7041546651804
337.5051394674101,252.22497455445367,97.65987575033434,112.69747267486032
335.44648841095255,247.08908114061197,97.68417172921622,112.6920597573655
336.7366928242819,247.35404130141472,97.69834689074735,112.68689026450298
339.10427739613266,248.1780108771382,97.7173114483702,112.68167431576138
340.6795808042474,246.12577771270202,97.72683799395713,112.67936297663447
345.7355616686271,243.45493130907306,97.73465585198973,112.67208155598709
346.6927312519572,241.72622524933706,97.74561334956753,112.67075797103715
349.03990123497664,242.77964017863195,97.76549056950273,112.66650055354843
352.64377769113685,243.9037603853316,97.78158313905483,112.66145090553
348.58933154021383,243.9833458274702,97.79919450370609,112.65680403465286
348.25143759258833,239.4128417714804,97.83151133677364,112.64872996279456
343.313586335092,237.23736065030675,97.85792586501096,112.64259171838648
341.6060909395367,237.51477021968338,97.87258682785917,112.63977459236287
345.7278513643065,239.97593759625687,97.89119862297294,112.63150806126177
347.53915665145115,239.3367823521215,97.9074373071065,112.63246728934728
349.8411977003838,238.25967150221027,97.92295407475027,112.63239878988995
350.8827205223825,237.93881274537438,97.93986398952973,112.63289180004458
352.05967089315027,239.03050792509072,97.95770048973918,112.62947909602272
355.7268544848015,240.79898360939296,97.97273621094729,112.6244407694867
357.6994785762112,239.80165489897152,97.98517206819734,112.62231743719387
360.9325289803265,239.672828162102,97.99912277745338,112.61645114698636
363.5873904857532,239.5886814977428,98.01954083410482,112.60820743880905
361.77827779081235,240.29353940545215,98.03801975830356,112.60053663491072
359.75499876161007,243.7557679884905,98.05474688409092,112.59321280013283
360.37316546944226,244.95965241154872,98.07245788199313,112.58940632774993
363.5977212455471,246.10431624454566,98.08944940671827,112.5839350536628
369.1171018207553,248.49050284416975,98.10496663002016,112.57730272584404
373.0422290475829,249.18611873414173,98.11897904877098,112.57364442650619
377.29796145943294,249.0742957708746,98.13184913260258,112.56824464903325
382.402618809619,248.56622364992006,98.14504667740867,112.56113068171388
386.3914592506851,248.18747186569533,98.15940452208318,112.55391261815954
390.3279446931255,246.63885756765148,98.17359203106221,112.54849867808392
393.64783534847294,248.04275683480705,98.19615708343495,112.5393215598647
395.4205281508299,249.1351493347703,98.21513209731236,112.53760078227403
396.846709343185,248.47291851037315,98.2298127309432,112.53834698268878
398.70442509388295,247.10809133700226,98.24160915580165,112.53834391785522
396.74597600450534,248.2420573366896,98.25806974109668,112.5374733904196
398.15910082213065,248.93953026087974,98.28077430659069,112.52969821445608
401.13371820877785,248.20161709752477,98.29337348715377,112.52284004810113
404.4094973303518,247.91651836891893,98.30823913698069,112.5159015847882
407.89313240513445,248.1501400889888,98.32054891295252,112.50988737958234
413.1091782073614,248.22557498763982,98.33531857558845,112.50317615423882
415.3926221224208,251.00402265021538,98.35752443061978,112.49831711448809
416.15807512159915,249.91229994694234,98.37148773596647,112.49916965222921
416.86514629930764,249.15273470918436,98.38481642222878,112.49952156519939
415.03054669170774,251.60576603153265,98.40088749030339,112.49640968420523
416.4460208527289,252.41343491399806,98.41872099237294,112.48987054235945
420.10601228024257,252.16445214418437,98.43368572340523,112.48268153191128
423.28592390192705,250.96421673391364,98.4460391272226,112.47686468231726
425.27219566095215,249.94161129844437,98.46195948780395,112.4717949822719
425.28811285722884,250.7917458862242,98.48318532139302,112.4648628895751
423.9807567441537,252.84451564785536,98.4986839473845,112.46251188102221
423.0649971256548,252.69452419267265,98.51073015619926,112.46071525299465
421.0481215407392,253.91104527540693,98.52281098453882,112.45820768873759
419.30837129058426,254.90539422087173,98.54199077371284,112.45118792605051
419.7897164454237,254.23454078183912,98.55806171977504,112.44533928596543
420.893814289574,253.16941056125017,98.57401430494258,112.44114547680758
420.4595918026765,251.15443841668127,98.59001284185553,112.43637363664246
419.5548410123229,249.5572743733523,98.60705588832197,112.43183225651873
417.72802056969033,248.42256372018437,98.62142646795357,112.42567434875856
414.08430297140774,247.21012957159073,98.6352443969102,112.41831908751995
411.4266877848593,247.263978072032,98.64856055491904,112.41015878122369
408.8174549167371,245.58683533258122,98.66204210308364,112.40311160517224
409.68096664763203,242.58572176435206,98.67714260274252,112.3967723620834
409.644465073206,239.90826668930399,98.69394524729162,112.39407228650208
409.3630609274664,237.9575682037401,98.70959690682422,112.39029023388719
408.64533201193103,236.11267411851207,98.72595242676063,112.38660649577386
408.48792127329784,234.53687137304868,98.74271333784007,112.38408939568201
408.9739348243286,234.20346280092815,98.7570093539885,112.37967097855223
409.02929585294794,234.1930655045898,98.77372952256357,112.37526012668437
413.31799695884126,234.5519349786577,98.78654013273737,112.36903225404527
417.37659946157845,234.75428354187648,98.79726958313461,112.36200259520183
421.0930814473557,234.66099863713475,98.8089781961138,112.35547199696569
421.4461942551467,233.17618418199427,98.8249278210485,112.35067702190115
421.46462871255227,230.1516399017131,98.83815092165273,112.34473666705819
422.6450753361653,226.78714367495488,98.85649747201887,112.33694132455419
423.94540062865764,223.82630177393227,98.87533703367112,112.33074531626612
426.2597963415493,221.87652436927465,98.8927238534323,112.32433026741185
429.0600125202487,219.02601099070202,98.91266093039016,112.31771494615744
432.07260639917035,215.33184586645442,98.92949587762492,112.30989651301199
430.5934319581415,213.77634542174943,98.94275851891432,112.3022894045277
431.12084287206625,213.40295612357406,98.95761011006348,112.29571059044751
435.41570085885735,213.25859945735414,98.97068020062922,112.28962629376942
439.0285989537166,213.1476413035995,98.98373460447766,112.28419489949074
443.1051139125835,213.50606171394492,98.99883651505193,112.276232059509
440.1352569711799,213.5897932530207,99.0128597469192,112.26851369108756
439.2993789529323,215.0528320286067,99.02454226466139,112.26098734650432
441.6180845676352,215.46396130973153,99.04118663065346,112.25487027042253
444.18210585963914,217.0009761114889,99.06060641465706,112.24984019579264
448.8703668084097,215.8449572288916,99.08074150716716,112.24073600275061
453.45692063927606,218.188457053077,99.09510428153062,112.23527684357656
454.35751284368774,222.10130763838046,99.10607118553533,112.23014232717497
452.02796621599094,224.97174396070793,99.12116867905759,112.22430033361259
450.31892950229206,228.35584804838365,99.13709481336457,112.2193043622406
451.28153738648774,231.28694544176338,99.14730551859078,112.21504261991477
456.23791555034563,233.3195749599026,99.16337361561861,112.20854661082747
456.7449694903603,231.32490867284514,99.18475279136786,112.20078407691017
455.582144452908,229.6150469479631,99.20845074263053,112.19153838185306
457.56277989600034,227.5668522905302,99.22725211634868,112.18379647494767
461.01258394799646,231.4469554979528,99.24252095022268,112.1791952808971
459.71229385971566,234.118687256998,99.25288997375394,112.17255284206087
456.2934645473053,234.89154545004425,99.26547440271284,112.16463915219643
456.0335912342014,235.9427490100201,99.27941964923988,112.15588022751142
452.5434087002524,236.36253917862183,99.2929268069817,112.14735904815635
452.01172547328235,235.5784522786755,99.30624884354056,112.13946885745597
453.90103226390374,232.42773785207277,99.32128517417817,112.13268209252796
455.9764303587632,228.68767013815827,99.33652177559696,112.12520145819262
459.078564783536,227.35622407019054,99.35276674669952,112.11965396743437
461.3162215866455,228.39214968158564,99.36679869101778,112.11386400296023
459.48769703023436,229.79486438802024,99.37890623546531,112.10688768266604
458.4211039152809,230.4797022740151,99.39278566262254,112.09892567772806
463.24685784223715,230.15240466412408,99.40641700701337,112.09164630520588
467.32967898500254,230.49853284359673,99.4209361976178,112.08407487849244
463.9440638142269,231.75161454912816,99.43230030152868,112.07659992682598
466.5065426295635,234.07781969661244,99.44920935481548,112.07177836171579
467.3500355538092,233.8794037458852,99.46953001057369,112.0659643772259
466.8109376939564,231.3246963214904,99.4946065476926,112.057695815371
469.7662055418363,230.06194057206767,99.51353900684005,112.04951376219925
473.53415605223665,232.71368512412192,99.53014777073783,112.04629092395986
474.0923503690794,235.9536722209621,99.54359521951086,112.04106581856688
471.44643149477133,237.7359927177019,99.55643507002512,112.03398741473266
468.7090072932105,239.33172361984944,99.57075557626568,112.02690733384152
468.9170952155435,243.06961347727176,99.5834547904891,112.02124041959503
472.32061861323814,246.80089767704948,99.60125426279996,112.01531369408136
471.4556928653822,245.00236493470052,99.62153403934228,112.01015840508232
470.00542398283034,246.0070897124903,99.63741942827107,112.00552061326621
469.2466944664595,246.71384416205424,99.65419133866781,112.00057008282118
469.477159132672,246.0095725969591,99.67577960630227,111.9938675608127
470.79394109648274,247.2366764036971,99.6936906313785,111.98873111623625
469.4303156186748,247.0450926507861,99.71304678490097,111.9841803915723
469.78341435972084,246.6047194976943,99.73321981624802,111.9801418204556
472.67139927380117,249.6253302067352,99.74965845442651,111.9759668348689
472.33705891832136,251.17126550840692,99.76106289261239,111.96920427328885
469.71244995187305,250.73733615455927,99.77307007492912,111.96165439114415
471.0763228311472,247.943405465958,99.7880847362265,111.95498757010458
471.7766049511407,245.6138342987764,99.80706698118664,111.94920623656002
472.2567662542537,246.9233986930086,99.82398666593433,111.94477514287408
471.5709556588787,244.99139431822482,99.8319830455118,111.93911564712604
469.790701525106,239.87362591228356,99.84774872882873,111.93787515340559
470.4920760329026,238.58511402198621,99.87307025843195,111.93467108213257
474.6263022710099,239.93354579465333,99.8929812389435,111.93136670656764
476.788704142872,237.2749099573772,99.90838078043657,111.92360710060237
479.2752496455671,234.49980654591425,99.92414275279907,111.91737118594887
480.5368380924586,231.71672593956254,99.9387404218518,111.91314455838133
481.5267542323935,228.61792667378558,99.9549555195683,111.90789370181264
481.1037378685367,227.86670646094387,99.97543494928536,111.90467013652167
483.49604651577465,228.84732717402957,99.99431592293692,111.89976127470418
482.0017371615503,225.88647988664238,100.0107010975264,111.89814604646956
479.737155326011,224.28102775105089,100.03473304710843,111.89247850979118
481.21256743280225,225.40428486573933,100.05459884550403,111.88762106065721
483.82050941587966,224.5499176370481,100.06946400959829,111.882175167736
482.91410317603413,222.40312966695893,100.08365650370894,111.87613238690606
480.7033182735519,219.3823015672488,100.09591739830354,111.87160309285713
483.26159666963474,216.75045806272027,100.11128046697765,111.86666293516612
482.3648942044103,214.83343954240593,100.13042487649145,111.86306588918595
483.463956457232,215.31397708731524,100.14501242033238,111.85676947063193
482.38504567570675,212.20206595976214,100.15509910293544,111.85569004956018
479.8921998140194,212.41410502192744,100.17180765293969,111.85125902281715
478.1173306870986,211.37414754778655,100.19427678179659,111.84477823058988
480.8637393924823,213.7042304898459,100.21341844695698,111.8404546507009
483.35248120705256,214.81774806088492,100.22832926514312,111.83558008639692
484.50856653307557,215.624812226403,100.24029081715287,111.82974063952366
485.7408147402941,215.66152805667602,100.25221623575412,111.82421509045646
488.5819322213077,212.4779044217634,100.26503055961565,111.81767114247774
491.2016251730706,209.3195708928516,100.28190552797693,111.81144076606671
494.56347660288117,210.9594730000396,100.30362932317152,111.80749662287297
493.43689315302026,206.47867568227895,100.31987491246859,111.80573524032785
490.8629942551472,204.3754012360126,100.34615695732958,111.8007505864128
494.9944717313353,208.2245658011266,100.36631453089342,111.79534214099927
494.5061343555549,209.77943357218015,100.3801286981952,111.78986775878899
491.3126197643174,209.9988049037764,100.39598735988771,111.78263023923893
488.50695224142794,210.28366659293383,100.41167507061418,111.77563270292312
485.69342753204774,210.9642852720453,100.42534071938557,111.76834536835133
487.57250057740396,211.85377879298474,100.43861534591247,111.76294555334012
490.4804576777192,213.63295140460838,100.46050832377931,111.76001143048042
489.5092088350452,209.4511593407933,100.47713869002033,111.75663026422627
487.73079643913644,205.98124992396083,100.49097494309572,111.75228577544247
486.4458012678173,203.71850357802455,100.51103232903844,111.74812396444638
488.8164126998672,205.16714289865084,100.53231451941252,111.74587057648971
491.5336650830256,205.5115236703315,100.54776903120239,111.74101070072328
489.0823860378059,207.0615434134619,100.56147023382435,111.73416140763877
492.12846980964275,207.59232346861089,100.57960704577198,111.7274553327183
496.70109808901975,208.49595230197934,100.59313249232807,111.7210803630868
499.2036725734682,209.40393192804152,100.6093391523984,111.71495177655086
495.75120465495934,210.7052772720421,100.62309828882412,111.70910504645062
498.7116032388715,213.77231090495735,100.64084205651628,111.70455485901985
499.01194507082414,210.89751421503135,100.66329622429886,111.7034911572678
498.9320020140096,210.25251290313213,100.67314928119198,111.70329128263027
503.13954049924257,209.9352701465843,100.68549388055023,111.6990125335266
504.0296674346802,208.17198987743774,100.70011050547113,111.69383073745381
507.3624778753635,207.30723965155732,100.71441983421808,111.68894927507583
510.5858111433761,206.95944852765498,100.72414701691245,111.68675872195816
506.83272006736564,202.6528328070985,100.73568929542864,111.6852307178807
509.65948453018996,202.70258925258202,100.76039542379618,111.68350230885632
512.1719236358263,200.59207673942387,100.77575606979276,111.67770305157276
508.5430909696798,200.6901712528109,100.79015577327105,111.67094493216733
507.0194383194987,200.96618570212826,100.80465563082322,111.66516029718164
504.81062922760077,200.47884037493193,100.82041262382316,111.65972433223526
502.5954452564845,200.7696429038685,100.83515737803685,111.6531957948051
505.5353698011062,198.23984298954798,100.84999308035842,111.64756239285535
509.4472910953873,198.57254438292543,100.87647083099904,111.6469126855148
511.9666776286062,196.86586713755855,100.89758374326004,111.64656826458166
514.8575883057664,196.0112171055311,100.9205328586052,111.6455089936909
518.7403557928992,196.8832349120832,100.94317489773671,111.64381370689594
520.9299157541292,194.2700892235394,100.95902014709077,111.63802939276033
520.2949553933954,192.42891759858574,100.97373738306936,111.63318044105331
518.4983045307171,190.43446523626358,100.98827633872695,111.62965590925839
517.6880770526354,189.21697933580975,101.00386765124412,111.62658721524721
517.9231948314019,187.09096040760335,101.0202181578114,111.62486187280754
517.9257171383377,187.55421458855994,101.03383398498076,111.62478385547593
517.4800654022348,188.764916470272,101.04723173075386,111.62496827450116
516.831112522982,189.82672419574868,101.05984796327363,111.62542895155377
515.8960639264055,190.1466484321165,101.07531766638286,111.62536105981559
517.68791826605,187.63638513358708,101.09131253743266,111.62176303452945
522.1173467802198,187.88694938459892,101.11178995886114,111.62019605093649
522.6321873494635,187.43685454085286,101.13338073580968,111.61882811408856
520.6449092993281,185.58650964626662,101.15782330115312,111.6139259862231
523.0080503449141,185.50411543626004,101.18249059276306,111.61601193521842
523.6431762650856,184.82119728912113,101.19770423131715,111.61608659180852
523.7356695967482,184.98559172547607,101.21090438277712,111.61556931672249
523.2384923477277,184.15753512430592,101.22236821528679,111.61418225203397
524.6179974417983,183.89973652457974,101.23322854678362,111.61098682224443
525.0030394560308,183.86421453850474,101.24403474468272,111.61010401434937
525.092798015447,183.86392443314043,101.25645076600904,111.60952807750854
524.9125693500599,183.7952462851074,101.26971124958274,111.60840332284491
528.546783731766,183.5100570291209,101.28698662206543,111.60682126638986
531.4960009353406,183.81220555565218,101.30980065089045,111.60499198867213
534.4819224640354,184.37276042656492,101.32920572429911,111.60570925318667
535.0469667282887,184.6571478324406,101.3421505810692,111.60591054569483
533.5629429488056,185.2682118393142,101.35571391571591,111.60555126878688
531.6484585290071,184.836441074114,101.37003460391514,111.60500748252929
529.8528783155316,184.27881885688495,101.38423089092788,111.6049545994825
529.512908854683,183.9385754894882,101.39988653702093,111.60630267384514
529.9960952564286,183.48207729068142,101.41334364094712,111.6036416107691
529.7731614117754,183.6386052089635,101.42536002858328,111.60246201159737
530.3460506502316,182.70727683553477,101.44219625484934,111.59843110300591
532.9787773386834,181.46235897959286,101.45504650114529,111.59336038941368
532.1189310625568,181.04222198462546,101.46890144601466,111.59044001384707
533.1148381516068,181.0023100157968,101.48051882652366,111.58691695877329
536.485260976614,181.93536978490144,101.4955897719682,111.58304619890721
538.9351769773111,181.8074271147541,101.5110204697013,111.57813523068442
539.3736410428345,182.44046730062388,101.52162963924116,111.5759179456453
536.2952545772996,182.55885487750305,101.53398337704301,111.57533047344268
533.4944483559893,181.21961159360347,101.54592516155215,111.57564206870767
532.6329848212566,180.01340539446736,101.55759787272578,111.57788391186517
531.5415459508108,181.44996583695948,101.57060499861201,111.57681283538311
530.4339799773608,181.8497057778715,101.58172097528194,111.57615851555937
531.2261420748473,181.55704187950823,101.59681220179472,111.5761833037295
532.9844955558747,179.33056086883235,101.610565597406,111.5719438442158
536.053808711867,181.91262315147802,101.62671299757972,111.57003260442495
533.8534599269848,182.666374923177,101.64086204820964,111.57014319676921
532.2012005224543,182.12604329221475,101.65350120333977,111.56983545611496
530.8075433186261,180.5049203448256,101.66673414241409,111.57153631648468
529.7206481885258,180.01648691868718,101.67912289237589,111.5707214723466
528.510218692539,180.46602460253843,101.69429026066207,111.5713506801827
532.5039266586389,182.01735013359263,101.70981259903101,111.5694486338824
535.1232171577406,181.07754935904717,101.72327198702762,111.56699406591554
533.7884517244481,180.8567726621021,101.73833503249135,111.56781632181476
533.1675454573481,180.19932935999987,101.75179323186006,111.5645738633666
531.3700044998079,178.62073263797606,101.76325674445935,111.56560742963711
530.214291068208,177.67607759765173,101.77634781702504,111.56564088655989
528.4794815062047,178.12471964501827,101.79016187778403,111.56495244869858
529.9177060967168,179.06038863127884,101.8064386412789,111.56438850686291
531.0766375198349,177.95902740584899,101.81527958189255,111.56530465088362
528.8015203779636,175.06128907069,101.82340819089158,111.56141913858437
531.1688600297182,175.4873385127168,101.83554886037436,111.55941302319994
530.6594069852225,175.8564225606616,101.85011656569105,111.5599356612199
529.3570930098265,175.36138520750438,101.86190575229249,111.55936025013705
528.1593388495679,174.69779197041728,101.87402483826672,111.55972754286897
527.3646271139698,174.6726661781403,101.88639869646396,111.56035058654942
525.2998364867981,174.6094702603333,101.89745730676441,111.56002559977765
524.9945330782673,174.8360009952449,101.91307148619161,111.5606910474597
526.0900132228674,175.4244483345979,101.92423483895931,111.55991736522893
524.8245350135876,175.90800201867074,101.93898546986016,111.55933304834515
523.6246021723665,176.3311195818784,101.9523810728803,111.55904888304283
523.8143770749858,176.57511031255356,101.96473732046961,111.56074410583365
524.3333204433815,176.64103949348385,101.97663011801811,111.56371972059947
523.8294372352594,178.22123967393347,101.99116321116509,111.56510186282827
522.5482011614973,178.02055570159223,102.00537514674463,111.56393001783411
521.4903037590333,178.4174369178655,102.0217680008365,111.56373929587409
523.2801628250031,178.36128397068967,102.03533876736489,111.56104933811297
524.6662309195945,177.61832137469042,102.05386939680096,111.55914734829538
527.0617044802917,175.05925562306174,102.06753014360096,111.5549639215906
527.444342965511,173.56986647098327,102.07873033123207,111.55409506617109
527.4683459837481,172.7269620513684,102.0925353879988,111.55399177313767
525.9121230824339,171.6429222398525,102.10418353742902,111.5544636118982
524.203997175054,172.2599281530089,102.11765815721195,111.55309562828256
525.484573431407,172.76374181716787,102.13392063397751,111.55346450147982
525.5578698603424,170.37271166691065,102.1424143530452,111.55585980870814
522.7569143216484,166.67984386949038,102.15217426542479,111.55578931986945
524.7061512568336,166.86653093159768,102.16579951805554,111.5538958096018
524.3137264856058,167.14154948404007,102.18188140561527,111.55456115737658
523.007598106994,166.9976707074088,102.19443437408148,111.55384444887846
521.8977381763299,167.1381666552848,102.20799202113069,111.55296616077145
520.5336825188882,167.9997995830403,102.22157406011988,111.55366320828323
519.6511509357592,167.9079320056242,102.23415862682951,111.55307511186805
518.9064786930013,168.23099010659564,102.25098025754036,111.55308315366143
520.0435779176975,169.35625010144483,102.26274415136389,111.55070850583623
519.1295606478884,169.4322156436092,102.28028534095309,111.54965328792059
518.699778243734,169.39702970264608,102.29528350602374,111.54941015392286
516.6426874137989,171.07048114091316,102.3086856325079,111.55017330255046
516.2505311846791,171.41252670850457,102.31922906971319,111.55226705048528
514.7075330805988,171.75141046903147,102.33395409676714,111.55228671414677
514.4894670873404,170.68474196092671,102.34829813586774,111.55099829548077
513.1088449257052,171.04649825679172,102.36552652705501,111.55014499358766
514.4443968465944,171.61020360053345,102.37851568378125,111.54764811778787
514.1641638152995,171.750279966046,102.398151849444,111.54641049401296
513.5328838837528,170.5123350060298,102.41338390797213,111.54484241386231
512.6940514297431,170.35338966450632,102.42624817207056,111.54574239356484
512.1440190751658,169.4060405664211,102.4391161734995,111.54683726484517
510.7324730228943,169.61387123187993,102.45387607322388,111.54638215765381
509.9450265487944,167.73344488733431,102.4675735286793,111.54658588090943
508.8466123044537,167.72967059730377,102.48206187224953,111.54632889792671
509.0049740883404,167.60621642805717,102.4964231519264,111.54602047530776
509.2776463424563,167.6386254782891,102.51017498005932,111.54535011544634
508.02267138322463,167.5811502768118,102.52416180190406,111.5447823954895
506.9757709337219,167.37898355577101,102.53676448542491,111.54497187828727
507.37237817917486,167.01349709789093,102.55060654073017,111.54673471533116
507.3165966139928,166.63943922177413,102.56443913880581,111.54723715675085
505.624509666787,166.58313219169767,102.57889853469752,111.54725384079559
504.96328099159285,166.66679230401155,102.59421839576693,111.54672197068388
505.721147924781,167.19762845498383,102.60877382172607,111.54655975479885
505.19329354236044,167.17568658348733,102.62579917210803,111.54675722335277
503.50229724038553,166.8200453914314,102.63882400452766,111.54641647523582
502.7385568227599,167.55217178815724,102.65178932063682,111.54670273283998
501.6874901693236,167.40368399500528,102.66392009073572,111.54808613030879
501.32970294964906,167.39665178813198,102.67681793582742,111.55069120371401
500.90663950962517,167.03687202754853,102.68967593503112,111.55145953807136
499.8629012035722,167.25276842426837,102.70321012427021,111.55210794941799
500.42151061871834,165.8136868170717,102.71545985419674,111.55296589457001
502.26465107024444,163.61488805134735,102.72712955272235,111.5525212240228
502.4377926588123,163.15513203404836,102.73975467121798,111.552610870544
502.77264284741926,162.44432929228225,102.75231224431005,111.55359531659306
504.2357955380316,161.77948036357236,102.76367232557921,111.5544138176285
503.7107515193554,161.20531757348027,102.77714189178594,111.55599419288717
502.3676359916783,161.73996439177813,102.7904305471616,111.55594684840571
504.18642032745777,161.04212040023188,102.80164126784507,111.55347055918988
502.77297181617195,160.6198974985374,102.81471149102397,111.55318568735836
501.4829116367234,161.40743423261898,102.82659621416369,111.55351912818409
500.6781260907103,161.10934653187286,102.83730632710969,111.554772046709
499.1637318421709,162.31069365628127,102.84752750050379,111.55544054889921
497.6202671161408,163.9613420024567,102.85789597844288,111.55607118465814
496.6311381326934,163.7048240142656,102.87148924769058,111.55571566628934
497.05376575135904,159.88041065837382,102.88613996853493,111.55478260863323
496.6166976186029,156.7506318354613,102.90046880234934,111.55210842767603
495.80575961163294,156.18250858335387,102.91297398861443,111.55129285913702
496.5289739733821,157.0883951968328,102.92386869708477,111.5503770473784
497.01011866472794,159.43527762974276,102.93523197523986,111.55030391205774
497.7626986382518,160.89522749807003,102.94673867896428,111.55014509070168
498.2446270610687,162.4148355474865,102.95745002152093,111.55011666162278
497.63482267909023,161.66983418369387,102.97121152214164,111.55071256509609
497.2803308579937,159.17385910067838,102.98557652200458,111.54804526896882
500.9171025774702,157.25495764079952,102.9979746838511,111.54172267946448
500.26551445096095,156.43669300274365,103.0099064300336,111.54021844632175
499.287786127419,156.1609346830846,103.02207725424917,111.54115160385125
500.08369290554214,154.6245400030685,103.03322106589997,111.54191351904399
498.98532709125845,154.53793439580292,103.0446587815798,111.5420158727248
499.1372493660599,153.26332185627922,103.05787249718603,111.5425646994071
499.01776125815593,153.0306482281048,103.07233998043674,111.54165277425642
498.8405736492728,154.28576377709726,103.08338859979712,111.54255606233417
498.97453521615796,154.89596851550596,103.09532149219942,111.54300647073254
499.4737782717676,156.30536698466355,103.10564232487349,111.54315398661042
499.5739132810185,158.29308461194847,103.11774717238052,111.5433328029329
499.0891712890105,157.62409381940546,103.13093983845683,111.54357813904892
499.75615657291075,155.89405815133725,103.1462414025761,111.54070759019083
500.3185992479931,154.21650975314995,103.16039211179105,111.53784392399524
500.2031853195514,152.95954716583338,103.174129913328,111.53705533443771
500.0734986457609,153.71262585995927,103.18560016721337,111.53741261465056
499.70965019241777,154.79345636697985,103.19693924671301,111.53907404933986
498.3404951902352,156.3766565157688,103.20774094457484,111.54023909752621
498.04046898239864,158.53665698026415,103.21809921790631,111.54088779240628
497.76026391557264,159.90574435953997,103.22894165212591,111.54115950793
497.1974520391187,159.69342832346805,103.2405888072479,111.54105671941518
497.27021439939904,159.04242791844635,103.25242115355701,111.5424037141891
496.7143344753579,158.56377952400305,103.26405521199698,111.54465200158415
496.7619279885304,158.79309773337718,103.2750599697954,111.54654327110073
497.10730164287475,159.0664211644599,103.28655831378232,111.54814320983478
