57.5,156.5,198,173
58.021676472005694,157.8712907364498,198.00537218416244,173.0770660776833
60.6252455584395,159.02679290203247,198.01404144919155,173.15185567084959
62.605445782384336,158.84402501401956,198.0217258134662,173.2270874417294
65.22584742720106,159.58787490480393,198.0313793338303,173.3054330636412
67.94471508543265,160.4072140365865,198.04265963473773,173.38143261074498
69.88717251244307,161.21057527333147,198.05259598845004,173.45287330806957
72.70287412048452,163.01214025046536,198.061467773893,173.530560242611
75.75909740864667,164.82326325094573,198.0720194351786,173.60139991212145
78.88209816152504,166.6555217364647,198.07993371616502,173.67392465289078
81.35596257094011,169.43244089355528,198.08479488604337,173.746380474757
84.1005074429399,172.07910087548134,198.0906773710477,173.8166626723123
87.54381311931213,174.21833062551275,198.09438870354492,173.8839282317588
91.08161994911252,175.54943550804967,198.1027656178272,173.95384112636816
93.81873320019699,176.47612513717445,198.10571911977814,174.01803639299803
97.20463890669824,177.79249791163951,198.1102787089729,174.08477066241204
101.14209534974266,179.02521327459382,198.11609883603714,174.14676904035474
105.28844267106251,179.4843823412155,198.12187469052878,174.2068701189568
109.89950395500989,179.31042235167274,198.12773941206274,174.26691215095025
115.14299807849196,180.06652409023337,198.13090161675876,174.3264011405648
120.26439784419733,180.82291209966917,198.13397649025524,174.38344552574597
125.27555682353015,181.49193798278674,198.13791795389184,174.43928282906802
130.65066060793265,182.06829979843332,198.14248066401754,174.49945685612292
135.66972692901635,183.161169060961,198.14641554962108,174.54857398292307
142.05398770517695,184.09156273886495,198.14972932444834,174.59624271422757
147.8873229814023,185.02151742316138,198.15305503359437,174.64118549750543
153.16786769064586,186.36853489995087,198.15883535082497,174.68619521021674
157.60691412333398,188.0097670515558,198.16392596475785,174.7297497172791
162.5529059540129,188.56029276953132,198.16580979607573,174.77120845703303
168.20109276505346,189.2683405274185,198.16465464170705,174.80961576222725
172.99734725846287,190.0561863987594,198.16487236234676,174.84527658244986
177.82420814036504,190.29634587318043,198.16396260263176,174.8794454961948
181.88174916533677,190.4290390442402,198.16004655305449,174.9142113068519
185.3010936039986,190.387058712062,198.15816683405606,174.9504476124709
188.167163734538,189.52650578238593,198.15532993296256,174.98354170634295
191.2103752551078,188.47954209475574,198.1530815248491,175.01091978045588
193.11061105422894,186.39696285672275,198.15142946853797,175.03858416930262
193.11421569570953,184.00883545815793,198.147624373081,175.06480892569127
192.81069345773247,181.52323583359248,198.14560075335106,175.0883443907951
192.42760811814483,179.25902602059642,198.14456601537012,175.11133045736952
191.3761888786957,177.37019806585633,198.14389077661698,175.1331930337961
190.3539665381153,175.49533647562626,198.14295462701307,175.154850485115
189.0365903609054,173.82995589675377,198.13995754791537,175.17562958147386
186.73349464368695,171.9305843434585,198.1357058671179,175.19586354804977
184.7207507836046,169.92919104828786,198.1302964467797,175.21503330947257
183.06317705742796,167.4837184975174,198.12394717405056,175.2335910018033
180.7662736334642,164.88910834914662,198.11691869864435,175.2534025003271
178.67255673741653,162.39818865428663,198.10780164463984,175.2729897500019
176.80593349236204,159.2340835390283,198.0974029435562,175.2905524928782
175.8864910994474,155.9891129136285,198.08796009266672,175.3072447850901
175.50538370011208,152.9710822562057,198.07818095622915,175.32426360802285
174.52636916848417,150.1236801733006,198.0667305778422,175.3410282230518
172.68664344261273,147.698046024334,198.055358713011,175.35845710448115
170.45553156203675,145.4709661009444,198.04255491297522,175.3783222506378
167.7420888191579,142.78531507344894,198.03017037920165,175.39882903661623
165.13945633298445,139.69995713629467,198.0201624481062,175.42089664890085
163.13513673221584,136.64853244497039,198.01315662248277,175.44526864888948
160.59009577828326,134.00987013549292,198.0016946269971,175.47154279558492
157.67063678347446,132.50894949459394,197.989934172706,175.49884527428233
153.52796928896987,130.289577875852,197.98231090213267,175.5253966439378
149.9929346741711,128.6970496131054,197.97440915013232,175.55094613322188
147.8788415468571,128.26843045882805,197.96585243143267,175.5770448176578
146.1580435085467,128.449081871645,197.95796678236073,175.60643661024898
144.8304092829378,128.90970024653882,197.95266055897216,175.63564527405086
144.01746091452213,129.29326752026637,197.94740919590427,175.66350520005307
143.12361851544276,129.12853280629292,197.94335059635029,175.69045333960503
141.76235309784747,129.32310156870687,197.93809250636997,175.71824926189973
140.7135656494657,129.22802315373414,197.9321739510614,175.7469203453423
139.94616522200863,129.34727135708658,197.92558569827133,175.77536295283383
139.68077954287776,129.6965729402855,197.91913884345172,175.80557057363689
139.56485911324205,129.9538917920401,197.9122610738398,175.83467236778927
139.17103208567138,130.49603998967186,197.9053156555047,175.8658929927513
138.06158923791833,130.86614408700873,197.89743381103278,175.89487069876571
137.49877955124435,131.3789134265232,197.89185823523061,175.9251349610591
137.25239161356333,131.63240716832092,197.884854707383,175.95464584525004
137.0804493247938,131.89806639895255,197.87859579270025,175.98357993125092
136.7512426757645,131.84424942871374,197.87067720351365,176.01165029872575
136.65696404253578,131.8357175111496,197.8643490372509,176.03923850735558
136.5180319213216,132.16518369146874,197.8568021304159,176.0662472468378
136.36923006727534,132.16260702670465,197.84979925181366,176.0962400595675
136.14314485506742,132.4270082788344,197.8438518633576,176.1245475668856
135.65187922485433,132.5497545199075,197.8378991583869,176.15228569701736
135.1099258030008,132.70521079565026,197.83186080498854,176.18055319781226
134.27112097512048,133.37328612454883,197.82461786065156,176.20902739791765
133.48178695171603,134.07185631363527,197.81760244245646,176.23705589162438
132.8598952519501,134.64486887096515,197.8117425161827,176.26497668074268
132.42680560225207,135.42652329013737,197.8058669406817,176.2922981352907
132.1208867263268,136.62099520192658,197.7995583922164,176.32113590312773
131.5292877716083,137.56282434580066,197.79244212795498,176.34930815985126
131.39139458814066,138.5600292855772,197.78508405066304,176.37877804676242
130.0998045659532,139.51664576106492,197.7776919762788,176.4071188348388
129.66289821019302,140.6897033415499,197.77014093829507,176.43518947442126
128.97983063752275,141.34952951479676,197.76315470282964,176.46433468766563
128.7608227404594,142.39430697386524,197.75528942824985,176.49291760598499
128.53228706045653,142.69962320137114,197.7472379097041,176.52084937998472
128.54609432524046,143.62935483520755,197.73899448921952,176.54951320085866
128.6093531878904,143.9536753799929,197.73079856266142,176.57807171341508
128.4597883978298,144.36248476968245,197.72282623743675,176.6084363539311
127.67110371561512,144.85450965968386,197.71466484396205,176.63714637865394
126.94449114125175,145.2234578544049,197.70761815736165,176.66536237639215
126.79065334955045,145.72154277851217,197.7007376487404,176.6939490789665
126.12378641686604,146.371451078771,197.69310879934176,176.72088192245673
126.26797480800023,147.01772107551483,197.68655085400079,176.74843258048125
126.02857677761207,147.33990589187354,197.67999287868435,176.77659628106534
126.26148112235752,147.73446507033336,197.67387365733882,176.80428531340505
125.60770772214066,148.20401838498623,197.66656988900118,176.83024970660986
125.58711414358653,148.61423351387083,197.66069781560302,176.85633492554425
125.5771005677928,148.80201750097393,197.6546529120891,176.88157534529327
125.47665068643875,149.09571090522894,197.64893280115427,176.90589825071913
125.39728812656456,149.4705745497377,197.64378554481831,176.9305111740467
125.31637868006571,149.76127062086937,197.63797608994233,176.95593121087202
124.96244280053895,150.0280138761284,197.6323486605727,176.98284119283514
124.95436100172844,150.6850720145675,197.62788827996633,177.00963618514487
124.39396518442013,150.66602130009744,197.62473443995833,177.0364405594962
123.6721812974144,150.53462068213418,197.62093621474799,177.06352966952537
122.57668070480713,150.6878867414352,197.61575419531164,177.09052687426276
121.62514705849452,150.75478056256333,197.61140121034134,177.11786940700097
120.65481492579768,150.84832402312375,197.60609446361954,177.14361589042113
120.15468200158551,151.35638752832463,197.59978925758526,177.17091837392348
119.4427124886774,151.92174399801422,197.59385672425842,177.19864352105398
118.84390581652268,152.191986706833,197.5886970935999,177.22757194418716
118.0253299059705,152.4378159856387,197.58391666563506,177.25628619455534
117.30903003633064,152.98415747845036,197.57801158981314,177.283004425439
116.51938331807509,153.39304387663515,197.5722501519041,177.30991134231866
116.12016437410657,153.85353099689655,197.56368519741483,177.335834548905
116.0043423294429,154.54277857760974,197.55685730187886,177.36398921543582
115.53970962107203,154.34882984643127,197.54968827085526,177.3922373772175
114.79525533123292,154.64816083926354,197.54369304766178,177.421977743886
114.06610968986857,154.9897877298345,197.53690502283433,177.44963487907256
113.26056456290755,154.8353746089293,197.5313482716752,177.47733795956702
112.52875082953781,155.06389838627922,197.52677207458868,177.5044426325073
111.96049885805174,156.000122156702,197.52228218401896,177.53184879802166
111.22675166321619,156.45315616161167,197.5182070355736,177.55990966870306
110.3106957474723,157.04956576305239,197.5141598762014,177.58746636132187
109.61399918253227,157.68991725062682,197.51061599340903,177.61523935739493
108.77857139686056,158.42138788821967,197.50778148410976,177.64272199997959
108.15359744303422,159.23626903190595,197.50377974958104,177.6698100505892
107.52796537576798,160.72674008959973,197.50094415743658,177.6960314598293
106.80578119326063,161.5861232016527,197.49764003614604,177.72305702859296
105.69889926537638,162.57209295545994,197.49556593643968,177.74926238601452
105.11979078373972,163.79934588580988,197.49192779812762,177.77593409375027
103.9172825465127,164.96580377990728,197.48792909390124,177.8017824771558
103.44065741499044,165.8555325361437,197.48351152933955,177.82513026921026
102.85041997476533,166.63423690081612,197.47904213774845,177.85008896006195
101.80590036258437,166.6745088083856,197.4762215446055,177.87582844454786
100.5768211468343,166.8421599224923,197.4726406744241,177.90007800371092
99.45264491155281,167.11856083236268,197.4698682861309,177.92454663217805
98.49322142357241,166.82746353795636,197.46621202913576,177.94684022192143
97.8234834958316,167.02953656559063,197.46162364893013,177.9695405218527
97.19906375243544,166.46254860380085,197.45728835392313,177.9931803801399
96.73135047315387,166.37734275084193,197.45310770947953,178.017588154297
96.26765403126402,166.13719020369433,197.44756511695613,178.04137677410677
96.12699045596916,165.72396330686726,197.4418957539407,178.06475024740263
95.85407113282925,166.05822927479988,197.4380135168511,178.0877134320627
95.37952869834864,165.86102051168098,197.43226267290262,178.11163218186474
94.67213233437818,166.43649137456555,197.42615946673862,178.13560755795564
94.71326963075524,166.49076401034824,197.42278362423008,178.1593578204049
94.80159458496153,166.60646997327063,197.4185388395281,178.18389759715487
94.89160771556752,166.56811350023028,197.41446857423347,178.20877656717545
95.05515224810632,166.59125123256703,197.41159507030736,178.23280212115725
95.22061832245485,166.5083167999034,197.40829621309322,178.25646568853756
95.11426198043849,166.5132687781766,197.40528831809783,178.27856948211493
95.15433751774013,166.69339476957586,197.40277867846206,178.3010734047062
95.45229391182863,166.7792027784207,197.40116443183092,178.324753942774
95.5951426348686,166.53766722885922,197.39847499494633,178.34698508489817
95.93189027904096,166.1683043522707,197.39481867154072,178.36960603260573
96.51940180349068,166.06540189031648,197.3928109787051,178.3929922971847
96.81300072233859,165.7815604947946,197.39254299874017,178.41606625682283
97.08933100837424,166.03148436105835,197.39230346005127,178.43890500577118
97.75180694865482,165.80844351510774,197.39146995526832,178.46247428560116
97.75847781594126,165.91380574735405,197.39205671697425,178.48489513258332
97.66178058173162,165.88347162973236,197.39148297874948,178.50668553791743
97.69571063114242,165.96736526690415,197.39138374978853,178.52860910415666
97.4646863767432,166.38998579203238,197.3909503724385,178.55119833038947
97.43357081848487,165.78865829880658,197.39127725973145,178.57397996955865
96.84711539243709,165.805565133524,197.39114307265007,178.59615889224995
96.22174136060512,165.5367034714235,197.39093555464896,178.6180207052205
95.96802154697589,165.57947617582306,197.38996139025093,178.6387270204857
95.65381053531412,165.66451329526532,197.387897461674,178.65994150614284
95.40766430576718,165.8173595511111,197.38505771289738,178.68035303936554
95.72569389129706,166.18833337759213,197.38280119419665,178.70055621047342
96.14441661641365,166.00014652658592,197.38126439531538,178.72194339386445
95.96651186938692,166.0094469097389,197.3788508385361,178.74137900752163
95.95138262350305,166.31570441487088,197.37765540046232,178.7620218465695
95.79405855791022,166.17367868554743,197.37613871026164,178.78440745433866
95.90339121608369,166.05844581160343,197.37453665697336,178.8042246655445
96.03347736456874,166.2928291292559,197.37388852658728,178.82384343935632
96.75879231904365,165.84409489611306,197.3741597683409,178.84429983164827
97.2699684948933,166.32208663635157,197.37474888678776,178.86571415066314
98.00754065382392,165.85858473152354,197.3773411612193,178.88782569452255
98.28333300837853,165.9097909544442,197.37914981606272,178.9094734547965
98.26997281351062,166.0298880364516,197.38101085003595,178.929711921559
98.27620715878798,166.18550688413453,197.3830546890779,178.95212371249653
98.33885042943878,166.08019537668753,197.3833176429965,178.9722501187756
98.24767718858118,166.12457498407184,197.38471322975988,178.9925322372055
98.7073026885017,166.20406207245648,197.38645531959475,179.012860514431
98.72111079052172,166.21874029551688,197.38592822706164,179.03127387186402
98.35865022030404,166.26032683171718,197.38494710814717,179.0498939619881
98.23443572286507,166.2397714728428,197.38481455681864,179.06988926121338
98.37485840997584,165.8988826234791,197.3853604158029,179.0898261634701
98.29156852244061,166.1330493549437,197.38537819989702,179.10982905503496
98.73136911169544,165.83205600467525,197.38669725272968,179.1297449876924
98.91023794864671,166.12904022222182,197.38621098454308,179.149085697573
99.19981768919406,166.29828507437617,197.3859840271758,179.1684191863376
99.18892307844334,166.26403787489323,197.38623011094808,179.18664635085884
99.39489065309208,165.77209352184437,197.38761925812506,179.2055478385766
100.0312517971023,165.68349395796662,197.38897080929223,179.22414209112515
100.6075811221544,165.64729919067628,197.38981021273875,179.24314300777306
101.00006723021896,165.62964818624303,197.391951841958,179.26324242171853
101.54815027639157,165.6669593194619,197.3933218366489,179.28192114604113
101.46420588543582,166.0557084009032,197.394826294129,179.3036533799061
102.1491080639359,166.1696457528651,197.39617421889,179.3257313498943
102.31254046101677,166.35082532651396,197.3968748563231,179.34518474527357
102.23149836339009,165.82698212060367,197.40006138345322,179.36624743120302
102.35584786038464,165.98065378096595,197.4019779266307,179.38682395129118
102.40908072918191,166.1260927657469,197.40312218374567,179.408249703634
102.3243223909829,166.34955926912227,197.4036983011141,179.42975812363727
101.82424885019617,166.04517208249763,197.4057531485529,179.4532383098176
101.57846045149336,166.27666315531118,197.4063870803484,179.4745357371542
100.74844653160275,166.4279483628743,197.40835043553335,179.4959257752998
100.14922972938187,166.63553292330084,197.4106435122499,179.51663364977188
99.23357875791898,166.58068597863436,197.41335160503988,179.53641373874603
98.52082965226646,166.3380475308233,197.41483393671388,179.55667954432798
97.9226279955212,165.9504912415644,197.41526242339165,179.57603222799784
97.58991621599557,165.5490170516943,197.41639269325833,179.59614405130347
97.31642815406647,165.59963424334052,197.41752295091322,179.61618548039846
97.00495012875861,165.7897715056097,197.4196318359444,179.63661590595433
97.1185945481407,165.36499125433073,197.4212093210089,179.65808234332295
96.56048847559688,165.57260996199537,197.42241156218876,179.6803609914454
96.24662438531054,165.85313174556805,197.42277862396796,179.7016317367581
95.65045103044737,165.5080477486348,197.42252293768294,179.72139362749047
95.13717986969104,165.71080887309643,197.42271964857702,179.7411356178784
95.06258775009532,165.20236437122276,197.4219542179305,179.76087819399436
94.29648063859057,165.15478072769056,197.42145896160804,179.78148705163875
93.90825308221383,165.3845448270892,197.42149365991372,179.80317227347098
93.67330488495963,165.46638835119097,197.4209483553941,179.8241820784283
92.92711584482922,165.84951846793842,197.41859715518314,179.8450021328667
92.29756221137966,165.68804233130882,197.41531070908482,179.8652126699523
91.73178242264369,165.52279274857364,197.41307311782506,179.88487447718637
91.02643500970629,165.93228945882237,197.41161076577475,179.90425519456733
90.50113276568801,165.86858526505569,197.41111559579892,179.92675767131075
90.01293983363563,165.93248280747002,197.4102018888664,179.9470775955515
89.40922976588878,165.965126425883,197.40995002442875,179.96692181766363
89.25855117732972,166.33401418469634,197.40924573318406,179.9857047183109
89.4605759882714,166.37475816739766,197.41058878789258,180.00570165511135
89.33772592564125,166.5445930894628,197.4104782703144,180.02324819896816
88.9781154609638,166.92637412810558,197.40894308614008,180.04165411923364
89.07150771280624,167.04923729876128,197.4100478752914,180.0637818724275
89.64130345466693,167.08638838256894,197.40991147160238,180.08531401218477
89.5624674651749,167.12145339985318,197.40936214616977,180.10679082555814
89.73420074155766,167.2687684275776,197.40905833864161,180.1284836928159
89.98126184412627,167.09626882873926,197.40790788161803,180.1487740114986
90.14396173329177,166.8759505310953,197.40626232448795,180.17089024560147
89.79231073138638,167.0110089671508,197.40699180375117,180.19028320634953
89.936430168536,166.4820187046634,197.40732649255082,180.21065749200542
89.86254017247302,166.3520647879531,197.40745706238886,180.23097475509542
89.51916871108975,165.79306261031365,197.40874919284278,180.25161742652878
89.42828447090545,165.65462861995576,197.40851943524387,180.2714871662969
89.17067655782006,165.60773877033267,197.408322632764,180.29206702714316
89.61991300306158,165.73683608195236,197.40878553711127,180.3124230287512
89.8820693039091,165.70094981088252,197.40857049725247,180.3318508649814
89.8796764968198,165.921758735761,197.40821500359993,180.35083199064448
89.62369498873244,165.7189662037627,197.41076060510943,180.37012781571124
89.83653322733466,165.85601847250965,197.41128994178973,180.38725437400825
89.8452859343065,165.52642682652373,197.41249015107041,180.40694557146335
90.40279499035981,165.44178717511355,197.41184572289325,180.42399605693998
90.96844102945816,165.05955350603358,197.41293734888202,180.4437373332789
91.37740556104428,164.85323934694867,197.41273519582407,180.46345883663517
91.47371610234592,164.92758227807883,197.41306258870088,180.4822581667929
91.40170456412386,165.2921550448454,197.41437359360702,180.50197722438145
91.42057157465598,165.11133554705876,197.41612546296108,180.5222093381455
91.64828777798868,165.34813177873963,197.41818117589787,180.54251112398458
91.2396044323699,165.34446832839438,197.41866704495374,180.56339119050574
90.83778619544316,165.20267911688177,197.41903907970124,180.58208901593957
90.71450533065425,165.6318613047555,197.42008573097286,180.60139844495208
90.60115970455885,165.88985513489473,197.42173668148308,180.6205358614444
90.73479921072513,166.12427919062299,197.42342932094306,180.6392830399335
90.52713640025715,166.07378260760322,197.42427032178472,180.65755991979063
90.41005818977023,165.92132317830527,197.42497519752007,180.67524220707455
90.12561594843677,165.9421787075572,197.42629727889226,180.69507545887228
90.05092724586012,165.77693737210592,197.4274499428251,180.71486358426736
89.77195978688972,165.63316119602734,197.42847512079473,180.73431165142276
89.53991595732217,165.60022719934267,197.43039301350376,180.75270634081846
89.07314885427219,165.64365489869624,197.4330597264511,180.7719254839185
89.08604909963506,165.68970146116317,197.434160614953,180.79058695319145
88.9159671122971,165.83430793660276,197.43543388809655,180.81004881462917
88.654179548113,165.98033695124815,197.43607916922429,180.82937698314382
88.43491148811356,166.25177144559615,197.43667063857316,180.8486758773671
88.82700537029957,166.20210024010495,197.43738395671684,180.86810585681138
89.07824053782622,166.0924139135436,197.4389928443427,180.88805464545027
89.22763249799604,165.89677452873372,197.43938725609343,180.9080787027268
89.24840047740531,166.19860794671416,197.44100471364027,180.92754761229128
89.28717559424527,166.26907376833654,197.44204995432273,180.94565288852112
88.74735949055076,166.11525223808007,197.44177402915864,180.96339457326349
88.67351108380441,165.91876689449245,197.44284602420709,180.98188432748776
88.40948889840425,165.76347339589626,197.44314908202676,180.9989637188891
88.18095985689797,165.96190119641042,197.44385046080424,181.01703008703606
88.09927095366118,165.76791461002483,197.44592984327232,181.0354716581398
88.45422851257524,165.5734943145743,197.44907939600694,181.05296914300948
88.26529163142371,165.5120080638342,197.4520754968434,181.07113159286968
88.65701731510174,165.4729020071354,197.45410111208088,181.08880963136477
88.78857793873648,165.54533512101247,197.4566400017495,181.10624163592757
88.69722339482756,165.71230849839955,197.4587587282106,181.12540185670883
88.8661551407647,165.5258067133119,197.46153652628573,181.1438525022511
89.06285337925392,165.13312058238648,197.46498595628017,181.16286978601738
88.73745830286457,165.32744737003418,197.46806435521367,181.18062192785644
89.11429446618271,165.65079794728877,197.47126945091014,181.198439725717
89.41642364191038,165.31540767241074,197.4736080461711,181.21692105014264
89.58356413500348,165.45856993473404,197.47408787489007,181.2334360132871
89.49674099391245,165.25041201454434,197.4750634648667,181.25146005722067
89.58471558453746,165.51576820216206,197.47627572386995,181.26872822893654
89.56294077246544,165.21493948688635,197.47725907465255,181.2865762241204
90.0432478219623,165.65584144536024,197.47740556907314,181.3046390669497
89.92867395039522,165.3491872155932,197.47752370145423,181.3254285412123
89.55383620067967,165.03974058629893,197.47763342072253,181.34476302914425
89.44048132960086,164.7563890104949,197.4782909680464,181.361960052918
89.48029180188453,164.78759351955838,197.47870614210564,181.37982994548753
89.08156657878816,164.8724440606874,197.4791097481075,181.39955433167432
88.94245271987705,164.86612585340941,197.48220302169295,181.41753091029196
88.5226574875945,164.89336452867718,197.4840312496629,181.4343010182143
88.36430676400921,164.89234269358278,197.4872759826802,181.45158305169895
88.84913196892619,164.76443263921254,197.48979258792193,181.46986926327796
89.0522364911165,164.90467332840424,197.49084810400234,181.48590892271153
89.2179828675713,165.2322585023956,197.49327222383255,181.50355950044136
89.30146329367977,165.99971468746756,197.49575940459079,181.52080834703332
89.67720508889879,166.40763610056214,197.49716967926125,181.53962909077137
90.40664051961552,166.58587394944595,197.50047704811342,181.5595617315505
91.453936527698,166.5166592414931,197.50378065420188,181.5810160784102
93.36104395438878,166.50871322297527,197.5070609084711,181.60400838510992
95.72125488566179,166.13574797987076,197.50939590856544,181.62742167895522
97.69843409525404,165.43340707442132,197.50720428511153,181.64968950650905
99.48736844103394,165.16790652108222,197.50744223532115,181.67202546874375
100.77976910082965,165.2143639919577,197.50650035939427,181.69422415043306
101.24223447600711,165.01857808776947,197.50357949435048,181.71748500066246
101.18550483737484,165.0220781552289,197.50115397583008,181.74158310673005
100.51079208191814,165.3421783137955,197.4985340699115,181.76752334593232
99.51995718098907,165.72472803047376,197.49488854889367,181.79031577735242
98.9603745537224,165.40821864122282,197.48958047006823,181.81378235124538
98.48664394868848,165.71721273309564,197.48468110970532,181.83455509183904
98.01938934853109,165.75262963737694,197.4790807590672,181.85721465547834
97.26412528419624,166.3901087694248,197.47263098150978,181.87985177311936
96.52512958082352,166.83763848958327,197.46889752997123,181.9036434699637
95.9360421498458,166.94468196331783,197.46512051147164,181.92771813107134
95.88238636155688,167.44881110525517,197.4636471591316,181.95393648503693
95.96508945223277,167.35541973839327,197.4643007251181,181.9785014527142
96.27414475763695,167.1377891820453,197.4647808864617,182.0015873272777
97.370532261826,167.42699612593154,197.4648600441145,182.024070334437
98.87677086081548,167.18641504951427,197.46624354865017,182.0464843254788
101.01267950343266,166.44352043547428,197.4697258125186,182.06845595712318
102.83790418829304,166.42341156304337,197.47443138626403,182.0919268382622
103.53760545629304,166.65176102563166,197.4794026152558,182.1130331401269
103.19682821011156,167.43055468138738,197.48142523534625,182.13140110033638
102.70459398985265,167.7004738820027,197.4842421908978,182.14923990848294
102.37862843596159,167.165929338525,197.48808889659557,182.1673697659691
102.23500089250552,166.61805485746203,197.49194309029633,182.186594828063
101.4694624707349,166.00922343353267,197.496657037872,182.20657088450176
100.37307758356081,165.4734579315351,197.50216642289217,182.22659620364422
99.48568092176968,165.24123678589814,197.507570355529,182.24535108170258
98.87650578327775,165.33511345426953,197.51179893317968,182.26404720892327
98.00859660412102,165.3173980137555,197.51577381996603,182.28188872202517
97.3139445062402,165.12394002449446,197.51975234548536,182.30060287850486
96.61109129252442,164.896933988173,197.52371178462042,182.318913998141
96.51460781633887,164.71483666345625,197.52673126596892,182.3369421858683
96.2681328953642,164.41035522195875,197.53000221840523,182.35523281430093
95.93309576950293,163.96536524924448,197.53214598630973,182.37205227827653
95.49901718804104,164.30938718275436,197.53559842110698,182.3894876159115
95.51403807648855,164.02071843161536,197.53803840772386,182.40665899766032
95.44824994989612,164.3607819191551,197.5416357846756,182.42395369254083
95.20346910982185,164.2114702081878,197.54475781953377,182.44179802097153
95.13462226517066,164.51103296415556,197.54749057431638,182.4578190267896
94.90096265065931,164.49777941919788,197.55105610308274,182.4760001673937
94.78294196113704,164.38534757320323,197.55452701274785,182.4927274498619
94.82486376405892,164.2532110198176,197.55773855359828,182.50987718109815
94.98216629337539,164.04395756238358,197.5598554409664,182.52609109932118
95.05651129156502,164.77729405094271,197.56365783367005,182.5413711470671
95.27780279014823,164.66523795843756,197.56618822718775,182.55676053206102
95.39425442678473,164.57511211454877,197.57044290968048,182.57290255766344
95.50215538469159,164.54396086849536,197.5751606259678,182.5893220386974
95.90949815835292,164.54628981056482,197.57932774168532,182.60590792237133
96.23349372773717,164.4597990972827,197.58602180217753,182.62216108126586
96.50086718657695,164.44943690528976,197.59223620966657,182.63934930444933
96.73798927245792,164.25848491880157,197.59771307743824,182.656024296646
96.90429027732887,164.0223481791694,197.60298849026753,182.67361152164744
96.90528991947023,164.32898383803064,197.61051742847863,182.6924183747013
96.84844230066999,164.04782722714077,197.61661058388623,182.7082301387899
96.0692649497049,164.1727147131806,197.62213208631536,182.72432603586995
96.37853217975115,164.95951836978494,197.62710625840595,182.7407807448704
96.97067039489482,165.3813619257446,197.63527451023987,182.7589530737546
98.05595442180534,165.64936740754698,197.64328268742165,182.77998923882723
100.52153500009429,165.40304433507612,197.64866976387597,182.80278496281707
101.47048129658536,164.7399499355418,197.6524492957565,182.82601801523506
101.28268355747758,163.99545730270265,197.65538169327976,182.85089278725337
99.83779219958137,163.52815069613223,197.65722543278434,182.87600093113838
99.02914339376213,162.56113438550773,197.6630584247863,182.90409528467953
100.04367947393747,161.3234644938095,197.67649129029925,182.936390644019
104.75078403121665,162.85385942961716,197.691831392965,182.96754355957412
110.58249586918076,166.0130656106026,197.705699587154,182.99455728021425
114.69728758842166,167.67320464095997,197.72067448302278,183.02249718367193
113.97161763976585,164.4169527010054,197.74301626765586,183.05484845661695
112.40022355603449,159.01633852539868,197.76781346450701,183.08622893795732
110.35513373545623,152.71976280812697,197.79331157566475,183.1160163435701
107.1187250270319,146.48841640386166,197.82048652119994,183.15236523425406
101.13223800441362,142.20883477325066,197.84721346560642,183.18841524474362
93.53756014563837,140.000796681558,197.8751216581325,183.22856684087918
86.73656760860271,137.69843328740683,197.90241782076583,183.26965541888487
79.84227099152886,136.02493696777225,197.9310108260317,183.31266913817115
75.4002642540857,134.28490826413494,197.9600419248194,183.35536840450033
72.32161154205923,133.16264410440846,197.98585664147487,183.40117436143495
71.00048030860248,133.14969255435437,198.01274239749665,183.45022935098658
70.77548272258115,133.27041925872507,198.04471592041708,183.50128326288763
71.98788626600509,133.1156943354385,198.0742759943663,183.54884815190883
72.89304109247476,133.28839118845187,198.10451545279324,183.59899793176197
74.55640647178498,132.891250086622,198.13458501193708,183.64475582721707
75.74019279690346,133.40907624914922,198.1625399629422,183.6915968073689
76.78261392410896,134.04737122628956,198.1892218136032,183.73714671228774
77.63916459884825,134.29601762454874,198.2147158306026,183.78146636207754
76.89426065346025,133.95907590198868,198.23792151514843,183.8243761700936
76.72463437833991,132.9020053439071,198.262173024692,183.8666669864216
76.42749862930046,132.014417880356,198.28767310086158,183.91047575599205
75.85334894891037,130.922441542788,198.31429816240166,183.95480192813733
75.17072796673874,129.91277899488654,198.34067794603507,183.9967207605888
74.7118409495591,129.24482726841876,198.36788759831808,184.03982855541278
75.70070294602374,128.34323511753877,198.39921802776735,184.08785705539972
76.40285530094854,128.14184443362603,198.4345116398324,184.13504164244821
78.10863374819786,128.16470441872585,198.46780423645316,184.18035226993533
79.70995593749772,128.2760850740683,198.5026042586408,184.2260524548883
82.75958647459954,128.06520518733322,198.5377454595226,184.27212409273454
87.09238745891462,129.39366889384016,198.57466290770154,184.31533191073873
92.76825632689713,130.77089502213386,198.61213491905096,184.3592180673899
98.44832759773675,133.49041812351962,198.64550033483022,184.39733422576336
104.81463495708232,136.52035405645412,198.6741170385634,184.43336814068658
110.70082821691847,141.73695614700628,198.70052526529003,184.4646195641355
115.3883728138118,146.72492272191693,198.72005792056342,184.49523815686788
119.82015401217265,152.91392565913708,198.7408815864638,184.5247392251766
124.84487620568405,158.1142266120158,198.75700898441414,184.55060426125266
131.0287752168923,162.6550115716793,198.77301242226372,184.57704558765323
138.85659763601612,166.02607902056576,198.78714831521728,184.6037548175353
146.70657490390496,168.64110202579252,198.79874926039662,184.63141306504693
153.2001910593071,170.16286303540602,198.8110525102003,184.6668149864785
157.3705022965462,171.08823153206822,198.81838955415472,184.69780926489784
159.69906599203858,171.4235572517771,198.82451499367528,184.72826276446398
160.7924702512899,171.1676671651335,198.82918878069938,184.75447048043765
162.81012306187785,170.86194569963158,198.83426220691732,184.77545060760087
164.96745085764232,171.16304090814535,198.8380074752211,184.79436598071158
166.47807978332685,171.28143460459222,198.84066753728897,184.81194498567552
168.2452549903757,171.36385372390342,198.84361770989165,184.82773983003898
169.05794582488596,170.90199182806242,198.84382457713363,184.84261336909262
170.17422873464994,170.3433576175944,198.84540511418837,184.8574166372882
171.58442549738226,169.49362755810432,198.84924464383846,184.87141010912023
172.44140038313697,168.0812337304343,198.854447918937,184.88446499544781
172.77189915170334,165.45522788785834,198.8605199361332,184.89605872329383
171.40612060904937,162.48263472945303,198.86785412295782,184.90625415723093
169.9026870485422,160.0601938521726,198.8738379031366,184.91516455635355
168.3352745197323,156.8930306913196,198.87843014978225,184.9234281987688
165.6449203637871,153.4968803024537,198.8843830791349,184.9343530914908
162.3867756446127,150.3190917746796,198.89034994668287,184.9459703386894
158.0476439724041,146.90145498496588,198.8942949775014,184.9582515932877
154.58225915493847,143.7008879526034,198.89738650421737,184.97232120107302
151.26826523655416,141.14750518681043,198.9028443574655,184.98527855852564
148.37715889303473,138.71779592385198,198.90524137067624,185.00053080560343
145.817672775787,137.45774741594758,198.90820580030103,185.01554426046863
144.0443149712366,135.9993091994168,198.91208331278327,185.03165718187245
142.22802649223178,134.9989200013464,198.91565436182682,185.04565851082882
140.79991759802766,133.41459385079676,198.919657098584,185.06278078453857
139.78600023058132,132.29135608485547,198.92453522375075,185.0804121506192
138.45161145521064,131.96650699365213,198.92880395491207,185.10010330444612
137.4502537450935,131.4097302845825,198.9339293101439,185.1190962186257
136.69326965126487,130.5927856549891,198.93941444554738,185.13866150415683
135.2987041577826,130.48232891783073,198.94459224266208,185.15723915887156
133.7585054850931,129.71485963574557,198.95089052416782,185.17553574859272
132.4556265198745,129.41850443309758,198.95536705010977,185.1937399902916
131.94814958135265,129.3911925481165,198.96259580756274,185.21229656501708
131.48757866334665,130.0431368754633,198.9685572584619,185.2318688468698
130.80662797030712,130.63475074919108,198.97436857572387,185.24991525598466
130.2046675545247,131.52611173970365,198.98001968244287,185.26760688351058
129.87861630905832,132.16848804667,198.98669065482093,185.2860644088524
129.5115311245091,133.2940401085059,198.99459857370113,185.30314137076718
129.1592579553285,134.18867788669726,199.00206269055428,185.3191587783661
129.3692283837886,135.60658280842074,199.00897251017068,185.33570989874053
129.5218366249312,136.86130814651537,199.0149352783642,185.35305484823795
129.8248142632571,137.58012518321243,199.02198873927648,185.37117267074836
130.2034811362882,137.6718533920063,199.0295731417319,185.38848886644755
131.12815487109032,137.89154037727593,199.03774482190792,185.40700007185168
131.713274329527,138.33473787430188,199.04436921775581,185.42616944557096
132.2534845358494,138.5411235254593,199.05189188219842,185.44410762449542
132.42381840106978,138.68736816129402,199.05907793155046,185.46161749094284
132.57240707469447,138.96270614202285,199.06574965556533,185.4782420875754
133.03066499986218,138.90945398835765,199.073159741452,185.4954118920896
133.61352124483383,138.63186337201043,199.08033803386496,185.5120015610824
133.9390385791978,138.7789111005298,199.08663185157957,185.52738665194866
133.44940356882472,138.716209165152,199.09290390889723,185.54392079872858
133.47750922242753,138.1797781744482,199.0996080535163,185.56036614939123
133.5826082870251,138.03700719723258,199.10785190241816,185.57757386410114
133.20890662938302,137.83195484448532,199.11384937301386,185.5943975568222
132.7185775658291,136.83669928806017,199.12191234488262,185.61262471028374
132.02707289437325,136.68946228967815,199.12891126985605,185.6303169990457
131.9998686484307,136.42078050261108,199.13515154584053,185.64818139047873
131.8825603115584,135.97881662746755,199.14145405828447,185.66638618649256
131.36868245395954,135.90999820797202,199.14618664497266,185.6838055084653
131.0929174046129,135.889872412621,199.15154168100952,185.7011201235839
131.00790587259075,135.69943055926763,199.1566646060796,185.71883714041792
131.27506142276064,135.6463235307435,199.16256846154658,185.7357927501767
132.0523360044845,135.8551230211075,199.16885334827742,185.75183916687342
132.53968275081482,136.3845054787776,199.177592148555,185.76715304982727
133.31041666859744,136.74686096125095,199.18724828969724,185.78302705440117
133.4262133051418,136.7829028411351,199.19649628610156,185.8013058285598
133.70023229625178,136.68454517114733,199.20478195138068,185.8190121929103
134.03207286296367,136.6080358022106,199.21309401396755,185.83630531337502
134.25144675459643,136.51125900076298,199.2210391444727,185.8549425445671
134.1101772660785,136.1672167425017,199.2290324221506,185.87143214331547
133.80746750900573,135.81463125473937,199.23567809920652,185.88737672990882
133.93366040214104,135.92408225413192,199.24216818960105,185.90195749429492
133.2931925997036,135.70403611576648,199.24864049853937,185.91828473754234
133.30572643311137,135.55878170742798,199.25687958312406,185.93359867087275
133.17361483772777,135.14647521522235,199.26504598830772,185.94902293171987
133.4136798331127,134.5106436283262,199.2724596400588,185.9643918550239
134.34705093971195,133.81628167415545,199.2805611434817,185.9815065523974
134.81505106484946,132.9092750736994,199.28777232947837,185.99923376640913
135.6440174632541,132.6277354502211,199.2951415708618,186.01506470947552
136.91741512611492,131.88103324834321,199.3040799258653,186.0329398001438
137.54346217823795,131.0668602017807,199.31293734063166,186.0529276292994
138.41073622536499,129.83636466494485,199.32111449948272,186.0716159991137
138.73154678429842,128.0616931743865,199.3266851445401,186.09035175671966
139.94833779796247,126.29150643922078,199.33225225852362,186.10833533828767
140.258626966183,124.90736013804487,199.3374593324868,186.12688424061204
141.86812612308296,124.84657319107954,199.34200323212676,186.14604710281967
142.14405541793255,123.53488725489058,199.3468120299131,186.16515328534774
142.34205737092014,122.5671084458175,199.35010449706678,186.18430546411707
142.8091761235243,121.31518479803071,199.35421361623287,186.20396777929818
143.57918050263277,120.33220293611782,199.35866980380908,186.22362551290485
143.61124716109967,119.76306160052833,199.36135216863084,186.24213491538418
143.49836439564882,119.11139131290301,199.36423909440524,186.26113963896552
143.500198836101,118.82778562737319,199.36699400397436,186.27907388323607
143.4930801943595,118.61414529792515,199.36850872539011,186.29744611537052
143.8211385256505,118.29618524649123,199.36974355664358,186.31602887216138
144.23470692497972,117.67416175207693,199.3723047841654,186.33406530000062
144.9880756874225,116.9643398142677,199.37605398127232,186.3520061755504
145.3087395868013,116.32797953993598,199.3791917481962,186.36891527134824
145.65376587011036,115.19522325722988,199.382585817778,186.386127999648
146.3143412931418,114.71462035635766,199.3877923363697,186.40343512356654
147.11146819287018,115.20161454116975,199.39292379844855,186.41915797897516
147.92103458971542,115.79231146844556,199.39803366814158,186.43444109395173
147.7835365318581,116.40628586290956,199.40242311705288,186.4493863584829
147.69053811699166,116.56382629411766,199.40829332446654,186.4644259403645
147.79275602169108,116.40077374957913,199.41382430872403,186.48038749907275
147.60201488026502,115.9610100878976,199.41970413762905,186.49690715775532
147.19024815065632,115.4722973915055,199.42348383078664,186.51406602002575
146.79409546123634,115.0758210090969,199.427984427236,186.53113302405882
146.4388094414889,115.37034750434911,199.43246953311802,186.54729689432557
145.43469695602062,116.01426759595142,199.43612068203313,186.5633050969318
144.88619942864398,116.36988785012302,199.44080936128282,186.57921192936314
143.7850264286972,116.40708630470523,199.44436600303737,186.59499260091295
142.90757828470456,116.45578152729837,199.44916525466095,186.61176308832717
142.56352221129177,117.00473943362543,199.45381639103044,186.6297404012071
141.75300458534613,117.62032712294355,199.45812035687283,186.647459237201
141.7882188501963,118.5131946029937,199.4619127676432,186.6642050939418
140.74110829410733,119.13684119706198,199.4662534133599,186.68130809644856
140.96883926748836,120.09533942767648,199.46918965971884,186.6997749445076
140.72581748524894,120.57376645086273,199.47552011208182,186.71746458881654
140.79820940204445,121.03842187443763,199.47968554397085,186.73484579117007
140.54569817486336,121.53696087738237,199.48539732604985,186.7514805490669
140.2482671018809,121.87813211435765,199.48749801504835,186.76850816130943
139.86970338252559,122.4471542188733,199.48958719234543,186.78532552168275
139.29694710712909,123.21125708148219,199.49227342439758,186.80228009004406
138.7627467490211,124.04439966725937,199.49492974058916,186.8191105200293
138.72923072052367,124.7539228763248,199.4978473610768,186.8365313918231
138.570294684532,124.92458073623223,199.50273177765888,186.85375823353928
138.37542494431398,125.04130034103089,199.50675946896376,186.8711625190725
138.1523687727506,125.44203539247115,199.51137776444872,186.8894522619256
138.02675443579795,125.54156630584828,199.5168184005771,186.9088624093058
137.8711946576829,125.76391187368917,199.52364584421832,186.9270543884388
137.4345582214031,125.87695102527326,199.53032768045819,186.94635313412067
137.22798204967668,126.05482089780156,199.5363354177976,186.9651841462147
136.6332841931901,126.64313162313974,199.54315399759204,186.98451189235385
136.34561167684828,126.84961285012409,199.54935966889417,187.00308757319846
135.9076648013009,127.02800872777217,199.5557192851241,187.02143305759688
135.51622955599902,127.0142172243913,199.56357513682715,187.03951417594192
135.48548252414707,127.3184669727605,199.5697325277183,187.05678006244707
135.29629924541655,127.40270395430066,199.57615975388626,187.07405472118816
134.65031913669634,127.40676346693496,199.5826598568476,187.0907171092959
134.23856397978648,127.12809162200783,199.59076277530446,187.10814911177604
133.5942014586941,127.26703739213568,199.5983868291012,187.12522620636418
132.83368517372378,127.69283038755215,199.60638326718296,187.142489254609
132.67829161103344,127.47057836007129,199.61396388917242,187.15712517769472
132.31870690734453,127.2770959800693,199.6210307045588,187.17290266801103
132.604643402571,127.32604576364993,199.62830624506591,187.188948108174
132.8261675415722,127.9008143575405,199.63555293852963,187.2047038986796
132.03143898041543,128.03791854037524,199.6409883733355,187.2203693416325
131.8634071091164,127.7383902851414,199.6486521299049,187.23592153290917
131.9636846469947,127.79540537189546,199.65553200640738,187.25257099659476
131.75546911468552,127.97526346798927,199.66295844236743,187.26939784945108
131.47188014008253,127.31043510392138,199.67134964173366,187.28503692412158
131.413966538683,127.6421844611386,199.67816945617932,187.30132447458354
132.1637239526937,128.04557454204428,199.68520482099092,187.31666331034606
132.09197617805046,127.5321471701158,199.69363347360039,187.33126584263223
132.71408280747653,127.15267852112959,199.70310413942323,187.34616485677975
132.81360477257644,127.61554983349525,199.7120913271395,187.36227861632577
133.42216320071526,128.26617524126402,199.72151777816623,187.37886646961147
134.0352307260466,128.78454233324703,199.73073142898062,187.39435906749054
134.8666710425199,129.25240272813522,199.7400636351606,187.41093137568706
136.49286018496957,129.3795289338721,199.75031104453618,187.42817859800235
138.02502374905424,129.40353810897435,199.7591653071291,187.44452011388051
138.76035463563414,128.82042231035788,199.76740456260245,187.46038468955277
139.3161367529013,127.82642169468483,199.7761930731243,187.47647961653945
139.9941614802499,126.5412914836402,199.78520144446932,187.49310944818987
141.22993899967838,126.01109853304567,199.78974518147595,187.50661391207728
142.43741169517835,124.81832973350721,199.79517609128777,187.5185078744507
143.79353305675147,123.87715994235836,199.8009309191059,187.53040208607428
145.17038533641136,123.57520565801472,199.80266254180825,187.5399709860108
145.7236366359934,123.27352052366687,199.80618546773724,187.5489858503295
146.2255917932372,123.0045782602225,199.80808851346384,187.55843788877678
145.8396394807478,122.61197441168117,199.80929095519608,187.5671709311849
144.87855406454554,122.62016265813676,199.81038811244494,187.5758523799489
144.59266885177183,122.30854024345159,199.81206639636406,187.58528440509716
144.2825234777769,122.43182766934598,199.81602079868134,187.59649219138134
143.9888424372919,123.596273656238,199.81997023240402,187.6071347387002
144.63844507006178,124.78074695712374,199.82333304490533,187.6196638239557
145.1108622122689,125.89465469280299,199.8283237493331,187.63095739190385
145.15734524029457,126.91772271855737,199.8336298380762,187.64241468603717
145.17333957485067,128.89671119275317,199.83737504757656,187.65439485091156
145.12659489776206,130.97253530113562,199.84143927007514,187.66758923973748
145.1768931726533,132.97262956329513,199.8464477041589,187.680471298762
145.0100369395974,135.5408887733886,199.85122681207827,187.692215379338
145.14792526725495,137.22270866880433,199.85706606967742,187.70355293874152
144.79318698861385,138.5693783841742,199.86314159784965,187.71598090111394
145.53286464257152,139.94678246243416,199.86905559802454,187.72842995818658
145.36811683809952,141.00794384567857,199.87355273880792,187.74242039169468
145.7037294184676,142.12075471264097,199.87876656532688,187.75449196755378
145.37759401497323,142.69971734170565,199.88317088481253,187.76683727159636
145.21071260966855,143.2496067033112,199.8879854658706,187.78031845992243
144.708030660684,143.53791622474193,199.89286263231048,187.7934163283769
145.1005517442488,143.22806786669014,199.89997501573322,187.80903177140158
144.02479113961124,142.62992460449783,199.90564151347576,187.82010472995978
142.35777032869535,141.1520013690105,199.91075728730033,187.83149462363343
140.8913428252186,139.96601122189304,199.91760550027803,187.8431772379672
139.62092180072716,139.65723311196948,199.92411265126592,187.8556814634906
140.08998613242022,138.5016335079045,199.93104626758102,187.86990291321294
141.27701787698413,138.0085164288027,199.9372596968644,187.88542435006877
143.49195769036356,137.84993036794236,199.94327646674256,187.9007120292216
145.6946922336599,138.5557016968013,199.94973555702975,187.9173524502696
149.48245837916446,140.51682345053598,199.9553757322987,187.93548880081724
153.44830311112705,142.92182683995122,199.96401963476757,187.95530265492127
157.66043893627153,146.67021772464838,199.9722545457579,187.9727024994491
162.89111008779741,151.62939603985663,199.9815133245543,187.9913690318744
168.86379219396466,157.0144673375664,199.99399861478327,188.0082690542527
175.1941644996383,162.5714736814295,200.01174941054043,188.0281350744123
180.8934145854485,166.92810792765795,200.03545802493076,188.0516915712742
185.6653952584981,170.27168621406665,200.0614067282701,188.07632746748146
189.36465015232528,172.11115172965975,200.0897596572905,188.10540567930676
191.8892488654795,173.00393846592578,200.11507995788034,188.1328860531339
192.4411729500961,173.84264430752918,200.1413837757229,188.15854906360693
189.96845157167158,175.31968630781984,200.1641132528478,188.18466058533394
185.26438319932703,175.89407707833513,200.18375359861113,188.20886483646342
179.75965212821828,175.65399280454955,200.202153576522,188.2330394038653
173.69214185146944,174.3645447458717,200.22152490669205,188.2561684618948
166.19865759759682,173.7704982088211,200.2393953233118,188.28086982666835
157.7176565541121,173.5411464947016,200.2545609387236,188.3047164228799
149.09944484360253,172.67310899908827,200.26883355713045,188.3265549162275
140.44974532604908,171.57289169265,200.28311448921,188.34913689848884
132.00974446250834,170.6082234736587,200.3002259727612,188.37254901625045
123.13448451853773,170.58739400997976,200.321427241928,188.3979802717318
114.02127591346118,170.32441743100364,200.3448872987608,188.42620663162648
104.91715541761702,169.46705359156954,200.36816697147938,188.45490594917416
96.50464215362221,169.10269002549603,200.3904934567444,188.48454397142362
88.72284750637712,168.97510809099032,200.41860702033858,188.51857091283037
81.03705184490703,168.31334502394873,200.44784738350094,188.5522872238773
73.75924833243764,167.31664027336905,200.4825031373826,188.58761464514927
66.89197275469515,166.041979495559,200.51478187770644,188.624813808115
61.37252911453443,164.53884654574975,200.54990500550102,188.66571143685945
55.85329584409779,162.938784756112,200.58389309178446,188.7044413737094
51.55397362083107,161.2584573722111,200.6168417756836,188.7422966973126
48.48672053490367,160.65659150563664,200.64651768249325,188.7812820267674
45.83706746970721,159.59284648201253,200.6775495056352,188.81872447613043
43.31753944813093,158.88011055557064,200.71328008644645,188.8567904566693
40.822386090846265,158.93228239229288,200.74005769106094,188.89170941476033
39.03358442169889,159.52898133027998,200.7654764475991,188.9268735361998
38.95862673694157,161.00021877761083,200.78869427683054,188.96184948916382
38.562740927382904,162.91519039840352,200.81002126437133,188.99464700265955
38.00451241783608,164.6660431467245,200.8318848777414,189.02707541715046
38.21923368281966,165.61960364067477,200.85593719459507,189.06320842323797
37.58429955451567,166.53095292397356,200.8792708652503,189.0976883062711
37.45785630752128,167.84674599492837,200.90395984422824,189.13294271764516
36.94736537826509,168.6314093811705,200.92696498240753,189.16837849932963
37.10870570573432,168.69557947502912,200.95077402516384,189.2031043113587
37.30093944426983,168.7506103002438,200.9760978686552,189.23942986545717
38.10503568406982,168.7308950251413,201.00422538398166,189.2771793894744
38.87020267298621,168.64085334686908,201.03402557858846,189.31719414047672
39.235840368596,169.04488084022873,201.06246741339731,189.3564104173568
40.7328723064915,170.15701404819234,201.09158926758678,189.3924343857222
41.79595807227628,171.97107281048477,201.118234031641,189.42995912264243
42.87576219257366,173.2814588061046,201.14920472857676,189.47160692739277
44.03764771426545,174.6930775201808,201.1765522497989,189.5106350860934
45.34640342665149,176.29239930800173,201.20291475500423,189.55009108549427
45.971348542235205,177.28276059494738,201.23259009657545,189.59033790247216
46.6833219405184,177.74667985336893,201.26553304858237,189.63520814732107
48.35081275295276,177.79039642980882,201.29949583022304,189.67848051495193
49.71029679503192,178.27419387294094,201.33224435983425,189.72126041315732
51.26061811966609,178.93346912734845,201.36650037313305,189.76579684320035
