110.5,111.5,37,116
111.31262254463235,111.04198988764642,37.01190066841046,116.0006036412883
112.41538982476126,111.15953653809312,37.02379145452714,115.99685208982461
112.86893487714761,110.43893408784369,37.03592054559721,115.99413637798827
113.23311365392448,110.15990431001165,37.04875485605716,115.99295380432649
112.76816257931993,109.7064157234243,37.06146907611279,115.98680361477307
112.68372448063633,110.54270418889561,37.07386263655143,115.98308771536274
112.23426988459805,110.13203605321027,37.08483923003715,115.97815757876678
112.13543951608202,109.62681364365798,37.096358193010886,115.97283232016598
112.92294354470411,109.51122297250542,37.10741995807807,115.96760289563113
114.37698126124097,110.18062127278569,37.1179186197767,115.96258932558054
116.07671840882517,111.13417378518878,37.12848160373732,115.95684242836836
116.99833723070182,111.95319364620809,37.13767525728629,115.95261620673409
118.66747229003913,113.37805241354913,37.146666567444676,115.95050056261599
120.30019578920897,113.73863848600561,37.1555013092936,115.9466377734388
121.25772275856474,113.916727283325,37.16465875344794,115.94099333638707
121.66832859567113,114.44679775888949,37.174700727039436,115.93259601185262
121.68155292800824,114.86770389382487,37.18489275859277,115.92515054038276
120.59913810994126,113.8632453974107,37.19508744218153,115.91276840944707
118.53614353672639,112.17662168258323,37.203681187610336,115.90268811655255
116.02296982585418,111.25652942996722,37.21235082538867,115.89383962369956
113.60900991498163,110.85067256888546,37.221550783242186,115.88468240994618
111.02716265818938,109.69868921591959,37.230676624646506,115.87429946454127
108.56124330480705,108.56086146997653,37.24012010207155,115.86548320616797
106.98362210068757,108.91703643181306,37.249687327968005,115.856452236009
105.23898553612972,109.36165159551987,37.25847883248043,115.845207028415
103.8968350838912,109.7740508698217,37.26800723596564,115.8339427396075
102.65939191125307,109.83795221957993,37.277050142139714,115.82255491488316
101.54274196417525,109.07386896434397,37.28528242078634,115.81047899180707
99.93243035783183,106.87847256517125,37.293183093571415,115.79683949339959
97.85879917399741,103.18748471078094,37.30062726971196,115.78201420730718
96.58814140044232,101.4590598864321,37.30840209111411,115.77125921885884
95.66454767356873,100.48327571330512,37.31592711219069,115.75890053454945
94.42497630738735,99.38667202184136,37.32364431125878,115.74624563377031
93.576547319265,97.6663489016652,37.33110888635755,115.72928007488254
94.25030446848585,96.5521438464749,37.3381524597344,115.71300811166996
94.27928711257445,95.83466318676793,37.3453197671559,115.6995347205813
93.40370824201834,92.00345317170931,37.3519058224771,115.68584400622221
92.32876047006499,89.06260763436676,37.3582514472554,115.67280737399815
91.69123844176926,88.20624046737258,37.3645190870683,115.65798524093023
89.35099407925003,86.54744856343957,37.371568309390696,115.64859465685899
86.75902430981105,85.49236370103824,37.39041967154135,115.62760340715909
83.9787406710671,84.29340031188181,37.40859564882782,115.60796340919632
80.94963546477277,82.71996645720975,37.42830861344895,115.58558086867777
79.36362569375464,83.99849064136481,37.45025558086972,115.56063985357811
78.66392989391832,85.48407529737906,37.47180928419532,115.53731886155693
77.55623435357,85.52836317575057,37.48685985547728,115.52194689947208
76.62775026056399,86.34558352575132,37.507904846604085,115.49715490399939
74.06331289452262,82.7898077610459,37.51369980192287,115.48913522445636
72.01281766085629,77.52899546099599,37.519176925444526,115.47873067263971
70.09836413859486,72.3053887371993,37.524480339901444,115.46763685399773
69.47832889574053,69.46185732045868,37.53016330863473,115.45363939237397
72.4388712943067,71.39123580204638,37.53619633605682,115.44641989524777
74.23060216760281,72.59030348382186,37.54068267334217,115.44260525809148
75.48968787239721,71.71817489664541,37.54505278673311,115.4413559074047
77.43151604276102,72.64675472856844,37.55688256241478,115.42979851749968
78.70523238756022,72.46745638191587,37.56120077117758,115.42831562429892
78.30103550971664,71.84372673936562,37.56493331251309,115.42665157451478
75.86361886848502,68.98935204344656,37.56926412305251,115.42175026292273
73.92746560647724,65.49577014974984,37.573673613376656,115.41594263002807
72.61741073806826,64.1594469157624,37.57804805775994,115.4125644226337
71.52476074928437,64.11118910234305,37.58313696812801,115.41336486198242
70.26213725849918,63.611843467377106,37.588445242346694,115.41657636936013
68.6594158489623,63.26370761960097,37.59267899312212,115.41591515303953
68.01992746293459,65.16469130375124,37.59667331278496,115.41453448517845
68.68407253747955,65.73920392947252,37.60081543374509,115.41350041415579
68.86098866351931,64.84732884027571,37.6051237992746,115.41127608998595
70.01036032441854,64.5163290675954,37.61847683482169,115.39771432648581
70.93867932618653,63.417714733004544,37.62264386592319,115.39634508764749
71.94287525219251,63.68952457423326,37.62671844457529,115.39447440573937
73.6250573804563,64.52167764928679,37.640336566053705,115.38107648736755
74.6032028101692,65.06280784533263,37.6446581228953,115.37888551799774
75.33754556883856,65.57827625259984,37.648492718547885,115.37729338138844
73.9188456727494,63.597804022434744,37.65186045201041,115.37554868041795
72.44200424166644,61.45554846256144,37.65659230824065,115.37099539281593
72.63350621424846,58.57110740759294,37.66098937764304,115.36792964203515
72.36384888339092,56.198150653331886,37.665913411020256,115.36420411628602
71.93352653111592,54.633811102516034,37.6710242176935,115.36192156134729
70.96590255798222,55.06761757598426,37.67557794151065,115.36384018627592
70.15333710335057,55.264033136762016,37.678926905545396,115.36533971528841
71.43184919464304,56.0400019193372,37.683541316634134,115.36412534521403
72.43504046116102,55.44511466071581,37.68734164111161,115.36251244752457
74.22127541514627,55.1674096565753,37.69167756314294,115.36019845678214
76.02192477886499,55.01903610655076,37.696075275448536,115.35776397628771
78.05454631030511,55.554857219029756,37.700710790754336,115.35656490471106
80.19097735193787,57.275171003295796,37.70498264913919,115.35510650465127
80.93407220595249,58.08934176962014,37.70944657518131,115.35262530544527
80.92470112064653,58.67971771341072,37.71260936942352,115.35252925492314
80.79010471188161,59.56329376212079,37.7158613419407,115.3524144299563
80.13107327596451,59.09115709427657,37.720089546569085,115.35223178439017
80.40814379469913,58.31547824995934,37.72545438897884,115.35091851736667
80.63389910661351,57.55163323022325,37.73077066062547,115.35067579373917
80.37431154525646,57.26545573824761,37.7354571458922,115.35267929625277
79.38452414175698,57.20068818209127,37.73926112178308,115.35656219964116
78.23638303527284,57.21363395523955,37.74379838731791,115.36109138696035
77.75970556383547,57.28055579340623,37.7468570474244,115.36367106000749
77.42615200746887,58.80607773706894,37.75033611841334,115.3643127443526
77.38774790668386,60.162366703930786,37.753741348954094,115.36435387686731
77.19444525095366,61.44880121059812,37.75721554378583,115.36343434549676
77.4217338496888,61.8081691250058,37.76082705891243,115.36274917538425
77.68284643015488,62.53703415441206,37.76474187257442,115.36162061708289
77.72111439215071,63.78465078033217,37.76831061255083,115.36109280385656
77.85175978833564,65.08527602514255,37.77145993944747,115.36329499673091
77.75510573441522,66.20169377821182,37.77474185343113,115.36422437744845
78.1443946994817,67.49300942006323,37.778309661899875,115.36433411585564
77.95711275831513,66.65546604405473,37.781809238927494,115.36285927386322
77.35222542728951,65.89534225965062,37.78527255587835,115.36104859415157
77.07167224739906,65.22913765602335,37.78882157122259,115.35975774056166
76.99570366067024,64.64724438032947,37.79238484283622,115.3590075773956
77.04028805752215,65.6052864666277,37.79580012267596,115.35899923049035
77.30099247642515,66.39975877279424,37.7994950923193,115.35795048836601
78.27910615694132,67.35922369210745,37.80396681270784,115.35554422552238
80.73913524316126,68.90609094959652,37.82183016431584,115.33373153595318
78.17387596501891,67.00384964599735,37.82712746815911,115.32448914849209
75.50018438964582,65.4214358990886,37.84285273240015,115.3038434386505
73.35962149957601,64.42498728208886,37.860768215908934,115.28005590206588
72.67170453902703,65.05130317398708,37.87978775254644,115.25593521331646
73.78345500664781,66.0422805248098,37.884403568022044,115.24995459461782
73.47283061320579,65.44662132991377,37.88828180904199,115.24748242940957
73.1452125398266,64.30521494793192,37.891361662408166,115.24657946842821
72.60665004438728,62.92669696858896,37.89506851287545,115.24639873514327
74.13812747041496,64.06250183497954,37.90625564003763,115.2337640313538
73.43078421767736,66.04106694459509,37.9169100343449,115.22370703332938
72.05783365967167,66.6487743199092,37.92035161475752,115.22268327581946
71.2476940362975,67.10710419454699,37.923696919664735,115.22201167380261
71.45307800330868,67.07083711726537,37.92720191984077,115.22224938031393
72.1914371009922,67.09063035671035,37.930292770265325,115.22226193635922
71.20270079051798,67.03598322758165,37.933794381959316,115.22725948054915
71.0178361839786,68.78054902666068,37.937422806921624,115.23207324257483
70.76859384499448,68.47063298755606,37.9411015528449,115.23192939629217
70.37340523605492,67.3506701103741,37.94472267245359,115.2310390343231
70.01688885598523,66.76425023781411,37.94827276276264,115.22954258445101
69.40106341116714,65.91958961683304,37.9516569363954,115.22756724895953
69.43029163511558,66.09120888202125,37.95523163836274,115.22626184980108
70.04217189178507,67.96819313203747,37.959054294960865,115.2276599135656
70.74355316338763,69.81679956348756,37.96228235234171,115.23007540378431
70.35336705523287,69.47580646160998,37.96621531913571,115.23193422526104
69.14579233931663,66.46753932222737,37.9706286669838,115.2305503941325
68.98071332988799,63.14765080084946,37.97493399371385,115.2271980881334
69.09017373853526,60.21488745913282,37.97905350384909,115.22418210036308
69.33112554940561,58.814742258726085,37.98320293167275,115.22282221545572
70.20808165362519,59.154868239501724,37.986885666280145,115.22412820726214
70.69234407607019,60.11974261967828,37.990060357236864,115.22452268402299
70.57712466937147,59.41029440004449,37.99359366080477,115.22240183412887
69.90317554888975,57.723368053106114,37.9973792671094,115.21977371021083
69.27234702861664,55.00202190172915,38.00095439466124,115.21523853493741
68.97490905055767,53.514656186127425,38.01157006587851,115.20222420426953
68.68555701917897,50.9443983342596,38.01511761875966,115.19898924043315
68.59512526012439,50.026027634768504,38.018818579028476,115.19737938972052
68.74696891441444,49.96441035080311,38.022449570457155,115.19674419582671
68.88433282928412,52.11552316134004,38.02592111539355,115.20003863243106
68.55240923982237,54.19589654145391,38.02916715524845,115.20487548273799
68.30272778689394,55.79106351424835,38.03278657780031,115.21098724065558
69.2937024333834,56.828070400454564,38.03590179135216,115.21244129317907
70.3772369722835,56.92215938461154,38.03871000427769,115.2113404448116
71.04158393644015,56.612360741999694,38.042486135359205,115.21103321190785
70.89304894495359,56.7790401811125,38.046733965956165,115.2128279729988
70.85360562931267,57.908548871162324,38.05069517456955,115.2167300188635
71.10904281696305,59.07986972668901,38.05384052697568,115.2177860941413
70.65499520431013,59.68558374440399,38.057841294655205,115.21698716427927
70.12384828733519,58.37982491682682,38.0616058708307,115.21567108110659
69.83295078593534,57.46749993295738,38.06472476908482,115.21298128043574
69.76066243824914,56.34507129876467,38.07626573016135,115.19920350472326
69.05079166526308,54.55215607949113,38.080204439715345,115.19583487710824
69.31735369408823,53.35167564307697,38.084095462517006,115.19438452747866
69.54921140017245,54.954022866367126,38.08755595128469,115.19692517878349
69.60880551263833,57.47500020486483,38.09170487597299,115.20167908561987
70.10105064117053,59.50735725466235,38.09463213800116,115.20613021582218
71.48127614143411,61.13446442816279,38.09733087578575,115.20655311018484
72.64729193322015,61.85130152414003,38.10849496901728,115.1929428907035
74.01762053197601,62.20495158136555,38.12024055394573,115.1796964261548
75.21464705900547,61.92794051356912,38.13231686008579,115.1663741346389
76.22215367312458,61.90988346104468,38.135104201381864,115.16566169617782
77.4563720414429,63.414140514144606,38.13795137740392,115.16806024676202
77.57417173919177,63.375564781292326,38.14099676063465,115.16789121870886
78.21020971836901,62.866843147927284,38.14393091122791,115.1681253131901
78.25494835954484,61.51382242781421,38.155289719619816,115.154618766432
78.04445970240428,59.958087795906096,38.16638877996415,115.14120557060772
77.74829493482889,58.709317731851904,38.17751974200247,115.12763896920866
77.72320368658778,58.64750262947609,38.18027481891162,115.12414857480964
77.84862760381044,58.99236028870067,38.1910427078378,115.11209199306626
77.77308251368903,58.42427343713778,38.194864995123886,115.11125285687471
78.7001149115573,59.43892542704212,38.19769564616467,115.11370718547667
78.72671172451234,61.71052591878887,38.20108313746738,115.11725054860183
78.54486614402057,63.206007692470365,38.205226743004275,115.12023569928266
79.61415620935063,63.34339243606782,38.207730329690385,115.12028284435856
80.71695039915332,63.27645205467867,38.21028947587236,115.12062337912764
80.85209118629979,64.10722437399554,38.213766849428694,115.12353701533522
80.71792817502535,65.91053055225726,38.21730969817803,115.1269324217207
81.348022290699,68.11562946829773,38.22016200943326,115.12820643335925
81.12116483516452,68.0215587622468,38.22329840974098,115.12625546064591
81.00041490992302,67.55898282979598,38.22656487275372,115.12500672368368
82.61570269017493,66.30674648562604,38.238687504846354,115.1117079295559
84.88032628704944,65.07155699126344,38.25736244549673,115.08611452333786
86.64790067244516,64.43668459916981,38.261801887672235,115.07618942665812
88.40130669836651,64.10522924524929,38.26611301621894,115.06790641558892
90.69689490864816,63.72358972818321,38.28285867283457,115.0465745822208
92.32344928276945,63.315950860432906,38.29484587376498,115.03306016293243
93.11525864963292,62.722048219848475,38.304755410759455,115.02136857882877
93.65065439830748,59.97280969435914,38.315786666362925,115.00800910102936
94.16358344587658,57.05233755153245,38.32606496000342,114.99542917861389
93.79978656368627,53.919329537610565,38.33605539854024,114.98265091782241
93.26864122459796,49.62675287331343,38.33867670129723,114.97889223622381
93.67309821451695,44.97970275870275,38.34169504682241,114.97608217949546
93.31650311650655,43.26483298952213,38.3452145203586,114.97374669420559
93.42235764890705,43.399206185355595,38.356058589522156,114.96267040704228
94.91905309587612,44.08852791573679,38.37172640949697,114.9505480663513
95.26704361008082,45.36532242131953,38.376357032031336,114.95117758584072
93.92913201814,48.13819940100105,38.38025872429006,114.9501514287543
93.76128932937814,52.01281858920291,38.39330708027216,114.93583927610547
92.77558511162381,55.84748775522187,38.397287427592666,114.93418692963273
91.49604369479277,59.06828888526621,38.40121307665391,114.9317907928961
90.9727266421313,60.81636256708234,38.405359441460185,114.92922114799859
90.99922003077556,61.55982447839504,38.40979367043397,114.92715321564722
91.63232111492565,62.53528194111492,38.41400084776064,114.92450515403041
92.83787745680078,62.10708730039499,38.425606688943226,114.91130761009948
96.02748171943776,60.63973471624314,38.457934857242265,114.8781260920781
97.50080313538953,58.58099098872924,38.4702082126251,114.86395737721455
98.86502171048127,55.096578014972295,38.48171075207786,114.85099039794011
99.21142843113495,52.75503754920412,38.492915367163164,114.83868968808852
98.91621009761356,52.5923310901716,38.50317097198442,114.82735704598434
99.39409847969324,52.998859112760655,38.50697379480779,114.82575476047649
99.71950849670316,54.2283424102168,38.51122835719297,114.82358743428674
99.72628140704357,55.58231887508768,38.525466504066706,114.8072605764749
99.76871966774421,56.47176535977792,38.53893446514692,114.78995439241089
99.4606796651201,56.703022402544974,38.55158920603662,114.7763949784981
99.15126338774701,57.17829127283365,38.563638311132976,114.7630287567234
98.734435124329,59.518144523943185,38.57484664394207,114.75031539567864
98.03417271396785,62.913124035020004,38.57909093754949,114.74799599144492
99.01123854781716,63.80626690598678,38.5832679665977,114.74362567576564
100.30025310053247,64.43338557698742,38.586665958487636,114.73902224203616
101.597609289658,63.487087744008086,38.59858533606545,114.72638524007185
103.03322317553284,61.189007594245616,38.61075514350888,114.71184540913414
104.12407229404897,58.503563050388614,38.62287547565995,114.69746723915772
103.31909188437166,56.52278900150004,38.63407795513268,114.68410483926947
103.95429745656999,56.665652974180574,38.64535299752648,114.6729793368882
104.89180051320085,56.992113279576856,38.65964746905786,114.6601764905686
103.69923339922869,59.79254002502799,38.66288496276451,114.66069714898885
103.00840296346306,63.43990460958994,38.66634160780193,114.66163944287764
102.71267804985817,65.56707718139717,38.66885784793742,114.66018107141895
102.53469840619769,65.96503689548004,38.681277360840525,114.64518101628865
102.41482620870252,65.59542883462845,38.696123626129236,114.62807362162293
102.48121283391112,66.51490791390174,38.71158317846074,114.61053422528342
103.09238116911922,68.3465262053237,38.715103050631804,114.6068282820879
104.77856642658074,69.08490147032329,38.72889839302381,114.58937612435741
107.01345499999839,68.72103855629479,38.743475265353574,114.56822973189821
108.92044669791801,67.99046572782302,38.757670036857476,114.54875953457845
110.5958525021092,66.70063578559342,38.770056708809555,114.53528096269302
111.55123219966526,66.70207558102894,38.781552591331106,114.52316434875156
112.32932389460333,67.03749773768365,38.79298053816303,114.5104528269613
