40.5,199.5,61,103
38.83475329936326,199.11879507334808,61.123433541043994,102.89222675796788
39.29703958426158,198.95126504130914,61.250878540789266,102.78236029192298
38.46619755168951,198.93685799840102,61.37130796630787,102.67879730457045
38.34788800752721,198.23144476081495,61.49893709318714,102.56967124411335
37.75717027968192,197.15485810728785,61.61810500699234,102.47132773216732
36.98810247227918,196.85575268066978,61.7344775593207,102.3753138701706
36.472339996058366,196.28494108481925,61.84664646365519,102.28466193350707
36.38718889423173,195.61569470622774,61.958530102810045,102.19162075800425
35.96344666479055,194.13667255930062,62.06911274198643,102.10283558980711
35.194423520299104,193.04892355173305,62.17174722009439,102.02081459821312
34.982458566801,191.13504085967915,62.27941780253996,101.93780026773656
34.72932374446096,188.45962885799133,62.38363736930485,101.85775087709973
34.21094462094142,185.09437383925848,62.482724849036664,101.78254106211796
34.1543538433133,181.06190072022662,62.578740674516865,101.71032318427591
34.00789987736083,176.72507835026937,62.67431124723183,101.63625578887547
34.54416164432776,171.77373917119994,62.76224532438195,101.56990567411397
35.60843429717474,166.58404972352727,62.846711283489014,101.50705815954716
36.15360374946941,160.62589945386065,62.93665163381301,101.44375588515973
37.10115337606088,154.53058790411473,63.02415640742449,101.38669259854315
38.90610605485089,148.3826772723646,63.11694641956494,101.32610002079586
41.280335277644305,142.44906416301444,63.2154666383763,101.2619831608829
43.87312100886779,136.71656981524615,63.31446920775916,101.19901298648539
46.5717825170516,130.98021439734578,63.407784447464536,101.13698528163673
49.887046861698906,125.22058221456672,63.503292306784424,101.07222617154787
53.84451462601541,119.36019332138885,63.594865605360894,101.00907031837724
58.09936758446007,114.1665656720428,63.68439140844229,100.94673970245753
62.895891408362864,108.98263772559784,63.77129447474802,100.8868822011824
67.45744478448535,103.93926161550715,63.85291489535461,100.83180493070216
71.93238135543191,99.666567308102,63.923953923871636,100.7813197128098
75.2538481539459,95.74724147719147,63.98582951568645,100.73713264858719
77.43822435530396,92.8457481390828,64.04240965920447,100.69602743256209
77.83365178471712,90.77626370909377,64.0901070965398,100.659853527495
75.72637972740019,89.88498519750021,64.13635392037165,100.62276478823856
73.60462826930352,89.75151797296381,64.18168665147587,100.58538030263233
72.59515987717242,88.89204810037414,64.22693745589494,100.55123431535165
72.65140055753707,87.71394107789291,64.27422025091111,100.51630694567177
73.35633666178478,86.54589375378504,64.32358847896968,100.48044381495684
73.85162871841075,85.77398146656351,64.36979640558894,100.44434738224354
74.38424079856597,85.15601876587931,64.41624619642751,100.40765651640767
74.12775630006611,84.58899208315555,64.46223148766816,100.37229810340516
74.36201168386532,84.25413546427181,64.50955928351198,100.33578928383011
74.7513550265865,83.70603096284191,64.55229773797365,100.30282953783433
74.93313374305913,83.07867578532885,64.59536241682571,100.26976282662966
75.54346013614341,82.1558360457183,64.63995888297647,100.23599794511772
76.22685613062784,81.30850977871927,64.68454956917853,100.20230472735342
75.91556470053652,80.4171863831456,64.72831309485416,100.16822590681404
76.16425556065812,79.8657715675455,64.77302500921638,100.13357694800266
76.52499176458011,79.44386735774069,64.81871504357974,100.09783783123915
77.27648787150426,79.03613768660458,64.86329556170318,100.06406283093627
77.61296810177292,78.67760389162967,64.90983200696954,100.0296465632544
78.04506081282457,78.40272349961765,64.95691654765388,99.9942900667952
78.32211143486714,78.28055646212846,65.00188799834716,99.9612983923763
78.83630620082981,78.23113594288,65.04860329907106,99.92708748411401
79.32081093916293,78.01636305943622,65.09652559463689,99.89166179805014
79.44376448820428,77.65201720718241,65.1421195119789,99.85920105628777
79.42581798450475,77.42746566259203,65.1891797904407,99.82674644841082
79.30276726068888,77.20034874474673,65.23290709268383,99.79481198895635
79.60663896680853,77.22488397201951,65.27756304157809,99.7628978075374
79.51435514881936,77.11969912262222,65.32332090721074,99.73101362165885
79.81255557514125,76.9199896583525,65.36705504478229,99.69928121972725
79.95978766241832,76.89419379983423,65.41133390125307,99.6680362268472
79.9075277729886,76.94415575723588,65.45313566122309,99.63791777768255
80.34692427801525,77.1457563482276,65.49832646350194,99.60535842328242
79.89948957472737,77.09742582062508,65.54323923841723,99.57250941853474
80.25021156315216,77.24505071094626,65.58854835814816,99.54042046266805
79.36517435190916,76.58079278420145,65.63245510180117,99.50883258977066
79.56575386233087,76.40384152316176,65.67543037594449,99.47817023529365
79.87401909322472,76.1983012905666,65.71935871733365,99.44664213539187
79.93299292086948,76.35573706229727,65.76445763067625,99.41434992452066
80.315028545963,76.45537293959718,65.80873801642213,99.38321406624593
80.10539546104752,76.61964824550128,65.8537946630521,99.35132319226314
79.75378296273908,76.75307246588164,65.89914686361034,99.31941325381409
80.11483452189829,76.98996573862142,65.9433180782921,99.28766327745305
79.93679659558634,77.16805978974132,65.98947642136015,99.2556543179268
80.2986880931738,77.05673328819148,66.03514581924023,99.22399364347713
79.93337253137699,77.15355734217914,66.08296395407574,99.19020996116096
80.46371457367151,77.10039120092944,66.12705327170076,99.15990966707558
80.64130114145013,76.94548766806483,66.17385299624142,99.12772283465148
80.44768694910297,77.01021595450308,66.21944663056951,99.095917199511
80.11231538615814,76.9355812861522,66.26239620596783,99.06640303005777
79.8654399645136,76.75145221933013,66.30515935260928,99.03618298353182
79.60065297359795,76.76584712846449,66.34833135928571,99.00628129975382
80.000564388192,76.77147877133004,66.39114559217036,98.97671926327943
79.87878635782562,76.72416635902202,66.43584364511445,98.94573936897191
79.75937410966732,76.71997515750246,66.48091862422868,98.91447277348232
80.26042904616715,76.7244453534087,66.52407442582009,98.88553272856888
79.70928657261231,76.71317761895365,66.56990495284005,98.85339706267925
80.01842442286,76.8983090167194,66.61463794222504,98.82296415906784
80.13165016221083,76.98668548128812,66.65810427944706,98.79315429247427
80.28867655088823,77.09758842432726,66.70304989014424,98.76216889174945
80.00619807095681,77.43574817092477,66.74887137484839,98.73020755666602
80.1887163632654,77.3149960741726,66.7931355645671,98.6999927414862
80.29030376775805,77.30209985667443,66.83705693649762,98.67030677500044
80.43289625219148,77.32117669867338,66.88132934005772,98.63965968925534
80.35859290551221,77.35010069533345,66.92578444920825,98.60931481757943
80.28792788155418,77.25231690429605,66.97160170465625,98.57861611983762
80.33198199626742,77.21710456886854,67.01425626090293,98.54894202430614
80.06715476110676,77.42323484526048,67.05918749108714,98.51822400515836
80.21247121461182,77.34567189707816,67.10435067205728,98.48840725370823
80.14527592667528,77.29753723426526,67.14681558219417,98.46018187771011
80.08860102824,77.32484345006854,67.1887565931851,98.43173272611378
79.936404152942,77.437248807678,67.23149349320471,98.40280281138045
79.96170348020893,77.35645845152156,67.27570557783045,98.37370439075497
79.96393810867588,77.30037910092852,67.31994670809668,98.34388770401017
79.6603593035184,77.57024450754277,67.3641897681072,98.31441794958906
79.89717304253115,77.57992812118475,67.40755038870307,98.28524131117425
79.86063108566742,77.631526383303,67.45029696130074,98.25607064140611
79.79407566801369,77.40309763125768,67.49185839264274,98.22860455450285
79.59392663588821,77.29179108140255,67.53234851855636,98.20144522474685
79.60510040107611,77.39446943697052,67.57457370244973,98.1731924651843
79.55763868620048,77.59665547488157,67.6167010179649,98.1451545201262
79.64809076294446,77.30814747586702,67.65678095087122,98.1181775195553
79.24131383734027,77.50354048835709,67.69673189919037,98.09157602316442
79.7611960087961,77.62180756492988,67.73650208691832,98.06474470450578
79.49863318107214,77.73976714226312,67.77718658121057,98.03755110657053
79.31383968825298,77.80905354567267,67.81674902642453,98.00999784405487
79.03397406866046,77.79187861969659,67.85779254054243,97.98187815398049
79.12198394554329,77.83953462349109,67.89691713790153,97.95637366093979
78.95470549936448,77.77132005104775,67.9384440960913,97.92853095941285
79.35635776852786,77.9228951909332,67.9790817231393,97.90159966019272
79.07792431413299,78.02580569548469,68.02058243529666,97.87411564394958
79.00089244785184,78.08075203758655,68.06148467849147,97.84716353820656
78.65787358268904,77.78085172529457,68.10187029347206,97.82049198766921
78.96222720700365,77.9632937983831,68.14194637099182,97.79432670283362
78.75475615128406,77.87110653924121,68.1838261102234,97.76659073151055
79.22553024430655,77.62933291374515,68.22314721739129,97.7407316543014
79.04516676436013,77.67608280312929,68.26472057039248,97.71325664835595
78.8575622008234,77.75845688475086,68.30401279087074,97.68693188324991
78.65017511853391,77.49218418574966,68.34330239949,97.66109941927569
79.06211273420416,77.50453687349847,68.38120703675224,97.63634512603439
78.83124685162602,77.42191255145262,68.42109673347477,97.60939455483313
78.56975832734467,77.27286030746635,68.46001018650409,97.58338197832968
78.94772023415004,77.06758879606285,68.497744987052,97.5580396611613
78.76288524345131,77.51670051485078,68.5379954747742,97.53075786253197
78.57294445590803,77.35408330636947,68.57628616851312,97.50601168676693
79.03235625840827,77.44533908938388,68.61351117133887,97.48133652816115
78.68753879392783,77.27500155575719,68.65286359812538,97.45558760111177
78.41743728348118,77.22963762236705,68.69041880188384,97.43115660452638
78.57417137328426,77.46760526427562,68.73018923469107,97.40512281211284
78.85946596624945,77.49805376755504,68.76946976731234,97.38014287904222
78.7585593005256,77.47960149406735,68.80810054213084,97.35443789503225
78.670216563953,77.43561033829494,68.84804124784857,97.3292955379789
78.02420477401122,77.29250705477469,68.88675951176077,97.30410812880785
78.19079418511957,77.72438262632977,68.92654387962281,97.27855219043248
78.04423255491446,78.09385379515732,68.96485746243218,97.25394624804107
78.00227345832185,78.01764869879486,69.00365767016021,97.22850853381887
77.92407693381814,77.9924609608216,69.04069697776023,97.20400902752753
78.13962266253151,77.96665580996775,69.07864800032543,97.17905588897199
77.97464244780726,77.8737610197457,69.1155113211714,97.15484741312355
77.75698739182596,78.03937130240894,69.15567312604895,97.12949818544928
77.65761357418211,78.17976170950266,69.1917895625728,97.10514507654979
78.0045387034377,78.21466910804529,69.22980995530673,97.08058432369928
78.04379122551131,78.0970352340177,69.26723447003269,97.05679359626006
77.84751718953922,77.87731174086178,69.30286378978342,97.03344529520122
78.13927553838225,78.056204390577,69.3411345805579,97.00844661543401
78.21918817040196,77.82636321883629,69.37833466029423,96.98451758382198
78.24439961596612,77.98680460299641,69.41734095396035,96.95977933077768
78.30598678831214,78.16254676857457,69.45682081542505,96.93463242652221
78.56286788560837,78.10341003970757,69.49554831876576,96.9102238981627
78.4349381127855,77.76474999573796,69.53263725610557,96.88648625399668
78.29063766895993,77.847393244205,69.57241339834007,96.86092334111851
78.36385305209035,78.00571594440135,69.61268136683952,96.83544061038447
78.5500551059032,78.13130880350397,69.65358289943447,96.80962506086514
78.83073100500437,77.94852525179357,69.6928985778862,96.78585569749669
78.53180613501452,77.98884936283123,69.73396750274136,96.76110540792101
78.47148558949687,78.06828753430557,69.77394073297069,96.73669043806309
78.30111364401736,78.18726177532426,69.81355868026897,96.71287609782847
78.39192675631276,77.84845780526489,69.85215376653213,96.68978315885025
78.45669962716431,77.86050567343864,69.89074548577605,96.66645456303557
78.56607518508721,77.862029366674,69.9300452289047,96.6422744466173
78.37541048411083,78.07373469127856,69.97139477365113,96.61712850354296
78.29733912581983,78.17081035476835,70.00951147954102,96.5933487388059
78.23252238850802,78.2156811522518,70.04800660618127,96.56938543655454
78.37548691080733,78.05562364602844,70.08598294016276,96.5458406308288
77.85703230767461,78.16973863194288,70.12394512208277,96.52204556047585
78.29866032051916,78.2501959473817,70.16099804395685,96.49922656179368
78.28539328851082,78.18860244997963,70.20020866084292,96.4757382679206
77.95944703431668,78.17373049046192,70.23931493580605,96.4522938667067
77.65297250093374,78.14590795198362,70.27937848926626,96.42793720201557
78.21353379110802,78.08496977631727,70.31597456736498,96.40501022304605
78.01632002504849,78.03796057760138,70.35508099018915,96.38096165394414
77.71514729965892,78.01907397852614,70.39390481735683,96.35779146092057
78.21410537088065,77.86048999534998,70.4305813033924,96.33512136951647
78.19154694145814,77.742841527385,70.47024116794974,96.31093464021852
77.90480867862495,78.03070914417314,70.50928349428293,96.28670348216943
77.65635906053055,77.88266547402324,70.54790097502435,96.26297557421827
78.03602352731019,77.83613363652674,70.58514967389226,96.24032078018757
77.7974787538248,78.0001758161219,70.62519892168586,96.21609648931849
77.65476647806842,77.83531091101757,70.665547457607,96.19285799417779
78.05941146293097,78.05979469090582,70.70415948783231,96.1697188316753
78.04042922069995,78.00050504641928,70.74467512885619,96.14588216498566
77.96784966659894,77.86887771030966,70.78270667489294,96.12429628320595
77.91822034400334,78.22217640291865,70.82323956069713,96.09996459689775
77.94931939585143,78.11335619331672,70.86206007951853,96.0767518405807
78.23713845467142,78.13729724531348,70.90096289644123,96.05447087774195
78.42972013216246,78.10421315441175,70.94077347634799,96.03153618782936
78.58496416846353,78.16197547417073,70.98084055544682,96.00848368433206
78.52572095719,78.21635389428458,71.01931482788507,95.98626690981015
78.4979582944074,78.37089848232608,71.05723202123693,95.96413916999882
78.41632825628076,78.38529645250256,71.09649996732988,95.94154517908208
78.6181489916118,78.36012262479652,71.13621453380767,95.91897098470693
78.64872072164081,78.32586291119401,71.17576450822652,95.89594290039395
78.68616761396736,78.38053521800485,71.21544514104531,95.87263899221469
78.70227625779285,78.52259696203419,71.2552500753768,95.84969769314374
78.74942958042017,78.6767733117656,71.29508410042169,95.82750254210852
78.65498962124678,78.53364614928577,71.33427522355954,95.80555701436315
78.42648721130848,78.70504559465299,71.3747896972428,95.78255894755566
78.4098242770056,78.58629426643176,71.41112424137728,95.76107533953088
78.20172911736215,78.70139305735611,71.44965050126362,95.73837001980716
78.53741467671327,78.45017750710043,71.48736532387606,95.71685310653604
78.4397455050422,78.60714701675894,71.52590666049196,95.69411949340797
78.35201054975586,78.93657515532058,71.56358067572657,95.67309699037452
78.41456371478964,78.8932945033977,71.59884247527003,95.65271514137537
78.21402792279616,78.89728361494835,71.63453719935364,95.63226735743484
78.08351354285173,78.57392336739062,71.67208004238955,95.61165198466851
77.83245079219066,78.56383845797691,71.71009496064478,95.5903206465102
77.38194349475069,78.59330716203277,71.7469437129916,95.56909841265622
77.48369371441385,78.56527913750782,71.78393034255681,95.54775844141288
77.55623339172654,78.75928257425423,71.82169829406374,95.5264984703859
77.6006560968053,78.54138639565895,71.8555454614471,95.50603917652778
76.92335204578974,78.45141113173952,71.89176331327221,95.48506813907238
76.49770100609891,78.36274670197963,71.92745069233648,95.46437069911553
76.44241167911788,78.28730339210911,71.96143036676582,95.44484477842079
76.18833538973479,78.08421756884758,71.99574905676288,95.42442020063585
75.84600741422906,77.98841124371121,72.02939699786371,95.40438562350207
75.60568097044738,77.89301105492666,72.0617685674778,95.38538602591439
75.34942174101263,77.91679832141315,72.09305521768488,95.36659963671029
75.78359812771089,77.96293966012546,72.12536421081745,95.34625507166382
75.5586338148745,77.8247091637551,72.15691156274373,95.32676791663077
75.26646872597537,77.84273495279771,72.18890200789505,95.3057752592643
75.24220279969362,77.90854648047349,72.21933446303767,95.28586358677863
75.49417450454004,77.77012523289481,72.24998916545115,95.26595452315533
75.90197170428245,77.84146763093005,72.28221624004166,95.24530607983849
75.92677639527903,77.61952909374085,72.3154182508922,95.22582686792957
76.13695209012594,77.42137572219931,72.35125816254421,95.20655643777962
75.6770631336161,77.22422446440322,72.38498090407418,95.18798783101157
74.39575514961788,77.53608332221202,72.41622957012972,95.169994748134
73.08961134446264,78.10497701738589,72.44882934665418,95.14934025993165
72.44879179454435,78.3911965876872,72.48865848231075,95.12848053512722
72.99397917575905,76.90943593895982,72.52679967866737,95.10735455856465
74.83780324681885,73.7229666930251,72.57145324858391,95.08424641194532
73.32228970367221,71.35010837929539,72.61524025881212,95.06171162033733
70.69091365803602,69.75189067542425,72.65303059242459,95.04837754069864
66.373579475723,68.03967775675092,72.68680784376937,95.0386679410336
60.699104253594754,66.66341626573553,72.7191555811167,95.03045040449442
54.05060462317118,66.54962876478426,72.75027616459568,95.0200391993886
47.37555490276779,67.93725145139143,72.78451867180871,95.00846975429009
41.23809704832114,71.18885624338509,72.82285162465953,94.99547165711921
36.31019461168038,74.82628496218967,72.86342612837318,94.981302047574
31.83502412303598,78.676274773935,72.90488687189733,94.96499914374886
28.222398063006338,81.97282725186186,72.94919693339338,94.95075876232752
25.96027181886241,84.99886215483399,72.99003763274081,94.93523423302511
23.578797010630247,87.3869450490563,73.03055415899517,94.92153487524456
21.42508066927629,89.50726988828615,73.06880654385152,94.9092086564101
19.434010049824067,91.43746591531996,73.10376536584008,94.89597455751216
17.168507587910725,93.36623476206448,73.13578309179078,94.88327262223234
15.400975966585683,95.53344792893913,73.1626797828509,94.87125019625894
14.14181845661323,97.29626378046288,73.18877154000894,94.86059976304783
12.846463781421576,99.13777554046426,73.2142412224998,94.84874099409794
12.07688792071751,100.84805567159532,73.23810161070938,94.83676961809681
11.656677500792057,102.55559766398628,73.26090706073637,94.82573216880685
11.71885137103984,103.81660807940085,73.28425003364642,94.81407396309977
11.82604432375009,105.0502564607656,73.30821778296816,94.80250287023111
11.801285655324591,105.99628074143908,73.3322999161328,94.79051843871356
11.774703978645405,106.50505995527917,73.35480806237874,94.78001422074254
12.169063370711953,106.60163565208593,73.3773787675149,94.76946785528148
12.602598267329718,106.50535150685674,73.39901452590367,94.75967898767502
13.033062389871489,106.28733133166844,73.41841344594692,94.75083754121476
13.790985971732212,105.8372502940926,73.43635031409346,94.742764185649
14.724018171602552,105.27034793663805,73.45339619915808,94.73435591361198
15.91642852730817,104.8827965400942,73.4708148104092,94.72596185001022
17.361927722926126,104.46674693179934,73.48655756144623,94.7167153987609
19.160726416523524,103.93537436914045,73.50357513778293,94.70706412648805
21.195190005510987,102.96442733660304,73.51935140524257,94.69721458881017
22.90220201799209,101.04528265464947,73.53713156042564,94.68770012161684
24.688986947757215,99.52695189464842,73.5543600788861,94.67781160614227
25.783958228347146,98.27746457573818,73.57200952820429,94.66671139006563
26.89756016705121,97.95004222287236,73.59084432610439,94.65459639282868
27.601186427666185,98.4510986120325,73.60992713965227,94.64166853052785
28.162385564741122,99.09346972877984,73.62807304160408,94.62950799354347
28.693648448097704,99.92554671765458,73.64712612563707,94.6174741291668
28.941301858425597,100.5532878647422,73.66580124334341,94.60618670021829
28.94964020559351,100.69691329312826,73.68428040040152,94.59526297662491
28.724194822105233,100.85230862220362,73.70320444536651,94.58524882990493
28.283307503588468,100.97652030037155,73.72160633927031,94.5751107021791
27.423943894230952,101.07977404625402,73.73967452134899,94.56459272977186
26.463886564590545,101.3362193170592,73.758037543171,94.55403499474868
25.205686005623264,101.14706526427977,73.77709726668112,94.54341882943923
23.635977129022358,101.09909707329916,73.7957901034248,94.53299861296362
22.334626111527243,101.20889212168089,73.81457714322156,94.52256026104271
21.176412067951013,101.48957485598561,73.83409399074999,94.511068323298
19.917550101501284,101.65929580319172,73.85361035452713,94.50012762360127
19.205310463404665,101.98099542264214,73.87301682245469,94.48949951907694
18.55649724314341,102.4142871795156,73.89188855182607,94.47911664076324
17.843897542884775,103.09021400838606,73.91077500983846,94.46912351578294
17.50421448545984,104.04541538795203,73.92948276516074,94.45916013825041
16.954924152081077,104.59559957244461,73.94793976896966,94.45001322102459
16.539409781717303,105.33446369106045,73.96626484062601,94.44005770603717
16.191516277364087,105.66296162492878,73.98520141121446,94.43117908254413
15.969329430711525,106.19319580477193,74.00381671290086,94.42157851880204
16.01588196472381,106.36310648831352,74.022367960501,94.41239693128661
15.839242417276644,106.36603475200118,74.04101921845266,94.40307807882817
16.16260812899184,106.4946608075153,74.05876877923323,94.39417229653529
16.33643051789143,106.76773470101624,74.07695424406788,94.38475956736423
16.70668120378894,107.32581699864464,74.09525629949225,94.3753166117406
17.10612137437075,107.91449393105549,74.11396357238807,94.36617885619471
17.29415420639036,108.33304615759522,74.13231954540711,94.35692051298234
17.598128293978263,108.795612892555,74.15089254037062,94.34770110174811
18.054011867647276,109.19445604037296,74.16972603619055,94.33849979670894
18.20282538072408,109.30080305465523,74.18885823874331,94.32929088450699
18.397692945571528,109.65808880775427,74.20825585789065,94.32068799670184
18.587176161314474,109.83400679215589,74.22714411218814,94.31175704265195
18.95373340632132,110.16322116377737,74.24586079607124,94.30262869585141
19.01435210179524,110.30570843642438,74.26427251317565,94.29367423040853
19.151971303072926,110.43917691125097,74.28291734488275,94.28437332120448
19.376694836017514,110.8636595672457,74.30153959395024,94.27530975453439
19.56706936768608,111.61428846710524,74.32021973269288,94.2662820125317
19.75600287297374,112.19612796046206,74.3383221129867,94.2577992156984
19.978891728898496,112.52091572776122,74.356977504937,94.24893463099787
20.300927335234164,112.69331606950958,74.37622599918248,94.24020132602212
20.768288144101817,112.72924446964709,74.39568205907855,94.23135209655027
21.131374602882055,112.84884902832431,74.41460063941618,94.2224427798302
21.64564455109455,113.15229365504341,74.43424358810685,94.21350040863993
21.8674080338254,113.17462372303342,74.45410700278927,94.20420093678916
21.892110926903115,113.17012202825,74.47523680936865,94.19381868118995
22.468162209656285,113.42778313240282,74.49608939923493,94.18319021945108
22.83020080671666,113.70339102547663,74.51717475174885,94.17284134471475
23.07389131541673,113.91710882162833,74.53835707405895,94.16245811080026
23.546784631910256,114.12511582762687,74.5603655746626,94.15200977787651
23.72468032549539,113.83590414606417,74.58192830274005,94.14145562530443
24.33683059152397,113.83565427877545,74.60295560099753,94.13164017446913
25.095794973063718,114.19337972595079,74.62419185790705,94.12143531140278
25.58173924730042,113.85072807054581,74.646559150212,94.11033285381826
26.348305604085034,113.59054515464516,74.66723476813233,94.1002012538645
26.91953916069103,113.31303652702414,74.68959464409423,94.08959057655801
27.59743129491283,113.00856502434227,74.71204070897888,94.07904641551701
28.266876235683895,113.09223997466611,74.73510098650962,94.06778175273
28.647558554310763,112.68275958297207,74.75760817876562,94.05712265162713
29.026293928907933,112.37659467266006,74.77948693547262,94.0470033722336
29.398615314477496,112.24207238057271,74.80188513227478,94.03663351124649
29.74467071264406,112.1562142193985,74.82450543316303,94.02580609391842
30.214458964325544,112.06520520610222,74.84805427789118,94.01489245354074
30.711621559463772,111.82990645984698,74.87068494012327,94.00513212029514
30.799433692948433,111.18276620153944,74.89328325072582,93.9949651052101
31.12569016054392,110.64331642738077,74.91575131357409,93.98463125508992
31.671243215029563,110.34004344505148,74.93865231996688,93.97374164521696
32.19338924718497,110.20803430584567,74.96175951903803,93.96305564611315
33.03366661819081,109.93470919252576,74.98500009086149,93.95234003804
33.93113891675225,109.91504406701168,75.00913298549885,93.9419701816427
34.69074536628664,109.52365277273421,75.03221232371187,93.9309744699123
35.616028400901065,109.6496211943699,75.05681934637146,93.92010676469101
36.537412852990805,109.18720514635356,75.07954278609456,93.91002755005093
37.30505351743618,108.87856382077128,75.10206747221847,93.89975226788496
38.199678449802875,108.49826162558281,75.12362400110842,93.88890142993318
39.37181493033203,108.47835998393472,75.14573530785712,93.87831370228928
40.285781154905244,108.24580654528454,75.16772801911871,93.86774279133206
41.02374287221691,107.60165558447548,75.18896394633468,93.8571536454453
41.30459110700433,106.6394170851998,75.21022408886998,93.84741164127298
41.65408829946654,106.09823467058469,75.2313140135235,93.83619109853205
41.91168009415531,105.8920252884278,75.25168483317306,93.82532732896178
41.75769727946758,105.35381075007041,75.2730193552182,93.81355655177946
41.4265511649309,105.09236000102237,75.29256018858919,93.80237253771429
40.931646389798686,104.92188547329737,75.31148744229142,93.79133187687287
39.529176169922565,104.4120103435248,75.33045862468893,93.77977217414538
38.473624027822,103.96741470242823,75.34905793071013,93.76859405059204
37.47175220102023,103.98265238645467,75.36809232146577,93.75809078525572
36.14327322858312,103.71739211743261,75.38802419479153,93.74746015733763
34.68585069142311,103.2162862653266,75.40930528328695,93.73689500989559
33.54471020670708,103.19164354752405,75.43026446965322,93.72706237951763
32.52099096485833,103.07196725521288,75.4509550113799,93.71743122333339
31.54595018077449,103.3586847450874,75.47138961070603,93.70700324069281
30.635523308819273,103.86821460658409,75.49138962536841,93.69775801850815
29.559842846615027,104.44051127388552,75.5106716637448,93.68841727885311
28.199423793452112,104.82621713847132,75.53063758722456,93.67905301929744
27.300684064085765,104.57544169332093,75.54943314512413,93.6690384627446
27.02461146519275,104.46624277331439,75.56837974786316,93.65925452337305
26.89849036696002,103.96995704026307,75.58824584569581,93.64966794370696
26.4868772458196,103.02604004019466,75.60886866438122,93.63995302988808
25.306103455087936,103.3470235303327,75.63050597706098,93.63022080179017
24.00496305723859,103.51819727572426,75.65289032271694,93.62076528187995
22.999694326091067,103.41532995812855,75.67456896600412,93.6117541571074
23.44003064684508,103.1869390939543,75.6969786356495,93.602516553047
25.093328458013445,102.6519398125391,75.71920610291238,93.59352656378388
27.820205463224866,101.64728029167874,75.73868245442802,93.58455198634871
30.911740797832813,100.64241044918711,75.756686862269,93.57564161640032
33.97956893174576,98.98339521465019,75.77689101848486,93.5661729342443
36.62346118997066,97.86410372138714,75.79861768672744,93.5560805743959
38.73608803511762,97.37582900434124,75.82157299606732,93.54428265693664
40.04615470027444,97.85302002253312,75.8467212190221,93.5305982905358
39.83959092873084,98.79065884924682,75.87361558134796,93.51766800153405
39.228973337931514,100.01295928270494,75.89551030026199,93.50685114264392
38.57079224819595,100.8539175267366,75.91381551962722,93.498228125917
38.893762069411,101.45827771138917,75.9299359591559,93.49026514091207
39.663254778612675,101.75138802250507,75.9492172996713,93.48122889778108
40.24092814026643,101.28221585641097,75.96974051807521,93.47208027285409
40.31101825448791,100.60174955460012,75.98857707763808,93.46275228020048
40.244791256586126,100.05446816493375,76.00599813233868,93.4534606417323
40.56753362926645,99.65187628630412,76.02445649887454,93.44322609597874
40.37885135787789,99.43434191801737,76.04277979786008,93.43291280373411
40.26589127652275,98.9569766817589,76.06099362836363,93.42263012985057
40.509376994666596,98.85020388872958,76.08054299981902,93.4130986571171
40.3860540357453,98.74277230953132,76.10004737343877,93.40338885895157
40.44540259448318,98.72090965780876,76.12064364349526,93.39303913364938
40.8833064576679,98.53435684854699,76.14024037517177,93.38315489855239
41.03441299897034,98.21933073419521,76.15940939791739,93.37357674996333
41.406572055329136,97.54374120364376,76.17994386860815,93.36386506494958
41.54379887391152,96.97645733574761,76.20046241276357,93.35425405261108
41.556813648171946,96.69768472269936,76.2198900671839,93.34406891152389
41.81541689863799,96.42469089088084,76.23951995197874,93.33451643071741
42.2449573476099,96.02359759281147,76.25900889541981,93.32425845917581
42.96073254812876,95.81286047335809,76.27793669052619,93.31314531290496
43.69868529126573,95.19417301676278,76.2982818336773,93.30158595714417
44.34210616975542,94.54359740724284,76.31859759317742,93.2894868729156
45.248258774642856,93.9635619524609,76.3393804237544,93.2764333499157
45.96978348508691,93.44523794618479,76.35942738310007,93.26394746564024
46.73386161919859,92.8035314131495,76.37857610278411,93.25229059877317
47.30631737609302,92.33402443276154,76.3975245524123,93.24148457749727
48.1590432279213,91.72513643644325,76.41772077508631,93.22845481547228
49.05446066472215,90.98758210397503,76.43870700458062,93.21553590777688
50.55273033910505,90.25229456187975,76.45952405153626,93.20233692599606
51.92940433415221,89.35685732559529,76.48015787105803,93.18933762117545
53.014625258573325,88.8665350735605,76.5035817982778,93.17478208728879
54.018509224841715,88.01742001231301,76.5259723854859,93.16185989464402
55.63756891968429,87.26885740981132,76.55090188305356,93.14783366665637
57.4068189782531,86.31809881708779,76.57468861970622,93.13453506860276
59.08803923843713,85.74314713846306,76.59871102620278,93.12103932554857
60.74739340266668,84.88346924885502,76.62424097899368,93.10724259602898
62.296886246460296,84.08867753976111,76.64990529293233,93.09394434421863
64.04556038472607,83.33351424883402,76.6749013672156,93.08072041566632
65.34802827929211,82.59174908829971,76.70004818535281,93.06914856960545
66.59660535635115,81.9540655446587,76.7265689961395,93.05657968467371
68.44467621156346,81.56168705934667,76.75138289599018,93.04488705364751
69.78665596233509,80.94410186855103,76.77472811055712,93.03324127694412
70.8286101920505,80.30312843459589,76.80009284639303,93.0210296861447
71.90366811237769,79.62840705291836,76.82235912205643,93.00965024872458
72.4651606246406,79.62433189663227,76.84525122040961,92.99782691817268
72.88139833433291,79.5598981187521,76.86730553945118,92.98699708611849
73.29211923899582,79.38129796838425,76.89005724828715,92.97577410375406
73.09795287574374,78.99619307265088,76.912615522105,92.96499019519334
72.70295115678047,78.72219682805871,76.9373248254147,92.95233311057473
72.86322880558211,78.82215187609324,76.96002239527166,92.93942579255896
72.8540509636974,78.92291833794829,76.98189310161507,92.92739382657628
73.19624028046351,79.28210874544936,77.00449302757687,92.91512718450961
72.77085099990856,79.15680611747156,77.02650774610409,92.90379345130279
73.15306506306496,79.38090694317889,77.04967673959949,92.89226687160445
72.96510021096564,79.0944475379851,77.07119806042866,92.88158539932294
72.59578610473352,78.87419762438412,77.0930071653604,92.87054284905297
72.82334494871971,79.17877969683768,77.11595726288951,92.8584214435372
73.12924033013493,79.16228081231839,77.13828356691926,92.84659476509296
72.91104409905728,78.92283313655201,77.16011901913917,92.83540764406291
73.30343458917059,78.90628650913396,77.18279131363941,92.82376795199652
72.97635441355604,78.77814362020973,77.20493309873696,92.81224511368363
72.62681740327264,78.72465239591489,77.22704975045305,92.80043009611443
72.86373323023307,78.91254992806094,77.24995808009082,92.78867937028706
73.12466785341172,79.28715060521617,77.27243719284151,92.7769597292716
72.9307212894895,79.13047115965234,77.29354199299202,92.76620057244659
72.67149588268344,78.624492941791,77.31499217193385,92.75615168857392
72.9392544583661,78.69439405240706,77.33641384760638,92.74443558723205
72.62450029986785,78.73765407434719,77.35945378510533,92.73321446362556
73.07629727556336,79.0981475806892,77.38167088603669,92.72090855750892
72.64767116236955,78.96635394015303,77.40383789923996,92.70965685456865
72.93803308434721,79.09498919117178,77.42580129493155,92.69774815749334
72.6297392066493,79.20189380306653,77.44883383830648,92.68703892955534
73.10513681619554,79.33677036011514,77.47128501480192,92.67643593309386
73.19000849840977,79.11786232253037,77.49338897474482,92.6660563123863
73.0012507323697,79.01112246870963,77.51454195537421,92.65526430534042
72.74242863437077,79.04753691146516,77.53478866897692,92.6453746911602
72.43573845755643,79.11851188191352,77.55573372225541,92.63483241348963
72.67750787744367,79.47960733338391,77.57721502408249,92.62360833603407
73.04051811325172,79.68809243358321,77.59892456917477,92.61374501200876
72.66549864142321,79.47873156659631,77.61955805008992,92.60438982308905
72.990429492615,79.57480592198658,77.64012086867577,92.5946620068121
72.64722094209517,79.31954234374983,77.65941226781109,92.58551951130042
72.64439164653763,79.24994575625485,77.68026464539827,92.57517925058806
72.82957359440628,79.46052912691802,77.70189474914216,92.56442014185106
72.81992870846081,79.83576785691315,77.72379191876823,92.5547297707318
72.81193619623423,79.65666279743056,77.7437650369179,92.5461311176099
72.59265246151477,79.70513233434315,77.76403405326424,92.53572212571247
72.38140543901807,79.89869328204685,77.78474618163932,92.52547110089527
72.7463144105057,79.74275029038675,77.80482363251245,92.5160980028518
73.03863354486657,79.42167699859607,77.82488628675674,92.50647071644187
72.84494853598397,79.43507089426804,77.84454207827606,92.49635984463274
72.6394373259842,79.3911083772932,77.86502336201079,92.48640430650181
72.5788659032966,79.2370665205525,77.88458350141141,92.47662342313947
72.19467502551625,79.077400739356,77.90423722009163,92.46722028962108
72.19669760636774,79.02963545273789,77.92501455426641,92.4575491640176
72.09555633282426,78.69675407153629,77.94432352278109,92.44782285838951
72.19160258110168,78.88132728665511,77.96371310406323,92.43772151644306
72.42529218122175,78.83580886062303,77.98362577632447,92.42860305966454
72.30227306229281,78.70433895978934,78.00339110334897,92.41933578001401
72.31734444578628,78.89477462121454,78.02156848450224,92.40981471575243
72.09085685120291,78.82675483788557,78.04118086186516,92.40017606023095
71.9603336624914,79.00656958420092,78.06178499308952,92.3901377631836
72.48361095064044,79.27631810364757,78.08110976173162,92.38042647658673
72.75420382459691,79.52572011105693,78.10102837106128,92.37172707745634
72.81150638162092,79.61816933567778,78.1215662539205,92.36245101693517
72.91618110131077,79.67266576077836,78.14102800407308,92.35308449925543
72.74783109835063,79.69980804469795,78.15926039295843,92.34414008201097
72.83143593824451,79.84421516830139,78.1789148955237,92.33482950811914
73.18651877412151,79.9129061766394,78.19909155231812,92.325509084022
72.95899538599384,79.94124606530872,78.21848166181778,92.31697642253977
72.64754310956866,79.7834165110393,78.23710258382022,92.30878609145762
72.59772327639386,79.8271003876679,78.2562472279325,92.29992833205162
72.61177856423095,80.03348103389087,78.27529989286991,92.29221919486196
73.09820488268647,79.84284186091489,78.29406863104276,92.2838063369813
72.7890804572433,79.7333974837106,78.31311002104883,92.27482698144837
72.59416429569836,79.73944534213635,78.3317977215744,92.26583838907078
72.53826270263262,79.85403287161876,78.35074400880202,92.2568654929678
72.53808404417651,79.80784495374833,78.37110615696871,92.24738757806253
72.46963932648754,79.65473194558743,78.38921759455489,92.23888002953066
72.60597910875671,79.59123856503268,78.4069585324408,92.23045128129701
72.55654163414036,79.57146012390288,78.42544280481745,92.22203695963339
72.65508574166282,79.64914154937492,78.44493988318476,92.21253129381466
72.65313106544968,79.67544647385941,78.46462223021871,92.20359368984151
72.35598716517659,79.75327433551654,78.48367502157149,92.19545625859669
72.35789438511549,79.93333588189793,78.5037984682745,92.18619334430453
72.51936790817905,79.95712004224518,78.52133774002039,92.17848006794516
72.88902839664581,79.75008658816223,78.53994835316713,92.17045877029668
72.48618670989495,79.84747869679295,78.55924601166105,92.162419645308
72.28846204108345,79.7680267354362,78.57755989367568,92.15410684982466
72.4686372048167,79.82283959614139,78.59646152314889,92.14524815227567
72.32891432218052,79.82374013583316,78.61567585312233,92.13741077919923
72.16345932942036,79.82841235909308,78.63402474388177,92.12995490678043
72.39519734898883,80.19807835967816,78.65312051522874,92.12142705094641
72.11997222628452,80.2043187243026,78.67160174980744,92.1134726476647
72.55087449121592,80.31596899966237,78.69107490034168,92.1049332349075
72.43306798259641,80.13936467054393,78.70995537089357,92.09689629077508
72.41673608971054,80.03147495484141,78.7282687842987,92.08891133242676
72.48187059752242,79.78787881867632,78.74711376649199,92.0807970533005
72.36471791705468,79.92184389301752,78.76554429157866,92.07282275784188
72.17154540859161,79.83459570396968,78.78313071947548,92.06550464418878
71.91844244338532,79.80896428048025,78.80066940020852,92.05869611254914
72.19065428538434,79.93147164587398,78.8194981652461,92.05114995223249
72.12144330129485,79.93808268804142,78.83706857199799,92.04415015788453
72.0498627118194,79.99338781684702,78.85590787299247,92.03620349177741
72.29726077056922,80.07080926031702,78.87481605541959,92.02828504092979
72.46814111165696,79.97656296740686,78.8917844377087,92.02094416725362
72.66294349110542,79.87581537879026,78.90858599199268,92.01364995118104
72.93522319118628,79.71152820565251,78.92653827434134,92.00662332528096
73.02847624989516,79.70900005470324,78.94468701443985,91.99985991715579
72.70407728340756,79.77972564353291,78.96412075492927,91.99263799719928
73.02298369315625,79.71825912962953,78.98210154266685,91.98543465434715
72.7976979197856,79.76793842269353,79.00098236670419,91.97875297599695
73.43895656947831,79.84854869313236,79.02136132853398,91.97198687499774
72.03136259411804,79.79944913722235,79.04043626503336,91.96833681082813
73.1843301423038,77.30599581800666,79.05569534056733,91.96382699494433
74.55831904438426,76.88324881948992,79.08151194901934,91.95419020031368
71.81471502879128,76.39479271931246,79.10321056553245,91.94834083879803
72.31055059692167,76.99384505057601,79.11842579230114,91.94249143483111
72.80037544166713,76.79192201468646,79.13136670902284,91.93783299072389
73.74430693523159,76.71610686356838,79.14755514496673,91.93232127964868
74.05318328689492,77.1446129231601,79.1670799255802,91.92648440908815
73.71350427891468,77.04120948731256,79.18581671570678,91.92234613648755
73.84679800613888,77.52737623278122,79.20477583227469,91.9170553897099
74.20858243092768,78.12265560911088,79.22388943966732,91.91118294018932
74.37319342157198,78.45336674631083,79.24290193303767,91.90665791262703
74.39036040412645,78.89283414314215,79.260511292435,91.90100936621782
74.34081581501935,79.54714915261808,79.27623604355952,91.89719905036807
75.20509523110816,80.62937302539737,79.28893905124855,91.89337223262015
77.24488760697807,81.79918860505157,79.29886426349799,91.88942418068785
78.5438134259189,83.42215785063054,79.30724598399951,91.88529815710498
75.75292491235597,83.70062440257378,79.31815165797596,91.88238200096478
71.5676306134179,82.25052333155384,79.33843088390384,91.88329668077017
73.55331962146799,78.59974595651886,79.36485822478303,91.88202502626861
75.29786454128143,77.31238077542214,79.39045663855889,91.8790848142738
74.55305382661234,78.06440045818842,79.41154669773408,91.87411144395762
72.8260148175798,78.95337798508123,79.43087511252767,91.87033704088306
72.68939649738427,79.10218064699501,79.45354389946797,91.86572651428524
73.03750295512265,79.16416469517978,79.47470387827832,91.8598354054803
73.37948085198316,79.53821571407977,79.49463918305659,91.8539782669532
72.89087147664614,79.9045408225956,79.51442518684344,91.84795653226331
72.68453982179636,80.24018059051384,79.53078365073306,91.84203738756682
72.69328464106482,80.34810034758299,79.54739374379044,91.83613166101284
72.7805927336467,80.63742930103689,79.56468910700276,91.8308964244694
72.8006610594042,80.74892750913011,79.58142793768934,91.8252280053714
72.50621858278586,80.92662562294032,79.59786815396849,91.81999368780806
72.26309832664424,80.89979695831872,79.61453999645573,91.81433078701428
71.84348634473042,81.01787555789156,79.63192534295855,91.80902614707747
72.23893456822753,81.35736715777148,79.64924636184183,91.80329004624035
71.94023486136584,81.06627076781426,79.66565909696492,91.79762653343019
72.4696149942137,81.37406775548068,79.68257849111265,91.79161176361035
72.05156565960218,81.50523560638966,79.69831000287644,91.78637491538049
72.16208980364844,81.77958498842811,79.71424088641763,91.78052295020038
71.98882314800179,81.76743152624012,79.7292925621404,91.77541780987505
72.18888963587273,81.75539970577003,79.74596935388321,91.7694527425361
71.71202319365067,81.77803909961176,79.7627072684825,91.76417503429275
71.7790987233806,81.82071145942895,79.77861717563354,91.75833449908325
71.94920604931332,81.69067751741248,79.79450344063059,91.75259073117107
72.0429799101999,81.77666291770021,79.80997323678174,91.74731852051663
72.26272897650745,81.68030669706295,79.82519050510085,91.7413829113637
71.67820151927201,81.82477094303265,79.84119785792623,91.73583576231218
71.52295062413711,81.89398655525196,79.85747988610918,91.73044751413376
71.62396698984011,81.75887768358606,79.87276379710677,91.7246260445234
71.70467351614779,81.71763711999988,79.88804603171903,91.7193280073815
71.69387615964628,81.72219521036746,79.90353095244856,91.71352805445865
71.30583652702451,81.66951519878606,79.91919919359847,91.70742950785638
71.25164102272254,81.63336988759735,79.93468377928933,91.7015699770737
71.05927636346644,81.59873064392818,79.94924724310908,91.69611205552273
70.90168514520118,81.47714551516766,79.96436133099343,91.6906404346773
71.28193450376884,81.76632543635489,79.98088098210229,91.68466542659239
71.01317812313691,81.72011556884618,79.99641834530249,91.67921192835108
70.91296461716216,81.59094303628984,80.01204188628279,91.67374907086209
71.32319921216617,81.47254797741229,80.02869883210089,91.66777668260903
71.7205389298989,81.25239832566692,80.04463594946517,91.66216478724533
71.41916231111163,81.00098107914476,80.06035156411107,91.65688160450838
71.79067955144211,80.83738131731644,80.0774051099737,91.65190453223873
71.4525306149226,80.90715662830009,80.09359054242665,91.64709712392502
71.64751522809053,80.87931363529643,80.1103741408741,91.64161474475185
71.39095188149722,80.7377000477332,80.12683985645874,91.63667751286346
71.7933672828977,80.5220168108248,80.14317181391547,91.63066739809726
71.68512337057965,80.63126526619996,80.15873343899618,91.62530774146586
71.52170483949976,80.58360972086227,80.17527387625705,91.61999032947429
71.30926053506754,80.726964085688,80.19096199560047,91.61399551564773
71.9026618118664,80.6322527611234,80.20697509389638,91.60844587318816
71.8821331330991,80.7381956573827,80.22272494883337,91.60312216760933
71.63125971354225,80.58921427108156,80.23861322833865,91.59830130197273
71.51523474861375,80.51160923629408,80.25408048738778,91.59319834643077
71.35907925741282,80.56585410785537,80.26971894676797,91.58815554140565
71.7844226965549,80.5458322969891,80.28541651510474,91.58214368602566
71.4922086291788,80.52339291045054,80.30078647000158,91.57653257150761
71.11494857507216,80.37664945197677,80.31640281730485,91.57136305463442
71.69889415103759,80.50190324429022,80.33300711444012,91.56607978195537
71.41976296695734,80.61378559214793,80.34917721890208,91.56087205659783
71.38828426385336,80.7434376024575,80.36457562083302,91.55610299577177
71.51404137983184,80.79908113374367,80.38049303546154,91.55196011015943
71.54791162246151,80.66866200813234,80.3966219925459,91.54720846851785
71.76201625475106,80.57067269582781,80.41113007153561,91.54196732579484
71.95232339609518,80.5359343944947,80.42714533095972,91.53727117834566
72.23916618482008,80.49115729794593,80.44287715148583,91.5324262023558
72.31025034750353,80.63602314480195,80.45762987011099,91.52703161201062
71.74592287007604,80.64971067838744,80.47334081804608,91.5229192151033
72.00636857458525,80.78458861127683,80.48776253845271,91.51831985681657
71.77292921343931,80.84280416865508,80.50261054241803,91.514694786579
71.90125428598039,80.89037946362001,80.51888029060066,91.51105069272096
71.81405613935851,81.07650522735241,80.53445754914877,91.50734562135473
71.87062450373178,81.27592961366074,80.55072090978538,91.50440460840451
71.80052522793721,81.45408939464133,80.56627037627003,91.5011928862661
71.90531916059301,81.82598313701847,80.58281274317338,91.49888646726194
72.28707659455324,82.01411953562823,80.59975131878012,91.4969390050682
71.65301971232694,82.02289680749108,80.61695575477206,91.49515971906405
71.75759633361828,82.2348830595125,80.6333122153487,91.4923454691678
71.50900614898555,82.27149819184922,80.64792831411778,91.48937435833729
71.69686285159929,82.27231117345434,80.66341732888657,91.48694809403902
71.47112190556857,82.33531988170591,80.67773977208593,91.48454919833218
71.66861587408494,82.3170161737887,80.69320139951013,91.4813374928058
71.67442964480537,82.24005173461597,80.70909557822536,91.47868048407678
71.38787908556742,82.29667253631739,80.7231152614977,91.47561215823086
71.61433619756343,82.36125413912121,80.73693261561732,91.47178476519187
71.84735808226864,82.4759827319244,80.7507226279261,91.46874325844426
71.20988841621738,82.1853576261982,80.7640199808111,91.46551854867018
71.26748209448184,82.2754542442097,80.77858970078402,91.46167458001072
71.13248257058662,82.39912803682994,80.79162197887919,91.45848976289577
71.1717790061987,82.34747596794409,80.80454757680985,91.45504731649044
71.07281370895663,82.2684023451739,80.81804538161064,91.45173831982711
71.23935789498813,82.54669325500464,80.83167088031142,91.44765144330758
71.06781042538509,82.66932286919587,80.84493812343253,91.44426574745874
71.06880026157691,82.49389027932834,80.85857808569955,91.44092415653532
71.13461465539368,82.3961662130676,80.87148361770522,91.43734343945505
70.97495648518556,82.33013503218928,80.88519970239369,91.4344380419601
70.86455543167648,82.37409143260257,80.8987699897822,91.43051737963849
71.26722682338438,82.40200834332656,80.91262074837002,91.42697195261186
71.6385137125213,82.19166388915939,80.92577598973804,91.42333768956902
71.12347629036162,82.2133476652389,80.9390896503187,91.42066026517018
71.27599558250708,82.27744643492673,80.95346708236804,91.41666244403142
71.607137630647,82.33718719239653,80.96723829824487,91.41264952054348
71.1458650891074,82.202682800209,80.98113405595328,91.40932507036997
71.43098938714047,82.4396330025549,80.99586171578086,91.40531672047437
71.2813392124487,82.49873301520208,81.00930301679784,91.40201944483765
71.14647374128086,82.56363070534815,81.0229494573902,91.39877211637965
71.03694764801115,82.84048234572964,81.03576519206538,91.39577730834539
70.89257089905348,83.0672258266229,81.04963527070545,91.39209626191453
70.69240911437569,83.17319021626614,81.06391704981405,91.38810064031047
70.70897281255202,83.17122803056705,81.07789206008236,91.3849805929937
70.69597557953624,83.42545377118012,81.09247539941092,91.38172925939638
70.31482512999625,83.27202211504596,81.10556832501067,91.3779852873572
70.44479593488117,83.18944747195228,81.12016979199443,91.37449497326762
70.39316112203005,83.29116919511868,81.13431929788656,91.37107310679644
70.65390002793202,83.29702722843277,81.14770525609073,91.36709064736732
70.65084401731913,83.20016111504196,81.16186619262075,91.36390136166436
70.65006414409454,83.2021487420036,81.17505694730752,91.36094541270859
70.7107463829519,82.8491170740246,81.18760945856167,91.35751618446524
70.85958684293291,82.63299832129385,81.20089088777603,91.35407425419675
70.88646664749099,82.65606147420596,81.2140747229715,91.34997557828444
70.98372200514535,82.45989829996472,81.22733694806004,91.34589706436306
71.228970786152,81.98139749413761,81.23986277204833,91.3414878555331
71.75342317364343,81.80865689852465,81.25256058953373,91.33820161716879
71.6252216973174,81.65475407152984,81.26680106123544,91.33457541619512
70.87212983033696,81.50683039320651,81.28153639279154,91.33216354437381
70.97512483990377,81.36242174646506,81.29477565460654,91.32851288608215
71.28452303679694,81.50013817561832,81.30724591435796,91.32538602300153
71.4212064007567,81.52288188182666,81.32057562045944,91.32207723023781
70.92809816140198,81.50232600625445,81.33344187228978,91.31867824804604
70.63351408927367,81.60127485567486,81.34697327204717,91.31541196183052
71.04089594589581,81.7070519569451,81.36058924945,91.31180553501163
70.92993460071081,82.04963728248222,81.37472460490105,91.30877588993023
70.5686472484341,81.92887122293561,81.38764420338678,91.30538791918259
71.05605280427841,82.10845080281904,81.4010886520963,91.30183096421538
71.0117771970961,81.78182600531107,81.41487920593178,91.29967396495486
71.17254948070888,81.80479065237928,81.42847748958206,91.29697191498698
71.08193122133822,81.72138864805116,81.4427566001336,91.29449879208576
71.22701501900453,81.95374581925005,81.45639992909261,91.29197615062336
71.06563920518542,81.9911225114561,81.46941882157381,91.2893115069773
70.86218299572388,82.1059486627247,81.48265287335896,91.28645541425225
70.89381734448082,82.09176294180016,81.4966833981952,91.28450257397671
71.5209282451866,81.98962943219368,81.51289096957115,91.28192025656551
71.93987151596538,81.8203977343055,81.5306257659042,91.28105345596126
70.52664679692055,81.53470286849515,81.55082343969639,91.28061970983691
69.49702014139407,82.40503201984836,81.57183059596419,91.28114337677313
68.22900596251884,83.46263776091794,81.58694535279301,91.28068561777847
66.30020380579063,83.94986704133208,81.59812747081487,91.28085508820402
65.92178720268856,83.89774428883874,81.61113029419504,91.27999250344567
66.71842458850814,83.12495382613038,81.62576853982884,91.27883528112679
67.74068979349528,82.64463899875756,81.64223585438766,91.27918410024394
69.121238203823,83.0706927713064,81.65958785384635,91.27866367186455
70.16594062830116,83.1779372714566,81.67435571149403,91.27719662049773
70.67236051344892,83.22468180604199,81.6858320136625,91.27575814839862
70.64151888788486,82.91045049002574,81.69845638040837,91.27419175773747
70.73254816489762,82.6959297246588,81.70991183073254,91.27169446820463
70.74838188075154,82.58335679399059,81.7227621768849,91.26984663463959
70.47636046391668,82.19137995509043,81.73488684248666,91.26772281305026
70.76464726810258,81.98530315259589,81.74773230102086,91.26458844654276
70.37331015757218,81.771141117734,81.76006995372607,91.26155850020092
70.88070993182066,82.00771564550759,81.77352753680564,91.25908592637754
70.71626897264466,82.05253276784438,81.78619686064854,91.25618544760407
70.33566500324648,81.90395852870495,81.79884878156923,91.25371317831673
70.61596496672958,81.6462784924469,81.8107190427439,91.25024605089692
70.4910071119099,81.72264291649441,81.8239385239983,91.24837539643784
71.0043352820675,81.65783874537979,81.8366078977944,91.24596238601832
70.79045433553057,81.63341172828594,81.84978330643607,91.2436439774718
70.70539942514421,81.81902443892776,81.86239758384805,91.24064541218142
70.55481197766598,81.82729457536531,81.87534575513357,91.23841433697058
70.83764139158089,81.96955384727195,81.88820752333112,91.2362613238866
70.77834610438944,81.75130096984216,81.8998052271448,91.23293343769393
71.06183569426784,81.86624118290626,81.91251656338301,91.2308721264892
70.43266648871057,81.54881549657185,81.92469506334186,91.22929609666171
70.21574125333883,81.59999240374952,81.93649613089471,91.22684545605104
70.20361580736271,81.82506177292723,81.94848708409282,91.22448211142006
70.13563385096305,81.99047323757733,81.96090773441047,91.22164223365833
70.24053096809887,82.02106794720429,81.97353839471012,91.21903637573544
70.09141848236138,81.99819340117419,81.98571355315295,91.21689655180981
70.01667246532658,82.15638645096851,81.997649719789,91.21403603954151
69.86414619490878,82.13595599697094,82.01027787984532,91.21175296733159
70.19369764669517,82.05233077743573,82.02317681495663,91.20878909611358
70.16662498315044,81.96498040873814,82.03621385044991,91.20648765686632
70.13172858848492,81.94411016796313,82.04856427642939,91.2041008752876
70.14361535627285,81.85173674033504,82.0599886284232,91.20196837880867
70.3215670311467,81.7924088685642,82.07179020659677,91.1999983582188
70.47911677652709,81.73669476430891,82.08285227923244,91.19709648359758
70.79129116910377,81.48967603581869,82.09389234524487,91.19489052331498
70.95592715463147,81.67341952438672,82.10544676636324,91.1927387722379
70.44202068642217,81.67775762841383,82.1173623095552,91.18982597477427
70.59826641128221,81.69514031356123,82.12866856262443,91.18760204714195
70.87688529497908,81.715433558677,82.1398865509413,91.18586076445256
71.02522157476356,81.77786064514183,82.15088354155276,91.18385651042485
70.6033818916803,81.9954629925976,82.16340355446304,91.18235672817583
70.89702246901713,82.41998054212853,82.17599516771466,91.18049841935138
70.992683047777,82.41033076112859,82.18728794506943,91.1786521123048
70.48536332696625,82.37445493445473,82.20023378031429,91.17740571132694
70.90763334711568,82.59484527785037,82.21277419961018,91.1761500625396
70.6445586098282,82.5725667940783,82.22646910484539,91.17516762488683
71.06704044175922,82.57618007460734,82.23909391096548,91.17394854379816
70.66869405598175,82.58257386599121,82.25167953387314,91.17281182227136
70.90102920051363,82.70111798688725,82.26397210920831,91.17159754788838
70.4334038755666,82.56423071233472,82.27577902445654,91.17063175866795
70.52628362870036,82.62838771817604,82.2888739944025,91.17027604471478
71.09929871089415,82.82539975682774,82.30363057794735,91.16960876749076
71.26504855874316,82.60000079153855,82.31993185232682,91.17009405382588
71.24283774564722,82.47993167875379,82.33693661597128,91.17157826194699
69.93086550694568,82.67544468986668,82.35365948998084,91.17397174388685
68.35814855676423,84.37302498802597,82.36866245353035,91.17525666033987
68.09968613495462,86.0692877598196,82.38362374133673,91.1733756670761
69.53350783415691,87.06658169761329,82.400136570044,91.16900488114176
73.35893240379724,87.36921238350153,82.41970187854774,91.1640984192621
76.92507963831034,86.82540281686927,82.44290543732308,91.16372428832832
75.89471644739953,87.61362201069443,82.45985459174295,91.16249671038565
72.88763430573411,88.73667600539659,82.47414428324642,91.16201302479907
70.3592916705075,89.67251862712376,82.4893428135873,91.16085898270735
68.72194534083974,90.27865548154092,82.501283416801,91.1598345061652
67.26982557859075,90.22841148170156,82.51314389581253,91.15920555801422
66.69356419884244,89.94477860862216,82.52403636337039,91.1584576361127
66.80281497637824,89.60997186531151,82.53497254695577,91.15745652255244
67.70424762298924,89.12139721412248,82.54711708611599,91.1577122807334
68.66863945526082,88.79772103710407,82.56115170560756,91.15886993834383
69.0472125769758,88.45844741830254,82.5749001088222,91.16015481012886
69.40752178654178,88.07085083971364,82.58974888520109,91.16116958157211
69.07905888432578,87.66870093677488,82.60494247375175,91.16113987294614
69.42699453064316,87.57030913049884,82.620211038886,91.16078919933298
69.26451943730257,87.4255042139834,82.6359019003013,91.15963541580196
69.31026892644822,87.48614085561574,82.65069529644208,91.15797356717579
69.40400366941522,87.77824196087036,82.66549344239647,91.1563483467941
69.10486843430127,87.86209139226054,82.67953593344116,91.15581866750641
68.86747192164947,87.92013436736497,82.6948760614345,91.15538083048868
68.69955187539455,87.96499383713444,82.71048298772655,91.15548520400718
68.72707154027842,87.98112145969931,82.7253615379575,91.15563369245874
68.98640355275226,87.92334358758208,82.73931687011887,91.15677236058234
68.85603499607431,87.99661603002122,82.75216120138268,91.15783894473446
68.71392934190749,88.13847539179471,82.76421290349799,91.15869472985447
69.30134240092609,88.02388835366597,82.7763332967294,91.16033185957683
69.37558512820956,88.18224571396001,82.78741032559238,91.16161995900369
69.3792260508308,88.1873944566099,82.79747612350177,91.16203483280451
69.04108742203394,87.88802787108068,82.80743883880193,91.16201413432941
69.35964232396756,87.62006491981461,82.81852984489029,91.16264788827147
69.81353591801796,87.31600915955661,82.82926054438181,91.16189080984948
70.076119062912,86.94265118039662,82.83958131037224,91.1615045671845
70.14999693054187,86.61734617962922,82.85036215829767,91.16114565945568
69.73938466930812,86.19171657846657,82.85949580704694,91.16115540537535
69.97519573118609,85.63187785448935,82.8695956507497,91.16144522668183
69.96371721619218,85.09763464504823,82.88055590021538,91.16181486146832
69.55530832739595,84.67867862394633,82.89014940412619,91.1625879528474
69.42804836609719,84.25841091713981,82.89973509568087,91.16377451382598
69.59264287937631,83.83577781511241,82.91000492212898,91.16541100005395
70.3200075009635,83.98201961975934,82.92116048368023,91.16705071253172
69.91590695703772,83.58978127317674,82.9314790146165,91.16757874580006
70.51877603641142,84.07131062461146,82.94235021465663,91.16899889329531
69.82029324601488,84.03884075379237,82.95320250943135,91.16945304030324
69.96872922119704,84.14293968430059,82.96548271518162,91.17042264485438
69.90181578571355,84.50170816697263,82.97916334138428,91.170622758177
69.4548321026289,84.23493484062186,82.99302437763566,91.1698126379789
70.05798601905065,84.40788006799984,83.00743337886047,91.16912600011366
70.06325240768759,84.71473163991179,83.02183334743071,91.16934026666345
69.90148773624148,84.92322327728616,83.03479176484876,91.16886989846608
69.60649825997842,84.99509738786158,83.04881490921218,91.16819370130301
69.09926145263935,84.96558307533401,83.06281645510369,91.16772426586348
69.18839237002433,85.04998658775558,83.077317025014,91.16702661327852
69.50364746815133,84.84112678488248,83.09132293918023,91.16575080882082
69.16985319221584,84.86920559712419,83.10527843298007,91.16579403881762
69.26125593716499,84.94692646825933,83.11882341326705,91.16494487019007
69.12831484628848,85.03837029359528,83.13126709246995,91.16410711981153
69.1878333423229,85.15498675657132,83.14328456140343,91.16348430032767
69.6035614433685,85.53300662458494,83.15529040927335,91.16240861793126
69.17584669584247,85.6783103991049,83.16804129781525,91.16224553238278
69.17164478844164,85.70435028274187,83.18177214083929,91.16159344610787
69.41985262150902,85.91685129008913,83.19417980987527,91.16058078697748
69.10606919850919,86.18624221373668,83.20625031846114,91.16006297586097
69.21564927673897,86.20309897930241,83.21886660810563,91.15966771845262
69.47860288841561,86.22315309144838,83.23182095749482,91.15900914868024
69.35257608291674,86.38562748321863,83.24426650419869,91.15800231116941
69.60409199548849,86.63519892448343,83.25693615181444,91.15685441779652
69.31106015708646,86.94283830692893,83.27045596913669,91.15676013881784
69.17060892770422,87.25101549727547,83.28299253811349,91.15648127387183
69.2218808917271,87.48515656639754,83.29536876428163,91.15541616376872
68.85426049996491,87.74976423366377,83.30745208234812,91.15513316222882
68.64805622724029,87.9584221033137,83.32007317200014,91.1550937159683
68.22082494481614,88.16111725143651,83.33232979517136,91.15439434102926
68.03095213305706,88.16799677576867,83.3452552919176,91.15345046421764
67.83807249516126,88.23334443727558,83.35852970490478,91.15329738969132
67.73063960543985,88.12923616844252,83.37184464301613,91.1532769648006
67.72011849415759,87.99198328851718,83.3843888451105,91.15268022850412
67.76788824137155,87.97307477598387,83.39782155739434,91.15262525949257
67.31677041082803,87.89319157905247,83.41166363756784,91.15292207866551
67.39770446728596,87.79175143479478,83.42471945124383,91.15298237904938
67.62478776762295,87.6059295201423,83.43743263563076,91.15260128479134
67.58883264406745,87.65678523790658,83.45084950696355,91.1533081676536
67.61766326981093,87.61640299513697,83.46262711529695,91.15385462119039
67.88344278764413,87.44875394423754,83.47579838530226,91.15530296507947
67.5325966231338,87.36233287315419,83.48792898966013,91.15595006010605
67.93200555288348,87.46201245660706,83.50182439557976,91.15610091619817
68.00220615267322,87.30130769264721,83.51516118804855,91.15684183616766
67.51062527241615,87.19612681154346,83.5276511160012,91.15775260841352
67.59379594272517,86.9898281792781,83.54074218240471,91.15762534820782
68.03406980195896,86.79606782394546,83.55421275636418,91.15826986320393
67.94399656476205,86.28557186439352,83.56641429281358,91.15825054897807
68.02072603209609,86.12177378702994,83.5781474704721,91.15774393623772
67.84787139361688,85.74528472293497,83.58954049376842,91.15715562050751
67.46346587150981,85.64347999114065,83.60133952836192,91.15693175739881
67.76342196458334,85.38644713117472,83.613761534014,91.1570695407767
68.01589296024504,85.18270031565932,83.62509363727222,91.15761356228947
68.06475290043784,85.17639843894543,83.63757909429182,91.15805861172696
68.16537414363708,85.10477683589258,83.65032416697346,91.15836442583628
68.27198702974613,85.0035884724504,83.66351306033515,91.15890574391383
68.4294853162442,84.95439913244581,83.67612626478959,91.15962274990034
68.62895254135184,84.7752701823658,83.68746566453845,91.15955701638956
68.89116553369098,84.88451718999053,83.6980237320414,91.15931981740806
68.67384618386336,85.01572110198111,83.70934040973542,91.15951387564623
68.09790834987271,84.74325865664886,83.7206336354331,91.15986605531982
67.58703512304872,84.54110852795051,83.73191697052792,91.1607248239737
67.67467757435202,84.1400157096707,83.74337015664834,91.16234849602144
67.38927273779774,84.01298726165017,83.75225179592816,91.16323910392506
67.53319498781968,83.3901601054213,83.76179695218956,91.16547961042119
68.28897417993544,83.08058998795703,83.77054670489807,91.16792301078553
68.58515704686027,83.14337582837356,83.77789775361829,91.17028147938844
68.86324205541003,82.76395843102569,83.78531701140204,91.17183139439976
69.22316900160253,82.67018989216466,83.79244452046052,91.17277414979802
70.18221433282625,82.27789623865377,83.79890248395913,91.17301982349996
71.18621801423866,81.87538485978985,83.80497516874172,91.17352793469765
72.27706740275713,81.32298348335217,83.81282750674079,91.17415929227117
73.65613736812092,80.63342676326062,83.82049782724917,91.17470432158085
74.63713030687762,79.81741723843305,83.82842662449467,91.17404331275667
75.67117732763126,78.4958728890968,83.83601927617896,91.17438651658664
76.36782958236812,78.11912633709093,83.84499628945608,91.17476116518839
76.43385121639525,77.76583110199772,83.85347490536634,91.17576287738304
75.77711176424934,77.81331411690724,83.86057902137387,91.17760084800126
74.19839013141979,77.7939453403358,83.86935805096427,91.18062700465855
71.54627905854814,78.40134289502859,83.87683680376321,91.18481208841109
68.3509914628921,79.39610596554425,83.88710193648156,91.18966832881898
66.94615172559179,80.4876027785503,83.8981728695935,91.1948041278557
65.73572926946997,81.48687372794917,83.908737554176,91.20102964696568
66.36594914569397,82.42027396768589,83.92202772211527,91.20773607114063
66.85163255313182,82.75754200141633,83.93563928505863,91.21360544162607
67.73581239037495,82.91354030994694,83.94888175481374,91.21790748818101
68.23524992816733,82.92569526341802,83.96339996211927,91.22146475315226
68.83625403862727,82.99006801452812,83.97695944921483,91.22512933017285
69.40042153067284,83.01420221856765,83.98992728914406,91.22785473715822
69.38278848106776,82.8500281971473,84.0004337772394,91.23076723097816
69.35400596558304,82.64477799120449,84.00824724334846,91.23283289421417
69.48946544989553,82.54304555470061,84.01690004634521,91.23397123104334
69.50441602090947,82.25091426639153,84.02553862687917,91.23466952619788
69.51230331142,81.90754456583579,84.03493978493783,91.2350077389358
69.83220926745369,81.7265443720922,84.04404370014475,91.2366789752694
70.18948094075016,81.57521054450727,84.05476281664463,91.23788889752339
69.41270636889094,81.38105447793467,84.06572777953116,91.23884182876048
69.54732775082562,81.54961962508013,84.07659030845888,91.24073160788342
69.7862115965279,81.7178808042657,84.08767392587694,91.24217783738763
69.82225344260647,81.70048682720626,84.09805489144374,91.24421972982381
69.73056426834609,81.78727717559485,84.10740667620087,91.24551806243981
69.79057916256116,81.87148754118792,84.11814220664125,91.24763636764686
69.8342376752314,81.90977121007356,84.12850145101085,91.24904626996118
69.94694294679037,82.21665138015615,84.13883225496741,91.24995370304275
69.38132304826132,82.28114570347657,84.15010971739264,91.25105290887996
69.1715715654232,82.46948507603331,84.15975216151392,91.25251410665092
69.1223990696136,82.49071401904003,84.16908523810503,91.25398052622549
68.91997779578597,82.38813223630001,84.17872139394892,91.25466375658915
68.69007489278229,82.31740659019599,84.18745298716675,91.25503100362546
69.13707560041243,82.36165598056266,84.19777085825291,91.25579450723058
69.24267362136825,82.66156962131151,84.20831318461404,91.25759213179595
69.27889089874958,82.66943151723538,84.21807704107765,91.25884808833138
69.09423753329898,82.75984116442444,84.22713431223538,91.26010129930815
68.67089119728553,82.96928299930343,84.23668296704273,91.26145084941214
68.89702604476147,83.09119064063498,84.2468339442691,91.26191067472882
69.00785150098451,83.2337839866828,84.25601952758011,91.26385362321241
69.07926543014135,83.09155386090023,84.26579535512232,91.26469476896166
68.9167088495617,83.00995403109476,84.27456553661204,91.26540058871261
68.84022275403535,82.71709591425525,84.28301889033202,91.26668982329954
69.11600421497293,82.59701486972351,84.29295788868009,91.26774643443392
69.2869860283438,82.44066951508627,84.30163530393244,91.26863982286565
69.21015400922579,82.27627062645603,84.31115605880133,91.27018756650912
69.17911874482526,82.64507657526117,84.32206513447451,91.27121931513906
69.3248019176656,82.50452226354372,84.33190302315549,91.27290473152938
69.72612872515599,82.3642514440723,84.34152130119915,91.27405821095873
69.20404815867178,82.11669326261254,84.35151788624735,91.27532151148696
68.99817795230423,81.98444831017349,84.36051424418812,91.2765863377823
68.92803031448022,82.20562277005322,84.37039661342783,91.27796440466949
68.85027185717539,82.298839061139,84.38113412900015,91.27961931567917
68.99211519503157,82.41840997558057,84.39022168352955,91.28110411996327
69.31696565492149,82.51984566148829,84.40058486496889,91.28274288558663
68.84459284104724,82.34755625749791,84.41048891947901,91.28386703458224
69.33674957780056,82.48722448231209,84.42131874030679,91.2849449874388
68.9242345392497,82.62089553267097,84.43131317621513,91.28661357955589
69.11389366253036,82.6928892193531,84.44133538995423,91.28789698592048
69.25358626836086,82.5459349380074,84.45150885715867,91.28836991542937
69.33480919324946,82.07579325098743,84.46149078085713,91.28948388257847
68.57398237966814,81.89325103237148,84.47198963716863,91.29086149264666
68.70431017318221,82.0015946133663,84.48111021562588,91.29228122634223
68.85244726614987,81.89932434002579,84.49096897212868,91.29509171542608
68.84991804693072,81.81629010714309,84.5003047968039,91.29696856262974
69.07359355638545,81.84751904712107,84.51149809180208,91.29867881551534
69.25435425835013,82.07472944100695,84.52227457090645,91.3003268415444
68.79874862919647,82.15630028910103,84.5310188168084,91.30221629533966
68.89535082443564,82.24719920809565,84.54045951953265,91.30368785377472
69.16529001809867,82.02620689747368,84.55016838196244,91.30572987667574
69.38289385331757,81.89846555565381,84.56017218165175,91.30743341722045
69.1474173122085,81.6828277147232,84.56896163672221,91.30961216190211
69.61195859968723,81.76115443429376,84.57826150853067,91.31104214673316
69.43762354853548,81.75623355172308,84.58748086405947,91.31256395189872
68.99683026009974,81.99572258691515,84.59667097181475,91.31464164785865
69.32085230971138,81.90273280341924,84.60632139115759,91.31694261763862
68.98951036055074,81.81522702041994,84.61641412059842,91.31856977051409
69.37270694149157,82.06974290811542,84.62646080427874,91.32000993516374
69.1157114179008,82.01052182940103,84.63569140729601,91.32148570347287
69.38349183680009,81.97548433985881,84.6450979228414,91.3233407079203
69.07055294844831,81.90953938982668,84.65493856918911,91.3261363053303
69.39592241761692,81.93333687686464,84.66488874637619,91.32872670244467
68.86285693064104,81.66418008884666,84.67341814924485,91.33103609280406
69.27393192142814,81.70379221907069,84.68383615749687,91.33315660076094
68.86898732962862,81.91372614161348,84.6931855495119,91.3360768392287
69.02406443961912,81.7341387086576,84.70272054376048,91.33839121648728
69.51604682745398,82.08059098805822,84.71304421260982,91.34004694706896
69.16459764267418,81.95798447200073,84.72296950487221,91.34245087724473
68.59737445896968,81.79657272918348,84.7316319519931,91.34474064024016
69.10498008210226,82.06043339231746,84.74066596787394,91.34689691702626
69.58787406529706,82.0727074989421,84.75013462332198,91.34897390115778
69.44754157331758,82.1911838948791,84.76012898469372,91.35133311730701
69.4335497116911,82.39056078238511,84.76925292848446,91.35360550181991
69.27380811694195,82.30421832902684,84.7779585730075,91.35544758217003
69.06317721032691,82.63950564404318,84.78729048082297,91.35806300941502
68.94385740182062,82.53794174345619,84.79652462019253,91.3600888667385
68.97362284260323,82.41112668269591,84.8049109961747,91.36217460211061
68.92666932169783,82.46969031738027,84.81275494354838,91.36488136837689
68.88696870880393,82.60158328121702,84.82197881541762,91.36705756457422
68.49378353723941,82.36646488835436,84.831002666733,91.36953119460075
68.72218702947089,82.10253672666512,84.83935465143396,91.37165386824856
68.89033307964674,82.33864044410036,84.8482657421242,91.37391734678826
69.06099516768532,82.3299076484385,84.85788691955501,91.3761017395657
69.05556029700489,82.30003654793543,84.86614772393739,91.37797104169518
69.06410257683042,82.50767590511177,84.87420098549873,91.3804519544463
68.85989413315845,82.42989086325845,84.88283795703305,91.38271230547738
68.76530652558081,82.35511265826226,84.89151159194998,91.38480737563842
68.54564888467746,82.36780899440714,84.90007149694088,91.38694271179476
69.0427601939075,82.20007527185155,84.90934147224607,91.38926754850179
69.16222000972445,82.46862302390016,84.91925694233583,91.39206811536172
69.32510828946509,82.76294476169068,84.92752075641832,91.39400450714368
69.42682404896505,82.95303914064515,84.93724353846572,91.39683874303776
69.44864777934275,83.07248846582856,84.94618525207036,91.39990383683445
69.56659521494109,83.06193681595559,84.95439159230233,91.40283997426631
69.12820466414695,82.79396644559446,84.9625369798365,91.40594183397279
69.36510816022897,82.67511141841851,84.97159874849667,91.40804605241009
69.516466333475,82.68504198131566,84.9797609768528,91.41081789802179
69.08742459496864,82.51596089276488,84.98848178249024,91.41351807117704
69.17681552555676,82.63703568873757,84.99721267670796,91.41603553245432
69.46708197776525,82.67164545259314,85.00563612833959,91.41865029328068
69.81336774819043,82.73046817126942,85.01438827551945,91.42096037327973
69.38759025869092,82.47718982312412,85.02315384297367,91.42366935133153
69.65840402189036,82.54260099628311,85.03161502020714,91.42622318613917
69.50223573113468,82.25272767185217,85.04159237835275,91.42904169626814
69.09346872869867,82.29352758094608,85.05160468236568,91.43174560731646
69.39858143515471,82.15073163480318,85.06034519323977,91.43408278678221
69.6418525922748,82.4068957998206,85.06999789729103,91.4363298785575
69.29357049980086,82.279356545848,85.08048573917938,91.43920834926173
69.3013693830541,82.55307891630723,85.0910824892423,91.44243238437858
69.37185442053593,82.60385154478746,85.09846415809595,91.44524974932153
69.68931203734815,82.41984769450207,85.1065371294276,91.4475762784751
69.64266900344509,82.12835939481235,85.11517448376419,91.45119269080084
69.2560662667766,82.11818158695482,85.12483265580875,91.45454938778886
69.44934939201562,82.05702986108255,85.13394543217284,91.4575403817931
69.07696646708783,81.86798974141931,85.14212965847418,91.46030048457249
68.8020585582899,81.73413235183926,85.1506329603344,91.46266229933134
69.21894400536678,82.01542105475687,85.15975077906364,91.46525440672168
69.14946420512447,81.95361642477963,85.16903566176434,91.46691337557898
69.15931186684011,82.01848434843072,85.178851318805,91.46905788613833
68.90143102530348,81.99661200656621,85.1871139031005,91.47143084436773
69.35082708684186,81.9197939647587,85.19737266188638,91.47413010091918
69.08990731508683,81.92251567125724,85.20621278999882,91.47664357179215
68.80179233412724,82.01101055842551,85.21619373897092,91.47962288469868
69.19113542342998,82.22383471096617,85.2257682586839,91.48234496597946
68.9234610602323,82.05180150546428,85.23460698485039,91.48463983395727
68.84082388493542,82.19691250141489,85.244537534661,91.48716334285906
69.46505584710638,82.47957402105459,85.25302684975998,91.48996763769753
69.27653642414671,82.81352789020193,85.26227434102312,91.49274137599586
68.90395679682854,82.85771988955473,85.271244647505,91.49604158461048
68.44079130266682,82.8537354058268,85.27865160218661,91.49884042608642
68.8346266322117,83.19174397196028,85.28681137169718,91.50160903514863
69.34342106509607,83.3257226411978,85.2951440891041,91.5050340881264
69.01072642893072,83.22431517177466,85.30247871160492,91.50815287357034
68.78953987148685,83.34329553266963,85.31038933879505,91.51147343766242
69.19262478342176,83.75274785211899,85.31796960314013,91.51516701768153
68.56377712964675,83.88218508050626,85.32671526374038,91.51847575029907
68.59915835295043,83.80749971238995,85.33601982586677,91.52209676858088
68.66014247621432,83.69960643968452,85.34534153829284,91.5253647560856
69.13159364620091,83.97836377128885,85.3531176660702,91.52899164341784
68.3083196431173,83.97494110233913,85.36087887948229,91.53276680869635
68.10819486905469,83.98502352239242,85.36872005663585,91.53574459882414
68.04035626399855,83.84496294654734,85.37709475422162,91.53941282173278
67.94266442097305,83.80235591546185,85.38585765348653,91.54306892458563
67.8546210243714,83.86342786552541,85.39410740805364,91.5459300163475
67.86505736784446,83.9161456139809,85.40257211236481,91.54850548949256
67.8552263716011,83.84582035155536,85.41031318893492,91.55166596533908
67.86673036486673,83.52496699655524,85.41884616247717,91.55444187776243
68.43040090063442,83.4268593360915,85.42608677600798,91.55733845915647
69.08164766697584,83.61820809202568,85.43384590979855,91.56053843469007
68.95485526948609,83.51974653533857,85.44194839412532,91.56361150762851
68.45790106919048,83.69553480632807,85.45145276725451,91.56752129901972
68.9640473494591,83.87785203122971,85.45968375484351,91.57083737807652
68.29424048916144,83.87172854470734,85.4672689672525,91.57466088861118
68.28901541983151,83.56363358209586,85.47517280945738,91.57753964230243
68.51708843068515,83.71535487045296,85.48208999799905,91.58062655772807
68.61670386102827,83.49276595980186,85.490693083064,91.58432556037526
69.17733529854077,83.38825253431169,85.4996028183219,91.58780269440612
69.1304082312522,82.93882766812555,85.50893870654635,91.59122466331634
69.35420419142227,83.0571801042611,85.5173219611101,91.59384146992211
69.11718787124961,82.99321720041793,85.52649052627154,91.59727234501653
69.1268317817312,83.01580349861521,85.53506249928434,91.60014692611554
69.15289393888726,83.02247172693546,85.5427144315199,91.6030442564156
69.502543549487,83.23682020114211,85.5506920314569,91.60655837925516
69.2056110782009,82.75527793295832,85.55950764284088,91.61051203240586
69.53765413336998,82.64653927884262,85.5679871119171,91.61392033181004
69.33581163734439,82.47815317896287,85.57654161867202,91.61716225455578
69.0211910705757,82.43533272916434,85.58277813690258,91.62027199999712
69.04575909111315,82.53798585722645,85.58921354016026,91.62318320080973
69.07155712809563,82.59512782086396,85.59754382331556,91.62631122972576
69.24650497524459,82.43450784045024,85.60540721729545,91.62984362214617
69.00893256091018,82.11415809710559,85.61524144258406,91.63373846854233
69.26362303426026,82.1072987095834,85.62534590991207,91.63732109562567
69.16177312362898,82.1322912086163,85.63570252393455,91.64122195979115
69.38727749142163,82.11639550692212,85.64494595414361,91.64464087053831
69.07525481259223,82.164857524572,85.6557221615453,91.64807443479498
69.38576062760106,82.2859453813718,85.66527653246605,91.65148843941799
69.26604821106977,82.27978287196969,85.67405196875147,91.65546784962274
68.92806006813078,82.38052311208374,85.68187228644024,91.65951449618373
69.10161527381932,82.50504262185152,85.68941475668547,91.66299103107626
69.1610933154466,82.62882593782842,85.69681473870418,91.6667084023802
68.93776076774344,82.58083409819912,85.70495636275506,91.67050914735462
69.3467684860921,82.37001852886301,85.71277257774537,91.67393192535482
69.09287482351037,82.12069858545965,85.72076920461896,91.67786673117553
69.27849200804248,82.20760901384739,85.73067912075678,91.68151728860848
69.22019793849319,81.85592814153578,85.73937774916419,91.68478713479035
68.85353947994861,81.74468736200305,85.748759717809,91.68899094145637
69.12315543465166,81.70828783562447,85.75787975189576,91.69213083562609
69.01082253920848,81.84795756247112,85.7672071040328,91.6956356273666
69.54234671304033,81.9384364672722,85.77635190212106,91.69930554443852
69.34665171198134,82.20022163061137,85.78656325695933,91.70349089546022
69.08113314771457,82.15784088907574,85.79503120595794,91.70683468384364
69.35217509523933,82.10766818981892,85.8032905859786,91.70935065106187
69.06207848355317,82.26572982505428,85.81440584075354,91.71304379113268
69.34675681001838,82.2963877759251,85.82301736800271,91.71643989226446
69.03375174130774,82.30929852994778,85.83207097342247,91.72020396549195
69.36594413711005,82.21436057187572,85.8398595626696,91.72378304609437
69.24823491178334,81.80822883957484,85.84914314684696,91.72789538478821
69.23226994590327,81.48472176289245,85.85902317660012,91.73152156484443
69.44176751894199,81.57352542430999,85.86706574643455,91.73475202224655
69.34616546948575,81.85449023917809,85.87483771334134,91.73808465056318
69.22857479632025,81.5795824264219,85.88237665761946,91.74109984148619
69.61405367998253,81.63824632903308,85.89013646775231,91.74496945364221
69.67076662558702,81.39384190884003,85.90041098667098,91.74958890289216
69.70249832105735,81.25036380811052,85.91236095692207,91.75399634894384
69.71980090939581,80.98180436396719,85.9234639261914,91.75849629735396
69.55064490506325,80.68044036814923,85.93476390258611,91.76279979472335
69.38590410034365,80.3641225802092,85.94682574464554,91.76669076840005
69.89656972554131,80.62341141331163,85.95725566368381,91.77016986059898
69.66650087770887,80.50041351053022,85.96778059284439,91.774644143759
69.37953804535995,80.62372025644093,85.97706662960874,91.77992593062984
69.29646021150393,80.90604681271188,85.98626534153026,91.784297321319
69.10947063012432,81.01049932638233,85.99410479434,91.78862177138366
69.08237223381381,81.20660807700702,86.00236311376617,91.79238513489751
68.67054637991501,81.38831002188358,86.0105203438149,91.7966344064317
68.19197929649334,81.40409978393504,86.01788268915936,91.7993353314808
68.28243150613409,81.47735322502604,86.02539305216355,91.8030008914966
68.3021304628138,81.52200488697598,86.03479979074996,91.80629448594121
68.56800331783938,81.3386313088691,86.04331141540798,91.80872175141744
68.21312598197065,80.94806626292934,86.05218275823081,91.81183164018339
68.41670797376584,80.77615901527925,86.06118707693801,91.81463967767795
68.73622618708413,80.61851554378998,86.06935820845649,91.8176821159663
68.48332226754277,80.66658297354476,86.07765957805105,91.82004950498236
68.28410298214689,81.05567610660403,86.08431777240848,91.82277033334245
68.45015236445319,81.03772932877214,86.09152020651683,91.82612676022991
68.72692352774212,80.88912756011158,86.09924889176835,91.82866731532563
68.54973752669613,81.0576491197111,86.10704155077981,91.83119412238848
68.3730985404155,81.06305679386881,86.11540061665237,91.8338367019259
68.89977277017425,81.05907166778977,86.12389829418167,91.83681979480578
68.80862108740835,81.23965128126812,86.13111691979,91.83979368743218
68.20117496071146,81.4662023268762,86.13705793836631,91.84299406022436
68.24060836604491,81.4154577443163,86.14322211555816,91.84645642071817
68.10370720918463,81.53438497079799,86.1496015147737,91.84959604865594
67.93872864477001,81.69141520489049,86.15526029159987,91.85214672143735
67.70676693006197,81.48756945914815,86.16112336702157,91.8561921014337
67.26317674882367,81.49463611585804,86.16686410328127,91.86039263657972
67.23826363861728,81.47544728745117,86.1721601778701,91.86471668089301
66.96401673748483,81.71207491046327,86.1774109891644,91.86902776649382
66.23865114929828,81.66264598537585,86.18315463006083,91.87243414247891
65.90872643796223,81.4541332885264,86.1899921942696,91.8770566381046
65.75770458217346,81.81097938640998,86.19715506864509,91.88113776062815
65.48447214272942,82.38425256979534,86.20485028515296,91.88525476971192
65.28263690484127,83.12757806828701,86.21201212683883,91.89004752597108
64.90611960870802,83.76075376369755,86.22057427504784,91.89472870694259
64.59768650997516,84.22502109199264,86.22991917696609,91.89834381822808
64.64716997906145,84.7500233053518,86.2401453924729,91.90177996234107
64.58937250154999,85.10874541620632,86.24997292607142,91.90582367998981
64.48817449850691,85.89301661144624,86.26098224738224,91.90890783350866
64.54398815599743,86.68730616057468,86.27359110632898,91.9125578631357
64.32005466700821,87.22180586950473,86.28682980629038,91.91473640471773
64.12543855542981,87.79922383751074,86.29975883349378,91.91737212550503
63.97735828659495,88.5090477677291,86.31250917962757,91.92094561478449
63.810844886344285,89.30195249471028,86.32351389970745,91.92351971623444
63.69174893368786,89.75772949108185,86.33292319591519,91.92567685411034
63.49882743275165,90.39722651185552,86.34360654674657,91.92815036951643
63.5975970160822,90.88372878277637,86.35351638413955,91.93126308097825
63.729037834157126,91.11016077999594,86.36262951756291,91.93463550860105
63.84364813714895,91.27647447322775,86.37222924088776,91.93781237595404
63.695127349453415,91.24561278434055,86.38265314979591,91.9408722364917
63.53780067699373,91.24626906435603,86.39311147809273,91.94385945541768
63.724584664482734,91.26368226414185,86.40302843291477,91.9476898084026
63.76598557811183,91.0965343704089,86.41322242063565,91.95073457066859
63.68827718582081,91.00624181774344,86.42401413750682,91.95446885045135
64.18509880447776,90.85391819446289,86.43471405223912,91.95752684644786
64.26390781314008,90.49203886051912,86.44669744554184,91.96122474859217
64.44532835105653,90.27934352156856,86.4591801719417,91.96436536426603
64.5261355721313,89.78020351855446,86.47118969398265,91.9683832710282
64.40742200465105,89.21082852691464,86.48124859335505,91.9721673577014
64.22476933196923,88.34112270428648,86.49223144564237,91.97640887699642
64.41021209161266,88.01783014548229,86.50425611836829,91.98138218010587
64.40011779033499,87.53718179896546,86.51619071814392,91.9861432953655
64.78187486615398,87.21500266499692,86.5293435057645,91.991911167852
64.8324222665778,86.7452115152924,86.54205072814888,91.9975259961383
64.89292459997966,86.07625004677632,86.55406719250301,92.00130291037381
64.90107594022662,85.38455747862079,86.5660454053498,92.00460436653195
66.18412899896636,84.79434676329089,86.57735284683028,92.00938056499113
66.72518396381503,84.212127797097,86.58673485477028,92.0135245606495
66.8932083667014,83.84349010574786,86.59576991154064,92.01689212455351
67.02399684305986,83.75835559928399,86.60487955545571,92.01990965487532
67.224534936263,83.5969206535299,86.61403486991347,92.02281546533452
67.17332694347564,83.21523143131478,86.62234234845103,92.0258500005012
67.76711939959638,82.84971100269371,86.63128861277661,92.02888687901407
67.7567326745091,82.57944115408696,86.6373189658247,92.03200296554031
67.74495783081655,82.37989858671676,86.64502117514789,92.03607822498316
68.246270075469,82.55930348458861,86.65229081845713,92.03942258520908
67.80311536121769,82.43182580811069,86.6592312264977,92.04344494666026
68.10718542945216,82.52663305686413,86.66632850486566,92.04689092176099
68.53869195289246,82.47742827710942,86.67213660208904,92.04989438856704
68.15617848907738,82.4633884606102,86.6785319426907,92.05316333858329
68.3149550046948,82.33663954849138,86.68509189301372,92.05699409946551
67.79187364393508,82.26511771072188,86.69200161808845,92.060152915681
67.52870731609002,81.957491110604,86.69916470476306,92.06307097044328
67.68186416002358,81.92875206498545,86.70588748850125,92.0672052105611
67.92575020502096,81.87354580782295,86.71270219407494,92.07027989243521
68.20287970041444,81.82674241933066,86.71961318524447,92.0735198961125
67.62405853432988,81.8068599286827,86.7257891477847,92.07697369428362
67.83711365470855,82.01846742591381,86.73245261632454,92.08027067296402
67.65132188176433,82.11761024252792,86.7386929491316,92.08338047685719
67.60492720006253,82.21755880558277,86.74519618496791,92.08726970898475
67.77811052259041,82.18969988835914,86.75249453415196,92.09002499812651
67.97223193098873,82.43675984733622,86.75892297866592,92.09344749126133
68.23924912709026,82.5694020665406,86.76536067670715,92.09674080735007
67.80856258898257,82.7483824580099,86.77128956003617,92.09982797777873
67.91444388586879,82.83485626509926,86.77742499237246,92.10242656268333
68.06809564047421,82.72954606124367,86.78376875336424,92.10601813438262
68.42638701417054,82.64635281512611,86.79014343824164,92.1092354512313
67.7349959011631,82.38997653132131,86.79568774826379,92.11268665441905
67.95302784915812,82.44951526131595,86.80212539722615,92.11563470658866
67.61023427919784,82.53592996317212,86.80751953015438,92.11866073085675
67.4916382168685,82.4738791332451,86.81281944158769,92.12172586116975
67.41572603694019,82.68949650930846,86.81837087392165,92.12445953384011
67.33458155192636,82.89678903449405,86.82407421019457,92.12752011668961
67.21991969277171,82.80131262286521,86.8302433240689,92.13094987294974
66.90253400675064,82.84999727065792,86.83603382109578,92.13430734573878
67.38419859286671,82.76656068600604,86.84371724117932,92.13746713434811
67.40312068081838,83.01833087670504,86.85018808303579,92.14112431183
67.58071818648307,83.09330718357295,86.85570416942369,92.14388389420586
67.69909910027658,83.02986310487486,86.86309078994627,92.14754170605481
67.89412618307824,82.97888291500098,86.86974278822618,92.15096872365238
67.8948215419344,82.95910887964413,86.87582450459499,92.15495149259014
68.1318967149461,83.22264806556342,86.8825498592838,92.15947097345851
67.65062659240127,83.13442318359976,86.88884998682356,92.16391067326074
67.96265309203498,83.07681326166542,86.89526654817931,92.16759886461926
67.9722399969992,83.42930880185574,86.9011692225585,92.1716314983042
67.53137196795893,83.5288038986802,86.90804421906603,92.17646989278335
67.65479080747797,83.70321916721387,86.91596755043636,92.17988525277067
67.3083441418731,83.47819510562192,86.92185482533732,92.18427692735189
67.84799691883413,83.5639934647962,86.92891664011341,92.18782392772283
67.56134725475775,83.55272607877131,86.93419771064822,92.1916879732051
67.57917741273852,83.75398744627904,86.9402887384436,92.19571561579698
67.24798440651,83.75410475236117,86.945510713673,92.19936024341543
67.73704540720709,83.86034750736599,86.95320441614768,92.20253305538243
67.56887169947677,83.99684760341637,86.95983178151182,92.20713759221883
66.75916369834763,83.6291594503061,86.96731347953273,92.21176196677202
67.07192288486914,83.71752780157092,86.97482099111801,92.21522633276292
67.64852720489633,83.89631077866039,86.98148655188456,92.21908977187547
67.09657832520261,83.46120000476988,86.9870969672931,92.22296013242735
67.68081546533696,83.23526006499596,86.99443016306812,92.22667289652529
67.4611705165419,83.20895257970338,87.00024534113386,92.23112458349412
67.86797822048791,83.20448673273592,87.0076548875608,92.23482756520559
67.78448677428634,83.15260529575545,87.01279407776688,92.23895649960228
67.87833637751169,83.13060327470049,87.01824986198926,92.24308626742857
67.69859706561847,83.06098417210467,87.023438775254,92.24746379311297
67.3873808632172,83.07673905576056,87.02843322133918,92.25134077813838
67.77985079061831,83.26071254642736,87.03491430312144,92.25482335937345
67.39446158632019,83.23916059273105,87.03966150606354,92.2594677646055
67.70548891049907,83.2529912205975,87.04610362379617,92.26365130734816
67.64414419446405,83.30184593293322,87.05175045475768,92.26849463189323
67.5067111640588,83.20901386817523,87.05605100577203,92.27305551698535
67.2758675860947,83.17937782725389,87.061459837573,92.27760813956257
67.90104606303204,83.05874933556962,87.06776906717002,92.28065876616729
67.65042487119348,82.77693553569557,87.07283696635581,92.28515361111266
67.43132032669992,82.92603595030587,87.07874343135572,92.28924396655582
67.92053969297882,82.85856711136014,87.08578131184267,92.29237387014194
67.57467648942338,82.80195026643752,87.0914633239836,92.2962636661612
67.60250641154099,82.8921441020995,87.09721641023697,92.30014893976445
67.39884937676578,82.6182194785442,87.10327999818183,92.3042032568938
68.01035216011078,82.5195400522073,87.11092163779828,92.30789924261757
67.9721276278218,82.51191332108674,87.1168190312885,92.31208747881047
67.74845024056742,82.74254459484175,87.12315814503448,92.31634275022823
67.88515372817568,82.75461692407976,87.12805479301744,92.32088738308039
67.99331166671286,82.89803912758066,87.1335593002071,92.3254178084703
67.71830583957426,82.8044988327751,87.14007219998294,92.32968861307303
67.89790564881318,83.13112162089236,87.14653962662153,92.33363270406338
67.8532463470865,82.93455865970621,87.15375082024002,92.33785441253033
67.68106530889972,82.84721450018382,87.15929631345698,92.34179203908835
67.23718268396892,82.79822473348405,87.16466569978556,92.34605038388307
67.92566356428839,82.86342636219089,87.17140848226033,92.34922830286958
67.58567429337663,82.94919398041023,87.17673128859117,92.35370276613315
67.15963875456937,82.9654638854986,87.18236664051673,92.35861287464375
67.55813037222029,82.74625515205925,87.18849895191823,92.3623309551642
67.69900269785859,82.75708175085933,87.19430647854767,92.36651168465896
67.62746305070932,82.69827167059108,87.20091938891218,92.37097619708318
68.04495244434008,82.57549872566956,87.20731112462659,92.37570917434286
67.97628871711807,82.38985476761655,87.21382287937408,92.37985548602535
67.75079487333326,82.36632630961233,87.22041028622964,92.38497045752406
67.99891236109646,82.14701034038323,87.22833005246733,92.38926933977078
68.11022784615875,82.19001308189637,87.2355081132332,92.39321198192809
68.00668762751951,82.31031188822985,87.2423769212402,92.39804477916942
67.66115870642318,81.84073413091176,87.24740586567056,92.40259159591437
67.76795343967774,81.9465063620677,87.2541783173724,92.40751317302167
67.7814095195032,81.9494239715051,87.26100607470177,92.41239423597811
67.75622010647692,81.95780505120543,87.26881989771688,92.41742447161786
67.93729788660988,82.10167984388931,87.27585872584052,92.42188051798301
67.70542658742785,82.09456212495303,87.28182066500582,92.42628240670626
67.75375972618755,82.22378811301222,87.2897779436235,92.43015801223194
67.8823407095687,82.51004130484048,87.29836185508084,92.43461570890912
67.5537671276395,82.8191352956735,87.30448718075105,92.43864168693699
67.79267233805854,82.90886916400612,87.30984044451952,92.4430972692539
67.85502294164593,83.06014837037004,87.31579600125599,92.44740606858315
67.66143522945954,83.26841121852416,87.3215357035161,92.45147870038846
67.87543930527256,83.33241702914694,87.32800616264407,92.45573413703856
67.29650568987773,83.18018009954486,87.33429282130544,92.4599901591475
67.73415845446667,83.242466645165,87.340108689146,92.46415131380354
67.84937819274245,83.41983849259907,87.34650823880713,92.46848596661835
67.53583431162897,83.0123821645235,87.35221602952987,92.47340213705935
67.76872911182488,83.031240359006,87.3584081035708,92.47746011787059
67.92258282790046,83.07023966517895,87.3651775488706,92.48168730508525
67.40203673889175,83.12924067836227,87.37105220331318,92.48663437229887
67.36712351843812,83.352999699729,87.37725400888165,92.49093861044918
67.02079080005186,83.19649884245736,87.38413748993521,92.49459516903809
67.28442500060956,83.0740758365929,87.39017997901753,92.49890443140406
67.64540331665805,83.32830077354399,87.3968954341131,92.50335371788702
67.54538684789705,83.08461616996843,87.40315614506305,92.50733962711793
67.8615557138458,83.48324729572586,87.40986341324185,92.51143631382021
67.35796493484136,82.97495346824897,87.41537961747571,92.51614607437244
67.63594191819391,83.10634915656155,87.42177634113544,92.52056863836772
68.0113456918112,83.02365611185081,87.42760392335262,92.52526528443934
68.00736278340952,83.1513793852491,87.43453057403612,92.52988494886638
67.82541217259255,83.20526393413584,87.44101448042537,92.53433698778208
67.36689788985711,83.34168278716294,87.4475941370904,92.53875526388846
67.42357157802033,83.3141021588452,87.45408272609932,92.54235714306226
67.56137062801426,83.14539729892252,87.46077997237153,92.54581562809011
67.83092092210367,83.30833451758474,87.46798945136952,92.55030005364257
67.22432133367379,82.9046937795348,87.47396402076166,92.55488732827304
67.52854223159811,82.89352580431341,87.48001702548063,92.55984705513676
67.73866393995297,82.94978062670994,87.48636575016076,92.56362446297507
68.0526634015101,83.16822212249164,87.49236373094281,92.56793722760865
67.7890870770596,83.31453176109135,87.4990297269927,92.5720222427066
67.6700020000668,83.42638779863339,87.50524724354432,92.57607890172
67.38297997693451,83.64836587064335,87.51124740219369,92.58040610220729
66.9615527160467,83.46623273807094,87.51668104317478,92.58452489115582
67.29401353844318,83.72524993969984,87.52452167312396,92.58886571391885
66.84630670011464,83.71336694461844,87.5283249657936,92.59314167814406
67.38478172218211,83.97672748734337,87.53298381314579,92.59687564554685
67.12567073432683,84.08935121559915,87.5384590375479,92.60105195040308
