347.5,58.5,103,251
344.48101872560596,60.650222533396715,103.0587640929775,250.95487262119485
343.15788696847386,61.09909944845431,103.12300231770625,250.9128014025451
341.07848548065533,61.31568068209319,103.17829014518043,250.86955177897158
338.660471905588,61.06545494485091,103.23076703286398,250.83041951083757
335.3850187333195,60.788913804021504,103.27710289323952,250.79127218777532
332.15065592042095,60.03301063981097,103.32425249593481,250.7555804092399
327.597761245633,61.776288929920085,103.36712413616004,250.71943991712592
323.57162699743446,62.76914416870348,103.40712647349963,250.6861064012672
318.64554775593126,64.46512243067829,103.44668291335421,250.6497211473066
314.48606129884433,64.56294173031382,103.48953373432731,250.61111538053885
309.59964291414167,65.34462840286679,103.52802697498504,250.5739611649953
305.25015726955746,66.43786860844682,103.56759350951482,250.53445674794534
300.97342241621084,67.42420529612025,103.60939024257522,250.49318391008933
296.3585393101364,68.07843636962949,103.64828521601565,250.45039683097247
293.1109494322735,68.47611197225152,103.68570940609817,250.4153234930456
289.2797161329238,68.96111098789146,103.72574281922012,250.37692734374662
286.005486989794,68.70852002108141,103.76627702558466,250.3380199004403
283.4461406776447,68.95998508611154,103.80617278632748,250.30188125115967
281.1812804280117,67.80073318960454,103.84599603446432,250.2682095700068
279.5371799616956,67.06745433579617,103.88329526803035,250.23427673139705
278.47023945614995,67.15147267775512,103.9192761269152,250.2003210684304
277.74756610568505,68.44729711821455,103.95616733677898,250.16411499757015
276.9930676984252,70.03138829831167,103.99664434443686,250.12509542576703
275.5577780717073,73.57344580512493,104.0339401734953,250.0917936102301
273.89427487587466,76.79643016863072,104.07202878523796,250.06166598581862
273.24383443815736,81.3914014653003,104.108968730306,250.02904341506246
273.0326785026101,84.41323207402888,104.14523282088683,249.9998208267557
275.11708824765157,85.71049334489342,104.18024738765818,249.97359829380042
277.8532713406878,86.54046913495876,104.21539853938475,249.9507244028406
279.71869178651536,85.09063579234339,104.25234128954479,249.9265882354407
280.77465917121924,82.30484857058993,104.28834882474823,249.90608828472156
281.34855035599384,78.75947508015898,104.32527552731212,249.87970260185665
280.80748049716226,74.47419114310884,104.36263475219262,249.85322076282216
278.92949302133974,69.95036714897195,104.40206793671739,249.82094321398657
278.0683280994058,65.62012001153028,104.44283595292563,249.78832511551786
278.71536404541206,62.772603225501655,104.48616366284946,249.75290996473575
279.67214839641025,61.150103507199404,104.52447064749856,249.72256884424186
280.8713871255674,64.95668775303706,104.55819409784513,249.6944475975922
281.4940404411448,70.05109534494568,104.59294620825986,249.6650238169732
282.17198036429636,73.47994014803794,104.62774190669555,249.6291625761146
282.6950489830589,75.4425040620116,104.66645104654316,249.59035128602434
285.81483862901405,77.16069984396349,104.69894025515168,249.55646559675435
288.9937297967722,80.55484232678879,104.7286543910405,249.5307657942202
293.3796127412552,82.5149803458662,104.75208980364917,249.50704732556915
296.53070018934767,82.4468969630864,104.77607867623247,249.48369005269473
300.11595059171873,81.48528879395472,104.8032759877928,249.45715966301466
303.8450268869546,79.12737529537311,104.83230839869444,249.43323627489346
307.8620579256418,76.80135702408319,104.866400656342,249.40392258630266
312.63044106348417,72.71134492542966,104.90649576218804,249.37451227433237
316.3414245336388,65.80236727169466,104.9514530124,249.33735359864806
321.06492476537966,61.52882241776808,104.99904426186988,249.30635073142798
327.21066688007556,60.05819853341349,105.04550310956546,249.27774986732467
333.0705015973962,60.067680843646315,105.09123837615718,249.25056241078926
338.6646054995987,61.30611344298009,105.13617914658134,249.2214706686952
343.85662525582563,61.87984757322229,105.18297154330702,249.1867474548264
348.2553505448127,62.23266006868191,105.22865203070161,249.14397200938598
352.79367108548905,61.12967806473338,105.27280429193922,249.09780431676728
356.12658549944723,59.15878259012017,105.30702629486389,249.05937923968756
358.2540471135626,57.899288875379625,105.33739187736316,249.02961960648554
359.5665043694895,55.98990074822498,105.3688129577792,249.00142840206985
360.90186642189883,53.50929732172342,105.39853998859597,248.97524187586154
360.1220354134439,51.11451123359852,105.43067967999018,248.94645372343703
358.5697056759497,48.30969539756734,105.46486286141462,248.91517143218152
355.59612391796924,46.177006806260124,105.49872252529426,248.88632292204693
352.4381837624882,43.60232354497427,105.5332207523635,248.85903796680492
347.8183354212757,40.45824047454032,105.56462447366786,248.83051461640085
343.21026356424306,37.883941880915145,105.59374311754283,248.80635990011726
339.83001738540855,36.66274535007388,105.61859828725399,248.7884086472246
336.5933180618738,35.88394172405455,105.64316632977035,248.77316650637232
333.48587733235627,36.72991236380206,105.66588146037515,248.75807757234392
330.61786215229205,37.14003678094531,105.68815287503854,248.74407817777376
328.2510384155364,38.78627594597549,105.70978615024657,248.72982121650307
325.94195047363667,40.22987871001462,105.73210250645816,248.7144955044801
323.3534963433873,40.94174057772739,105.75463092229143,248.6947567925531
320.8324232352413,41.76753368298063,105.77799786078181,248.67527438282025
317.0103329710231,42.20937634915397,105.79982388177201,248.65476295250832
313.3908651613262,42.728685344512584,105.82398012418223,248.6312633223105
309.4796102959581,43.333335701370785,105.8484966717824,248.60731755663792
305.66635169207154,43.650890442492,105.8722063577354,248.58583777314885
300.68631622917985,44.366139126249635,105.89686392292313,248.56115731828464
296.46148013584985,43.25990706835884,105.9255566097662,248.53432762036078
295.5330206647941,41.472456960317814,105.95497187069483,248.49974292547788
295.5897526020743,41.302283390357644,105.98537522058926,248.47064277450085
296.77455855564733,41.070768973025835,106.01525152412131,248.45249621629833
298.64325443093543,40.883043413264744,106.04578145971762,248.43260242281468
300.8716774551766,40.917956264485156,106.07932809617185,248.41017965733909
303.0154334786403,41.52010363594937,106.11314802708864,248.38894472600276
304.20452761820485,43.2307720942959,106.14919677035947,248.36468155503724
305.45696446686947,45.878624424113156,106.18612261831835,248.33792354304677
306.67816808714133,48.60204886266659,106.22356948467771,248.3069543923498
307.3953719436157,51.36477978067437,106.2616823615574,248.2741940867908
307.35375182762834,53.26518316098807,106.29452949270426,248.23928769962225
307.38790014266715,54.33683134473134,106.32762466982507,248.20532961567454
308.2146298597898,56.37690335063694,106.35945366484005,248.17414676643048
311.42515783908624,57.90481772484614,106.49142438242521,248.05038064389709
312.91684258408105,59.16529554348513,106.53112570466092,248.01363144468368
314.0239545735982,59.67956004027961,106.57192830452985,247.97603962446127
313.7203787298355,59.9229249318698,106.60757051157881,247.93484889853568
313.4419090411933,59.49034098529839,106.64237171051474,247.89218476519687
313.32327716916143,57.924382710977284,106.67697787420272,247.8512051670648
312.63865808792985,56.18657663548554,106.71195962606711,247.81237201317768
311.51839396303444,53.669057232737956,106.740007330814,247.7811271158225
310.01069252625604,51.5510871434504,106.76541067167125,247.75117240456606
306.55363420774586,49.826901629508384,106.78631642078264,247.72243423864822
302.9247958794191,47.591472044863266,106.80723579899386,247.69448359348533
299.05604393989194,45.150781668646374,106.82798142685799,247.66899827231072
295.7105252148484,42.764793169205944,106.84912704268592,247.64492329212663
291.9219106016344,40.92583010584512,106.8711828720498,247.62192621442628
288.22571397403436,39.40380272668219,106.89316568489755,247.59898272942024
283.0024537594786,37.49887198097862,106.91676397960958,247.57288097162083
278.16884255027094,36.188070440933345,106.9431697094874,247.5459871854852
273.49522854032045,38.56518828620247,106.96648034047236,247.51896392399357
269.84130898999604,39.941040458908176,106.9905536482745,247.49207780825745
267.78103072887217,42.16282067934911,107.01205201927708,247.4656154127247
266.59193537073025,44.58673920906128,107.03477875393251,247.43865447482136
266.3363976905586,45.700495290829934,107.06129383323751,247.40507102985094
267.4510681973911,46.27904735752088,107.08976150487524,247.37436593669122
269.6339854252757,47.20113161163269,107.11921933121057,247.34879486441884
272.16632337456167,48.602855309719416,107.1488718361115,247.32396055876052
275.38479184339894,49.47119981897636,107.1838625412593,247.29650303610387
279.30226505628406,50.02062736936472,107.21818167182445,247.27399922030793
284.3128126518466,49.3079713939367,107.25460448607048,247.25505903779452
289.7009820719811,48.369491818823576,107.29408157139963,247.23799822666365
295.62973138313924,48.1657898710117,107.33406772844124,247.2213017530724
301.4514823600666,48.87532399520411,107.37347192540439,247.20585756245734
306.4453683789828,51.244964153433074,107.40927280932499,247.18618507604702
309.807783530333,53.28999900095289,107.44352720816268,247.1670029466202
311.6749429222456,55.61555333027603,107.47503631854829,247.14645754709866
313.23058267685855,57.36887645289582,107.50533166894152,247.12702777448482
314.55973092138515,59.641232382797995,107.53564287260673,247.1058750081558
315.9249043795161,62.43697525581855,107.56436444541964,247.08349107257
317.32947557466906,66.48177438218187,107.59106847921649,247.055306584797
318.34564950791935,69.81182312140488,107.61947848815836,247.02606037511927
319.55830189675527,71.32851666832839,107.64882363571844,246.99857175691923
320.4445558249721,71.79113167309087,107.67956668813639,246.97144265996522
321.30236114948787,69.91941312340768,107.70998064771703,246.9466228566369
321.73336022930266,68.08834623627682,107.74000897209996,246.92135223674885
321.1926453961201,65.9982106666832,107.76663824726789,246.89365895561747
320.25278809671613,65.10070580281155,107.7901328391331,246.87090714294789
317.073852995454,66.28740878753334,107.81298011532675,246.85068515826077
313.7472619968417,66.8628031987648,107.83716097195693,246.82979154606397
310.5869723394518,67.31901077003093,107.86013238802452,246.80484801979986
307.6579568875843,67.09876055061747,107.88427428419115,246.7797120264559
304.83346616112397,67.10588026281236,107.91067330150398,246.74513747353527
301.9406883657387,66.14073476790882,107.93767395681915,246.71407992971197
299.0779903322993,66.8390496684038,107.96481972996624,246.68614443414194
296.58495622868804,66.10179708319748,107.98981692278443,246.65850967859785
294.68699703662895,64.44516018425269,108.0147017814357,246.633354979173
292.8789452995907,64.01238825577607,108.03897476349259,246.60945055102337
290.54778866849796,61.845405365809754,108.06407336503358,246.58195993676046
287.54700962280975,61.91091775493419,108.08855492595339,246.55507797338623
286.1594493035931,62.67547450668397,108.11841699466942,246.52353260037984
285.6928644605898,62.50826832509411,108.14754366185797,246.4908568245024
285.5808074965587,62.52828223919532,108.1764951893169,246.45267862994152
286.1534065791115,62.05289650709892,108.20558064790664,246.4174290522642
287.0239588111512,62.235336683510596,108.23435874360358,246.38394507056702
288.43551801286884,62.916253254233,108.26190662472948,246.3537350065148
291.09530327179766,62.10997368963376,108.28836252746513,246.32115837540596
293.49700965970084,60.16566702715801,108.31388537482772,246.28843218848613
296.3249050060348,57.51660413512141,108.33722094482465,246.2609454275459
299.0427121380689,54.7110394956233,108.35912239730912,246.23559866665565
300.8459145738051,52.717105292957655,108.38257816540892,246.20983382079675
302.0347686413908,49.69092112511899,108.40657624895685,246.1822251209516
302.8376835017376,48.08656262173308,108.42964312231088,246.15334323169682
304.4845026853719,46.82550558583911,108.45258362009345,246.12656409021267
305.82396803272525,45.27381511121719,108.47407330502551,246.1016560551578
306.9947710828287,44.2166692601495,108.49472373176563,246.0786937575831
308.858124251838,45.455986443073,108.51838718096327,246.05524742770106
310.589150182408,45.79096441557272,108.54292594367878,246.03353347946677
312.7392371313365,43.325605787353695,108.56901213569611,246.01322668042386
315.2934611237335,40.11619706285852,108.59589625844605,245.99382410530532
318.6143547686591,37.39041683225517,108.62551905236559,245.96538740846148
321.23395948097834,36.50951763200155,108.65056181354859,245.9425295227291
322.91070619752526,37.57213036288941,108.67383768473033,245.919272349375
325.3743241909158,37.86772315037351,108.6974788875855,245.8971495438198
327.6829462455516,36.280342110901785,108.71661020556,245.87556820082722
330.2402523317152,34.51332763488148,108.73552578897004,245.85571383873514
333.32974590459304,33.42212997071232,108.75651842531889,245.8311425285084
335.59874950579035,30.835998071110666,108.7771207085505,245.80636815403616
337.81652821791977,28.634145986790898,108.79721361388151,245.7827623327465
340.2496536364043,27.07141963218973,108.81791136242268,245.75920676787047
342.2158599574986,25.511803327711107,108.840662437504,245.73330993461275
345.0095065671044,25.173432406300932,108.86609399932878,245.71111972577447
346.9682919814903,25.517851143196552,108.89011276444425,245.68828750577504
347.48719558399273,24.091409364293256,108.91310229711034,245.66433428684823
347.0437667827649,23.027233939288337,108.93617707648008,245.64134870535477
346.1588657616265,21.98899943550586,108.95630205672242,245.62032406439067
346.5247894021234,20.55833087315375,108.97669763890676,245.60166274358403
346.93195627036596,18.891339911204724,108.99741585621422,245.57908682141274
346.49974457375555,17.799278318467827,109.01854909926949,245.55669898622614
344.81313942803223,18.06431981829121,109.0396549652859,245.53090597128244
342.6994209108723,19.353399858229267,109.06013179834235,245.50768206198433
339.8198805720884,21.49342854175306,109.08044103731154,245.4836156769924
337.8192864672568,23.79966184170982,109.10378143241479,245.45953895058352
335.66427646428025,24.792409332043803,109.12950540260124,245.43558884124582
333.87930692825626,25.979559287909765,109.15465349144918,245.41536674552341
333.58869190047386,25.596084350513706,109.18094803208703,245.39179380651854
333.55527674652353,24.805879500374317,109.20396138236488,245.36876489099836
333.80861883625465,23.547643752873768,109.22799117833218,245.34107935780122
333.5354873998553,23.01013207228891,109.2544389638125,245.31325097050444
331.63354640802083,22.193459101169168,109.2808639486564,245.2819712680601
329.86300513688434,21.856247160506044,109.30597125403663,245.25244325414937
328.5001163310012,22.574742516782138,109.32915792342013,245.22299167085438
327.70648882466475,23.36735030757106,109.3537669047133,245.19276447352337
327.65813941477336,24.811121069977574,109.38024392041372,245.16275783411683
327.9748919611927,26.230783938151333,109.40692976747823,245.13224662337356
328.37366054797104,26.777492622940642,109.43270821434395,245.10069815981606
328.4684514685383,27.371636299608355,109.45696296862553,245.07173509484886
327.59468821079594,25.486698400350477,109.48030187157669,245.0409371701438
326.16303731656575,23.258985493731842,109.50363211767865,245.0131328693979
325.4285717897859,20.976957074173725,109.52428379044005,244.98483827189915
324.8258122655463,19.607367650529298,109.54604422247176,244.9600453136155
324.06293288442527,18.82343336383387,109.56840063238076,244.9329231567207
323.4486132087764,19.506384818898624,109.59271979134141,244.91118592938386
322.5042530506853,21.86083555532501,109.61762336939503,244.8865262282291
321.74331177894487,24.59117884887445,109.64458840093582,244.86189482454085
320.5750413269206,28.116337326909175,109.67104996881802,244.83765847683932
319.6279597799646,31.418840159403757,109.6978243374492,244.81315579875812
317.5116094619689,35.32019826671855,109.7253414674287,244.78871268974987
315.60465949402374,38.565570740383706,109.75233730671562,244.76172907207044
313.2467345021362,41.66715728698358,109.77987189895026,244.73123826417952
311.1157791593565,44.587514081507464,109.80720445188012,244.6984961526403
308.4566133569464,47.213522167400185,109.83689937228263,244.6624538349198
306.42373860619045,49.29338511755927,109.86779112385551,244.62322754550252
305.49821867045216,49.32814499111744,110.00811844326157,244.47104332354124
305.2058882734027,48.48028800871238,110.15341063174678,244.31279927767784
307.3152674948885,45.706018071053734,110.29702840184895,244.15882116669752
309.93285992214885,43.335531784332716,110.43280521343542,244.0165187080961
314.2976241527354,41.01986027525274,110.5601750600625,243.88580871340815
318.41795841064277,38.879871750240184,110.69062508977999,243.7528934218195
319.80406859005143,36.263339644909934,110.72039810101886,243.71496296924147
320.55832663782587,35.18677513668874,110.74771250321163,243.67912714193386
321.13645053402865,31.413626643020066,110.87178082523182,243.55393059899777
321.2299285936402,27.31667131754493,110.90284645645885,243.52073801661064
320.22380813434324,25.128932041433558,110.93328908384643,243.49073713768104
318.99975735992103,23.188739184191576,110.96249419599951,243.46810008605172
318.5241882937857,22.731715333175416,110.99188321327999,243.44110679534722
318.6744525625275,23.02124092119115,111.01996220519811,243.4115711050793
319.6713495183571,24.60805127399948,111.04411978203379,243.38037712866492
319.84573823039085,26.653451797340225,111.06811776361167,243.3495483682078
319.92829238691513,25.488080503992933,111.09129292381631,243.32492615540286
319.41343479858557,24.959986469795425,111.11357969280643,243.30105445702847
316.0954569333131,24.715591202946626,111.13378034217467,243.27932459210928
312.5515443249179,24.68361356936728,111.15404107150772,243.25973473324706
308.71352348954747,24.356569112840305,111.17341741708381,243.23684452175496
305.8211965841915,24.28821987274422,111.19256448341098,243.21257484727832
303.33684259892203,23.273011621697492,111.21212666003507,243.19081201282393
301.1058312195312,22.47358041817695,111.23028173540612,243.16757037113607
298.9340944781756,24.463631388753498,111.24627728614101,243.1435922588709
297.19250635556944,27.487803206036645,111.26286622628432,243.11933271549114
296.8660904037054,28.661204410427885,111.2781602929839,243.09458469284758
296.78274030065757,27.532459442331287,111.29463679688729,243.0708141386233
295.6534771834422,24.318569741606908,111.31052229759914,243.0493137549158
295.2194344145088,23.476256022186078,111.32850553005373,243.03076624506514
295.35554602125507,25.35661955968989,111.34447107207335,243.00987967756484
296.0963796262749,27.07404756427887,111.36253683322515,242.99012328920597
296.5896768911536,26.502895986915846,111.38360519580927,242.96730393492933
297.4278940325443,27.05839249646762,111.40540714006343,242.94572825419706
299.0903658758632,29.712422743267695,111.4245644055741,242.9263697717053
299.9943683872542,32.27208133841931,111.44328832280216,242.90791699180247
300.78132671356803,34.94609941416529,111.46513583033071,242.88640557480758
301.75807689854906,37.44000201286022,111.4865206856647,242.86551360068432
303.0215372510631,37.953897432150384,111.50744176797492,242.84095178413006
303.8222399112822,38.19416710830049,111.5320728531,242.8156583737072
303.5391145293964,35.05933422739041,111.55888447512136,242.78863891671634
302.9977755764883,33.53962437456252,111.58462969317809,242.7680014591336
301.4357035937418,31.78226463362239,111.60858158866382,242.75038852066473
299.9412466861438,30.592901846820197,111.6329310804345,242.73558992434724
298.88612045753973,30.862965362134616,111.65586344830236,242.72422034668318
297.99247903703633,30.614359535117003,111.6797283300959,242.7140603962758
296.9208577886436,30.870995523296358,111.70416136528776,242.70204846210765
295.5919730189421,30.862502398474916,111.728065786664,242.69050801258007
294.792354130962,30.608900712265267,111.75261310146547,242.67539802859983
293.44503874396463,29.735943226766807,111.77736181636294,242.6617223738338
291.407422846453,29.081449115289644,111.79980726113597,242.64764185880443
289.9542507922758,28.861746595881172,111.82152951089357,242.63563681265853
288.6241898711453,29.535116915640188,111.84287743500276,242.6238926350088
286.995017476991,31.555559533862663,111.86514205363355,242.60921150775573
284.0418096373629,34.47416885564563,111.88613836414584,242.59324950176304
281.6121245537609,37.5220529389166,111.9087222612083,242.57698630195694
277.98018224429,41.465665785732725,111.92975228496577,242.56046716655223
275.0153031873368,43.602475107886335,111.95183990097786,242.54390571218642
272.9297515016827,44.913053450595356,111.97218595951146,242.5278341612746
271.3205282284339,46.478731766023216,111.99184553205573,242.51103002828265
269.7067067009343,50.028086913685456,112.01030465570422,242.49189479475626
267.9450105421881,52.87847037613902,112.02778896080659,242.47026653028004
267.15883723010387,54.172765766251516,112.04649510016509,242.44789984826062
266.88960482903747,53.86939588222906,112.06516716672127,242.42617199688644
268.2702779532733,52.246312212674894,112.08497626607368,242.3975290218163
269.93097243042985,50.45845898950979,112.10501678373016,242.37006507324904
272.9790277411492,47.630763017492384,112.12412003329372,242.34281741843742
274.8308736697131,45.553861173602925,112.1412106945527,242.3162779551238
276.9781328036959,42.53319952277573,112.16036353864766,242.28782567541833
278.36676294367214,39.550326958444316,112.18101251849137,242.2588946909525
279.4762136276265,38.40863320394608,112.19839540656406,242.2307446957528
280.9608760160403,38.310060731254595,112.21499296631487,242.2040233125387
282.3866947032618,39.51112793766171,112.23072715101489,242.17545314304112
283.4181904336934,40.050041821427,112.24752485183387,242.14647603106627
283.4220086499645,41.315762332078904,112.26242512360847,242.12113280334157
283.4620565991366,41.84631120524165,112.27683798494161,242.10010952467508
282.26376160689824,42.969749214469715,112.29136958738401,242.08118574811652
280.925702168766,43.61100936771581,112.30790203405247,242.06312004481953
280.00162358314225,45.7491274417539,112.32768195844336,242.044987744247
279.4303990992498,47.44801179820213,112.34777618036335,242.025180190103
278.9596915373868,49.40725853867515,112.36937463128749,242.00566112779708
278.70080873071333,51.768110074721406,112.39015799799704,241.9871946355996
278.5090472971378,54.94990278641255,112.41126757798536,241.96513715106008
278.3800602077678,56.489533635036366,112.43215471558561,241.94221066461262
277.43359533159895,55.658847157918956,112.45108058074689,241.92014496013314
276.20091700710543,54.58000433039278,112.47023733578249,241.89894944682
273.73634108744216,53.68362422953932,112.49028578155429,241.87728394166353
271.21666151039904,52.19988318639322,112.511676281008,241.85563386204691
268.489614712556,51.59799753612572,112.53003465101668,241.83764274383498
265.8348954340882,50.10166330069573,112.62963481760191,241.74643198228833
263.4802811251771,49.462276030782974,112.65158802572554,241.7281540194817
261.8410570827258,50.308945051974064,112.6764688918477,241.70797211933433
260.8930708630599,50.30937341031205,112.69908010128289,241.68511241136946
260.62373902600586,50.68216647702924,112.72521362736165,241.66313202992635
261.66739925738375,51.66331245236805,112.75075455948814,241.6410374278434
262.4561549420084,51.586330384926754,112.77652158875259,241.61882540215203
263.15922531152665,52.34400615610191,112.8004558991164,241.59431787110847
263.75623954817075,52.33951700429874,112.82448136278649,241.57351740733768
263.3625203342218,51.7344494922701,112.84316274541533,241.55202389421692
262.67630446297136,51.11984750675903,112.86178894592406,241.53295067789165
262.1982131276396,51.17865442455809,112.87804290612698,241.51583034044006
261.68483906079433,51.17091642728329,112.89457218109864,241.50001991282642
261.3373585306881,51.43716878867633,112.90957376531692,241.48818637887166
261.43509640692264,51.04359278093443,112.92460795382982,241.47916011304824
261.85462055105756,50.16245644909016,112.93690472781572,241.4704112914081
262.8543534802182,49.30552018332199,112.94953289033795,241.46123978512554
264.30949575394476,47.46118679406972,112.9630302146805,241.44713799940584
265.6723892526366,44.711919425503666,112.97704533941295,241.4360844949608
267.3500320850254,42.311602827733395,112.99157716998137,241.42739342597497
269.08263221129084,39.99150320563804,113.00623650798093,241.41981177493253
270.4712903425213,38.2094721221964,113.01916267906797,241.41274509660096
272.25013430266677,36.23667680194875,113.03166089693009,241.4090595282187
273.6034458021775,34.825712637839885,113.0433551681877,241.40166837935513
275.2526351641059,33.827799819362795,113.05450765618374,241.3957373482185
275.9283090538968,33.79676787564286,113.06536967350763,241.3849202970092
276.59032930146554,34.23068907290626,113.07644890264376,241.37388388268792
276.01725832682087,34.94417439390661,113.0882114650312,241.36292159392056
275.42258608505705,36.05217095311855,113.10080445415122,241.35229461014023
273.7847408472654,38.647284581855885,113.11298994773986,241.34356969488968
271.18104910230977,41.34907547978824,113.12344732070773,241.33359313126374
267.6873288388749,44.889424978568144,113.13387330595155,241.3205625716617
264.9809768704605,47.59638235912627,113.14478376286092,241.3077975603013
262.31219312263636,49.76026632606184,113.15632815670256,241.2963190513264
261.0866590595834,53.8724241692626,113.16967932190157,241.28271675146053
260.326069382244,57.00039006616156,113.18436081662543,241.27301842094997
259.5719972748242,59.12617575989486,113.20073559844357,241.26955112894234
258.15450022797,61.72624246811398,113.2181816555766,241.26548266153975
256.3971657122977,64.36348156004843,113.23617543400681,241.25913478010006
254.535363014209,66.90441854177949,113.25801410082934,241.25105041319554
251.63284253667274,69.64421525206035,113.2790022070859,241.23868159056474
249.5548516173618,70.92225641360955,113.29894860335551,241.2283682436779
246.70182610218677,71.50660333411155,113.32042646018259,241.21710552831476
243.8198138043374,71.18927290238726,113.3411816123694,241.2085926375481
241.31487065325476,68.4597040730594,113.36210574107274,241.20512863452169
239.3228393888058,65.9277731472981,113.38541268334656,241.20513006963193
238.5952434783204,60.41324289040642,113.40710349914458,241.21157228965308
239.84850569774375,56.05531300079308,113.4274462115583,241.2200536814286
241.22376164430688,53.60180341054031,113.4449895190088,241.22462802245659
242.4029304085126,51.40526102716143,113.46052546281113,241.2257035309441
244.64788753285148,51.12073775319175,113.47997724959477,241.22704778548746
246.04618511189972,50.89504845940162,113.50092917439927,241.22373633390984
248.204906692642,51.654451252430476,113.52308991382414,241.21876582036953
250.9967138422905,53.19528658548964,113.54650648305741,241.21712368818675
254.59416648474058,55.30868015098795,113.56946904941461,241.2139936883852
258.11731817859805,57.758611504774436,113.59260936439739,241.21244927152267
260.7663059166817,59.595153919600904,113.61505510710217,241.20500121974754
263.4172461039545,61.383066846338195,113.63727999531295,241.1983284367228
266.5058732150172,63.03048019135649,113.6619272090396,241.1896893954594
270.16218781181385,64.95069103834466,113.68785335144483,241.18169520316152
275.28334263774553,66.07469038452567,113.71223109276994,241.17457485438166
280.1561672825654,66.55293854942539,113.73662231521517,241.16787085007888
285.2059127538468,67.78374890821499,113.75646845456153,241.16654008763885
289.3146448597417,68.0741560407856,113.77530185019359,241.167119898845
292.68884358356934,64.36901133724884,113.78771573142632,241.16779331241875
294.97377402792193,61.573553679037246,113.80025659519303,241.1695577232328
298.9778892086995,60.754334469111996,113.8138968467361,241.16632198212596
302.2734624609808,61.122693734776604,113.82839456824763,241.16297244360223
304.33731460365544,62.95329467774776,113.8452372685246,241.1582067625702
306.15217506438137,63.897754044154226,113.86232950129335,241.15573009499622
306.6650516403189,64.79034706392852,113.87869656769521,241.15192256306176
307.2850419832587,65.75813509322711,113.89537491272996,241.14762282587571
307.10432539473584,63.667942276844244,113.90843038515528,241.14827518227426
306.9803495747899,61.076052468609674,113.9221373208006,241.15281695618359
306.7614561709745,57.18665708704775,113.93607713856133,241.15696000659992
307.327505662303,54.08106119121369,113.95537097340166,241.16089023592062
309.32114677316787,50.85591369439993,113.97446406447706,241.16138759923808
310.6312346799308,48.88745284145979,113.99379339888519,241.15945222656612
312.55915814100894,50.97968488122359,114.0089305541825,241.15032832266718
312.57082293896843,52.63241537520625,114.02315591896135,241.13957010302767
312.8924400977178,51.206406835759225,114.03715537612469,241.12811972701144
314.59839184812535,49.83663995740844,114.05362473526445,241.12053024228845
317.4641116267555,46.685127716831715,114.07219042321292,241.1171239067915
320.16385006893165,43.38016297690987,114.09207083866517,241.11755107111395
321.1502399156251,44.50617105204287,114.10729106135504,241.1188794566756
321.45865507224886,46.92047706656635,114.11979978743315,241.12003703898728
323.69653009413946,51.1077770366078,114.13070736312828,241.12122197286678
326.57273021480444,54.12985665183186,114.14079691748319,241.1210910245842
329.04689701651927,58.09271404441925,114.15188351821607,241.11587508737082
333.4253539113518,60.297281766174194,114.24492528732785,241.03001854782212
338.27655522480075,60.90814934330258,114.33836578481963,240.94335955876463
341.47577951589636,62.262335695884005,114.35102521959621,240.93790824413523
345.4166352239496,62.82788390232709,114.44081753807839,240.852588794483
350.59684114308834,64.70401707588815,114.52175854403914,240.7772638421668
356.5595885439708,67.52162240664042,114.53023419362925,240.77103286358462
362.5190413698197,70.62255345533846,114.53909724920676,240.76489000828448
367.8538023331514,72.85655879977507,114.54815656033634,240.75902512477015
372.6092791612398,75.72797381574559,114.55729109996042,240.7514055115303
376.4645192955119,77.94052973215877,114.56501819073016,240.73937341732088
379.41023240004654,77.88498030508114,114.57388104034607,240.7250177115539
380.477642826194,72.79204082582287,114.58176968168824,240.70732248946743
381.7673219302602,67.11280691956054,114.58939610795532,240.69003308458485
381.9755659607339,63.66863611966511,114.59691438989574,240.6753090029182
381.8104400374084,60.51491036132987,114.60378984918911,240.66091308077642
382.4045977032025,59.1451940201828,114.60748503948957,240.64631887326954
382.32226643644117,57.57334370982885,114.61245796777621,240.63279388515176
382.2915787350186,55.921131739479875,114.61596481543317,240.6189087571699
382.06612719235426,55.68297126155302,114.61978824225358,240.60958432942718
382.1774259315121,57.52125557237055,114.62307813702759,240.5936194694651
382.32523467608723,59.91528576038536,114.62758046513432,240.57343047328777
382.75625625520905,61.8987482902358,114.63347230874079,240.55253817611435
382.2715693291539,62.913310394894395,114.6395266804319,240.5346279846652
380.1206241557986,62.206916661873194,114.64306001725487,240.51881394733542
378.00788481921614,59.80771039023823,114.64564783653798,240.50793894254016
375.62966251814,57.19715012891352,114.64726207827765,240.49801040436805
373.56608486962267,56.024915052341186,114.65038010953471,240.48951567943044
372.58544481722174,56.642827784549354,114.65671715346163,240.4770402630793
372.2778576355416,58.70087597655875,114.66521827616029,240.46132477658247
372.8443714973221,60.37123017394035,114.67299388969654,240.44371361082318
373.5555125040571,60.70712619365193,114.68024690754507,240.42470001807436
373.38369725426514,62.255340562903044,114.68422916036393,240.407257924317
372.38809183376077,62.47934086804054,114.68983738410887,240.3867115770139
371.8291967207662,64.256754732527,114.70121865643122,240.3704063299593
372.0850689535019,65.86302068025083,114.71140875984193,240.36063083938836
371.9604866919173,65.90054115482283,114.71934783178001,240.34832638657366
371.0026545805194,65.41205539992781,114.72676041139506,240.3355615181708
368.6736071332455,64.05148270478094,114.73129562118937,240.32370567631733
365.9810871018012,63.631072988459366,114.73384361864822,240.3113638931783
363.0381301103429,64.43756165319739,114.73797173196655,240.29813994352403
361.0120741777091,64.20962793408098,114.74449510388692,240.28210021313006
357.46927574577876,66.82653395190192,114.75291253583238,240.26319200897012
353.6195471010133,68.3782163871309,114.76232065391552,240.24520936164143
348.8122541677725,68.75855326944097,114.77038014558025,240.2301902992079
345.70822937342405,67.63820113654295,114.77745908455796,240.2175567048965
340.73359394181546,66.97918202966531,114.78289182826825,240.20319590799352
336.2328664000974,66.43093678786092,114.78884157875754,240.18716533924177
330.3665733107181,65.45015685024633,114.7962280581144,240.1683493285075
324.3633138558787,64.53692916897737,114.80443687868178,240.1495513426949
319.1563956191474,65.81823290550433,114.81381435251062,240.13255715852037
315.12573106875817,67.531853931387,114.82149545829397,240.11497926080776
312.72244640404904,68.26799110430562,114.83154789241803,240.09635074035657
310.4736188666862,68.76839355586611,114.84238226935929,240.0761063187839
307.2504602995931,70.8484511524186,114.85180927827085,240.0566275697707
303.342780455216,72.67182612682636,114.86069094349605,240.03825720431396
298.64154651784304,73.43327728677737,114.86789228534391,240.0227925904056
293.1104712177771,72.14255766123631,114.87547459476538,240.0080270837973
287.8802762965389,69.58599818064705,114.88347281279104,239.99186595464377
284.16843349877405,68.65008691154273,114.89085286632857,239.97680952556726
282.37096301050315,69.07398875406282,114.89862538774649,239.97165506194736
280.6278405791607,68.12590784961527,114.90665503284107,239.96837932411242
280.2291330373924,68.20504748318427,114.91667702326859,239.96384359225465
279.9035340208811,69.31784225786609,114.92662790300894,239.9600195610795
280.7210589251934,72.10442997608696,114.93879930200305,239.95705887302032
281.4902615119708,74.26481522396168,114.94999806750468,239.9536630835392
282.4985725666743,77.20784764573263,114.96285260070641,239.94518412790623
283.3002988696535,78.15145337826199,114.97520621670988,239.94076072494315
284.3605921563361,79.9381444299448,114.98846378053646,239.93814816999367
284.75998388853833,81.7095041909319,115.00279376713608,239.93756484034125
285.3608697594382,82.69269790842876,115.02192124961772,239.940021461477
