162.5,188.5,34,84
161.92315890524603,188.06333728990506,34.027141409440496,83.97802689449881
162.32507077019346,187.8569622751941,34.05279469170305,83.959320834901
162.0863522696203,188.16631060727613,34.078177847920614,83.93988795800651
161.6941757718821,187.25292861211574,34.10356856979931,83.92460938298154
161.67453068395997,186.59460401813465,34.12825686868442,83.90996010044661
161.3703795267645,186.1793184573756,34.153465063049666,83.89365913067141
160.87221956433768,185.50073835767827,34.180264001823154,83.87662113174754
160.64538117948726,185.0653899214395,34.20577086538463,83.85953465566472
160.1267557459067,184.77384388168497,34.229664093233,83.84292902609027
159.6928076809745,184.5384570681242,34.25144326304872,83.82782463268683
159.83945507258736,184.35072584208697,34.269393533829614,83.81647871917784
160.12277506426926,184.23193539818038,34.28641874259304,83.80672847946667
160.1132784870374,184.3430046763117,34.30338008507808,83.79593786078794
160.12817891306426,184.81979371428233,34.31946394282962,83.78714043260135
160.44174018225766,185.56802400709728,34.33491851616387,83.7782143699817
160.63698044387536,186.22052154368964,34.350413960574066,83.7689329598982
160.97909830892803,186.8687105779589,34.36570930880737,83.75907990242227
161.03327478922677,188.06237142895822,34.38065579044157,83.7486915366816
161.07601438645705,189.09077005324883,34.39809091442333,83.73513698104772
161.30974998203342,189.83203551576577,34.416033274601155,83.72173406867105
161.96292747219672,190.0310097945303,34.43140938482021,83.71003749716876
162.23840392041697,190.36258261371225,34.44639817977835,83.69837843440833
162.72597237257023,190.96954113424488,34.45976216858781,83.685830440508
163.12614667865736,191.52292897491253,34.47197989638316,83.67363505187436
163.51810458254485,191.6681322795451,34.48443793275492,83.66125666254757
163.9431291532536,192.16454942521958,34.49592583061733,83.64961251621428
164.52786792287696,192.69759811254022,34.50625762326459,83.63954243477824
165.26018661719112,193.1835469883017,34.51675889888185,83.62750387562667
166.16661700782373,193.50526488402954,34.52723364599038,83.61589025299801
166.96381623516587,193.39383281084082,34.5381461082067,83.60289560134846
167.55111981833488,192.64623215177562,34.54990788412945,83.59015936893408
168.03210431822444,192.13221049317218,34.56227646217012,83.57750451547906
168.02692725714894,191.7490053995421,34.57523888031689,83.563277021255
167.2633776814707,191.47650071895788,34.588761762523575,83.54963082240684
166.15163037013883,191.66018758549092,34.60259895453849,83.53411978813416
165.11835809569192,192.16489377528674,34.61698204827794,83.51755896388994
164.64061971552204,192.0737090989728,34.631966774659254,83.49941651825523
164.4490404720313,191.94482555582678,34.64635451326387,83.48288943679024
164.02699602835324,192.01094664482687,34.6609391491399,83.46830242428352
163.0990953184065,192.03626848242428,34.67594219104264,83.45397416414329
162.0379841879532,192.60500982719097,34.690138424269776,83.43962918708853
160.98802282779104,192.96839883574387,34.704909710649424,83.42605221597273
160.2889195999964,193.8217899515958,34.71904803479186,83.413725369477
160.2417613651278,194.77766681283677,34.73075683291062,83.4024646727748
160.23526610055566,195.0369743744996,34.744957204445235,83.38734005705179
159.6500924029673,194.51787389706413,34.75945657334637,83.37165078365129
158.76835016027175,193.9901866356146,34.77160281525297,83.35983406337864
157.76599771491905,193.6032027004739,34.783095125277484,83.34836935652686
156.4507054015133,193.5588414429542,34.79259124729778,83.34007293677995
155.35614322075236,193.67315393049253,34.803633381112704,83.33034259237384
154.58240615470152,193.62215521928522,34.8146572463763,83.32156893989738
154.04602322697616,192.8062394803414,34.82696479932917,83.31093363426149
153.56721276420186,192.28291033088033,34.841501067685535,83.29714090245241
152.88565893094457,192.05765617883793,34.85579663092865,83.2826767701091
151.75370771763474,191.95820218280443,34.869345244376916,83.26765627129893
150.57307067978616,192.28763884786366,34.88279164711569,83.25426440842749
149.5521833382726,192.49345384520984,34.89462214870052,83.24256095697093
148.86304323835162,192.31792322649432,34.90421257307557,83.2325761781857
148.36014633428212,192.10213623296983,34.913639522732225,83.2234323190795
147.69503696061744,191.18235142848727,34.92428427161034,83.21283834905749
147.06032859339348,189.7168882885448,34.93602523911341,83.20326603847312
146.30385639868283,188.4861628306765,34.94757881375353,83.19196533677801
145.45582539727144,188.0910807903848,34.959629357225715,83.17980178445738
144.828008306252,188.61676798965408,34.97422056765354,83.16549897157404
143.9783585299153,188.98773024803188,34.98906937474435,83.15293992284361
143.49289794557552,189.9760248449646,35.00390283495076,83.13985289763359
143.45041595515715,190.9365606379296,35.01779557846177,83.12832768697825
143.47757781924673,191.60325974392242,35.03144837719868,83.11724016110406
143.72384679814644,192.1351700196805,35.044669122154254,83.10775913767174
143.87684195575346,192.77263963859644,35.05665358296976,83.09899266652529
143.84081934605337,192.69884092520186,35.068891132998594,83.09031048470719
143.92407196146735,192.66601583834827,35.080544736747235,83.08242745123623
144.23935346447053,192.203413744499,35.09116093472803,83.07577643721362
144.4964486501793,192.3386020890821,35.10076622762092,83.07037908073286
145.18110598823696,193.6355137076688,35.11007873255875,83.06394960424063
146.00410388435532,195.4436684711928,35.12001119444953,83.05587710531455
146.2379100854101,197.38393092492603,35.13217299921674,83.04629598256184
145.78311048089458,198.6070880606467,35.142159304652786,83.0377749659728
144.44414908175168,198.7931883590879,35.152030383273086,83.03018191184363
142.94945210595813,198.98288976213064,35.16212717375787,83.02128360423988
141.91197287318653,199.77276965928127,35.171773015323396,83.01317562630673
140.79885877362682,200.27422220893507,35.17987658637583,83.00623624622216
139.726668335455,200.40534914155867,35.18762955019812,82.99930594002075
138.34374765828443,199.95775038760218,35.212809045026944,82.97574052564677
137.12311860980645,199.47691509750192,35.23752866503889,82.95277694485179
136.23979426195484,198.84989003525186,35.258956580369514,82.93195297820351
135.59354405680477,197.8551889514318,35.27970177216377,82.91130461064161
135.01972811073983,196.4648457858079,35.30341799199144,82.88895306003819
134.46332329849272,194.9471761942731,35.329192675766,82.8651029234972
134.3315087140591,193.16044307187246,35.3575052551586,82.84098825856947
134.68949503350925,191.7322053608463,35.385376290918046,82.81777303349655
135.18333776384378,190.30118656482944,35.41516345502772,82.79332814834218
135.80226542892973,188.9626891166926,35.44567779953841,82.76764078791729
136.10964093819496,189.20438482802444,35.477710609743305,82.73896884910597
136.95357538903625,189.961470950136,35.50903504740862,82.71093816734466
138.07715634262325,191.4290770452243,35.54623569478475,82.67610587333206
139.228357072717,193.5720685550506,35.58232519757946,82.639865361614
139.35495149242874,196.08576808693797,35.59256248320552,82.62742277214346
137.7972080191992,197.94985663465025,35.60156072498323,82.61540287467122
135.9915757636871,199.674956381131,35.60982221095247,82.60414176099738
133.90234966294497,201.12583875415407,35.617544298453595,82.59440606196355
132.09081679781983,201.03959710841434,35.64632787843532,82.5661574650296
130.50218874570515,200.8914782843005,35.67747416325243,82.53682208612335
128.7908147370599,200.58749586267348,35.708983967957536,82.50723168779264
127.0902557624141,200.37574607651047,35.74192879484309,82.47737597757357
125.51753852552348,200.3325510802623,35.7732108371363,82.4488648520894
123.92021703111973,200.2935588100997,35.80184892977985,82.42267124688675
122.50697992534049,200.29506021876267,35.83093530297469,82.39615481815477
121.31994839319422,200.144949325123,35.86001216693459,82.36947266618694
120.2966146725868,199.65903133186853,35.889166094584375,82.34282249146389
119.17543941357813,199.37452593744575,35.9153894553904,82.31849312184691
118.2747077923212,199.11581463417886,35.94285241084831,82.29305128650905
117.09213811766179,198.44706906145575,35.949843185338025,82.28665081131932
116.33958153643616,198.0491259390103,35.9773246596713,82.26098865390074
116.15948217801953,197.2598904129568,36.00493312434352,82.23507182663619
115.51036760231658,196.65670041387955,36.012419520813204,82.22883275855223
114.76855310329208,196.05895902251382,36.020125338282064,82.2221375398799
114.46634512105939,195.08716265368147,36.02817388398141,82.21508328104647
114.94829848857455,194.3556332262156,36.035628309229416,82.20763832891038
115.2293259253662,193.72262966929935,36.04292248616798,82.20087384583427
115.95366599093971,193.15819154296076,36.05011369863362,82.1938377993553
116.51900327168102,192.55845827305106,36.05777758376813,82.18715690684742
117.19635388892914,192.01518221272704,36.06526409245886,82.18055793496616
117.9400189602651,191.4966565816158,36.07302979882408,82.17423847346424
118.38298143957101,190.85780817341836,36.08109482043305,82.16776370859083
118.74059638674522,190.338706362444,36.0894696051923,82.16083648165497
118.84267278571679,190.05456905509251,36.097479346612104,82.15322752902472
119.10182570382031,190.00348706192005,36.10517150673529,82.14567298399949
119.21415172253086,189.9852221276218,36.112739761405564,82.13840857826585
119.32592014146314,189.83166990430803,36.120156125192594,82.13122431930599
119.37825969976184,189.67570027075487,36.12744806654664,82.12428463772382
119.47239816254469,189.59305909102824,36.1345280762436,82.11776981104083
119.29941971158603,189.4550638850259,36.14136310001383,82.1111945995237
119.52688059004738,189.20912414458735,36.14845133926687,82.10465759699858
119.44083896987942,189.16321019136265,36.15553823873195,82.0977924530038
119.32514678216398,189.19972430817955,36.162325696533564,82.09094582691445
119.56754800610044,188.9674342834889,36.16905038880119,82.08418820024747
119.38340208052097,188.6982825619918,36.175587137087284,82.0768762681997
119.32175301419085,188.540258592515,36.18213567017152,82.06981705397605
119.17275150614078,188.3377474419052,36.18875997957801,82.06300624772416
119.00170081471872,188.26754358722596,36.19552947541538,82.05579223605339
118.77845646110012,188.40509975125946,36.20200593628225,82.04815169830009
118.55235883915722,188.5720525613571,36.20860123676862,82.04052995023235
118.35608791206243,188.65687606425462,36.23689851068934,82.01182541367656
118.60249415132778,188.8512713981085,36.266545360333254,81.98223179630179
118.34550595322375,189.02958260995246,36.295944875609436,81.9523849234562
118.55993141117456,188.79903953192775,36.32408259238682,81.92499006453862
118.48598182584624,188.76447671596557,36.35270668486599,81.89749320707023
118.69321413006504,188.63801902469692,36.38109037140176,81.87042191005358
118.9297979623484,188.42174731611658,36.40886189722279,81.84406764717008
119.19023298714741,188.26463147387196,36.437263133158666,81.81675762414358
119.71419268285601,188.14106692554296,36.465531948414124,81.7900034376633
120.0818012426803,187.8188703051748,36.493878282916704,81.7630841078277
121.02484395736516,187.55932498976924,36.52286696357811,81.73570260643288
122.0102996994546,187.3366265298925,36.5516878545442,81.70828660537758
123.02477974586272,187.2844267791887,36.581163917047185,81.68037906907404
124.11990117464713,187.19140153591408,36.61092084967001,81.65244475325795
125.17462214519715,186.89083709720614,36.64098429492251,81.62473914466614
126.320745353694,186.28538355954123,36.66924516590794,81.59847242429592
127.43612659409558,186.3555611757432,36.697364492432044,81.57134377698215
128.97891690260386,186.49097227039007,36.72661508459821,81.54325512583915
130.80013027363032,186.4159307467117,36.75589525744705,81.51523307220654
133.0403890590286,186.84975213972373,36.78401845279426,81.48732323114787
135.67654535466693,187.17943117639487,36.81154964966456,81.4607602532493
138.29152128231343,187.28275399090398,36.83928536303613,81.43436026212477
140.9858703165672,187.330239095017,36.867410681674585,81.4070611368126
144.0932254275932,187.3848914233504,36.89386609759253,81.3813878913406
147.2037559306947,187.47767994966657,36.92106177473915,81.35450710273683
150.32316213589073,187.37972822952898,36.94898539492575,81.32756039910255
153.71290081342835,187.16508192831913,36.97740656127382,81.30047558467311
156.7764162148202,186.8730917491071,37.00487528928241,81.27406098841577
159.51819537402153,186.61020580544772,37.031993831689,81.24861287594436
162.06522179106656,186.09878399697774,37.059463424204196,81.22350622509252
164.259476415008,185.18746059624493,37.085576959982205,81.19961376760122
165.45706672425217,183.78813588672318,37.11315849702669,81.17517573280257
165.70522646821416,181.9893920994828,37.11860241251836,81.17100138673585
166.05114691564984,180.00750747205757,37.12441046011761,81.16792703654481
167.23889539797372,178.79482184228772,37.156046121049656,81.14157138263236
168.69701964924425,177.9414499221859,37.18543079149749,81.11752270040557
170.3851187015137,177.63343084411315,37.21579334636713,81.0931380355062
171.88434102754542,176.65639536885487,37.24628841827224,81.06847091648841
173.12940238188253,175.83959765641512,37.27556487570516,81.0447032842314
173.55248218044858,174.61937219703094,37.30301583469871,81.02179293972459
173.93667815335647,173.66077683379748,37.330709008130356,80.99574361969034
174.5479623755166,172.54019601595573,37.35808334335113,80.97069016939058
174.75555467262382,171.14241557362425,37.386236338639065,80.94524904752281
174.61944293017385,169.90515959222313,37.41479225080222,80.92012936702976
173.86772251125768,169.04209309433364,37.44334917464073,80.89454717955068
173.49286533913528,169.30819413512336,37.44973613965885,80.88858526797318
173.5137604553791,169.65954753950567,37.45579477256102,80.88293803095162
174.08489330931565,170.13164295344228,37.485071589979356,80.85599253150477
174.4141288213678,169.96505313997253,37.51140697237307,80.83244938632284
174.45336693436775,169.10330155872336,37.53680751591582,80.81051850302951
174.3151416530804,167.41085215695318,37.561409887467654,80.78990974202522
173.91601834057914,166.3216571786884,37.58940088722222,80.76592953177617
173.6979247734023,166.04102801388964,37.617586479484544,80.74091520445613
173.61166751020028,166.01721248525763,37.64447420761642,80.71736077719163
173.3117835059201,166.2414705002056,37.67104610306724,80.69448348259004
172.99158126658983,166.3517651764299,37.69782296913694,80.67257475450724
172.3534672092251,166.53813114540188,37.72865041667586,80.64752535221163
172.00502627013816,166.8501514904766,37.759946419338604,80.62138803291941
172.2321378314628,166.7417611212236,37.78847806363032,80.59797187284583
173.30468150578142,168.0505739191917,37.8143251536986,80.57645995870284
174.6155348789126,169.56087960657192,37.84266475600801,80.55286119914626
176.09945005782663,170.9900013628054,37.8712743319568,80.52893203299276
177.41909582483808,173.03802548918577,37.87734636719353,80.52679924272591
178.29341977915536,174.98235773734484,37.883591284639316,80.52450850472385
178.48838622689772,176.01668656760523,37.889862503114834,80.52266049843885
178.2981168839056,177.18795840060196,37.89676264859269,80.52095168847877
177.7057402954935,177.59330284549205,37.90340880217777,80.51961537543121
177.02888174257203,178.0884300080404,37.90947359192725,80.51870654126698
176.80892652134224,178.47763949770626,37.91597750257611,80.51782991461162
176.91729407087323,178.5339174476453,37.92277372420525,80.5159684678538
177.24683809619756,178.10857841381085,37.95714202531357,80.48729730380276
177.55387663628662,177.43755553795654,37.99248598137892,80.45821115853866
177.75957339970856,176.65820483367298,38.027064867359705,80.4297929877906
177.81099155770525,175.9347642126151,38.066684516646816,80.39692836503818
177.8126496327324,175.28414109528444,38.10698590197509,80.36389565854508
177.57804436647132,174.98738702784223,38.14579653978283,80.33131964454566
177.1435130199248,174.8735477233149,38.18805972096643,80.29581045772284
176.81998545379986,174.78515138918542,38.2286524341832,80.26135487716628
176.70212463572344,174.82621139062366,38.26959860818552,80.22734502409062
176.7700124244526,174.4511309708767,38.31128765000611,80.19272768584628
177.15445510584243,173.51146530750333,38.351036091547726,80.15979681128388
177.79227533281943,173.0069768703444,38.356704050145574,80.16038409343099
178.32565115411998,171.92203669753286,38.36357236928308,80.16066895908887
179.08354846164252,170.77082667912967,38.37065711634434,80.16136789985644
179.88666238247828,170.1400467415664,38.3769344721978,80.16350785692266
180.45888042981923,169.87773163539546,38.38297733659949,80.16733020698275
180.89435068015044,170.19595727560286,38.38891253450351,80.17229869490139
180.86203390506154,170.02450702104687,38.395173460462864,80.17818601898908
180.82489124702354,169.77503229187735,38.401164877241115,80.18478704478726
180.92593286625947,169.4825138383895,38.407172748760345,80.1913198066175
181.15951903926498,169.07481453333236,38.413293349564796,80.19794352821637
181.37858384487689,168.90338352004326,38.41928378781762,80.2044234041445
181.66273616908393,168.71833678923375,38.42496465642851,80.21028897479523
182.00850975668155,168.86060174065906,38.43087032442252,80.21558901154837
182.50411053586322,169.10406185783518,38.43666969875266,80.22164311811183
183.1836927450704,169.31860307642967,38.442087461315154,80.22725821953716
184.02428449836813,169.3597570646402,38.4469782116167,80.23156015801494
184.75140554805853,169.74651643234156,38.45152522241959,80.23622732663826
185.37263882691275,170.18887640311922,38.4554052576143,80.24063106329034
185.83706975834576,171.2250368772037,38.45974065465122,80.2455870602355
186.2337870640625,172.41867261600024,38.46439298445996,80.25045620954977
187.41069979037715,173.3227118901332,38.46799536729516,80.2545153842529
188.93268489333235,174.4113502987898,38.47184692156234,80.26059079891905
190.041308833509,174.79921973500473,38.474911159739364,80.26634702078854
190.90310831297745,174.56745227472135,38.47790843703136,80.2716796687017
191.5582150608059,173.97332232874837,38.480543509337096,80.27631445860452
192.33307330296768,173.64134017820658,38.48388183458387,80.28127949544786
192.89690065162634,173.67048888888138,38.48695919674533,80.2847171527907
192.39975399717514,173.8306740287498,38.49058212267121,80.28824387718133
192.10232079191707,173.03894891548572,38.49451097835103,80.29202152871254
192.56341798989808,171.65270288786476,38.498677308745535,80.2950185735785
192.91314655506517,170.35923266515766,38.50325480489528,80.29866272001198
193.47134024733742,169.86401417861515,38.50830449310466,80.30260521153342
193.6240173464121,169.72743437066254,38.512667145474495,80.30648627133016
194.1153666999498,169.28332884979662,38.546278414976875,80.28094571088918
194.49218548303483,169.3671599939897,38.55228672807545,80.28477878561925
194.7484857669609,169.3460100682187,38.55819888605338,80.28805588228346
195.070170136752,169.7383295380639,38.56419116083733,80.29075275563855
195.5011119422786,169.938252934279,38.570081559488685,80.29447351577488
196.19797482705312,169.87674999024486,38.57596273307017,80.30006230675149
196.90086323335572,169.49381422945618,38.581085082757426,80.30523193356873
197.21313722689047,169.4129597762775,38.58541330494698,80.3078185367979
197.76080605012473,169.3648243234827,38.590477059998264,80.3109291185888
199.06661697493405,169.61869766705078,38.59608634097958,80.31464094757354
200.6093586376605,169.57254907829062,38.60132128487482,80.31761089404432
201.59774836689536,169.8973262001642,38.60646671787699,80.31971935762597
202.85649756743894,169.9106222633964,38.613009731050674,80.32264172458231
203.61929874949982,170.1588117369967,38.619030134377326,80.3232077115114
204.60350909213489,170.80358720312023,38.62393815870954,80.32503539655099
205.83651604747706,170.91309628178135,38.62937982206085,80.32740252448704
207.27146122228447,170.99764305646084,38.63422673517188,80.32849445166963
208.39142911985152,170.46395033494335,38.66927243875605,80.30114641806578
209.3408776429264,170.44940883110567,38.69721927421334,80.27782165066692
210.24607398290894,170.8778942838,38.70100100792929,80.27803396328055
211.21866232062666,171.0769042957569,38.70531571413906,80.27806803248926
211.19347737168002,170.93597010071375,38.70919296837796,80.2783343677412
210.6427186017571,169.8091078434025,38.713836271163245,80.27763669455851
210.19311897904964,168.8933506745651,38.744037763911706,80.2506920364142
209.64720683386753,168.5187660167632,38.747804536270536,80.24791305499421
209.65923253067277,168.1485118056067,38.751672286098405,80.24468032263657
208.72615876176206,167.53072228429212,38.755364217459245,80.2433367435387
208.0045599908804,167.29771251321807,38.760040731657575,80.24240494524985
207.1071774669569,166.96688099381228,38.78831925396898,80.21775185151597
206.6576677752154,165.38504438170472,38.81667725954519,80.19314759274464
207.66896887114643,163.92500922986673,38.846544559641785,80.1671343507358
208.44650545497566,163.3804437078952,38.87676265842464,80.14185940503194
208.49689710045627,163.6464962028596,38.881922868459085,80.14165017182466
209.1017127021508,164.40806796859687,38.91304817675827,80.11775919810464
210.74499840013394,164.7204828920607,38.94510556878637,80.09346754535652
212.8586300924874,164.61307182473877,38.97308882333114,80.06971091341595
213.79610871875704,164.65095132506988,39.004029903387654,80.04272173323528
213.33225097698607,164.40453288315618,39.03235302052031,80.01870790714754
213.0019058650006,164.50719857858513,39.059437585483266,79.99628719706052
212.80704641820302,164.69511143136185,39.084610418516235,79.97546511666158
213.23672637609891,165.820006653563,39.08777763475878,79.97432260049716
214.0507029706549,167.91450496568854,39.091436269682426,79.97267577254124
214.09537470757914,169.91089305972997,39.12068635450307,79.94881671588234
213.51912262851974,170.85658738048747,39.14749278065011,79.92774994421751
213.4651325406188,170.88870531452088,39.17355028376299,79.90673659292584
214.04346277077943,169.08942471662434,39.19947017527129,79.88514436159487
214.0805457671653,167.82187282136255,39.225510050982166,79.86387097964834
214.41454915025565,167.48090333586362,39.250929715026835,79.8436951301659
215.69636947441353,169.9215470551455,39.275184698501235,79.82162009013115
215.64118298471345,173.16317721740901,39.27967310354767,79.81837075193228
214.60222994291837,175.31366321237152,39.30750651715491,79.79405920435956
213.57045465063962,176.2302235717406,39.33491260670207,79.77136495923895
213.42293908065642,176.76847601023795,39.36234523687993,79.74902020034727
213.16333116724118,176.927718103293,39.38830130595325,79.72757144013858
213.10830842845277,177.23396812745926,39.41562215269736,79.70554194425048
213.19254620947578,177.4757062488041,39.44208812624346,79.6840180898474
213.36117570150725,178.15171282041172,39.46771440872292,79.66313020603164
213.63596454999325,179.8993971440222,39.47040140215013,79.66215991429462
213.02094079570287,181.36887167898632,39.47364048196651,79.66315439638363
212.013105905548,181.97502380129788,39.50196242101343,79.64027705071679
210.96830190479594,182.5470539597648,39.528228566514755,79.61925121101686
210.03283553371492,183.29309182363153,39.5311411317893,79.62107673602998
209.0497352825706,184.26363032234025,39.53378856305591,79.6237807568697
208.01374079355114,184.79192071640512,39.55814794629198,79.6053173774924
206.78261662670369,185.13204172970157,39.58243541687345,79.58694201578597
206.05324765986774,186.36503692980403,39.58457840654511,79.59022780538513
205.522562633066,187.93593940593007,39.58627681975244,79.59184378781012
204.44520804820323,189.6084824099516,39.587963461783325,79.59334209983547
202.9975802459415,191.0244534948087,39.59032122199219,79.59488338768654
201.55529304948067,192.4961371003139,39.59320487432851,79.59660575530472
200.57424406272295,193.3794878795485,39.595945705395536,79.59832894620992
199.32077185156703,194.2378360325235,39.598752850104255,79.5994220518047
198.3014825747391,195.18546273863942,39.601938165692445,79.600125275048
197.3780513186276,195.63572313704856,39.62529253449047,79.58090731178686
196.70738116863706,195.75958178539082,39.65118157009016,79.56015959992496
196.13315803338912,196.2346734422602,39.67723649746924,79.53994082857517
195.95070120236343,196.80570412224,39.70448373739195,79.51923988979627
196.03275657694977,197.23221246337044,39.7385352011872,79.49337581736049
196.3677903704813,197.69449427918096,39.76827704615388,79.47100048682591
197.10198620156342,198.44426353115912,39.80009197368839,79.44633826746889
197.66852886513368,198.9921378468498,39.82847133771,79.42377198052418
198.16794303538148,199.6321585356821,39.85752235455229,79.40072771131906
198.12075087293107,199.97393701311017,39.88555234509876,79.3785809689797
198.0264348839179,200.2790599947217,39.91206222253347,79.35755088042859
197.85641477720353,200.56709797655452,39.93732682003161,79.33701428634605
197.9802752989296,200.5784616873801,39.963768724711024,79.3152164166507
198.1417341955413,201.30559758309636,39.988237559877014,79.29563486226343
198.06698479465115,202.04569473490207,40.014152582918285,79.27532508299744
198.1608588970699,203.4443394940123,40.039770320320585,79.2547637180057
198.3840868226646,204.34161806606846,40.06416416195263,79.23555952875789
198.82062189807726,205.3066052914534,40.09011748439011,79.21474247335088
199.46655506312644,206.00677997136094,40.116348030436185,79.19388944951909
199.89937585163986,207.00393733866645,40.1393630696203,79.17585242391532
200.00365625802834,207.74884492510836,40.16206030645061,79.15811617044218
200.3302021988709,208.62564254459008,40.18294234272665,79.14199620747213
199.93472585961578,209.89353667635453,40.20678538874478,79.12274942496126
199.5542181454599,210.59291712896442,40.234009108110314,79.10178028209347
198.53594138782006,211.52742440182678,40.25629064882639,79.08429521539556
197.72554318233946,212.3730561173828,40.2808157833136,79.0659535610551
196.91052815866627,213.1772244386647,40.30489416382801,79.04767989437478
196.3198556442589,214.16190458419393,40.324631569542454,79.03241794716546
195.97793745609587,214.78527874542777,40.344644043261574,79.01649814833367
196.21547131446607,215.8289974555242,40.36240749708009,79.00208190161798
196.55311592874608,216.3000615646606,40.38102749636812,78.98680185648662
196.45457435096745,216.80239780467633,40.400468038276024,78.97021661333645
196.75584663807211,217.35656389452203,40.42086913037986,78.95295496644385
195.8840406102743,217.1183824612305,40.442320131364276,78.93510812624358
195.89214815580598,216.90166983564708,40.46508163510664,78.91690013265755
196.61336813479764,217.0400647584187,40.492379445296535,78.8950544625961
198.10575847476426,217.47085730756294,40.52186048792799,78.87247537102533
198.9608184898243,217.38668204922936,40.55076056698453,78.85055327333262
199.0904553168128,217.97066032015536,40.5782061756075,78.83024780779745
198.44236145010527,218.63032283742987,40.604804127261396,78.81160341060803
196.67080170291737,219.26377038007135,40.630565795404266,78.79322571939095
195.37585918976964,220.06043252520772,40.63279098588432,78.79607459634687
193.49464976829725,221.04877148900493,40.63465766093665,78.79877203114872
190.9327323349539,221.4196157087451,40.65672546448248,78.78125010415766
188.10146305392053,221.82923105118272,40.67731484976086,78.7644517775474
186.44449134627445,222.8318557858699,40.67826497701288,78.76524908017623
184.12151790041904,224.19918998320716,40.699526581248094,78.74721829689084
182.38076531541003,225.80553468261218,40.70063691102564,78.7484895456638
181.17724838280802,227.4831710327109,40.7016203325804,78.75000858016173
180.6014972713058,228.63547896464812,40.723513209195055,78.73160396849988
179.99342085282376,229.9119766674283,40.74415458585487,78.71442165612494
178.7103515339307,231.2874285233293,40.762901570580105,78.69816211889871
178.63665637713302,233.2956738602833,40.78182326637851,78.6817367716814
179.07799170516864,234.91463219076056,40.80262127876811,78.66353332178646
179.25020358172026,237.2656218511916,40.80413900963934,78.66307730490999
179.2190595843186,239.11848281815696,40.805933818326466,78.66279326961515
178.85922222804317,240.46510150338332,40.807995191453166,78.6628449406816
178.97457137122728,241.29117013813402,40.83177962140688,78.6421883649973
179.0564435673955,242.42286875555288,40.85712916157992,78.62061384973353
179.6522612558649,243.33052867151915,40.8805257661093,78.60082159520123
179.5059517606301,243.921521569938,40.90267977001614,78.58285168753135
179.45228509599266,244.19240498007684,40.926873687185946,78.56420741631062
179.2276409912061,244.81270417054446,40.948480003648825,78.54758350169922
179.14050490727766,245.5115364873544,40.97141314720031,78.52981741620562
179.5129552235581,246.19267318784642,40.99460705428182,78.51110399561401
179.6072258026667,247.30699023378415,41.018425220162236,78.4916535966707
177.71251688657696,248.01332234796917,41.03954681058144,78.47482822499772
176.68328865191924,247.35942321576053,41.062645566197546,78.45715473057255
177.38640745577118,247.86212700777534,41.08448804043338,78.43864527076092
