1
198.0840,21.9715,71.4037,82.1441
200.8345,20.4037,69.3242,83.2715
198.7002,20.4749,69.1430,82.7606
199.1573,20.9216,68.2504,82.8927
199.5699,21.7545,67.3427,83.2725
198.8538,21.9041,67.0168,82.9882
199.9838,22.3657,66.4932,83.9356
198.8211,23.0762,66.3621,83.9941
198.5489,24.4163,65.8249,83.7523
196.2027,25.4345,66.4822,84.0509
195.9984,26.7009,66.1880,84.8483
194.9182,28.8337,65.7911,85.4744
192.3007,28.6480,66.0913,85.5389
191.4422,30.9337,65.4427,86.0873
191.4241,31.6488,65.1241,85.9761
189.2911,31.9860,65.1953,85.5773
190.2433,34.2609,63.9118,85.2550
188.5475,35.1905,64.2493,84.5994
188.3331,37.6732,63.5978,83.4501
188.9090,41.2620,62.5000,82.6062
187.4587,41.4556,62.2878,81.6292
187.6457,43.7949,61.4748,80.9915
188.8248,44.9736,60.3039,81.1627
185.8064,44.6407,61.6334,80.2400
190.6993,47.3008,59.8690,80.2490
187.6870,47.8132,60.3735,79.5321
188.3931,47.4327,60.3487,79.4673
191.8305,48.6516,60.2050,80.3576
192.1624,49.3298,59.8863,79.4395
192.2342,50.1068,60.3541,79.1352
193.5533,50.4813,60.3108,78.4647
194.5844,50.5380,60.1258,77.4169
196.3168,50.7172,59.7910,76.9242
193.7909,52.6483,64.7064,71.0533
196.0079,52.9396,65.6128,68.9429
198.9865,53.7538,65.1822,69.5805
201.4173,53.9194,63.8915,69.8640
204.1340,54.5576,62.8165,71.0270
206.1882,54.3426,61.8853,70.7735
205.9249,53.6011,62.5505,71.8574
206.8769,52.6258,63.0693,71.0758
208.4822,52.5547,63.5328,69.9738
209.9457,52.0155,63.4596,70.2233
212.5793,50.8801,62.9347,71.1648
215.5187,50.2064,61.8472,71.2770
218.1053,49.6311,60.3293,71.0904
218.9171,49.6110,58.7471,72.0491
219.3159,49.3501,57.6193,72.7543
219.5885,48.2207,56.9692,73.0449
219.2811,47.0239,56.8013,73.7060
216.9333,45.6939,57.3212,74.1573
213.8100,43.5949,57.7256,75.0845
211.0012,40.9105,57.9915,75.6499
208.4934,40.4358,58.9670,75.8281
205.7470,39.8912,59.9441,75.5452
202.9783,40.3265,61.0061,73.3696
202.5217,41.0941,61.0420,73.0159
203.0250,43.1307,60.6309,72.4266
202.5278,45.1165,60.4471,71.1062
201.1382,45.9138,60.1921,71.2126
199.3339,46.7983,60.1024,71.6353
198.2538,47.1786,59.8446,71.6643
195.7170,47.6579,60.0786,71.5109
194.4498,49.5029,59.7855,71.0115
189.2297,49.8483,60.7072,71.1882
179.0768,43.9356,63.7373,67.3575
177.1364,40.2304,65.8246,63.9708
177.5180,44.1460,64.3402,63.3576
176.3674,45.0089,63.0959,62.6727
174.3705,44.1175,62.2924,61.4658
177.1406,44.2649,62.1484,61.9426
165.9468,58.5829,61.6358,63.1354
153.1153,63.1965,64.5280,66.1835
153.6138,64.9154,64.8235,70.4789
149.6602,61.8929,67.3591,71.0513
147.6349,65.7291,69.2683,73.1198
145.5147,67.3069,69.7107,76.0582
142.2665,69.6672,70.8851,77.9104
137.4739,68.4022,72.5609,77.8886
136.2053,71.2075,73.2887,80.1931
133.3291,73.4935,74.8350,81.3903
127.7954,72.4478,76.7800,81.1673
122.9288,77.2415,78.8790,81.6739
118.7613,76.3898,81.3555,81.4343
112.2454,77.1580,84.1786,80.1443
106.3794,78.8887,85.6794,79.3542
100.5759,67.9846,85.0773,77.7932
98.6736,80.9212,85.6752,75.7135
96.7716,89.1833,84.9806,75.1482
94.2613,89.6560,84.9978,73.8681
93.3992,49.1540,83.2945,76.5057
92.4833,49.6266,82.7794,79.6198
93.1229,45.1660,81.8226,80.8690
92.3471,46.9607,81.5202,83.3535
92.2027,47.6063,81.4109,85.1352
92.5866,43.8642,81.4695,85.2026
93.1317,46.8827,80.8684,86.1690
92.0565,47.6695,81.2013,87.9769
76.8811,112.8824,86.0899,80.8878
74.2420,115.8493,88.4499,76.3062
70.8450,122.2190,90.9910,74.9202
70.8263,121.9288,91.8381,73.1612
69.9159,123.9883,92.6057,71.9240
68.4579,129.8258,94.3078,73.5375
94.3710,120.6672,96.0183,71.8830
87.1833,122.8915,97.7946,70.4985
91.5671,123.5378,100.1383,68.6635
95.8043,124.7725,103.0919,65.7083
107.8404,124.1034,101.5140,67.2214
110.3813,121.6209,99.9809,68.3873
114.5933,120.8551,97.8350,69.8987
115.6320,117.3182,94.3121,70.3900
126.6423,113.0883,90.3405,71.9796
126.5408,110.5681,84.8635,74.3886
126.4203,109.7221,80.9633,75.1240
133.8748,107.2920,77.5851,76.4457
130.8037,109.4827,76.1464,78.5476
137.6021,106.2543,74.6748,77.7460
144.0492,102.8445,73.1084,78.7266
151.6780,98.5889,69.3084,82.5612
154.0555,88.7017,68.5635,83.9149
156.2899,86.1473,67.8911,85.6773
162.3769,79.1174,67.9253,86.1171
171.2636,71.1866,67.3323,86.1166
178.9240,64.0318,68.2106,83.7417
182.2984,61.7838,68.3434,83.5187
188.4939,54.5413,67.6628,81.7038
188.8731,46.0194,66.7673,81.4212
198.0914,47.7631,66.2115,80.0383
197.1375,49.4081,66.6356,79.9353
196.3232,40.7329,67.2000,80.2662
202.0896,48.1834,67.7100,79.9290
209.9931,53.5693,68.1976,80.2019
212.2660,50.7455,67.3251,82.3278
214.1725,55.3434,65.2692,84.5223
218.4793,53.0238,58.1291,93.8835
220.9070,54.7295,54.7628,97.8033
223.1938,54.4034,53.2456,98.5656
224.3981,59.8224,52.9720,98.8095
226.2948,60.5646,52.7737,99.6063
227.3004,69.4283,52.4547,99.1965
228.6708,68.4131,51.7898,98.1926
229.2258,69.5239,51.4753,97.0914
228.5753,69.6486,51.5352,95.2795
228.6138,70.5914,51.8269,94.4570
227.4448,72.2051,51.8575,93.7945
225.8746,74.9714,52.2825,93.3830
224.1292,77.1953,52.4083,92.2497
220.5189,80.1049,57.9014,85.4853
219.2810,83.9859,61.4683,81.6968
218.9031,87.2353,64.2078,79.1007
220.0509,90.1865,66.1096,76.0448
218.3701,91.2840,68.9189,73.4377
218.0035,92.5844,69.7073,73.7371
218.3471,93.1951,70.7612,74.1600
220.8451,92.2995,70.4092,73.1871
212.9952,90.7304,70.0453,71.6212
212.2614,89.2861,70.2359,70.5273
215.1599,88.5367,68.3414,69.1045
218.2705,87.6491,67.8114,68.5574
219.9439,94.1909,67.1457,68.7517
220.7777,94.1694,66.6680,69.8044
222.8209,95.5943,66.0022,69.8741
217.1263,93.2218,66.2697,69.1431
219.1296,92.6178,65.9138,69.3203
220.4274,92.7454,65.8004,69.9456
221.7237,93.2072,65.7770,70.5233
223.1863,94.6886,65.1744,71.1968
225.0689,96.8336,65.6216,71.1013
217.2955,89.0346,65.7053,70.5703
218.9617,90.1026,65.6111,69.7309
220.0824,90.5516,65.5030,69.9822
216.3371,91.9891,57.7834,77.6739
226.9018,91.6361,55.0439,80.0720
218.7083,85.4417,59.0636,75.2255
218.8346,86.6110,62.2039,71.7881
218.6678,87.3167,63.6468,70.9782
217.6750,88.6677,64.4542,70.7086
213.4281,80.4551,57.0702,76.7758
211.0126,86.0080,61.5430,71.3759
212.2784,81.2835,62.4948,69.3008
207.1047,69.9915,57.0450,73.7787
201.3018,95.2001,60.2474,71.3283
185.4052,111.9934,59.7470,73.0617
179.9144,112.3105,54.1223,80.8606
180.3190,108.8841,52.0932,84.7378
179.5753,106.1960,50.3551,89.2417
178.4279,102.5592,48.9407,93.3609
176.3936,97.9714,48.3674,96.2590
172.4818,91.7913,50.4151,96.2892
167.1143,91.1668,52.4594,96.0899
161.8618,83.0072,53.4303,96.1166
155.9183,82.1258,54.9001,95.0115
154.7609,78.6052,54.1516,95.4348
153.9602,73.6394,52.9014,96.8554
153.4460,71.3170,52.5405,96.4795
150.1413,68.4051,52.4092,94.5663
140.2430,66.1872,54.0344,92.3409
137.4531,64.3429,54.3210,91.1471
133.0439,62.0700,54.8254,91.5642
124.8735,61.7974,60.1671,86.4178
118.8185,65.8245,64.9471,84.8191
111.0699,61.3129,70.1185,82.7634
105.1030,56.5227,74.3683,81.3664
99.5948,53.3558,77.1283,79.9685
95.0781,51.3412,78.2425,79.1274
90.6244,48.2394,79.8831,80.5144
89.7914,43.8489,80.7777,80.2058
85.6138,40.8154,82.5336,80.7167
84.8154,37.8687,83.7335,81.8781
83.8530,36.8546,83.8023,83.7094
83.1557,35.6414,84.3744,84.8918
78.8432,33.3959,86.7890,86.6514
74.6118,31.8337,91.5093,85.3910
68.3064,32.5583,94.3561,84.9887
61.8886,32.5500,99.8450,83.3278
57.7234,33.7739,102.9645,81.5961
54.5375,34.3902,105.8533,80.1072
52.7369,35.9086,107.4043,78.7946
52.0454,37.7169,108.4777,77.0803
51.7893,39.6143,109.5775,75.9929
50.2339,40.4881,110.8476,74.8579
51.8788,42.6600,110.6899,74.6296
54.6969,44.4148,108.6058,74.6369
57.5885,44.8997,106.5798,74.2759
61.8305,44.7800,103.9469,74.5665
65.0883,44.9524,101.5412,74.6230
69.3398,44.9483,99.0608,74.1307
73.7111,44.0019,95.1961,74.0077
79.4343,44.1757,91.1480,73.3671
79.0110,44.0148,90.8027,73.3109
81.0681,44.2143,90.2639,73.3197
80.8609,45.6048,90.2903,73.6283
82.7068,45.7200,89.3631,74.0655
83.3698,49.5157,87.4707,76.6937
86.0682,46.7948,85.3743,78.0567
87.3233,45.7243,84.4205,77.1433
87.0640,48.7361,84.3177,78.6080
86.3204,54.2999,85.1826,79.7793
86.8029,51.0155,84.8827,79.0360
88.4665,47.2724,84.7290,78.0865
89.8643,50.5772,84.1471,78.2248
90.4407,44.5081,83.5418,76.6939
91.3789,48.4770,82.4243,76.9086
92.5850,52.2558,81.7731,77.9253
92.7155,46.5165,81.6547,75.9620
94.7535,49.3595,81.0877,75.8641
97.0963,52.6290,80.4092,75.1408
99.7220,58.7178,79.3284,73.1059
103.6255,68.9217,79.7735,71.4424
108.0503,80.6211,82.4632,71.1626
114.0680,82.5541,84.5980,71.3341
119.7305,88.8502,85.9339,74.5312
117.1534,81.8455,87.5806,74.8069
125.2448,85.2998,89.8188,75.5073
132.2705,88.3820,90.7409,76.5519
138.3293,91.0235,90.8824,77.8366
139.4885,92.1550,90.8615,78.6430
142.5380,94.2007,90.8843,79.7070
143.4120,96.2100,91.3649,79.2337
145.9506,99.9659,90.4006,77.9914
146.5890,103.7539,90.6492,76.3261
148.6346,105.0496,91.4118,75.1746
154.2516,107.5279,92.9661,73.8562
158.0007,101.6378,94.4524,74.7005
162.8683,104.6045,96.0295,74.2233
160.3988,108.5316,102.2779,69.8892
159.7989,110.6504,109.6093,66.4874
161.3944,114.3675,113.1033,65.3130
162.5500,112.7909,114.1371,66.0573
169.0872,108.3857,107.6793,71.6027
194.7796,101.2516,99.7536,73.9125
194.6007,107.4852,95.5166,72.6162
204.0958,112.7542,93.3705,70.8277
190.2563,127.3857,97.8824,65.5859
189.7477,128.7762,99.8632,63.4657
196.6207,123.1665,95.1276,65.0899
204.3923,114.5947,90.5638,68.1265
203.9892,120.1930,86.7708,68.8234
200.8524,133.5382,90.6539,63.5980
205.3501,134.3734,92.6477,59.5908
212.8975,132.6059,88.3428,62.2400
223.3083,138.0081,88.1582,63.0202
227.4111,132.7646,85.4722,65.1610
231.6167,128.2448,82.5213,67.4182
220.1674,108.2115,77.5066,70.3673
230.2530,105.3083,76.8981,71.3601
239.0499,110.2253,76.8244,74.7633
239.7472,96.0512,76.6299,78.0548
237.1005,89.5161,76.8229,80.6953
219.1527,68.5250,77.4379,78.7356
210.5327,60.0144,77.5357,77.1260
211.8480,57.0961,76.4956,77.4914
208.7278,56.3464,77.1206,77.5915
208.3512,54.9967,78.1951,77.1779
208.3871,51.4326,76.7584,79.0913
209.8960,50.9189,73.6283,79.3352
199.7428,46.4266,75.3957,75.2979
199.3497,38.7543,74.3116,72.2659
199.2963,41.8552,72.6192,69.7542
198.4574,44.6520,71.4627,68.2003
197.2903,47.3130,69.6194,68.0185
197.1014,47.3128,66.5313,70.9882
196.6815,41.2457,64.8254,68.5812
186.7668,33.1152,63.3821,67.0509
175.9919,33.8186,64.7489,65.2423
167.4636,22.4212,64.6038,66.7548
159.7908,33.3921,66.9639,63.6880
160.6820,28.8768,66.1036,62.6236
164.1592,32.2708,65.1124,61.8276
192.8886,10.5999,54.3746,72.1390
201.1500,7.5416,49.1423,78.2882
201.6442,5.3804,47.2030,81.8561
200.9574,10.8960,45.9400,83.6627
199.5805,9.0515,45.1281,85.5071
197.8556,7.0621,44.9978,87.4918
196.5972,6.2080,44.9003,88.8183
194.4053,4.9216,44.8788,90.6416
2
0
0
0
0
1
101.2298,42.6181,82.8726,90.3037
