1
337.6859,31.3639,35.7897,46.2301
336.8064,22.0126,36.7084,49.0072
336.7585,14.4036,36.2199,52.3770
339.4695,10.1146,35.8157,53.0687
342.4585,11.0267,35.4309,54.1839
346.9517,13.3598,35.6970,54.0441
356.0173,18.8857,34.3501,56.6408
363.1233,26.2582,33.1482,55.8714
364.6982,34.4490,31.7306,56.9157
375.6149,44.2942,30.7455,56.8192
376.2552,47.5841,30.1782,57.8654
373.8989,51.5474,30.4522,55.8775
372.7567,50.0816,30.0775,54.8353
360.3714,45.2108,31.0968,54.7953
354.6023,40.8081,31.0682,55.6358
343.4850,28.0821,30.9503,56.3822
336.6734,22.9029,32.1973,53.8220
335.7977,21.0635,32.7015,51.2374
330.2964,14.6821,32.4708,52.4775
328.9921,11.5012,32.9446,52.5719
327.8195,15.8453,33.0686,50.2337
327.2455,21.3210,34.4719,49.5495
328.9148,25.1406,33.5853,49.5089
332.5002,26.8774,33.4863,49.4426
335.8045,28.6140,35.2091,47.2992
339.3207,27.4880,34.7994,48.7956
341.7173,25.2928,35.0458,49.4457
341.9823,22.6936,38.9756,47.6000
342.5063,19.1919,41.2431,48.2513
348.9359,16.3226,40.5958,48.6071
353.6885,20.2138,41.6624,47.0634
364.2493,29.4760,41.3072,48.3363
380.3950,34.1780,36.2793,54.1683
393.8453,56.0838,32.4285,58.9168
400.1173,74.6487,32.7987,55.5328
398.0523,87.9741,34.0975,53.3003
405.5880,98.6178,38.7596,47.6494
369.6192,114.3156,38.9518,46.9993
371.3602,115.0524,40.2333,46.5336
352.5319,108.8627,40.3372,46.3706
347.5677,110.7548,42.3196,47.3429
383.8792,108.1874,43.0363,47.2716
387.6642,97.5763,40.8521,49.8406
379.7369,83.5262,40.8324,49.5822
368.4606,53.8190,40.4154,51.6978
353.6405,29.9679,41.0433,53.9863
335.7863,16.7037,42.4410,54.6918
320.8471,13.8552,42.0587,54.4111
312.5550,13.3860,39.6379,59.5435
304.4578,12.6333,39.5857,60.4338
304.8519,17.4987,39.4286,60.1800
307.1710,23.3161,41.2696,58.6690
309.0268,24.8366,42.9809,56.7621
313.9009,27.8483,44.0963,58.2124
311.8503,23.1973,45.3848,56.6762
307.8114,18.4227,45.5256,58.4358
304.3976,12.8452,46.4828,60.7499
300.3893,9.0053,46.9643,62.7149
295.2688,7.8322,48.3568,63.2949
294.5273,7.9451,47.6812,65.7244
299.6257,9.4268,48.9739,67.0139
306.2082,7.1324,51.2176,69.9124
320.7041,2.4155,52.3220,69.7088
325.4431,1.0784,53.1938,71.2816
324.9701,1.3826,55.0202,72.0368
324.7211,4.9272,54.9139,70.2347
325.0839,8.4332,55.3765,71.7731
323.2844,10.9150,56.9280,70.3663
324.6636,3.8846,54.7824,70.7653
320.5431,0.2977,56.5877,69.7603
318.2066,-2.4235,58.3964,68.2772
315.3820,-1.8795,59.4982,66.4019
306.0857,1.3631,59.5758,65.7341
290.6935,1.8287,60.0089,67.4012
284.5965,21.7557,60.2746,66.8495
291.7884,41.3239,60.0636,65.6631
309.9539,97.6325,59.4461,66.6490
320.7365,137.2610,60.1141,63.9848
340.2912,157.5834,61.3535,62.5920
334.6369,175.9738,53.9057,70.1625
336.9556,173.1093,54.6391,75.0359
334.1494,168.8800,51.6349,74.2891
325.5765,162.6142,53.8642,75.5174
309.8015,149.7652,56.6242,76.7193
285.0867,129.2132,59.1370,78.0595
267.5149,106.6743,60.2196,80.6248
251.6809,86.9599,62.4095,84.5444
240.6234,57.7150,64.8601,90.1377
228.1910,36.8052,69.0455,93.5744
212.5206,15.6282,74.6252,96.0441
196.3250,8.7819,76.5965,95.7749
168.9638,24.9698,78.0066,90.9697
150.7321,10.7323,82.2277,95.9472
148.1422,9.9681,84.3355,100.4893
148.3790,15.8894,84.4581,101.9977
150.7857,25.2471,88.8984,105.2126
153.0438,32.9423,94.0229,108.4972
158.4640,32.8404,97.6299,114.3485
162.7691,27.4275,98.2821,116.7687
