1
281.4266,131.4408,88.2123,62.0777
280.5761,135.1025,92.6234,60.7105
281.2232,137.2618,96.2165,60.7675
280.7066,138.1170,97.9331,60.9007
279.8591,139.6918,99.9880,61.4562
284.5673,140.6378,101.2627,62.1298
282.6571,143.5139,101.9420,62.8986
286.3325,144.1909,101.5241,62.7400
289.0592,146.0482,100.0530,62.0656
289.0831,145.0511,102.0424,62.6065
292.4777,146.5053,101.9147,63.0116
294.5912,147.0383,102.2646,62.5396
299.1566,146.1731,101.1461,63.2358
301.3837,146.3801,100.6911,63.6918
305.6539,145.8713,99.6016,64.0923
312.8396,145.6811,98.0897,65.8528
320.9821,149.3576,96.1926,64.7491
326.0980,153.1868,94.6375,63.2832
327.5515,155.4425,96.4063,61.9205
328.3999,155.5918,99.4145,62.2148
330.0632,157.0763,101.3103,61.9891
336.3005,158.2704,99.9932,61.7994
337.8199,157.7710,99.8805,62.9942
341.4608,156.7927,98.2977,64.4861
343.1694,146.7775,95.1316,67.4736
346.4293,147.5399,93.3223,67.8687
349.2387,146.1889,93.1260,68.6478
352.4650,144.6038,94.7979,71.1404
358.3061,145.6446,93.8951,68.8540
359.0159,145.9879,93.6509,66.7905
357.9274,147.4682,95.4363,65.8495
359.8328,152.8609,95.4642,65.7117
361.6819,154.8159,94.5240,64.2956
361.3217,158.1087,92.6666,64.4823
361.0706,155.5703,90.4327,62.3491
360.9661,154.5091,89.3058,60.2235
360.2885,153.1118,89.7725,60.3178
361.9713,152.9392,91.4176,61.8772
363.1902,153.5895,93.2296,63.8653
361.6659,154.0909,95.4162,65.2408
362.3893,154.0259,96.8434,66.7171
362.9778,155.8218,97.7291,67.3846
364.0969,157.1453,97.6252,68.3067
364.6911,159.0863,97.5856,67.9998
369.2024,161.2621,95.6042,67.5600
367.3827,162.7494,95.1755,67.0383
373.3451,164.5959,92.6979,66.6210
376.0372,165.9268,89.2538,66.7110
379.0276,166.4846,87.0094,67.1377
380.5978,167.8448,85.4951,67.8144
382.9074,167.9453,85.7807,68.7841
382.1764,169.4002,85.7134,69.5759
379.9165,170.7811,88.1014,68.4606
380.6848,169.8121,89.8283,68.1554
379.1867,171.8096,91.0252,67.9708
378.6916,170.1978,92.3569,67.1725
379.3470,169.6535,90.2718,65.7896
380.1988,168.6333,87.7858,64.4500
378.9862,168.7003,86.9206,61.8827
377.3651,169.0078,86.1915,59.0883
378.2860,166.6128,84.1406,57.0799
375.5295,165.3768,82.6817,56.4955
373.7262,165.2818,81.3689,54.3713
372.4193,164.7342,80.1587,52.8399
369.1112,162.4028,78.9869,51.7458
368.7914,158.3165,75.0855,52.0466
365.0104,156.2414,73.3889,51.8422
362.4612,154.1109,70.9361,51.3275
357.8799,152.3598,69.9996,51.1140
357.3107,152.0265,67.9255,50.5119
360.0499,153.6592,65.0146,51.1135
360.5508,153.3108,61.2823,50.9458
356.3893,150.8526,57.6959,50.4756
356.1099,150.8461,55.1848,51.0875
354.0155,150.1386,52.7585,51.7233
350.5952,147.0270,51.1062,51.5404
347.5853,147.7225,49.8868,52.4606
343.3803,143.9311,48.9269,53.1346
346.4874,143.1476,46.3242,55.5803
349.9164,140.5768,43.1477,58.0924
349.6104,131.2678,40.1379,60.7992
346.4972,127.7566,35.5202,65.0652
347.4074,125.7606,32.4712,67.8140
343.8284,122.8572,30.5458,68.0088
343.5274,121.7007,29.5146,67.5767
343.4561,123.1468,29.7304,65.5470
342.4276,123.6979,29.7862,63.3037
341.1439,120.5216,28.9565,62.1778
340.3187,120.7520,29.1427,59.8250
340.4904,120.3830,28.9192,58.2266
340.7923,119.5396,28.3602,57.3031
339.6225,119.4936,28.1317,56.0282
338.4875,119.3068,28.0902,55.1264
337.8521,117.0192,27.9216,55.3205
338.4219,116.8723,27.5581,55.4790
337.7726,118.7699,27.1091,55.4195
337.6230,119.6848,26.6247,55.4448
337.1125,120.4361,26.9365,54.7667
336.3745,120.6175,26.8618,54.2322
335.4348,121.0742,27.0387,53.6613
335.5804,121.9200,26.7753,53.3700
334.7382,122.2895,26.7316,52.8868
334.0413,124.6194,26.6183,52.6515
333.7906,123.4694,26.3614,52.6572
331.7518,125.2767,27.6660,50.5587
330.5407,126.6693,28.4784,48.9539
330.3774,125.8599,27.9949,48.0520
331.3862,128.0774,28.4344,46.5286
329.6681,129.8962,29.6221,45.1846
330.8300,132.7675,30.7985,43.9843
329.0445,133.2782,30.9379,44.3434
328.2691,133.0274,30.0950,44.3203
328.5644,131.7548,28.0314,44.9023
328.7866,131.4474,26.1864,45.9063
327.7502,131.8176,25.8311,45.1973
327.6941,130.4928,25.3631,45.5351
330.4602,130.6279,25.0025,44.6460
329.8185,130.0650,25.0021,43.9166
329.2028,129.5359,25.5068,43.2423
328.9225,130.5152,25.4613,43.2155
328.6910,131.8089,25.6073,42.6527
329.4834,132.4540,25.4854,42.7939
328.9685,134.3710,25.6614,42.7779
328.8617,132.9039,25.9683,43.3201
329.7055,134.0362,26.7185,44.8857
329.8708,134.4412,27.7468,46.8337
328.8329,134.3382,29.0506,48.2851
327.7377,136.1200,33.4831,46.1943
325.7885,136.6593,37.7338,44.5544
322.5057,136.3815,42.4702,43.3080
321.7411,135.2787,46.5052,42.3812
320.8201,134.4476,49.0662,41.7912
318.5182,135.6987,51.7941,41.5353
318.4337,138.3466,54.6745,40.6079
316.1873,139.0634,56.8946,39.4295
317.3540,137.4567,58.6607,38.9056
318.4531,137.5021,59.2766,38.9203
319.5797,137.3131,59.5348,38.5664
318.0565,137.5458,60.4271,37.9669
316.2893,137.3028,61.4301,37.8011
314.7143,136.5309,62.4805,37.9463
313.1609,136.2966,62.6282,37.7389
311.9966,134.9708,62.8160,37.9906
311.8261,135.3767,63.2454,38.1680
310.9274,134.5940,62.2509,38.4086
309.9494,134.6166,62.5101,38.4920
309.3396,133.3042,62.8359,38.4612
307.1625,133.3153,63.2460,37.8560
306.5602,135.5122,62.9382,37.5471
306.3940,133.8863,63.0112,37.3932
306.6740,133.9948,63.2634,37.5620
308.2216,133.9704,62.6722,37.6237
311.0239,134.5320,61.9396,37.2523
311.3303,135.7385,61.5235,37.1520
310.5079,136.8173,62.9630,37.1556
308.7437,138.1346,63.7873,37.4569
308.2625,139.1120,64.3279,37.4344
308.5696,138.6980,64.2910,37.5798
307.1243,138.9033,63.8733,37.8485
307.7055,138.4173,62.9826,38.0781
307.1104,139.0690,62.3492,38.4438
307.6826,139.2126,61.1396,38.9684
308.8600,139.3544,60.9663,39.5345
313.5100,140.6184,59.5528,39.8040
314.0986,140.0125,58.3768,39.9454
312.4780,136.5876,62.3404,38.4442
307.8009,135.6624,68.4400,35.1452
306.1110,133.8129,68.3817,37.3603
352.5627,117.8264,72.7302,37.1129
354.9464,115.4184,76.8252,38.3725
355.5670,116.5261,79.5470,40.2225
354.3868,117.7622,82.7648,42.1738
353.1306,118.9142,85.1828,44.3467
351.6712,117.1907,82.7418,49.6952
347.4227,117.9788,81.0173,54.9368
345.8725,117.4432,77.3218,58.8643
343.8789,117.6322,74.7166,60.7087
342.6919,116.1753,74.2694,63.7315
342.8037,116.0195,74.4823,65.9284
344.3478,117.3585,76.1005,65.2601
347.9691,110.9030,77.5808,62.9604
360.6773,105.6719,79.0909,53.4259
363.6001,109.1312,78.4236,45.0411
365.0655,110.9930,77.8947,38.5453
366.6924,110.9716,77.5436,33.9237
371.2982,110.6388,76.8278,30.9017
372.8365,109.8023,76.9500,29.2100
375.3649,108.2416,77.3625,28.9349
376.1567,106.8755,79.6274,29.0030
381.2159,105.2289,79.4097,28.6443
381.5043,103.2107,79.1486,28.8658
381.7911,102.3622,80.0607,28.3686
385.5782,101.8634,79.2969,27.8025
388.1966,100.7179,80.5146,27.6543
388.7959,99.3191,81.6272,27.5072
391.1023,97.5381,84.1060,26.9468
394.6511,96.5426,86.2481,27.1863
398.6401,96.0198,86.1574,27.0114
402.7427,94.0844,82.1089,27.4982
401.2182,95.7003,82.5773,27.6501
397.8789,97.8675,82.9731,27.8761
399.8890,99.1959,83.7701,28.1549
395.8465,99.2652,83.8518,28.5101
395.8834,100.7168,82.2356,29.9656
396.7682,101.8069,79.7433,31.0867
399.1845,102.2786,75.7750,32.3010
401.0749,103.1569,75.8318,32.1818
403.2272,104.0157,73.7741,31.8824
401.0969,105.0332,72.7164,32.1405
403.8493,105.9512,72.0744,32.4927
406.5727,106.3179,70.8857,32.1437
408.6731,107.6432,70.0422,32.1054
408.1701,108.2150,71.2748,32.4991
408.6433,109.8488,72.1724,32.8202
410.0125,111.0421,71.3691,32.3740
409.5273,113.1390,71.9681,32.5546
409.7748,113.9420,72.5661,33.0138
410.9431,115.5239,72.7931,33.6306
411.2490,116.0120,73.7862,34.4252
413.3751,118.3241,74.1384,34.5920
413.7831,118.2650,74.8678,34.8673
413.2970,118.6065,75.9713,36.1553
414.3115,120.3156,76.3051,36.6343
415.5496,120.9514,77.0352,37.4338
417.8982,121.6082,76.9116,38.4235
419.1596,122.4309,76.6597,39.6196
422.4914,121.5762,75.8026,39.0976
424.6071,121.1119,75.2079,38.0612
426.1795,121.5603,73.6397,37.9580
428.5316,121.4512,73.2349,37.5660
428.9265,120.9906,73.8567,37.0469
429.0143,120.2165,74.3081,36.9357
427.7996,120.5574,74.5097,36.9024
426.4417,118.7972,75.9948,37.0033
427.9680,118.9483,74.6099,37.2752
429.8224,118.8074,72.8801,37.5483
431.0940,119.8284,71.6981,38.2090
434.3913,123.7881,68.8547,37.8464
434.8275,126.2594,66.4687,37.8913
434.8969,127.4448,63.4672,38.4506
435.8485,128.6839,60.0731,38.4954
436.3575,130.9859,57.7154,38.5153
441.2457,132.2170,53.2759,40.5778
443.6014,133.9901,49.6358,41.4361
446.3583,135.2391,46.3223,42.6005
447.0457,138.9707,43.3424,43.3232
446.7148,139.4429,40.1216,45.2429
447.6170,140.0202,36.4995,48.1603
447.4885,142.0925,34.5428,49.0891
447.5303,146.6772,33.7432,49.3093
447.0822,146.9406,33.4616,50.1024
448.4416,148.7749,32.4661,51.8337
446.0302,148.0103,32.0304,52.6546
444.5348,149.1527,31.2658,53.7932
442.3993,149.4100,31.1165,54.2697
440.4641,148.9076,30.9749,54.9070
437.8384,149.3261,31.5309,53.9526
430.6766,184.7094,37.6449,47.3379
423.9230,185.2558,41.1223,42.3355
420.0229,184.3414,43.8396,38.3061
416.9230,183.5244,46.9013,34.4022
414.4200,181.8938,50.0933,33.1035
410.3521,180.5789,55.0369,31.1956
408.3697,180.7241,59.8420,30.4451
404.7228,177.4520,62.9646,29.9090
402.8356,175.4159,66.7307,29.0587
400.7596,174.8251,70.1114,28.8674
397.8807,173.2042,72.7520,29.0848
392.5659,172.4775,76.5744,28.2100
387.6589,170.6569,76.8876,28.8007
385.5289,169.0380,76.3885,29.8324
382.2267,167.5684,74.5113,30.6044
377.9309,167.1344,71.2007,31.2011
374.5296,165.4887,67.0718,31.5463
374.1911,164.7712,65.7829,31.4997
372.4996,162.9426,65.7335,31.8748
371.2022,161.2246,66.6120,32.6299
368.7155,159.8951,69.9885,33.8908
364.4074,158.4571,72.0643,35.2381
361.9896,158.1560,73.4865,35.5966
359.6252,157.6380,74.8385,36.7805
355.8221,156.0867,76.4276,37.8316
350.7374,154.8899,76.0836,38.3357
350.4396,154.3885,76.0346,38.7181
347.9523,154.0257,76.4664,39.7283
344.8762,154.8514,75.9299,39.6892
341.0210,155.6172,74.2273,39.9949
2
0
0
0
0
1
390.4299,191.8694,45.7811,61.2427
387.8905,192.5410,45.8485,65.2291
387.0705,191.6130,45.0143,68.6295
385.1859,191.2612,46.0525,70.7066
383.2025,193.9051,46.0132,71.6568
379.3460,197.3650,46.9191,71.0484
377.3130,199.1939,47.9008,69.7930
375.6669,200.8110,48.8941,69.0482
374.5617,201.2482,49.6147,68.6808
379.1911,199.5363,48.4284,68.2748
376.5513,199.7361,49.3425,68.2676
372.8303,204.0707,49.6984,67.5290
368.7435,203.5294,50.1040,67.6281
369.0714,204.5279,51.0387,67.2093
365.5208,209.1641,50.6989,66.5675
363.6299,210.8081,50.6824,65.2154
