1
594.5330,489.5797,71.9368,88.3620
593.3756,488.4428,71.3685,89.3568
593.8885,488.4827,71.0632,89.8419
595.6998,486.8784,69.8114,90.6056
594.1495,490.3245,70.2128,89.4147
598.8046,489.6641,67.5385,92.9312
601.4240,490.0826,64.9486,93.4717
603.6830,489.9811,63.3472,93.6509
602.6025,494.7379,62.5895,92.8337
605.6182,496.7151,61.7617,93.4968
608.1577,499.0010,60.7654,93.0905
607.5722,498.4109,60.2328,93.3648
605.8792,500.3714,60.9532,91.8760
605.4807,502.7403,61.2931,91.3058
604.2864,506.1638,60.8539,89.9815
604.1789,503.5781,60.4466,91.8382
601.7373,506.7651,61.2632,89.7301
603.3101,508.5097,60.7753,88.6299
600.8715,509.5257,60.6696,87.6997
604.0276,511.1482,60.4993,86.7237
604.8741,510.2466,60.1179,86.3694
604.7810,509.5888,61.2480,86.4126
604.6766,508.4060,61.9926,86.3350
603.9246,507.4749,60.7162,88.3229
602.8616,506.9528,60.9488,88.9740
599.8059,510.6288,60.8735,87.6370
600.9290,512.6118,59.8287,86.5928
601.0803,514.1456,60.0479,84.7578
601.1168,513.5148,59.7340,83.9562
603.0757,515.1999,58.9077,83.9214
604.7696,513.8717,58.5069,84.3189
605.3357,511.5050,58.9953,84.8616
604.9334,510.6684,59.3457,85.7070
604.8341,508.4980,60.7630,86.6791
606.4172,507.9484,61.9624,87.3591
610.6762,506.4973,61.8017,89.7702
610.9799,506.3626,64.1366,89.7322
612.7958,505.7076,66.0479,89.7551
615.3854,504.4588,67.6350,90.5084
617.0287,504.3656,67.8578,91.5491
619.6832,505.2403,68.7361,91.6256
620.2658,507.6757,69.7338,90.8614
623.5457,508.4459,69.2412,91.1716
622.0214,513.1936,67.7785,89.7525
626.0881,516.4802,66.7377,87.9329
630.4915,520.1628,61.8976,89.3309
625.1464,525.0147,63.5384,83.8874
614.6296,530.4218,65.9440,80.1550
612.2697,532.4299,66.2299,77.5350
612.9730,535.1357,65.9108,74.6192
613.5383,540.1517,65.6002,70.3366
613.0672,536.7609,63.1597,70.3841
612.9335,534.9453,56.9373,73.6885
608.8777,543.7402,58.6526,66.5363
599.9493,548.2902,63.1158,60.8050
593.4822,551.1722,62.3897,58.9263
588.0937,564.9370,59.8846,60.1574
589.9717,563.1613,59.4976,58.6398
583.1780,557.3532,61.3166,56.8909
583.1398,560.2723,59.6863,57.5946
585.1972,564.4155,58.6197,59.2432
592.1334,561.8672,57.9332,58.1208
583.0053,561.8699,58.4665,57.1218
584.6448,572.9949,56.6508,59.5756
587.4052,575.6606,55.4412,61.5629
588.0354,579.5713,55.2618,61.7350
546.8655,531.0030,55.8086,59.4147
545.2866,525.9875,56.1455,58.0072
2
0
0
0
0
1
638.1660,556.6172,82.9293,102.8312
647.0579,557.4283,80.1284,102.2706
650.6679,553.0535,80.7743,100.4204
656.2344,554.2332,79.0975,99.7853
651.1089,554.8665,79.7093,98.6321
646.1647,553.5665,78.4644,97.2422
642.1875,556.2554,76.7808,95.6251
642.3566,558.5887,73.9758,93.8525
637.1708,562.3052,74.0826,91.3705
631.5297,567.4933,74.1977,89.3921
633.2587,570.0885,73.2829,86.5531
2
0
0
0
0
1
766.2598,529.1124,79.1215,96.1928
774.3727,524.8566,73.6412,100.7656
782.0140,524.6391,72.8264,100.7742
788.4880,524.3606,73.5709,99.7802
793.2787,522.2772,74.4598,98.7415
796.2042,520.9056,75.8171,98.8860
801.8282,525.0113,75.3368,96.4370
810.1334,521.9224,75.1770,98.3873
817.2122,524.4573,76.1239,98.2652
821.2967,522.6425,77.9632,98.1082
824.6576,521.3739,78.0193,100.4559
831.3289,523.4525,77.3532,102.5485
834.5134,527.1254,77.8201,103.3073
836.9062,528.2064,78.5365,103.6652
842.4971,524.8106,76.9966,104.2044
842.6152,525.2016,75.2714,104.9770
840.5284,526.6255,74.4291,104.6517
839.5248,528.5814,75.3294,102.1809
840.0558,527.0022,75.7274,101.2619
839.9555,527.8405,76.8045,101.2800
839.6910,528.6232,76.2300,104.1591
840.0548,530.7889,76.3962,103.5395
837.3491,531.1555,77.4473,105.5635
836.0475,530.2786,76.3454,107.4234
832.5651,527.1606,77.3543,107.7880
829.7337,523.6971,78.3629,108.6331
824.7131,518.5071,79.3328,110.0602
821.6757,519.8930,78.2956,108.8604
813.6347,519.8773,79.7604,106.4118
810.5637,519.7921,76.7777,105.3356
806.4304,514.7603,78.9948,102.4825
797.6675,511.5536,80.6170,101.3630
787.7571,507.0049,84.0257,98.3999
780.9797,504.4655,84.9622,98.7385
776.6048,498.3434,84.8104,99.3200
777.1342,491.9380,80.5730,102.9354
773.9097,483.8327,77.9300,105.7200
771.2604,474.6078,78.4332,108.2242
769.7586,473.3802,78.7326,109.8141
768.3047,467.3440,79.3640,113.6913
765.3413,460.5200,82.2230,116.0699
763.0267,454.1837,84.2284,120.8103
754.7700,443.9931,87.7033,122.1596
746.2443,434.7105,91.5206,125.1653
740.2682,421.5746,93.0779,129.7157
732.9714,409.7546,93.5208,133.7448
