1
244.5900,163.4947,117.5117,116.2958
236.7780,178.5125,117.6417,115.1492
217.2794,201.0742,118.7913,112.2882
211.3594,208.0683,118.1915,112.4035
218.2484,200.7152,117.6904,115.1069
216.6387,191.8877,116.8330,115.9850
215.0527,191.7698,117.8708,116.8520
185.8495,219.5479,119.7420,115.4242
145.2178,252.6028,120.8334,108.9066
198.4726,258.7390,122.1980,107.7383
244.2048,225.7681,118.6912,106.7271
224.2162,211.5316,116.9858,107.1819
216.8555,200.1328,117.3523,110.1708
203.6823,205.0900,117.6304,108.8802
190.7085,204.9273,117.0838,113.2899
192.4343,214.7704,117.3295,112.4422
205.7806,212.2601,116.6714,111.3391
220.3888,188.8332,117.1132,106.9714
216.3267,153.2323,118.3462,106.3158
198.4444,147.3240,117.5515,106.1862
202.0646,170.5966,119.3439,104.7027
223.7639,199.6497,125.8406,103.7605
257.6635,231.8018,123.6338,104.9198
269.7811,238.7573,119.6451,110.5678
254.6661,243.2091,117.9048,110.9553
240.6881,243.3096,117.2354,114.6630
237.4614,247.7961,117.6756,114.0774
233.3320,236.1635,116.9658,113.0196
227.0470,222.0516,116.9488,113.6744
224.2756,209.9773,117.2438,116.0323
234.5800,206.8995,115.7028,113.1668
243.1228,195.0939,116.0159,111.2757
241.2924,172.2762,117.6633,112.5448
226.8243,155.9033,118.0328,112.7962
223.4756,136.8570,115.8822,110.8481
228.9313,121.2746,115.2705,110.2493
247.0543,128.4236,115.3987,109.7711
251.9792,131.6527,116.6433,110.7954
255.4390,139.0805,116.6757,110.9798
263.4297,167.4638,116.1084,112.2050
267.0678,204.6298,115.2049,115.7081
272.2716,228.4112,116.5909,115.2527
276.2006,233.5697,116.8379,114.8935
273.1465,232.5824,115.9589,112.7427
264.8507,217.2117,116.2373,113.0910
264.7792,210.1243,116.5215,114.1020
266.4382,194.7318,116.2370,111.9988
269.0821,162.0830,116.9721,113.3514
269.3466,158.7950,117.2489,113.8235
270.7744,170.1984,116.0912,118.2016
266.7700,181.0632,116.3033,115.0073
266.5019,176.2997,117.1543,115.1371
267.3847,179.6123,117.1479,112.9752
275.5614,184.9403,116.6689,111.4240
285.9527,191.2427,116.3393,114.4188
282.9596,201.3686,116.3462,116.3087
254.4020,212.8032,117.3665,111.7218
220.9019,215.0152,114.8514,108.8939
200.8197,209.0262,116.5469,109.7879
206.1433,206.7643,115.9577,110.1870
228.1650,210.4952,113.7557,108.6812
265.0406,210.9644,112.0112,108.2834
300.4643,213.4730,112.5806,107.0361
332.3553,216.9039,116.7760,108.9263
330.0037,222.0233,117.5425,109.1618
316.8088,211.1771,118.2052,109.4224
293.6104,189.0183,121.2591,111.7133
261.0172,168.2810,120.7641,110.4805
241.2839,158.1109,118.9471,110.5647
242.7547,170.7976,117.8266,111.0448
250.8382,184.2019,117.3597,111.6907
254.8989,197.4082,117.3695,111.7531
272.5359,217.9439,117.0634,105.9728
297.8334,227.2155,117.1804,105.8550
311.0972,231.6777,117.8143,109.3235
306.6914,247.0086,118.2249,107.8253
297.1007,251.1629,118.7262,109.3626
285.0449,255.7811,119.0985,104.3714
259.6651,248.6767,121.5095,100.1508
229.2437,240.9620,118.2897,99.6567
212.4978,233.6698,118.6533,102.8663
210.6477,237.6606,117.5332,106.2620
222.8434,233.1687,117.9167,106.1911
238.6337,214.8880,118.3606,107.4762
252.4982,189.0221,119.5694,104.8985
263.8559,165.2112,121.3688,104.1238
297.0568,144.6703,116.9735,105.1264
319.4383,145.4285,118.6569,106.6062
328.7800,158.4318,117.0730,107.2496
327.3526,175.5291,117.9118,105.9055
316.8289,188.3544,119.1753,104.1459
296.1029,201.1188,120.9118,103.4232
267.8696,218.7651,123.2640,103.9157
251.0159,231.0592,122.1994,104.9045
233.2415,231.9831,119.5971,105.1970
222.8029,220.2280,119.8022,104.5974
211.7038,208.2800,119.0286,105.6948
204.2941,203.2899,118.2302,109.1968
215.1602,197.8551,120.0860,106.7833
231.5992,182.6471,120.6007,106.0270
245.6228,170.6308,120.4471,105.7982
260.5035,177.8334,121.1069,104.2208
278.8180,193.9305,120.0754,107.2952
298.2475,218.2607,119.7263,108.1746
305.7185,223.2348,118.7300,109.6262
292.4464,214.9238,120.7719,106.9918
252.4526,196.2607,118.4773,104.7679
212.6255,203.4511,119.3060,103.3466
177.5153,221.3533,120.0698,103.0684
164.4962,233.2393,118.7177,106.4687
164.7113,238.7301,117.0993,108.4589
178.2124,226.8576,118.0957,107.4656
200.9753,199.6183,119.3453,107.5235
225.9018,177.0158,120.5133,105.5023
231.6639,173.9524,119.5426,109.7228
227.5819,186.0923,118.5214,116.0251
224.6803,203.5138,117.3634,114.9460
222.3495,200.2153,116.4945,115.6328
230.7138,198.6271,118.3979,108.1324
240.1637,199.0488,118.8303,106.7676
235.8110,214.5204,119.4975,104.9554
224.2028,228.5855,119.5611,102.8576
206.9062,227.5404,118.4832,104.2596
201.9772,213.4366,118.9119,104.4772
199.5835,195.7482,118.7520,105.5324
194.5137,189.5962,118.6786,109.1405
196.8556,201.8522,120.4073,110.8372
206.0570,212.0111,118.4181,119.9395
204.2984,246.0899,119.6606,117.5382
201.2749,249.8360,117.1676,113.2566
200.5487,225.4249,118.4763,108.3340
203.7160,207.9384,118.1748,105.6037
193.3327,192.6700,120.0638,101.9504
171.9225,181.4404,118.6704,101.7630
161.5538,188.0604,117.2843,105.7660
172.1036,201.0794,118.8659,106.0314
181.4841,209.6876,119.8075,104.0952
201.4084,206.2882,118.5044,105.7875
225.1363,219.1962,119.8073,103.3270
251.3076,231.3354,119.2196,102.2089
278.4347,246.4835,118.1278,101.1944
295.5810,243.1743,118.2455,106.5380
284.2441,247.3793,119.3651,102.5340
245.9221,237.7291,117.7996,98.8768
202.7483,229.9098,115.8811,99.3372
170.7643,220.5528,113.5768,103.3921
141.1747,229.1759,113.1233,103.2319
107.3718,233.8627,114.3834,101.8277
113.9820,228.5710,115.7166,98.4061
169.0313,213.2552,112.1321,95.9916
214.5867,202.8932,112.9753,95.8190
228.4974,187.4436,114.7233,103.7860
228.0357,190.1634,116.0892,107.4397
236.3823,203.3220,116.4038,105.0002
241.5084,210.2632,116.8736,108.9064
229.9211,219.3509,115.0472,107.9075
198.9590,223.2122,111.5443,106.7211
172.8482,226.2267,113.1984,107.0663
175.6836,231.6709,112.6085,103.8262
212.0415,227.0632,109.5525,100.6577
259.6893,218.3485,109.6585,98.9385
276.5577,215.8418,114.2936,104.7424
271.3119,218.0752,116.0881,106.2218
258.1567,209.8142,116.7887,104.5891
251.8734,197.0468,117.2090,106.3012
247.6858,191.4231,117.4214,109.7561
252.5676,186.6532,117.3820,109.1275
268.0453,195.9610,119.9333,107.3923
273.8697,198.6949,118.7502,112.1376
265.3679,204.9919,116.7152,111.1681
241.8866,214.6798,117.5167,108.0479
205.5884,235.0438,118.4069,107.3350
189.1145,247.8221,118.3502,106.9410
173.5898,247.7887,117.0282,110.2855
180.8578,251.3571,118.1345,106.8812
202.1256,241.5912,118.2540,106.9037
211.0339,236.0514,116.7918,108.3045
192.6624,236.9653,117.5467,107.9772
174.7524,232.1579,116.7405,106.8629
173.5401,221.7380,117.4301,107.2825
194.9198,223.5294,112.2222,104.8849
241.2553,220.4825,111.9434,100.1733
283.6237,208.8577,114.0040,99.0790
281.2193,201.5952,114.7047,99.9156
249.3402,200.0907,117.0153,100.4451
212.8996,189.8729,118.0023,102.3989
196.9038,186.6378,116.9521,101.9795
180.3802,190.2591,116.6821,102.8418
167.8837,186.8407,117.2304,108.1924
172.4071,195.1891,117.3919,104.3716
205.4676,196.5426,114.2345,103.8239
267.0203,202.6109,110.2524,101.2909
296.0825,194.0412,113.4772,105.3162
294.6611,191.0892,113.8896,107.9026
274.7527,198.4999,116.1475,106.2844
253.9549,202.0851,116.8437,106.1564
235.1658,211.9741,117.6216,105.1661
208.5246,215.3112,116.6031,106.8740
174.0957,209.2843,118.0640,104.2203
142.1425,194.8614,119.2711,102.7691
140.4247,186.3708,117.8757,104.4463
158.7964,194.3738,116.5314,101.7948
187.8608,197.4172,117.1809,102.3155
193.7613,195.7724,117.3706,105.8662
190.4045,187.7795,116.7852,108.4851
197.3395,178.1993,118.8728,107.5002
206.6542,172.5274,117.6652,106.8051
216.8941,172.1523,118.2613,108.0868
214.6501,180.0956,117.6892,111.3800
209.4055,195.1132,119.2629,109.8832
198.2914,208.1388,119.3704,109.0652
214.5230,232.0529,119.5060,108.8280
221.0735,248.3402,118.2165,108.4812
211.5078,252.2321,117.6680,108.6414
191.9943,244.7252,118.3672,106.4917
181.0579,218.6098,118.6992,104.1581
182.2236,178.5128,117.8863,104.3565
190.2489,164.1094,116.5278,101.7497
204.7827,164.9184,117.4827,101.9844
220.5192,180.9710,116.2183,101.0080
239.0582,186.5936,118.0091,104.6105
243.1281,186.7836,117.3055,107.3654
234.0278,189.6118,114.6677,107.6643
214.0220,199.6885,112.7059,104.2140
193.8579,208.8963,112.1412,103.2700
187.6154,213.5648,113.5000,106.6029
190.6517,216.5696,114.0645,109.0865
189.1918,211.4381,113.4250,106.1408
189.7356,188.4957,114.0342,105.8012
202.1541,169.7684,113.8962,103.2274
233.1311,166.1261,111.5217,101.4926
274.7784,176.6332,113.9287,98.5476
294.8344,189.9598,115.5289,103.8037
295.9261,210.3854,116.3476,106.1214
295.5785,221.4050,115.2702,108.1830
296.9736,223.3326,115.1671,108.8119
300.6534,219.6955,115.7999,108.2734
292.9616,226.3310,114.7330,106.4953
262.9851,229.0676,112.8273,107.0674
240.9946,229.3324,112.0724,107.1434
233.5999,235.9778,112.9995,108.7298
220.2992,241.9671,113.8072,108.0111
209.3764,233.4501,114.1367,105.5645
210.8277,217.0656,115.5394,105.9864
213.9482,205.2950,115.4030,108.1273
219.6132,203.3337,114.0974,107.3828
239.3317,202.0925,110.2958,107.0240
254.6536,198.9168,113.3612,103.2828
259.5354,181.6484,114.3708,103.2271
260.7801,167.0218,115.3956,105.2902
274.3478,174.2880,117.1432,112.0673
283.3468,198.6447,115.5481,117.5906
278.2991,243.4852,118.7900,114.2326
263.4334,254.9233,116.6132,111.8769
251.2089,244.0536,114.9663,105.9175
248.8917,202.6322,114.5163,102.2337
242.1881,172.1286,115.2891,102.0960
237.3338,158.1074,114.3926,104.1237
225.6320,167.2896,113.3986,104.4552
207.6836,171.0429,114.3376,106.2375
217.8384,177.2437,109.4183,100.9539
252.2196,166.0637,110.3294,100.1920
270.2556,148.4963,110.0795,102.4425
282.9519,142.7946,111.4477,102.8594
280.1193,158.9077,115.1440,103.8885
264.4775,179.9187,115.6627,104.3031
244.3933,185.4106,114.8632,106.7158
234.8464,187.6294,113.7239,107.0314
240.5397,183.2891,113.4640,107.5081
247.7759,185.9367,114.0294,106.5600
243.9174,203.2411,114.1248,102.9623
212.7878,210.6099,112.5501,103.4529
199.8167,209.4124,110.9334,106.8296
214.5258,206.4490,112.6136,103.5283
231.6810,185.9482,112.8201,104.4908
240.1267,181.9993,113.0434,105.1233
240.4549,190.5054,112.5100,107.9687
238.2554,198.9341,112.0202,109.3425
237.6129,202.5233,111.8368,108.4321
232.2193,208.1406,111.7328,107.7682
213.8006,222.4092,113.4223,106.6413
208.2392,236.1189,112.1888,104.9375
219.5554,238.2193,110.6723,103.9638
223.7456,229.6753,109.9294,106.6005
217.7279,225.7337,108.3509,105.2015
216.3222,221.9908,108.1982,106.5196
227.8398,219.2891,107.8471,101.8566
253.0676,197.0937,111.2818,102.5921
277.2743,164.3253,110.7142,104.6134
280.9143,160.2537,110.4784,105.9835
279.5432,171.2409,110.9980,106.1356
274.8134,194.9065,111.7884,105.1456
268.0782,220.6247,112.5607,103.7412
262.4996,231.3889,109.6808,102.2683
244.4218,231.7972,108.5593,98.6994
222.2603,230.5617,109.2873,99.4501
218.8712,240.3684,108.4531,100.6066
231.3867,248.3339,108.7538,102.1468
238.5061,243.3777,107.5550,103.2893
241.9145,231.4963,108.0666,100.9175
242.7854,213.3239,108.3721,100.6362
259.6685,218.5150,106.3226,95.7481
292.0199,219.5729,105.7270,94.5564
305.7151,211.2874,107.0180,100.7591
297.5039,206.9546,106.5975,99.6406
284.0688,206.1917,105.8214,100.2208
273.0150,215.8675,107.4736,101.1696
266.2248,231.4975,109.5919,100.8516
258.8366,242.2081,107.8408,102.4000
256.0207,240.6904,106.3295,104.2760
266.9965,236.2335,107.3634,102.8045
269.4483,224.9392,107.6037,104.5604
264.0287,219.7852,107.3996,101.8097
259.1410,212.1334,106.8967,102.8383
257.8062,207.5299,105.8603,102.9946
262.1969,206.3409,105.8874,103.0793
269.6929,197.1469,107.5700,102.0490
271.8113,192.4951,106.6930,101.9609
272.2422,201.2827,107.0889,101.7609
280.5370,213.7536,107.1998,101.6400
288.8661,225.7029,107.4942,101.9877
291.3569,229.5140,106.9154,102.2197
278.5923,231.5621,102.6597,101.3583
251.2768,237.5700,102.0010,100.5263
229.5592,242.4511,103.4121,97.5502
215.4545,224.4838,105.4959,100.7486
203.2545,201.8462,105.9422,97.9011
204.8296,175.5840,107.6207,97.5518
214.8136,166.1852,106.8371,98.2007
226.2123,176.2144,108.6957,97.1112
241.6879,183.1566,108.8324,98.6386
245.8315,184.9821,108.2457,99.2701
257.3728,190.2672,106.5182,97.9471
269.3267,209.8871,106.6093,98.3252
284.3704,232.4166,107.3199,100.1220
291.1256,250.3871,106.4417,101.0099
289.8385,246.6347,104.0973,99.4085
278.9175,223.3103,104.6610,98.2712
269.0616,204.1967,104.1148,96.9151
251.2420,201.1237,101.8883,95.9780
227.5225,202.8625,105.1375,98.2850
220.9994,219.0786,104.0266,98.0541
231.4533,232.8656,103.4787,96.6122
245.2989,231.2603,107.8242,99.0820
266.4832,228.7110,106.1262,99.2051
277.3120,231.5416,106.4286,101.1717
276.4889,242.7101,105.8612,101.1251
273.3582,254.8266,105.7816,101.3582
273.8542,259.6372,102.5234,102.7185
274.7986,255.7777,102.0580,103.2918
276.1854,248.4798,104.0995,103.1426
277.5864,237.1641,105.2323,102.5549
279.0288,232.2923,103.1498,101.8550
274.6396,233.1352,102.6781,101.5728
264.7249,240.8718,103.2688,102.1650
253.6893,242.3930,102.9111,101.1870
254.9169,232.5017,104.3098,101.0397
254.5199,219.4851,104.9746,100.5574
253.1357,217.6761,102.5462,99.8772
244.8550,219.2757,103.1713,101.6387
250.1081,226.3699,103.1311,100.3390
265.1307,228.6905,101.9303,99.1422
281.4116,219.8528,101.6736,98.0332
294.9187,209.2498,103.4130,97.1268
295.0779,194.0454,103.8199,97.8774
290.7575,192.3905,103.5732,99.1377
284.2491,198.4007,104.1772,101.2313
282.4354,206.3161,104.1500,101.4763
264.9388,210.8402,102.9623,100.8378
240.0725,205.8039,104.1716,97.5766
226.3937,195.7126,101.7137,96.7020
223.8494,197.4664,102.3061,100.5086
230.0363,216.0816,103.6034,99.5631
252.9341,258.4852,105.6318,101.7910
278.3727,280.5941,103.5907,99.3100
301.2121,266.2534,104.1694,99.4011
318.6153,242.0835,104.2340,99.4043
314.9323,231.3696,105.2740,97.2018
297.4751,224.4349,104.5109,96.6741
279.0210,229.1079,101.1681,99.5293
249.8211,237.9015,102.7339,98.6333
223.0206,235.9177,102.2650,100.0190
241.6926,238.2039,101.1837,96.5057
286.1005,241.1175,99.6969,93.6452
316.5652,239.9487,97.1683,92.8379
333.8321,231.5969,101.1486,93.4975
340.2350,232.5271,102.4289,95.2624
346.8842,238.5905,101.5587,96.4841
351.0923,236.6111,102.1829,98.3702
352.0427,228.8224,101.9478,98.5205
341.7063,233.0779,102.5958,98.4744
316.4900,248.6650,102.5513,100.5704
300.3052,260.0907,102.1309,100.8525
297.3726,252.3327,102.2253,100.4040
310.1404,243.3196,101.6458,96.8701
316.8078,241.2548,101.5935,95.5460
329.8913,249.7239,101.9271,96.5723
345.1950,260.4051,99.9100,96.6241
360.8809,250.0154,101.4224,96.4095
345.2405,221.4018,103.6306,99.4909
309.6601,183.5672,106.4654,101.2580
285.9039,162.8580,101.4116,99.6506
283.6682,171.5753,100.3776,98.9562
282.8723,189.9289,101.7903,98.5312
273.4233,208.0003,102.1154,101.9012
252.9489,229.5528,100.9917,101.1040
232.9319,236.7848,104.4046,99.8017
219.2773,242.0288,99.9742,99.1006
220.8458,245.7672,99.5229,96.9050
233.7523,249.0365,98.8210,95.4483
249.4473,238.7429,99.2867,94.9805
253.2738,211.0674,100.1355,91.2467
242.6176,184.3541,99.9907,92.3660
234.7989,172.1924,98.1618,94.2873
231.9463,178.7085,99.5971,96.5510
211.8885,195.9632,101.6407,96.5281
196.5972,204.6115,101.2987,98.2624
187.6018,208.3828,100.4468,97.1195
186.1996,212.4861,100.0337,97.8525
180.6650,226.3755,99.6665,98.2546
184.6359,237.8274,99.3045,94.0585
203.7310,237.7415,99.0616,93.2693
240.8385,237.3871,94.8096,89.9193
276.2925,229.7698,92.7703,87.8438
298.7494,229.0259,95.5314,83.6578
313.3044,227.6240,98.8771,88.2660
313.8065,240.6920,99.6522,93.0992
289.6069,249.8115,98.0659,92.4491
241.9512,239.4504,103.7944,91.5787
213.0336,222.5834,103.3596,90.6687
185.9939,220.0467,100.9529,91.5292
179.1029,227.1499,100.0971,93.8854
207.4663,231.1575,94.1825,93.5750
235.3448,218.6393,96.0336,94.6829
249.6882,200.7719,98.2741,94.7253
266.3289,197.0971,97.7519,93.0717
293.1724,199.4116,96.2861,93.0016
323.6314,202.6511,96.5627,93.4158
336.3898,208.5380,96.9308,94.1753
331.7414,205.6369,97.1433,94.3695
308.1501,205.5080,100.6473,90.9425
270.5560,191.0502,104.6570,91.9797
237.8517,161.0781,102.4045,93.2832
250.7030,153.4985,97.9703,89.9653
281.5652,142.8710,94.4159,91.0440
298.5116,133.0556,95.3580,91.5987
305.8342,119.4737,95.3030,94.0958
304.7664,128.6090,96.1179,95.7889
305.6814,153.9598,97.5171,95.7510
308.1613,192.9489,98.1720,97.0563
306.9044,224.7819,98.9837,97.2611
306.8235,228.5517,97.5330,96.7788
304.6359,217.2338,97.8506,94.1127
296.8034,203.5661,97.9040,94.3883
292.7311,191.9731,97.3600,93.9774
291.9587,180.6994,97.3202,90.2587
290.2993,155.5198,97.8611,85.5813
290.4777,110.1118,99.2136,84.1418
308.5036,82.8617,94.2686,88.1139
331.7982,95.9174,92.9499,91.8840
336.5692,130.1738,91.4365,97.0264
325.6788,173.6918,93.9132,93.5672
308.2723,185.8637,97.0260,94.7947
293.9384,204.3005,97.6769,94.9813
283.5501,218.2997,98.2068,94.8520
275.3764,229.5066,98.0570,94.6746
267.4075,231.0358,97.6475,96.7256
272.5830,236.7561,97.2813,95.7288
283.0428,236.8961,96.8440,93.2752
290.0608,225.6370,97.2334,91.9767
295.9714,218.6871,97.3878,89.1068
309.0003,199.6032,99.0017,90.8034
315.2380,190.3494,98.6206,92.4424
320.9990,193.1807,97.8655,92.7506
335.0983,197.8316,96.9764,94.9821
334.2180,217.0820,98.5546,95.7012
320.4660,237.6147,99.8312,95.4143
297.9972,253.8663,99.1246,95.9235
274.7450,265.5376,95.6833,94.7159
265.5736,260.9599,94.1480,95.7458
263.8639,256.8535,93.6759,94.6332
245.8483,239.5654,96.4190,92.1789
236.3382,202.5363,100.0894,90.7749
262.5987,188.7719,97.3329,87.1687
279.3446,179.6164,97.2224,88.8695
295.9220,182.7648,98.7340,90.0124
311.4505,197.6898,98.0283,91.4998
327.5990,216.5231,98.6725,91.5649
342.4977,232.5744,98.1660,94.3009
346.2227,252.4198,98.3616,95.1220
344.9478,265.9944,97.8471,94.5825
328.6013,267.8592,95.3466,92.9585
299.3495,270.6602,94.6716,92.9272
258.0141,273.1233,94.8991,91.7190
221.7470,270.7508,92.9865,90.1393
214.2979,258.8209,95.1516,88.5201
224.1930,233.5639,96.8228,87.0353
223.5103,208.8464,98.1046,85.2853
238.8026,191.0573,95.6708,87.9699
269.1859,186.9131,93.1732,91.2449
299.0766,188.0191,93.4476,92.0654
315.1504,186.0186,96.4215,93.8184
318.5583,191.3289,97.0031,94.8236
323.4046,200.2364,96.3919,95.1091
326.4615,216.5343,96.6748,96.5134
316.5059,236.8487,98.0977,93.0912
279.3595,237.9469,98.0226,93.1351
241.1517,234.7531,96.2527,92.6099
199.9740,236.2330,94.9243,93.9087
183.7510,229.6375,94.0162,95.6013
197.0799,232.9498,94.7776,94.9732
228.5755,233.5390,96.9264,95.6110
254.1477,228.9223,97.5309,95.6426
258.3669,225.6399,96.8459,95.2112
283.0586,227.2950,93.9245,91.8996
342.5833,229.1764,96.2920,88.5901
369.8537,208.9630,97.9985,92.9678
346.8854,206.5442,98.2687,89.7829
291.4385,209.5439,100.5969,88.2187
211.8614,224.7752,100.9249,86.7936
162.6777,222.5158,96.6765,87.6035
162.3860,215.4074,94.4067,89.2846
194.8621,194.3277,100.4537,91.8242
219.4959,161.4405,100.7331,94.6938
220.6002,157.2285,98.3184,94.6998
222.5272,168.2068,97.4678,96.8499
234.2407,189.6938,97.1096,100.0053
237.6882,222.5161,97.4447,99.7867
234.0473,242.7134,98.7038,97.7110
239.6184,259.7587,97.7701,95.4730
249.6424,264.7396,95.7477,95.5768
239.5817,260.9640,97.8083,92.5968
220.9097,253.9309,96.9145,94.0433
225.8717,269.0358,98.5820,95.0600
255.2909,284.3372,96.8325,94.7375
274.6149,285.3033,96.8777,95.2385
273.8505,274.0217,97.9026,95.0060
270.9097,252.3036,100.7335,94.4554
280.5834,204.5572,98.9608,98.4101
270.9395,160.5773,99.5557,95.2533
254.4456,151.4226,98.2735,95.7346
237.6126,164.8641,100.6332,95.3807
230.7403,184.2300,103.2393,93.7354
225.3650,215.6396,104.0625,95.4260
223.6359,246.1051,102.2303,95.7102
229.5581,256.4324,101.0029,95.4366
242.7144,250.2443,101.2965,95.2350
247.6074,233.4828,100.4457,96.0644
243.7633,227.2508,99.2710,95.9029
261.2001,224.8919,95.4460,94.3987
282.7881,215.3927,98.3731,94.9180
281.1798,204.3560,100.1387,93.9117
270.4971,190.9816,98.2507,94.5892
279.6201,179.9126,97.4581,94.1608
293.1243,179.8162,101.8618,93.4273
296.1216,196.3836,100.9602,96.8437
281.8706,232.3965,102.1172,97.3589
272.8060,248.5122,100.2208,97.9158
284.1197,262.0118,99.5923,95.4370
291.0909,254.0389,99.6177,96.0114
277.1547,246.1559,99.3345,93.9056
271.1868,235.2955,97.2752,94.1639
273.7287,238.3545,97.6112,94.2588
274.1542,235.0936,97.6933,94.0584
267.3657,227.7791,98.8529,93.0111
258.5933,218.4909,97.1962,93.6556
256.1466,220.5423,97.5871,94.8830
250.7939,227.5341,98.2379,94.7439
238.7370,229.7726,97.4475,93.8801
239.4001,225.2012,98.2089,92.7354
267.9269,221.0924,95.5922,91.4729
287.0164,221.3852,98.2835,92.4751
280.0952,232.4915,99.2822,93.3347
258.6985,236.3317,99.6930,95.8904
254.5722,240.2339,99.3184,95.7796
264.5524,231.5639,99.0986,92.5661
268.7773,216.6922,99.5732,93.0488
269.5957,213.1844,97.7067,94.2396
273.2441,219.4771,98.1523,93.9010
281.9946,222.8625,97.7160,93.4281
282.0120,223.5443,97.4491,93.6394
271.1534,219.7699,96.8628,95.2719
273.3510,216.0988,96.4763,94.6139
275.2688,219.2576,98.4630,95.0013
276.4070,231.5418,99.2694,93.6666
269.6466,245.7465,99.1745,94.0152
265.2130,248.9865,97.6507,94.3253
275.4817,241.9616,100.3554,92.3606
285.7412,225.2573,99.9558,92.7006
284.6185,217.8589,99.6195,93.2157
276.9670,228.7688,100.7634,94.1018
265.6928,238.3177,99.8608,95.1595
266.5988,236.1873,99.1699,92.4894
270.8388,212.1487,99.0952,92.0855
274.1359,204.3434,99.5201,92.7336
276.0145,213.2235,99.3051,93.3354
275.3853,230.4496,99.8146,91.7024
268.0670,237.4334,100.0582,92.7106
263.3938,237.4359,98.9626,93.5259
266.7880,231.8580,100.1611,94.7982
268.0822,228.7244,99.4114,94.3955
261.1775,229.3371,100.0892,95.6260
251.6120,242.4270,101.1771,95.4421
248.8509,250.3470,98.4994,95.4880
250.0723,248.3987,98.0448,96.2620
251.0159,238.0842,99.0336,96.4074
249.8980,235.1050,99.5766,94.9015
247.7223,243.2516,99.7922,94.4720
248.7293,256.2042,99.8374,93.4899
251.1841,260.7986,99.9384,93.3093
251.4950,262.9325,98.5294,93.2270
250.7581,262.2956,98.2095,93.4028
249.1630,256.6754,99.3062,92.6969
239.5924,248.7822,98.5205,93.6573
239.5381,245.8000,99.5616,93.0451
241.8316,232.2329,100.5033,92.3354
239.3590,220.1922,100.5817,92.9316
238.5046,220.6815,99.8958,93.2782
240.6560,224.5714,100.6817,92.1416
245.1898,220.2320,100.7370,92.9273
248.1678,209.4130,101.4248,93.7637
252.2569,207.7779,101.2207,93.8554
251.3191,221.1717,100.9355,92.3115
252.5656,238.4537,100.7042,91.4619
255.2334,242.9020,99.6388,92.8840
253.5475,240.2007,99.4435,93.3775
252.8386,229.5213,100.8484,94.2439
263.0349,224.3459,100.5274,93.7354
264.4656,225.3851,100.3193,94.6375
262.2746,235.3810,100.9550,94.3497
252.4636,238.6510,101.5927,95.3651
250.1692,237.5676,99.7748,96.1175
253.6124,226.6771,100.2900,94.3481
252.9312,222.3027,100.2267,94.2082
243.0366,235.6971,101.9264,95.5014
235.1828,249.0086,100.0172,95.3079
235.0655,253.2016,100.4737,94.4914
250.4992,252.8332,102.1992,94.0151
272.9227,243.1225,103.8605,93.5107
278.5516,229.1057,101.8421,93.5707
263.9619,234.2054,106.6223,94.3085
241.1855,246.9095,104.6494,94.8247
259.3318,253.4850,105.2435,92.2615
280.3908,249.9617,104.6004,91.6171
274.8306,235.4444,106.1016,91.5857
255.4120,227.8044,105.3569,91.4270
238.1215,228.0760,101.5899,93.2146
235.5785,231.3491,99.4358,92.9470
238.4781,231.2436,99.2926,93.5307
240.0368,227.6096,98.8423,92.7438
235.7762,226.7140,98.2019,94.2118
233.0953,227.9577,98.1209,94.9576
239.8416,234.8510,99.3317,94.1073
239.6544,245.1612,99.1040,94.3227
257.6330,257.8098,99.3546,90.2553
307.6739,255.7870,101.8417,88.4941
315.3815,244.2209,102.4069,89.3842
288.9828,246.4212,104.5787,88.7482
244.2576,260.7626,111.2520,90.0993
217.6257,268.5383,105.8803,94.6441
220.1410,274.1018,105.4820,92.8944
249.2637,268.5159,103.1524,90.1938
256.5131,260.0510,101.1180,90.5796
243.6942,263.5781,100.2344,91.1325
225.7217,262.0802,99.1620,92.3100
214.9472,263.2593,97.8576,93.1153
222.8869,268.0050,101.3096,91.2421
240.3516,267.5286,99.5353,91.2220
245.8665,260.7418,97.0291,91.6262
245.0790,252.4226,97.1067,91.7245
234.8788,251.1706,96.5131,91.6794
233.6854,246.1648,98.8633,90.7440
245.8751,237.9841,99.3578,90.5909
246.9683,230.3147,99.5796,90.9405
245.0517,226.1702,97.5998,92.1062
243.5443,218.3440,98.0101,91.6704
247.3540,215.2053,98.4638,90.8733
247.5894,230.2272,100.3715,85.7185
241.8577,263.7425,100.7916,84.4145
232.1810,288.3681,98.5577,85.2630
230.7657,292.1403,96.1511,85.3336
238.0983,272.2229,98.1341,83.3280
244.2561,250.5514,99.7536,83.8445
253.7010,233.9999,100.0724,83.8247
258.2522,215.6798,98.4685,82.9018
251.2347,207.0511,99.2634,82.4755
245.8471,193.4241,98.6193,81.8491
249.0347,172.7934,97.7029,81.4527
253.6267,160.7461,97.1227,85.5679
259.2151,169.3053,99.5298,86.2289
264.3890,189.2374,100.7709,83.8795
267.1389,210.9529,101.5084,84.8288
272.9428,239.9853,98.7031,85.3457
278.8877,242.1474,96.4827,81.7472
273.1644,218.4193,97.8312,80.9291
272.8210,202.9320,97.9464,84.0945
290.5312,200.0521,95.5994,85.5156
310.3207,211.1117,98.2467,84.2286
314.2283,217.0022,98.1277,87.0874
302.9414,220.0558,97.1364,89.9331
290.8700,222.5422,96.9826,91.5559
292.0295,227.9665,98.6952,90.8635
291.8213,252.1490,101.3902,85.6480
304.0079,276.1924,102.0760,84.9525
313.0768,280.1413,98.1233,87.9511
304.3165,273.1830,99.4094,86.0359
292.8105,256.7268,98.1157,84.0225
288.1397,235.2331,98.1964,81.2152
288.7299,210.9131,97.5563,82.6692
285.4870,203.0541,97.3695,86.0927
284.2160,211.5049,98.7707,86.3032
290.8840,225.3669,101.3287,85.6727
306.8308,229.7684,99.4445,87.2361
306.0733,235.4894,99.5538,88.5607
302.9319,240.5729,101.0071,88.8662
296.9716,250.5485,102.4304,89.0282
290.9692,249.2430,99.6425,90.0749
290.3259,242.3753,100.5708,87.0355
291.1751,230.7250,100.4315,83.9290
292.5203,215.3371,100.1405,85.0353
296.2008,203.0018,98.9079,87.0303
295.2271,199.3363,99.8841,87.4573
299.1815,199.0295,99.5008,87.1624
302.6099,207.2637,101.9483,87.0843
323.6130,223.9229,102.0049,86.6414
328.7998,242.0690,104.3243,86.4425
310.4520,254.4378,101.8703,86.8457
278.1626,256.0244,99.7994,86.8704
260.7397,252.9633,98.6157,86.5952
243.8404,241.4483,97.8215,90.2117
229.9908,216.0730,97.6073,89.6364
224.0551,187.6876,99.4597,90.3738
245.3640,179.6628,97.4395,89.1733
266.8562,183.2757,97.3641,91.3565
276.1180,192.0744,98.1794,93.6413
279.0346,205.2358,97.2647,91.2244
284.8252,209.8374,99.4089,90.0083
288.8444,212.2332,97.8504,89.3868
293.1001,214.0815,99.0624,87.9622
291.6801,214.7090,97.8346,89.4233
292.0960,215.3795,97.9033,89.1446
