1
593.1850,201.0460,41.7438,38.8008
592.1119,200.2218,40.4493,40.1654
590.0333,198.7171,40.0609,40.7753
587.3776,197.4257,40.1287,41.0290
585.0391,196.6219,40.3857,40.5870
583.0129,195.7859,40.4029,40.3475
580.6362,195.7519,39.8139,40.3810
582.2829,194.0341,36.3033,41.8415
586.9858,194.4641,29.4750,48.2741
586.2119,194.3536,23.4341,54.3162
587.3687,190.7990,22.2307,55.3243
586.6942,189.2688,22.1086,54.6305
585.4105,187.5761,22.0988,53.2816
584.0105,186.0944,22.3655,51.3449
583.2654,185.2283,22.0668,50.8739
582.0260,184.7725,21.7504,50.2921
581.1101,184.2479,21.4849,49.7864
579.8716,183.0748,21.4100,48.5320
578.9067,183.2764,21.1540,48.0351
577.9915,182.4589,21.2330,47.5382
577.4865,181.9770,21.1388,47.2785
577.0051,181.4473,21.0809,46.9089
576.5083,181.4906,21.0060,46.3099
576.1210,180.7637,20.7384,46.1410
575.3847,181.8846,20.9396,45.3201
574.8915,181.2904,20.8123,45.1597
574.6912,182.1984,20.6812,44.6519
574.0730,182.1196,20.7085,44.2650
573.8387,181.8651,20.4826,44.0768
573.5894,182.0639,20.0812,44.2151
573.0583,182.4882,19.7166,43.8832
572.5186,181.3934,19.5501,43.3178
571.8211,180.0546,19.0753,42.9377
569.1700,180.6898,18.1118,43.7971
569.3589,180.6353,18.1735,43.7922
564.2038,181.9028,23.0124,39.0516
560.2465,183.5705,27.2598,35.6548
555.6223,183.1848,30.3716,33.4349
553.8090,183.6858,33.0605,32.6155
551.6239,184.3279,34.8044,32.4835
549.8265,183.9140,36.2688,32.8723
547.6655,184.9887,37.5312,32.5675
546.6352,185.1842,37.9625,32.3796
545.4540,185.6409,38.4930,32.4572
544.9678,185.3394,38.6195,32.4057
544.5729,185.1234,38.8563,32.3440
544.5303,185.5642,38.7272,32.5337
544.4664,185.7096,38.8189,32.4413
544.4156,186.2081,38.7591,32.5198
544.4291,186.9446,38.5196,32.3862
545.6428,186.2418,38.2485,32.3231
546.3416,187.1731,38.0512,31.9159
546.8578,187.4502,37.7506,31.6559
547.5844,188.2063,37.1427,31.4635
549.7700,188.4920,36.1905,31.9375
555.1243,188.4611,33.5076,33.9142
563.5616,189.6978,27.2437,40.5249
565.9866,188.9962,28.4820,38.3433
568.3187,189.3064,30.6440,35.8977
570.3148,191.2582,32.8027,34.2220
572.6848,192.4733,34.4004,33.0886
574.5709,193.4472,35.2778,32.8637
576.9875,193.8045,36.1395,32.7270
579.2000,193.6295,37.0477,32.5869
581.6462,194.3177,37.8664,32.4192
584.8245,194.1126,38.5075,32.5708
587.1969,194.9145,39.4252,32.4055
590.0107,194.6554,39.7856,32.3252
592.4885,194.9256,39.8815,32.4136
594.9249,195.1252,39.9202,32.5110
597.2626,195.3812,39.2815,32.4549
599.7006,195.5917,39.1811,32.3461
602.5527,195.5944,38.8583,32.2300
604.5875,195.9468,38.1547,32.0353
606.9700,196.5840,37.5768,31.9650
609.6644,196.9743,37.5296,31.6222
612.0280,197.1588,37.3226,31.5669
613.7642,198.0891,37.0259,30.9530
615.9529,198.4359,36.4341,30.6281
617.5682,198.5224,36.5204,30.5128
619.3102,199.3716,36.5067,30.2948
621.0036,199.7882,36.2245,30.2759
623.0381,200.1096,36.1720,30.1902
624.9211,200.5532,35.8132,30.1016
626.5460,201.0059,35.7527,29.9607
627.9533,202.0194,35.4885,29.6254
629.5427,201.8822,35.2500,29.4959
631.2978,202.4607,34.9888,29.4587
632.6722,203.0137,35.0496,29.4016
634.9860,202.7903,35.4585,29.3401
637.3850,204.0471,36.3311,29.3709
640.2960,205.5775,36.5086,29.6220
643.3455,206.4574,35.8980,29.5163
646.4927,206.3982,34.8794,29.0801
648.6086,207.0879,33.4461,28.3172
648.8121,207.3288,32.2618,27.4076
650.7488,207.4228,31.3269,26.9487
651.9048,207.9787,30.5280,26.3085
651.6142,208.4680,29.6457,25.7573
652.8220,208.9284,29.2758,25.2977
652.0775,209.0457,28.0843,24.9345
647.8325,208.4390,26.4998,24.8611
640.6271,207.7692,23.9055,25.3806
630.5332,210.5780,22.7092,26.2406
627.7432,209.8338,22.8695,25.8081
624.4504,210.5930,24.2664,25.0036
621.0649,210.8814,25.8030,24.5164
617.9911,210.8722,26.9796,24.5547
616.2191,210.5711,27.4120,24.7525
614.8638,210.0930,27.5967,25.0307
614.0328,209.2646,27.6844,25.5599
612.4520,208.4849,27.7541,26.0293
610.5388,208.0001,28.1084,26.2770
608.5280,207.4514,28.1591,26.8414
606.8430,207.2594,28.3708,27.1507
605.0687,206.5871,28.3637,27.5623
603.2401,206.1895,28.3150,28.1067
602.1241,205.9902,28.2791,28.6158
599.9623,205.2968,28.1399,29.1563
598.5370,204.7000,27.9561,29.5617
596.2872,204.2512,27.9096,29.5505
595.3658,203.8909,27.9500,29.8913
593.4078,203.3426,27.9660,29.8017
592.2762,202.6537,27.7602,30.2063
590.2017,202.4878,27.9185,30.2433
590.2182,201.4087,27.3715,31.1835
592.3765,200.3727,25.6194,32.9204
592.1390,199.7926,24.9725,33.1907
593.9601,198.3676,26.1376,31.0654
596.8267,197.8235,27.9546,28.9236
600.3308,196.6706,28.4653,27.8702
601.3341,196.3807,27.1272,26.9485
601.5326,196.8520,26.2006,25.8817
600.7742,197.3184,25.6526,24.9606
601.4968,198.2116,25.2641,24.2151
601.0314,198.6440,25.0445,23.7801
600.5948,198.3564,24.6215,23.5851
599.8705,198.6311,24.1389,23.4139
599.7162,198.7496,23.8314,23.1938
599.2926,197.8753,23.5618,23.1927
598.2457,198.4653,23.3313,22.9553
598.9374,198.1272,23.2560,22.9945
598.6147,197.6918,23.0861,22.8296
598.8770,197.5668,22.9644,22.7106
599.3513,198.4421,22.8239,22.4448
600.1470,197.2808,22.5265,22.5165
601.1781,197.2970,22.2968,22.6341
602.0369,197.4680,22.2712,22.6871
602.7751,197.2228,22.3479,22.7152
604.1454,196.9196,22.7635,22.5754
604.5333,196.9926,22.4774,22.3574
606.2950,196.1919,22.7314,22.3834
606.9459,197.0340,23.0523,22.1650
609.1074,196.5161,23.7670,21.8865
611.8149,196.0767,24.4769,21.4489
613.6516,196.3800,24.5643,21.4190
618.2200,196.2454,24.4658,21.5515
619.8154,196.0771,24.1075,21.4916
621.2140,196.4865,23.7526,21.2841
622.4477,196.3206,23.2061,21.4767
622.9547,196.6931,22.8232,21.1178
623.4070,196.7861,21.8753,20.9457
623.9762,196.9639,20.9224,20.6618
624.7718,197.7835,20.3934,20.3161
625.7366,198.4884,19.9842,19.9392
627.2436,198.5341,19.5521,19.7052
628.4442,198.9810,19.2376,19.2393
629.7554,198.6471,18.9999,18.9507
630.7081,198.1134,18.9956,18.9317
633.9490,197.7662,18.6666,18.6668
633.8571,199.4263,17.8706,18.7376
629.7500,194.9735,17.9908,18.7482
622.4597,197.6390,17.8633,18.8101
2
0
0
0
0
1
614.5629,195.9236,55.0218,49.5829
613.4846,196.5684,55.6272,49.9244
613.7485,196.4422,55.9699,50.4012
614.4988,196.4110,55.9465,50.7136
614.1793,196.2530,56.0451,50.7936
613.5974,196.0748,55.4118,51.3592
613.5790,195.4895,52.3031,52.7077
613.4954,194.5908,46.4368,55.1686
614.6046,196.2607,44.2055,55.8223
614.4730,199.3300,34.7999,65.0370
615.6993,196.0489,31.1771,67.2568
613.8486,193.5776,30.4616,66.2601
612.5815,192.4171,30.2554,64.7618
611.8212,194.5554,30.1741,64.2087
611.2615,195.2180,29.8037,64.6752
609.5762,193.3012,29.6278,63.2832
609.9202,192.6125,29.2163,61.6454
609.4390,194.7817,28.5519,61.7334
609.0779,193.4514,28.5405,60.4380
607.9738,192.8402,28.6775,58.5029
606.9853,192.1461,29.0411,56.4978
606.4650,194.7149,28.7692,56.0044
606.1379,193.3668,28.6907,54.8801
605.0804,195.2938,28.5754,54.5390
604.5054,193.9076,28.6106,53.6134
603.1885,195.4024,28.4138,53.6171
602.5874,194.3499,28.6136,52.7355
601.9474,196.0040,28.6837,52.9490
600.1863,193.8287,29.0074,51.8785
599.2571,195.4372,28.8697,51.8575
598.8133,194.1155,28.7561,51.2465
597.5152,195.7302,28.7280,51.1757
596.7206,196.5082,28.5072,51.4818
596.0474,195.1347,28.6210,50.4880
595.5500,197.0905,28.5203,50.3597
593.1633,194.8704,31.0967,46.7722
591.9437,196.1884,32.0830,44.9302
591.1429,196.8819,32.5610,43.7069
590.4773,197.1633,32.5538,43.2678
589.9582,197.7293,32.7320,42.6781
589.4166,197.6887,32.7115,42.6064
588.7616,197.4426,32.4554,42.8060
588.7512,197.5945,32.3084,42.8193
588.7388,195.5248,32.9949,40.8268
586.8136,196.7142,33.9884,38.8852
580.4764,197.2033,34.2220,36.9786
571.7045,198.3313,34.9403,34.7384
563.2473,200.5323,34.8359,32.6891
559.2394,202.7549,35.8241,30.6291
555.9797,203.8846,36.0507,29.8228
552.6257,205.7284,36.4604,28.9486
550.6332,206.6663,36.1494,28.8185
548.7693,207.1586,36.2372,28.6939
546.3402,208.2933,36.5322,28.5539
542.6038,208.9339,36.7004,28.4543
539.4953,209.4493,36.4582,28.6380
535.4407,209.8747,36.5773,28.8000
531.5242,210.2122,36.7271,28.8769
527.4339,210.0739,37.0407,29.0949
522.9526,209.9831,37.2528,29.0967
518.3427,210.5097,36.9922,29.3583
514.5209,211.6167,36.3256,29.6053
510.7007,212.1565,35.7473,29.6896
507.2177,213.7534,34.6903,30.0209
504.4738,214.9402,33.7637,30.4295
501.1460,215.5564,33.0120,30.4200
495.6495,215.9111,32.3421,30.3726
491.7857,216.3001,32.1393,30.0253
486.4877,217.6176,31.8376,30.2686
482.8064,217.5747,32.1498,30.1794
477.4532,217.8560,32.1354,30.4664
472.8538,218.2285,31.7203,30.4756
469.1697,220.0021,32.7008,29.8868
463.4664,221.2000,32.6773,30.2098
459.0830,220.9917,31.8134,30.5153
455.7349,221.9160,32.4726,30.1492
452.0594,222.6410,32.4887,30.1848
448.6706,223.2470,33.5706,30.1208
445.7072,223.4300,34.6338,30.1772
442.7135,223.8169,35.7246,30.4573
439.8215,224.1099,36.7894,30.8441
437.7489,224.2556,37.3461,31.2995
436.5132,224.9373,37.0930,31.8985
437.6229,225.3978,36.8271,32.5634
440.3620,226.3419,35.5565,33.2564
441.8850,228.7670,34.5307,32.8215
442.1152,229.7303,33.0562,32.5778
441.0602,230.4196,32.1378,32.3501
439.5073,230.9289,31.6274,31.8150
438.0729,231.8252,31.2298,31.2025
436.2722,233.1921,30.8407,30.6383
435.4766,232.9977,29.8498,30.7017
435.0819,233.7515,29.2492,30.3215
434.4232,235.2321,28.7932,29.5184
433.4607,235.5762,28.2484,29.4233
433.4585,236.0573,27.4751,29.2728
432.6607,237.0557,27.2253,28.8315
432.8303,238.1498,26.7842,28.5556
432.3965,238.7106,27.1058,28.3495
431.7522,238.5925,27.2718,28.1410
431.3188,238.9304,26.9473,28.4116
430.4924,239.7672,27.0212,28.4889
427.2006,240.1586,27.4130,28.4867
420.9926,240.4756,28.8315,28.1685
413.8175,240.4418,30.0584,28.1299
409.3538,240.1336,31.3209,28.0694
407.5937,240.8774,32.0123,28.3007
407.1395,241.2272,32.8178,28.4485
406.0223,242.4906,33.0397,28.6003
407.0411,243.5508,33.5500,28.6449
406.0855,244.2962,34.5570,28.6569
404.9619,245.6406,34.6694,28.6100
403.9484,247.3041,34.8654,28.7049
403.1803,248.5156,35.6892,28.4888
402.6897,249.1849,36.2387,28.5862
402.3039,250.0801,36.8237,28.6820
401.0155,251.3406,37.3319,28.7340
400.4296,252.0968,37.5908,28.8181
401.6919,251.6219,37.6355,29.0145
405.3244,252.8061,37.2484,29.2757
411.2831,255.4738,36.4666,29.9122
414.4428,256.7404,34.9157,30.8020
417.5084,256.9539,33.6705,31.2804
418.4747,257.8388,32.9205,30.9395
419.4162,258.1580,32.5905,30.2024
419.9492,258.6339,31.9516,29.8542
420.3433,259.4953,32.1226,29.5036
420.4923,259.8625,31.8098,29.2582
422.3148,260.7599,31.8281,29.3690
422.4738,261.0426,31.4110,29.6242
423.2672,260.8865,31.0008,29.3782
423.5829,260.9040,31.0188,29.1386
424.5595,261.3056,31.2616,29.1086
423.4557,260.4214,32.6523,29.2616
420.8198,258.5413,34.8283,28.5073
413.5616,256.8558,39.1806,26.0380
410.8280,257.8793,41.5377,25.1842
408.6118,257.5972,40.1697,25.5042
410.3145,257.1660,36.7543,26.9198
411.6931,255.9878,35.1267,27.3243
412.6563,256.0719,34.0564,27.4104
412.1935,255.9467,33.5120,27.2079
413.5679,255.7290,32.8472,27.1260
413.7840,255.8559,32.8478,26.7838
413.6404,255.9379,32.6272,26.4868
414.5844,256.7006,31.7307,26.3134
416.0733,256.9868,31.2079,26.1381
417.0927,256.9573,30.8259,26.0789
419.3747,257.4805,30.4812,26.0173
420.8054,257.5289,30.5181,25.8824
422.6632,257.4988,30.3575,25.9451
424.8765,257.3332,30.2386,25.8628
426.9250,256.8645,30.4026,25.9599
429.3136,256.2251,30.6808,26.0704
432.2340,255.6328,30.6956,26.2395
435.7628,255.7101,30.1949,26.4143
442.0890,255.4100,29.2163,26.5189
452.7802,254.4728,28.2980,27.1009
459.5234,253.6530,26.3231,27.7405
466.3086,250.7196,24.8821,27.7873
473.0106,250.8420,23.7482,28.0990
478.4041,249.9732,22.8789,28.2649
482.3674,247.1155,22.5529,27.9025
485.6594,246.1300,22.3550,27.7061
489.6556,245.1973,22.1024,27.7361
491.8701,244.0763,20.0994,29.4088
496.1192,242.5736,20.4087,29.2749
499.7026,241.4381,20.6954,28.8207
502.9416,240.2680,21.0094,28.1560
505.0616,240.0183,20.8778,27.7386
508.9127,239.2197,20.9281,27.3917
513.2238,238.4060,20.7881,27.3185
516.4607,236.8801,20.7498,27.3525
519.7470,236.0770,21.0968,26.7891
521.9543,235.2200,20.7882,26.8694
526.5172,233.7491,20.7300,27.0910
530.1047,232.4164,20.7662,27.2580
532.1743,231.2110,20.8508,27.2148
536.4608,229.7436,19.6395,28.4921
538.5812,227.7331,18.3413,28.8216
543.0396,225.4002,17.6861,28.6281
546.9681,224.6724,17.5180,28.7741
548.3265,222.4741,16.9219,28.4777
551.5702,222.0953,17.0632,28.1319
552.3173,221.1127,16.7204,28.1610
552.7553,219.6483,16.1395,27.6061
551.6351,218.5257,16.7120,26.4838
547.6530,218.2880,19.3308,24.6296
541.4534,217.5414,22.1951,23.5739
538.2415,217.0076,24.8397,23.2013
536.5012,216.1018,26.5885,23.6089
535.6078,214.4578,28.1568,23.9811
536.0464,213.3597,29.5010,23.9098
537.9717,211.3525,30.8879,24.3472
539.3369,208.1356,31.0233,24.4668
539.3632,207.5414,31.7438,24.4082
540.3175,205.5521,32.1580,24.5032
540.9505,204.4407,32.7574,24.3459
541.4280,203.2734,33.0518,24.4358
542.3962,202.1284,33.3819,24.6441
542.9959,200.4998,33.8531,24.9292
543.8971,199.4514,34.0785,25.0165
544.2913,198.2294,34.5173,25.2518
544.7371,196.7884,34.5335,25.5942
543.7412,195.2487,34.6976,25.9536
544.7773,194.0995,35.0536,26.0779
544.6877,192.1649,35.4117,26.3051
544.9022,191.0402,35.2922,26.3565
544.5238,189.6781,35.3347,26.4405
544.8235,188.0808,35.6329,26.5869
544.8571,186.2084,35.5942,26.7465
545.1255,183.0123,35.4224,26.3880
546.7703,182.1473,35.6488,26.5544
546.0504,180.7792,35.8869,26.7319
546.3964,177.6860,35.3494,26.5463
547.6705,176.2032,35.2171,26.6475
552.4048,173.0166,34.1041,26.6936
560.2606,171.9452,30.5592,28.7688
571.6974,171.5816,27.9017,30.8454
573.6691,170.4022,26.2047,32.8925
574.9337,168.2078,25.2701,34.4030
574.3120,166.2562,25.0410,35.5886
574.5434,164.2037,25.1286,36.5595
574.5859,163.0914,25.0844,37.1106
574.0444,161.4620,25.2273,37.5120
573.6888,160.1243,25.3742,38.0882
573.9594,158.5650,25.4929,38.3720
573.4995,157.5943,25.6623,38.5811
572.5567,156.6861,25.8296,39.0246
572.5353,154.6490,25.9871,39.4369
571.6145,154.1553,26.1584,39.6340
571.5857,152.7843,26.5283,40.0078
571.1429,151.4075,26.7281,40.4452
570.2319,151.3144,26.9845,40.5944
569.9231,149.4538,27.1901,41.2247
568.9363,148.4088,27.4170,41.5437
568.8246,147.3234,27.5765,41.9961
567.3587,146.7373,27.7946,42.3833
566.4559,145.6737,27.9607,42.6818
565.9019,144.5702,28.2346,42.9512
564.6653,143.4507,28.5354,43.0190
564.1407,143.0704,28.5839,43.2390
563.7183,142.2520,28.8477,43.4850
562.9512,142.1030,29.0409,43.2223
562.4359,141.6342,29.1451,43.2125
562.0704,141.1178,29.2151,43.3156
561.6658,139.9822,29.3581,43.3351
561.2511,137.5735,29.2331,42.6525
561.1837,138.9126,29.0381,42.3751
560.5273,138.3878,28.9114,42.4993
560.2829,137.7121,28.9638,42.6113
559.7944,137.4059,28.9631,42.8392
559.6333,137.0830,29.1018,42.8849
558.9755,136.9315,29.1826,43.0080
558.9575,136.6354,29.1469,43.1835
558.3538,136.4670,29.3743,43.1827
558.3007,136.4567,29.7444,43.3191
558.7357,133.6658,29.6389,43.0129
548.9292,130.7276,33.0404,38.5939
539.1270,131.5898,35.9160,35.9077
535.4743,133.2317,38.6174,34.2968
531.6524,133.9985,40.8746,33.3224
528.2290,134.1175,42.2992,33.0218
525.2872,134.3924,42.7301,32.7302
523.1939,134.2748,42.8689,32.6488
521.8795,134.1360,42.9202,32.7739
520.2900,134.3821,42.4439,32.5826
519.6195,134.3887,42.4867,32.3947
519.1627,134.0911,42.6102,32.2977
518.2094,133.6506,42.6845,32.2959
517.8938,133.8649,42.9827,32.0815
516.9670,134.0625,43.2597,31.8535
517.0720,133.8614,43.5959,31.8617
516.3929,132.8118,43.3632,31.9411
516.5991,132.8084,43.3854,31.8752
516.8250,132.4856,43.5196,31.9897
516.0468,132.8673,45.7776,29.7972
515.8765,132.7268,46.9050,28.6316
515.9157,132.9836,47.3924,28.0057
515.2521,133.3182,47.5556,27.5863
514.9196,132.7584,47.6707,27.4520
514.4993,132.7475,47.7588,27.3774
517.7036,132.3725,47.4976,27.3925
522.5308,131.0646,45.7585,27.8277
531.9774,131.4268,40.3847,30.5347
540.5322,134.9493,35.1958,34.6342
542.7623,134.3901,32.1195,37.2309
543.2947,133.0449,30.3712,38.8828
543.7370,132.8246,29.2822,39.8827
543.4177,132.3165,28.8174,40.5934
543.2955,131.5888,28.5972,41.0391
543.1055,131.4215,28.4437,41.1124
543.1360,131.3862,28.3790,40.9655
543.4337,131.5344,28.2002,40.8977
543.0674,131.8574,28.1748,40.8157
542.4504,130.8189,28.2881,41.0280
541.8990,131.3418,28.4787,40.7112
541.8489,131.0540,28.4136,40.9197
541.8569,130.4932,28.4898,40.9479
541.7593,130.6511,28.5579,40.7360
541.4930,130.7237,28.5390,40.4953
541.2897,130.9528,28.5004,40.3050
541.1161,130.4800,28.4709,40.4299
543.3262,130.4740,23.8436,45.6997
544.2617,129.3448,21.4719,48.9984
545.7312,128.9781,18.5643,53.0926
546.1075,128.4910,17.0655,55.4993
546.7227,127.8950,16.3497,56.8675
546.8402,128.0622,15.9271,57.9019
547.1613,125.7821,15.6370,58.4432
547.3398,126.7839,15.4577,59.0203
547.1089,127.4950,15.4967,59.3699
547.1616,125.7272,15.6215,59.5196
547.2920,126.6308,15.6770,59.8373
547.0885,124.7981,15.7608,59.9405
546.4647,125.5702,15.8472,60.2129
546.2204,126.0315,15.7128,60.5985
545.7922,124.1064,15.6736,60.7705
545.2302,125.3892,15.7201,60.9866
545.1129,123.3970,15.7072,61.0008
544.7606,124.4738,15.7806,61.1962
544.7195,122.8491,15.6990,61.4125
544.6025,124.2710,15.6014,61.7059
544.3746,122.2481,15.6102,61.7425
543.9762,121.5212,15.7034,61.5438
543.8764,123.0991,15.7569,61.7632
543.5157,123.9505,15.6786,62.2481
543.3981,121.9371,15.7552,62.4461
543.0619,120.8666,15.7338,62.5911
542.9111,122.0209,15.8431,62.9626
542.3887,120.2317,15.9525,63.2214
542.1463,121.9868,15.9626,63.6194
541.7839,120.4024,16.0828,63.7951
541.4387,121.1849,16.6217,63.4208
540.9173,119.4099,18.8065,61.7543
540.7173,117.0290,22.0555,57.9466
539.8662,118.3713,27.1066,52.7604
539.3682,119.9927,30.0251,50.3811
539.8777,120.1871,31.6789,49.3417
540.4658,120.4952,32.6633,48.9391
540.7294,119.6043,33.4596,48.7159
541.0852,119.4066,33.8516,48.5838
541.5644,118.7254,33.9651,48.7429
541.3558,118.2885,34.2246,48.7586
541.5277,117.9341,34.0949,48.6585
541.3434,117.3474,34.1389,48.7751
540.8932,117.2791,34.1624,48.5498
540.4778,116.3575,34.2449,48.5417
540.0438,116.3014,33.9996,48.4676
537.9786,115.3534,33.7933,47.4621
537.0529,117.4790,33.5439,46.7849
535.5328,116.8022,33.7121,46.5259
525.9203,112.9486,35.8869,43.9539
519.3615,110.6343,39.3496,40.1684
514.2402,111.3583,41.7704,38.1597
511.2184,111.3607,42.8389,36.8596
509.9488,111.0853,43.0066,35.8681
509.6218,110.6023,42.6715,35.4424
509.1810,110.6166,42.3335,35.1132
509.8105,110.0383,42.3409,34.7976
509.3376,110.0371,41.9422,34.4331
509.2402,109.4456,41.9226,34.1844
509.0298,108.7900,41.9757,34.1622
508.3079,108.5446,41.9802,33.8320
507.5465,108.5671,41.5896,33.6442
507.7758,108.3603,41.2774,33.5959
506.3282,107.6463,41.4599,33.2038
506.1860,107.3923,41.0696,33.1373
505.5580,107.2625,40.6397,32.9470
505.8076,107.3058,40.3587,32.6869
505.8438,106.9554,40.6982,32.3769
504.5953,106.3328,40.7754,32.1605
504.9695,106.0350,40.2333,32.2880
504.1472,106.0119,39.9697,32.0291
503.4762,105.2852,39.5797,31.7497
504.8585,105.5239,38.3346,31.9375
509.8559,105.2268,36.6809,32.0577
518.4330,105.5005,33.6795,33.3765
521.6819,109.1534,30.7413,35.7014
525.2989,107.0782,29.8291,36.5722
526.5861,107.3373,31.6835,35.8918
526.8461,107.0501,33.4353,35.3292
526.5641,107.1434,34.3523,35.0349
525.2932,107.0883,34.8419,35.2375
523.9032,106.9844,34.8482,35.6180
523.5323,107.1295,35.2679,35.7515
522.7446,107.4770,35.5951,35.7346
521.5308,107.5290,35.5944,35.7273
521.7105,107.8965,35.4683,36.1374
520.3143,107.8787,35.3559,36.2201
520.4732,108.1056,35.2935,36.5018
519.1498,107.4061,35.1255,37.0290
519.1196,107.3064,35.0805,37.3273
518.8199,107.1873,34.8905,37.5682
519.0120,107.1929,35.1095,37.9352
518.0281,107.2315,35.0267,38.0743
517.5455,107.3146,35.0191,38.0909
517.8932,107.4950,35.3739,37.9848
517.3337,107.5488,35.0041,38.2865
517.1838,107.0209,34.8778,38.2871
516.6846,107.4747,34.6869,38.4181
517.2330,107.2049,34.7433,38.5202
516.4309,107.7830,34.3379,38.9219
515.8641,107.7404,34.2245,39.0587
516.0521,107.6631,33.6534,39.5774
514.8903,108.0913,31.2651,41.7525
516.0211,109.1974,30.6600,42.4018
507.9426,105.2900,33.1847,39.6837
498.6330,102.4053,36.5111,36.4821
493.7693,104.3151,41.7615,32.1194
490.1620,106.3337,44.6493,29.4859
489.6154,107.0333,45.5515,28.6632
489.5065,108.1228,46.2228,27.8962
489.8747,108.3470,46.1074,27.8075
489.7713,108.9067,45.6355,27.7170
490.8927,109.1476,45.5312,27.5155
491.5910,109.5863,45.3309,27.4071
492.4160,109.7144,45.4396,27.2958
492.9016,110.1276,45.5899,27.3307
492.7809,109.8964,45.7710,27.4905
493.4546,110.1151,45.5616,27.6308
493.3664,110.7368,45.9948,27.4927
493.8776,110.5315,46.1470,27.7365
493.8770,111.0296,46.0878,27.8726
494.3080,110.9823,45.8664,28.0039
495.3191,111.1823,45.9110,28.0067
496.0961,111.4733,46.0766,27.9931
496.1829,111.3754,45.8652,28.0979
496.6844,112.0199,45.6889,27.9963
497.0301,111.9507,45.5618,28.1878
497.7643,112.2888,45.5579,28.0427
498.6642,112.5928,45.5232,27.9529
500.2739,112.8634,45.8931,27.8577
501.4363,112.6483,45.7644,28.0903
502.6349,112.8615,45.8113,28.2184
503.0168,113.5139,45.7600,27.9883
503.7266,113.1875,45.6483,28.2001
504.0620,114.0252,45.7610,27.9338
504.7418,114.4088,46.0459,27.8170
504.6756,116.0178,46.5671,27.3807
505.4125,116.2559,46.0092,27.7853
506.5136,117.0967,45.6519,27.7114
506.4755,117.6261,45.4820,27.6615
506.7525,117.7238,45.2620,27.6608
508.5170,118.3157,45.7854,27.8121
508.1615,118.9363,45.7585,27.7189
506.9766,119.4197,45.8824,27.7029
509.0527,119.8709,46.3269,27.8627
507.2960,119.9645,46.3862,27.8655
509.5452,120.5201,46.7200,27.8538
508.4666,120.6262,46.2450,28.0096
510.6299,120.7987,46.6875,28.0033
509.6893,120.5068,46.4032,28.3969
509.7492,120.1341,46.0841,28.4410
511.8461,121.1845,46.6019,28.5756
510.8447,121.0487,46.4022,28.7393
510.5782,120.8323,46.0316,28.5968
511.0713,121.3338,45.7202,28.4134
513.3175,122.0118,45.9529,28.4886
512.9426,121.8732,45.6945,28.4392
513.9883,122.5831,46.4036,27.8493
514.0893,123.2155,46.3228,27.5551
515.3100,123.8565,46.2566,27.2755
515.9373,123.7761,45.9049,27.2486
517.0145,124.1854,45.8339,26.9292
517.7921,123.9733,45.5688,27.3633
518.1072,124.3456,45.3595,27.3838
520.0786,125.3343,46.0050,27.2635
520.4089,125.6944,45.8742,27.4225
521.6137,125.3874,45.7198,27.6636
524.0504,125.8905,46.6999,27.6025
523.7388,126.2185,46.4838,27.6393
524.6191,125.6685,46.4257,27.6398
525.6547,124.7469,46.2795,27.6542
530.1221,123.3807,45.8657,27.7906
540.2928,122.9180,40.5601,30.8219
552.8159,126.8197,35.4606,35.0202
554.0466,125.7271,32.0580,37.9154
557.4331,124.1221,31.0613,39.0120
560.0359,123.7135,30.8141,39.4687
560.8433,123.9206,30.7375,39.5104
561.1154,123.1028,30.6376,39.7256
561.3928,123.3833,30.4907,39.9326
560.9052,123.9052,30.2195,39.9025
561.0073,124.3094,30.1578,39.6571
561.5643,123.3963,30.0335,39.6777
561.8615,123.9091,29.8978,39.3109
562.2197,123.4565,29.7428,39.3494
562.4378,123.4044,29.6081,39.1492
562.8471,124.5063,29.5410,38.8109
563.4641,123.7772,29.4763,39.0028
563.8449,124.2176,29.3837,38.8899
564.3932,123.1624,29.0618,39.2538
564.8494,123.0631,28.6613,39.3175
563.7650,123.7255,28.0021,39.6249
567.4410,122.0979,24.0645,43.7383
557.5105,118.3748,29.8104,37.9020
547.6884,119.4087,33.6240,34.4767
543.2225,120.9517,36.4326,32.6446
541.2291,122.0213,37.8910,31.4689
540.5367,121.7584,38.8392,30.8295
540.8101,121.2641,38.7946,30.7325
541.6111,121.0131,38.3689,30.7500
541.6770,121.3361,38.0566,30.5368
542.9390,120.9097,37.6861,30.3200
543.4012,119.7576,37.9247,29.9778
543.0479,119.9229,37.5432,29.9369
543.2532,119.3434,37.7492,29.7660
543.8905,119.4000,37.7575,29.7384
543.3589,119.6017,38.1105,29.5285
543.8046,119.1893,37.6691,29.6853
543.1564,119.4114,37.5050,29.4867
544.2668,119.0531,37.4376,29.4632
544.4501,119.5089,37.3710,29.3076
543.9848,119.0988,37.4151,29.2998
544.3041,119.4520,37.4105,29.1355
544.1030,119.1353,37.5524,29.1811
544.5513,118.9284,37.2206,29.2207
545.4585,117.9189,37.0292,28.9575
552.4961,116.6443,35.1047,29.7997
565.0091,116.9751,32.0339,30.9577
567.7371,118.6838,29.5786,32.1399
572.9238,119.9504,30.5546,32.4546
574.2031,120.5092,31.9954,32.8101
574.4705,120.7753,33.3404,33.0077
574.4228,120.7546,34.2463,33.4184
573.7944,120.3509,35.3409,33.2528
572.3094,120.2095,35.7502,33.8207
571.5056,119.3450,35.9730,34.5201
570.7593,119.5445,36.2866,35.3044
570.5033,119.1199,36.7584,35.7393
570.2835,119.5194,37.1818,36.0196
569.6437,118.7970,37.5497,36.4307
569.7843,119.1776,37.7680,36.8703
569.2836,119.2380,37.8685,37.4669
569.1737,119.1687,38.0623,37.9914
569.2659,119.1194,38.1648,38.2668
569.2615,119.3911,38.5232,38.4477
568.4477,118.6496,38.3058,38.9796
568.8156,118.7976,38.3047,39.2075
569.6747,118.4519,38.2840,39.7506
568.4248,118.5766,38.0637,39.9341
569.3030,117.9050,38.3781,40.3015
569.0629,117.7767,38.2394,40.3494
569.0256,118.1642,37.9965,40.3337
569.8602,118.0377,38.0937,40.3163
569.6625,117.6971,38.0226,41.1261
570.2423,117.5095,38.2312,41.2975
570.5430,117.7662,39.2006,41.6244
570.5621,119.0555,40.7701,41.5331
571.0585,119.6694,42.1688,41.7874
571.5729,119.7992,43.5328,41.9711
572.0415,120.0901,44.9079,42.3331
572.5015,119.9911,45.7792,43.1715
573.4819,118.8070,45.9558,43.8823
573.7443,118.7173,46.4217,44.3748
574.6861,118.7962,47.1385,44.5140
574.7902,117.6695,47.6929,44.7585
575.3726,117.6604,48.1104,45.1244
576.0796,118.2138,48.0988,45.6639
576.7635,116.9364,47.8967,46.2923
577.5772,117.0917,47.6976,46.8474
578.7711,116.6312,47.8153,46.6785
579.1533,116.9778,47.9755,46.5107
578.8103,116.2210,47.9588,46.6317
579.2534,116.5301,48.2051,46.4653
578.7521,116.5708,48.2453,46.3777
579.6339,116.6024,48.2005,46.1916
579.4948,116.5461,48.0222,46.0101
578.9084,115.8067,48.0302,46.0709
579.5471,115.9936,47.9086,46.0928
578.8108,115.8830,47.5353,46.2360
579.5825,114.4592,45.6998,46.9752
577.7086,114.3653,41.1218,49.2079
581.8091,115.8826,33.4208,56.2568
572.9835,111.6795,35.8634,52.7453
566.2736,108.5310,40.5582,47.5467
560.9947,109.3514,43.4249,43.4338
559.6217,108.9042,43.9096,41.0294
559.3891,109.7351,43.6461,39.3441
559.8832,109.8827,43.3308,38.0253
559.8000,109.5271,43.0773,36.8646
560.2653,110.1969,41.9267,36.2970
561.1696,109.9626,41.4919,35.7471
561.3781,109.1856,41.2158,35.5529
561.7576,109.6969,41.0498,35.0870
561.2330,109.4831,40.9008,34.4528
559.9549,109.2972,40.9382,34.0590
558.9966,110.0175,40.9087,33.5488
558.1141,110.2602,41.2079,33.2212
556.8494,110.5378,41.3179,33.0545
555.3433,111.2237,41.0883,32.7995
555.1813,111.4761,41.0127,32.6493
554.5851,111.6012,40.9552,32.4464
553.8546,111.3135,41.1469,32.2244
553.7340,111.8580,40.9820,32.2463
552.2005,111.6941,40.5729,32.1154
551.4373,111.9224,40.3160,31.8767
551.0742,111.8584,39.9973,31.8146
550.8235,112.2691,39.7070,31.6652
550.7956,112.1857,39.6740,31.6471
550.6172,112.1067,39.4965,31.6972
551.5594,112.0372,39.2568,31.7366
550.9927,112.2927,39.0912,31.7134
551.6205,111.6605,39.5032,31.5505
551.6056,111.8894,39.6574,31.4476
552.5836,111.5569,40.0088,31.5078
552.6644,111.0064,40.3110,31.1526
560.2773,109.8495,37.6103,32.3952
573.9363,110.1346,33.8353,34.3572
576.3503,110.6717,30.5533,36.5284
579.5659,109.7931,30.0955,36.9135
580.3687,109.4875,30.1549,36.6220
579.4409,109.6553,30.1672,36.4198
579.1368,109.8323,30.0040,36.2550
578.1516,109.3396,30.0082,36.5394
577.9542,108.8648,30.0673,36.8676
577.8124,109.1234,30.3065,36.8429
576.7771,108.9300,30.2633,37.2109
576.1071,108.6913,29.8742,37.8761
574.4197,108.7754,28.5796,38.5677
575.4795,108.4827,27.9068,39.2404
567.3535,105.1530,30.6812,35.6908
562.4270,106.9852,31.6647,32.9989
558.8239,108.2958,32.2985,31.3080
559.6303,110.0751,32.1642,30.0927
559.7681,111.0018,31.3907,29.2217
560.6114,110.9999,31.1720,28.1799
562.2034,111.0957,30.3098,27.6266
562.6479,111.1249,29.5421,27.1593
563.0903,110.8278,28.9232,26.7369
563.2941,110.2877,28.5316,26.0335
563.4360,110.1567,28.0728,25.3250
564.0474,110.0384,27.7775,24.4287
563.9203,110.5560,27.4924,23.6173
563.8551,110.9058,27.1520,23.0522
564.7413,110.8537,26.8519,22.6204
564.4921,110.8939,26.8048,22.2811
564.6232,110.3248,26.9441,21.9789
564.7179,109.8037,26.4993,21.8867
561.6901,106.4599,26.0562,22.4097
567.9048,105.9093,24.0561,23.2921
571.0677,107.2341,22.9257,23.9708
574.9918,109.3957,23.8585,23.6478
577.9466,109.8723,24.9688,24.0079
582.5803,109.1243,25.2738,24.5953
583.2177,107.8647,25.5411,25.1852
584.0964,107.2533,25.5991,25.6276
583.3767,106.3521,25.5283,25.6938
583.4524,106.2195,25.4974,25.7450
583.4573,106.0950,25.5179,25.7748
583.6658,105.8941,25.4842,25.8426
583.6646,105.5763,25.6043,25.8692
583.6895,105.2846,25.6909,25.9319
583.1039,105.4427,25.6693,25.8103
583.2704,105.9951,25.5682,25.8062
583.0836,105.6872,25.4816,26.0433
583.0221,105.4237,25.3779,26.1954
583.4977,105.7650,25.3629,26.2548
583.1381,105.8641,25.1852,26.2663
582.6834,105.9565,25.5352,26.0441
582.9661,106.3957,25.5953,26.1238
582.8131,106.0614,25.5592,26.3564
582.6808,105.7119,25.5519,26.5629
582.3430,105.6880,25.6977,26.4497
581.1726,105.1600,25.0973,26.7519
574.1924,105.4403,23.2718,28.0047
567.7877,104.4895,24.8531,26.5851
564.7337,104.6244,25.7656,25.5948
565.0699,106.0763,27.7609,22.7614
564.9649,107.6220,28.9219,21.1188
565.7285,108.4871,29.8081,20.2051
566.6561,109.0672,29.9423,19.9853
567.1729,109.4028,30.1892,19.9369
567.6041,109.2329,28.4258,21.0908
567.5566,108.5897,27.4612,21.9269
569.0580,108.0536,26.5081,22.5097
570.0342,108.5426,26.3012,23.0020
571.1011,109.0670,26.2862,23.2577
570.6836,108.5951,26.5923,23.3514
570.1772,108.5458,26.4714,23.3978
569.0222,108.8499,26.6950,23.3319
568.2961,109.1434,26.6018,23.3092
567.4070,109.1225,26.3349,23.3460
566.8868,109.2887,26.3384,23.1201
566.3093,109.2175,26.2425,23.0460
565.9605,109.2108,26.0973,22.9738
564.0497,109.3331,26.4829,22.7026
565.2186,109.4005,26.7705,22.6278
563.8237,107.6395,26.6311,22.3990
566.5878,107.9037,25.9455,22.5110
558.2656,104.1651,24.9872,22.6962
567.7302,103.6801,20.2958,26.2222
572.6490,104.1991,19.9030,26.4999
574.5445,104.0846,17.3079,29.5705
575.7324,103.0322,16.2498,31.3910
576.1537,103.0810,15.8538,32.5803
576.2173,102.6332,15.1869,33.8850
576.3906,102.1171,14.9980,34.7754
576.7048,102.0902,14.9994,35.1002
576.7587,101.6898,14.9094,35.5031
576.8623,102.2803,14.9157,35.9664
576.8380,101.8010,15.0031,36.2808
577.2640,102.0265,14.9682,36.5390
576.9144,102.4462,15.0393,36.8065
577.2184,102.3598,14.9135,37.2154
577.8077,102.3931,14.7020,37.6236
578.2000,102.2814,14.6368,37.9763
577.8347,101.8442,14.8291,38.1110
578.0941,101.9120,14.7974,38.1715
578.4795,102.1083,14.7387,38.2630
578.9277,101.6403,14.8495,38.4671
578.8570,101.9628,15.2197,38.6012
579.3774,102.6224,17.2383,36.9646
581.3387,105.7435,22.2642,32.4533
589.3634,104.1463,25.2642,30.1561
594.7732,105.0669,27.2030,28.7040
595.7182,104.8966,28.6895,27.5594
596.4438,104.4210,29.3603,26.8092
596.6115,105.0224,29.4470,26.3922
596.8322,105.0967,29.8291,26.0144
597.8080,105.2697,29.8610,25.9062
597.8121,105.5328,29.9632,25.9641
598.3564,106.1194,30.1443,26.0015
598.6419,106.4775,29.9323,26.2786
598.7877,106.1326,30.0115,26.2831
600.0060,106.8136,30.0906,26.2905
601.0900,106.5808,30.2947,26.3225
600.9949,107.0556,30.6855,26.2596
601.3489,106.9303,31.1231,26.3793
601.6529,107.1037,31.2161,26.5435
601.7854,106.9532,31.2732,26.7155
601.8361,106.9901,31.1490,26.8603
602.0010,107.0258,31.1715,27.0195
601.5942,106.8226,31.0898,27.1363
602.1531,107.3530,30.9317,27.1795
601.0414,106.8233,30.9219,26.9993
596.9300,106.0393,29.4016,27.7627
588.1799,106.0573,27.1414,30.0518
584.7130,105.0860,27.6359,29.6526
572.2534,103.1844,32.0212,25.8255
569.6680,103.7858,34.6336,23.7070
567.6761,104.4021,36.6085,22.7248
564.3765,105.4182,37.9544,22.3167
561.6855,106.0733,38.5321,22.5573
560.5800,106.2926,37.9939,23.2461
560.5024,106.3516,35.7121,24.8300
561.1147,105.3225,34.9511,25.6143
561.2958,105.6170,34.4717,26.0961
561.2454,105.2489,34.3940,26.3905
561.7837,105.2152,34.2995,26.6157
562.2023,105.3131,34.3556,26.7346
561.5848,105.5486,34.5057,26.7646
561.8409,105.4706,34.6499,26.9648
562.1339,105.1716,34.6838,27.0729
562.2078,105.5031,34.7472,27.1087
562.4424,104.9913,34.7892,27.2314
562.9780,105.4148,34.8956,27.1452
562.8882,106.0102,34.8237,27.1517
562.8596,105.7406,34.8650,27.1667
563.4547,105.3666,34.8030,27.4184
564.7133,105.3670,35.1158,27.3898
571.8136,104.7611,33.3271,28.3511
587.7266,105.1646,30.3582,29.5757
591.5690,106.9237,28.4059,30.3878
595.5173,107.8262,29.5616,30.2526
596.2028,108.3862,30.9898,30.3108
596.5270,108.1238,32.2723,30.5724
597.0073,108.0963,33.1968,30.8465
597.1382,107.3610,33.9066,31.1354
597.1978,107.2389,34.5529,31.4982
597.3458,107.1752,35.2770,31.9115
597.3179,106.9558,35.8906,32.1864
597.6036,106.7032,36.2595,33.0403
597.5570,106.3374,37.0390,33.3491
598.3347,106.0796,37.4300,33.8570
598.8673,105.9008,37.6312,34.4745
599.1514,105.9433,37.7354,35.1285
599.7156,105.5972,38.0940,35.3851
600.5697,105.5372,38.5009,35.8566
600.9353,105.8902,39.2589,36.4847
602.2271,105.6754,39.4676,37.4555
603.3615,105.4523,39.8517,38.3229
605.4681,103.9863,40.0888,38.9942
605.8488,104.1965,41.6188,38.5347
606.5153,104.4505,42.7950,38.7220
606.4531,104.6212,44.2497,39.2596
606.7411,104.2309,45.2228,39.8869
607.2172,104.1185,46.2031,40.4338
607.0370,103.7110,46.8640,40.9238
607.4217,103.5368,47.5020,41.3779
607.0511,103.3359,48.3381,41.9571
607.9439,103.4972,48.9386,42.5673
608.3456,103.1722,48.9585,43.3175
607.9736,102.7675,49.5490,43.9476
608.6729,103.0903,50.0183,44.1351
608.1333,102.8131,50.0320,44.5427
608.4766,102.3590,50.0045,45.1073
609.4700,102.6385,50.3339,45.2585
609.3972,102.1441,50.1949,45.5807
609.8547,102.3623,49.7513,45.8731
610.6721,100.3444,46.9762,47.1409
607.5021,100.7857,42.1070,50.0055
605.4438,98.0849,40.2639,49.2687
600.7079,95.8907,41.6508,45.1543
595.1892,97.6033,43.8021,42.4077
592.7219,98.9466,44.4613,40.3699
591.7441,98.9342,44.5870,38.8039
592.2637,99.6715,44.5942,37.6154
592.2930,99.3171,44.3546,36.9753
593.2563,98.6683,43.7893,36.7384
592.5385,98.2615,43.3591,36.0493
592.9049,98.8737,42.7550,35.2972
593.0131,98.4420,42.5500,34.7721
592.9608,98.6800,42.2780,34.2529
592.7339,98.6993,41.9557,33.7445
592.7441,99.1162,41.5817,33.2342
592.7235,99.4263,41.4224,32.7973
592.8200,99.1794,41.6365,32.5275
592.1995,99.6309,41.7868,32.0379
591.9205,99.8408,41.9313,31.7112
592.2709,100.1173,42.1250,31.3929
592.0931,99.5963,42.1931,31.1995
591.9125,99.8399,42.1107,30.9501
592.1143,99.6014,42.0466,30.9083
591.4890,99.3700,41.7635,30.8090
591.9468,99.2348,41.2100,30.9996
591.5323,99.2230,41.0318,30.8138
592.1550,99.3810,40.5535,30.7191
596.9964,98.1670,39.6547,30.8505
606.5845,98.1834,36.2365,32.3528
613.3284,102.1162,32.2590,35.5590
619.0517,99.8299,32.6083,36.0789
619.9825,99.6095,33.8573,35.9016
620.3539,99.5473,35.3792,36.0806
620.1735,98.5254,36.5482,36.5320
620.4242,98.2464,37.5671,36.6061
620.4459,97.5034,38.5736,36.5718
620.0447,97.2161,39.2573,36.5905
619.7830,97.1745,39.8196,36.6265
619.0672,97.3291,40.4959,36.5724
618.7628,97.0665,40.6441,36.8811
618.4172,96.8609,40.2942,36.8614
617.6469,96.1488,39.3615,37.4809
612.3297,97.0180,35.8151,39.4150
613.2189,96.6979,33.5035,40.3231
608.2724,97.6397,33.5075,38.4465
601.7509,95.4726,35.0948,35.7966
598.7091,95.8521,37.0235,34.0301
593.9312,95.6002,38.6991,32.8728
591.5571,95.3358,39.2404,32.1369
591.2737,96.1268,39.2799,31.5493
591.4438,96.0324,39.0603,31.1710
590.7906,95.4481,38.8032,30.8880
590.5545,96.0146,38.3085,30.7063
591.3679,95.7127,38.0734,30.8260
590.7890,95.5053,37.7873,30.7588
590.9841,95.4346,37.7856,30.3870
591.6362,95.1876,37.9585,30.0908
591.8573,95.2042,37.6522,29.9525
592.2288,95.2234,37.4611,29.9385
592.0432,95.7303,37.0815,29.8685
592.4914,95.7922,36.8521,29.7436
593.1581,95.8901,36.5420,29.6113
594.5190,95.2370,35.9203,29.5580
601.4763,94.9737,34.1930,29.9571
618.6077,95.0430,30.8706,31.5512
622.9058,95.9157,29.7044,31.8617
627.9380,97.5548,30.9558,32.0058
632.3756,95.1927,32.8105,31.6004
633.8054,95.8665,34.1192,31.7386
635.5182,96.2399,34.9975,32.1858
636.3123,96.0974,35.9865,32.1264
636.6635,95.7214,36.8461,32.3084
636.4242,95.5056,37.8655,32.4686
636.3461,95.2590,38.6411,32.8172
636.1151,94.8607,39.2299,33.0620
635.3799,95.2613,40.1237,33.3871
634.6498,95.3661,41.1911,33.8374
633.9346,95.2820,41.9816,34.3960
633.9464,95.7040,42.7926,34.9332
633.9528,95.4471,43.3030,35.8739
633.6559,95.6634,43.8587,36.5780
633.6422,95.4039,44.6014,37.1046
634.7588,95.6754,44.9792,37.9106
634.8356,95.1330,45.1084,38.4199
634.7368,94.3626,43.6445,39.5757
632.4880,93.8621,39.1266,42.3193
634.5317,94.0027,36.3351,42.7942
629.4380,95.5174,38.6747,40.2584
629.7687,96.5038,38.0060,39.0465
627.5233,97.8207,38.0615,37.7585
627.2065,98.0086,38.2989,37.1393
622.2631,95.6801,43.1809,32.8054
617.9585,96.6931,45.8130,30.6408
614.9835,96.9307,46.4061,29.5117
615.0405,96.7629,45.9520,28.7894
615.0181,96.9730,45.2039,28.4896
615.1995,97.2697,44.4937,28.0260
616.2344,97.4198,43.7706,27.5244
615.5413,97.1470,43.0464,27.1241
616.4547,97.4507,42.1617,26.6747
616.8969,97.4877,41.4071,26.2870
618.3887,97.6545,41.6602,25.8388
617.9742,97.1560,40.5937,25.7192
617.8791,96.9457,39.7343,25.6307
618.3051,97.4913,38.9735,25.2285
618.6453,97.4491,37.2427,26.2046
618.9813,97.5217,36.2682,26.6631
618.9100,98.1889,35.7213,26.5659
619.9014,98.7186,35.4709,26.5427
619.9272,98.8985,35.2013,26.6755
620.3153,98.3361,34.8370,26.8758
620.8421,98.5652,34.4288,27.0450
620.7280,98.0252,34.3987,26.9794
620.8767,97.4748,34.6561,26.8938
621.6231,97.5254,34.6040,26.6452
626.2175,96.4027,34.5450,26.7181
638.1721,95.9193,31.2310,28.3750
648.8567,98.9971,27.7725,30.6857
653.6294,98.5415,28.9121,31.6860
654.4121,96.2892,30.0173,32.0905
658.7794,96.7539,31.5633,32.2214
658.8024,96.7178,33.1217,32.5042
658.8361,96.5513,34.7719,32.8890
658.7908,96.3909,36.2761,33.2756
658.5998,95.7249,37.4577,34.0163
658.1144,95.5556,38.8249,34.7607
658.6409,95.5678,40.0627,35.1775
658.1594,95.4543,41.4109,35.6666
657.8251,95.6349,42.7269,36.3603
657.4902,95.5032,43.7537,37.2664
657.7393,95.5910,44.6084,38.1852
657.0939,95.5529,45.4739,38.8531
656.9547,95.3689,46.1409,39.5739
658.0397,95.2722,46.4454,40.2468
659.0167,95.1652,46.5887,40.9954
658.8469,95.3785,47.2295,41.4340
659.5688,95.0074,47.8758,41.8911
659.6102,95.6148,48.9581,42.0084
660.1052,95.4764,49.1987,42.8692
660.1276,95.4185,49.4682,43.3468
661.8184,94.7728,48.5493,44.6305
660.1731,93.2826,43.2616,47.8931
661.7972,92.6888,40.0111,49.3123
665.1776,94.2848,32.9183,55.6325
653.1390,92.6755,39.0297,48.5615
646.5872,95.2853,43.5445,43.6474
644.0236,95.4746,45.6863,40.7689
644.2509,95.4245,45.8473,39.2766
644.6800,95.5083,45.5770,38.1256
644.7123,95.5028,45.0488,37.1904
645.2932,95.6409,44.4725,36.4933
645.7729,95.8137,43.7294,35.8664
646.2307,95.8067,43.2092,35.2337
646.0740,96.3154,42.5242,34.8879
646.7001,96.1905,41.6356,34.6145
646.3430,96.5219,41.2097,33.8522
647.1334,96.7795,40.3240,33.4357
647.6545,96.7125,40.1419,32.9800
648.0305,96.7349,40.2831,32.5161
648.3101,97.1188,39.9021,32.2701
649.6009,96.9791,39.3817,32.2795
650.6826,96.4193,39.1480,32.1303
655.7675,95.8944,37.7693,32.2971
669.5804,96.1912,33.8887,34.6385
674.2682,96.2729,31.3544,35.6276
679.6899,96.3888,33.2478,35.4818
681.6492,96.5825,35.3161,35.6210
682.0811,96.6743,37.5224,35.6469
682.1526,96.8479,39.4389,35.6104
682.2543,96.7007,40.8705,35.7899
681.0042,97.0259,42.5680,35.7010
682.1409,96.4668,42.6877,36.5354
682.6542,96.1335,43.0818,37.4062
682.1279,96.4411,43.7543,37.6282
681.2277,96.4034,44.6264,38.0959
680.2289,96.4421,45.5116,38.6279
679.9443,96.2672,46.1746,39.4462
679.8563,96.6920,46.8446,40.2007
680.8570,96.6780,47.2466,40.8969
681.1886,96.9966,47.8767,41.3492
681.6341,96.6678,48.0569,41.8345
681.0125,96.7925,48.6508,42.4523
681.9957,96.8879,48.7473,43.2794
682.4739,96.5732,49.2163,43.8084
682.0855,97.0827,49.3774,44.3898
683.3064,95.8868,48.8161,44.9871
682.2440,96.1246,45.3687,46.3426
686.2655,97.2966,36.7260,54.5521
678.7881,93.7274,37.3738,51.8430
671.7238,94.8282,42.0362,46.9257
665.9753,96.4191,44.9285,43.5834
664.0704,97.0297,45.5186,41.5681
664.4062,97.4683,45.2551,39.8930
664.8546,98.1393,44.3332,38.6902
665.6792,98.7336,43.7220,37.6722
666.5597,98.2686,43.1059,36.8656
666.8148,98.3756,42.4695,36.0120
667.0197,98.7106,41.5555,35.3428
667.3819,98.5356,40.8046,34.6611
666.6538,98.6284,40.7289,33.7500
666.5089,98.3712,40.4397,32.9368
666.0986,98.7954,40.0718,32.1167
666.5688,98.7255,39.1360,31.8207
667.0972,98.7757,38.2392,31.3851
672.7686,98.3312,36.1362,31.8537
685.9546,98.7646,32.8633,33.1732
690.3314,99.5518,30.3294,34.0502
694.7712,100.6975,32.1576,33.5722
700.4899,100.9150,33.2218,33.2422
702.2085,100.4768,34.3030,33.2314
704.3074,99.7600,34.7759,33.0400
705.0110,99.0003,35.0379,32.4386
704.2608,98.5554,34.7164,32.0102
704.8326,98.5324,34.5625,31.6091
704.6951,98.3026,34.3312,31.5180
705.1903,97.4699,34.3841,31.4689
705.1286,96.6591,34.2591,31.2536
705.0807,96.7676,33.9920,30.8849
705.1119,96.6547,33.4524,30.8732
704.6956,96.4651,32.5560,30.6407
698.2462,95.7035,30.3486,31.7747
695.5206,95.9915,28.4610,33.0571
679.2567,95.8786,29.8346,30.9097
670.1161,97.6804,31.2566,29.1359
665.9824,99.8950,32.2609,27.5746
664.5758,100.8459,32.1203,26.9024
665.7448,100.6265,32.6519,26.1375
665.7643,100.8141,32.7585,25.6218
666.1453,100.4035,32.7544,25.3637
665.9293,100.4187,32.8140,25.1813
665.7487,100.3182,32.8712,25.1205
665.7415,101.1859,32.6971,24.9703
665.5562,101.0544,32.8153,24.8131
665.3810,101.3133,33.0235,24.7786
665.8893,100.9247,32.8483,24.8924
665.5021,100.7397,32.6364,24.9531
665.9017,100.7922,32.6554,24.8794
666.3589,100.8573,32.6756,24.6793
665.9534,100.8878,32.6110,24.5347
667.7734,99.5775,32.1018,24.7312
676.0073,99.1135,29.6641,25.1516
691.2429,101.2931,24.0300,30.2218
693.0051,102.9772,26.2140,29.2075
696.8770,101.4492,27.0659,29.3482
701.5430,99.5506,28.8306,29.0818
703.2339,99.5036,30.3719,28.7846
704.5628,99.0793,31.3741,28.2505
704.4477,98.1735,31.4877,27.7297
704.9229,98.4637,31.5578,26.9962
704.7227,98.1321,31.0805,26.6938
705.2340,98.3811,30.7900,26.4983
705.3656,98.0773,30.4859,26.4552
705.9727,98.3178,30.3566,26.6195
706.3090,98.3264,30.2486,26.3446
706.5473,98.3581,30.2482,26.2687
707.1299,98.5593,30.2460,26.1051
708.0508,98.1106,30.0942,26.1299
708.6708,97.9688,29.8236,26.1321
709.2539,97.4679,29.6948,26.0858
709.4980,97.5828,29.5264,25.8658
709.8190,97.6121,29.7400,26.0341
710.6210,98.0501,29.7101,26.0929
711.4469,97.8938,29.7179,26.0951
711.5817,98.4449,29.9193,26.1097
712.8846,98.7236,29.9989,26.2291
713.9081,98.7962,30.0642,26.3026
715.3030,99.2051,30.0443,26.4316
716.7487,99.6486,30.1571,26.4345
718.1096,99.9795,30.2208,26.6088
719.1977,100.6270,30.3152,26.7473
724.0773,102.3065,30.1193,26.6563
727.4590,105.0557,30.4519,26.7897
729.1708,107.4818,30.3630,27.0607
730.6693,108.7517,30.5459,27.4290
732.0030,109.7140,30.9764,27.6841
733.3504,111.0581,31.1856,27.9689
734.5620,111.9386,31.5983,28.2075
736.8334,112.2570,31.5851,28.5608
738.3583,112.8772,31.6780,28.7974
739.8859,114.2956,32.0615,29.0329
741.5273,115.1852,32.5375,29.2043
743.6053,116.6521,32.8759,29.3391
745.7069,118.2913,32.9435,29.3747
747.6347,119.7344,33.0093,29.6425
749.6479,121.3338,33.2716,29.7938
752.2324,123.1646,33.3827,29.9753
754.6168,125.2833,33.3155,30.1230
755.6517,127.8516,33.3407,30.3382
755.9078,130.0484,32.9696,30.8019
755.4733,132.2899,33.0400,30.7111
754.0552,134.3132,34.0749,30.7030
752.9871,135.8487,35.0395,31.3826
752.6248,136.7301,35.7996,32.3088
752.0782,138.5471,37.1853,33.2410
752.1237,140.6636,39.3782,34.3037
752.6354,142.5245,41.1362,35.7304
752.6860,143.3926,43.2513,37.1030
753.7358,144.2734,44.5398,38.3494
753.8948,144.8588,46.2368,39.1583
755.8223,146.3758,46.6939,40.2626
757.3198,147.0018,46.8470,41.3279
758.6787,148.3361,46.7084,42.1211
758.8157,149.9799,46.1063,43.0452
759.1562,151.3287,45.8652,43.7748
758.5665,152.4074,46.1727,44.4714
758.2661,153.1234,46.5028,45.0387
756.2643,153.5785,46.3399,46.1198
754.7362,154.4820,45.6692,47.5608
750.3833,156.1546,45.9762,48.0005
745.8502,158.2264,46.7474,48.2816
740.7332,161.0465,45.8991,49.3970
735.7088,162.2683,45.7874,49.8669
743.4628,157.7436,48.2414,46.9830
737.2654,162.2659,47.8243,45.5634
730.8625,166.3571,47.9122,43.7792
722.8549,174.4055,47.8561,43.3928
716.1160,183.6227,46.2870,44.1495
714.3766,187.8102,45.1937,43.8254
715.3979,190.8930,44.3503,42.9634
716.2476,193.2722,43.7766,41.7367
718.1744,191.0609,42.7858,40.8608
718.1060,192.0414,41.2068,40.0139
718.7168,190.7918,40.0860,39.2766
722.3245,190.4087,39.4301,38.5936
727.7709,187.3236,38.4602,38.9231
730.3300,183.3803,36.8167,39.2449
734.5153,181.1226,33.9330,41.4718
742.3162,181.0428,32.5282,42.8437
748.6035,183.7451,32.9769,42.9469
748.8055,185.3385,34.8965,41.7027
743.0438,183.4155,35.0479,41.0868
737.1882,180.4587,35.7628,40.0543
726.8878,178.9232,35.8783,41.1851
722.2323,176.6885,36.1142,42.0364
719.0303,175.1567,35.6117,42.4071
716.0883,173.8089,35.9531,42.1813
715.0053,175.8190,36.2691,40.7212
715.3295,176.5786,36.1336,40.3534
716.4917,174.3712,36.2201,40.2445
716.8099,172.6174,36.5757,40.0259
711.6830,169.2316,36.1682,40.6768
710.9684,166.8750,35.9503,40.3364
707.2914,167.2916,35.4701,41.0717
707.8447,167.4320,35.3148,42.0229
708.9795,169.0342,35.2754,42.6137
714.9706,170.1830,35.8252,41.8972
725.4560,171.6641,36.9139,40.7605
729.6100,166.6186,31.3871,46.7012
2
0
0
0
0
1
2
0
0
0
0
1
752.7666,184.6846,13.6651,49.8799
753.1902,183.1861,13.3394,50.3510
752.7761,179.0369,13.4759,51.0614
750.5862,177.8940,14.0836,50.8048
748.4496,176.5141,14.3500,50.5573
746.1562,174.4956,14.5895,50.7420
743.7836,173.6417,14.7083,50.5993
739.0467,170.4190,14.9257,50.5174
736.8661,168.5383,15.0286,51.2119
730.5834,165.8645,16.2787,51.7882
721.1711,164.7242,16.4409,50.6701
716.7094,163.1603,16.2716,49.0215
715.2892,162.4765,16.0583,48.1650
714.1191,161.0128,15.6540,48.0504
711.9779,160.4108,15.9084,47.9205
709.8398,160.0310,16.5084,47.9992
705.4895,158.4508,15.8242,47.5653
704.6636,158.0261,15.1582,47.3913
703.0981,157.1172,15.0991,47.2440
701.0212,156.4048,15.6838,47.3314
698.8646,155.9594,16.0979,47.3890
696.9022,156.6174,16.4399,47.7190
695.3748,157.6067,17.1349,48.2804
694.4920,159.3460,17.4543,49.0737
693.0989,163.1649,17.6350,49.6566
691.4871,170.2302,16.9256,51.0251
687.6405,181.4947,16.7568,51.1466
683.4717,194.4158,16.5364,51.0946
678.9702,212.7725,16.4660,50.6432
673.4286,233.6435,16.5131,49.7033
667.4540,258.2255,18.8129,46.0683
660.4039,268.6688,24.4915,40.8885
658.7818,270.6754,28.1928,38.2818
656.1548,272.4553,29.1042,36.8830
654.2955,273.7925,29.9034,36.3269
