1
123.9616,336.1783,73.7801,103.1146
128.5426,326.1751,69.8744,111.9511
122.1424,322.7477,67.5537,117.0446
121.5007,325.9120,67.3161,113.8395
119.6039,339.8310,69.7520,104.3351
129.6617,346.3292,82.8624,92.1227
127.6344,335.9846,92.3745,85.1787
113.5071,311.7315,91.2258,84.8613
108.6500,274.1396,80.6162,100.2150
120.1676,244.8188,71.9897,118.5665
130.2435,234.9291,66.3382,129.0039
136.5122,226.4869,63.9350,132.7345
139.8082,216.5515,62.5603,133.2003
133.4289,208.5239,61.5614,131.1171
133.0357,215.0763,60.7523,122.9041
135.4342,225.3817,67.9593,112.2558
150.5096,247.6568,80.4458,99.6720
145.9863,239.4167,81.3845,97.6942
152.4477,233.6153,83.8962,94.3579
155.4199,219.6297,88.5946,89.1644
151.2105,198.4375,95.4889,83.4234
131.6330,169.0714,91.3395,84.4909
138.8396,143.8438,78.1373,95.4407
151.8138,128.9507,67.6740,105.5223
162.8986,119.8428,63.5755,115.0787
169.7735,119.0832,63.3019,121.3727
173.0952,117.3040,64.5218,124.5378
175.8902,115.9712,65.3218,125.2319
179.3330,113.7112,64.7786,124.8074
180.4909,114.4621,67.3647,123.2697
183.4992,113.8055,68.3266,118.3829
185.6722,111.3635,66.7305,119.0049
180.4932,110.8254,60.8246,121.1049
181.4954,114.0236,57.1187,120.1782
179.3685,116.4758,55.5776,121.4245
179.1535,121.0731,56.0652,118.1810
174.2497,129.6145,57.2084,112.5996
176.6150,143.9922,61.5623,102.9580
180.4773,159.0748,65.0384,96.8633
190.8393,175.6321,69.1722,92.9665
195.0195,171.4939,74.9572,87.0280
206.5783,169.1503,77.1125,86.1206
209.2264,157.8744,80.2086,86.3834
204.7746,143.6055,84.6999,86.8191
196.6678,114.2751,82.8281,87.1871
201.2171,81.3176,74.0944,95.1629
217.5967,53.1640,63.4234,113.5525
236.9348,42.2173,58.1331,124.5298
251.2926,36.1807,52.5712,130.5976
252.3330,27.8460,54.2072,128.1701
241.4986,33.4538,70.9223,120.4666
245.6504,35.7097,84.8762,114.1265
243.8432,63.4328,89.0611,112.0411
264.8802,79.8912,84.3006,114.6723
271.9161,65.2917,78.0200,117.1774
276.3454,49.2334,77.4063,117.6716
251.0107,21.9540,91.0612,105.3278
228.7901,-5.4540,94.0350,99.4750
254.8105,-12.6911,95.8363,96.4113
252.7748,-3.6582,94.5356,96.7897
252.0073,-4.7465,93.0608,97.1735
250.2163,-6.2429,91.7951,97.4855
247.9109,-8.5777,90.8820,97.6596
248.0329,-9.3385,87.9497,97.9319
248.3183,-11.3500,84.8098,97.9247
249.7799,-12.4181,79.3006,97.0478
252.5565,-10.9748,71.7794,95.2695
255.4805,-9.2450,65.1114,93.5804
255.9527,-8.4603,60.8355,91.5834
253.0054,-4.2345,60.4172,89.7111
248.3853,-3.7103,60.3831,87.2921
249.7984,-3.3743,59.6191,86.2617
251.8554,-2.0214,58.7846,85.6079
249.0931,-1.2505,57.7799,84.9535
252.4498,-3.8782,57.0988,84.8192
247.8061,-4.3432,54.3070,83.8799
248.8392,-0.7377,52.5831,83.6647
248.3076,1.0033,51.3069,83.7793
249.5821,2.7237,50.8712,84.2818
249.6093,3.3682,51.5458,86.8317
248.1016,3.5003,52.8406,89.0655
246.2768,2.8670,54.2238,89.8689
245.4379,2.4633,55.1982,91.1266
242.4549,2.3183,53.5379,93.9858
244.7667,0.4098,53.1042,96.4042
240.0266,3.6361,51.9396,95.5112
240.0443,10.4663,56.0625,89.9593
238.4680,16.2032,63.7190,82.2890
238.5353,22.6265,72.6156,74.5491
242.5332,38.1419,84.0246,66.6735
242.3524,41.3556,88.8449,63.4626
247.3539,43.3703,93.4572,61.6410
254.9320,43.0911,93.0125,64.2076
255.7002,40.6610,92.2680,67.5650
252.9953,34.8770,92.6861,69.2395
242.9162,29.4674,97.0425,66.5698
233.6925,23.3231,101.4624,63.8812
244.7318,24.2220,106.0648,61.7536
241.5955,18.3724,113.1543,57.7866
239.0389,15.0597,114.0717,57.1554
223.3368,3.4577,108.8122,60.4854
233.7326,1.1749,102.6438,63.1788
247.9620,-1.2802,99.0614,64.4717
263.1082,-2.0833,98.8797,64.5413
266.8314,-2.1749,97.1450,64.9339
265.4109,-1.7088,96.8031,64.9946
264.9663,-0.2471,96.4557,65.0713
265.3049,2.1738,95.7422,65.3536
262.2510,1.3555,88.7254,68.5687
269.6696,-1.0203,76.2200,74.2371
274.2245,-2.0015,65.7362,78.6891
272.4060,-0.1336,59.3966,80.2746
274.8971,0.3508,55.4923,80.8978
275.6443,2.9804,52.6637,83.9809
276.5702,3.1754,51.5092,87.5244
277.3448,4.1381,52.8533,90.3880
276.6190,4.3478,53.8742,94.1901
275.8865,4.6424,56.3452,97.7051
276.7408,4.9968,57.9865,100.0088
272.6793,1.9467,58.4197,102.4648
275.7723,2.5038,58.8241,107.2758
269.6789,3.3281,53.5193,110.1638
270.4192,5.2756,49.4594,113.5046
269.8224,8.2973,47.6461,115.9021
267.7151,12.1310,47.7034,117.1187
267.0125,15.5543,48.2086,119.3274
265.7791,20.0290,49.3998,119.3962
264.8281,24.9444,50.2449,118.2319
264.5433,30.4518,51.2923,118.7865
264.7732,33.2160,52.5523,119.0107
265.5357,38.2222,52.1337,119.1493
267.5190,50.1561,52.2437,116.1238
268.1168,66.7633,54.1552,110.3762
265.8737,80.5096,60.5739,100.8540
268.7661,87.2272,66.7006,92.2019
277.7643,72.6586,63.4369,96.2874
299.4887,61.5110,55.0875,108.8232
313.7548,62.9167,54.4096,117.4438
318.2313,67.6973,52.0381,123.7478
320.4520,70.5493,51.4119,128.9801
325.7784,79.0117,48.8425,130.3036
325.9727,85.6512,49.6384,132.6706
317.9290,92.7124,49.3946,131.1801
318.3459,107.8339,51.5994,124.5362
317.6980,117.5585,53.8175,120.6524
318.7640,126.6211,55.9859,119.3640
320.4440,130.7619,57.1562,118.5124
321.8620,133.4054,57.2968,119.3864
323.2795,134.2649,57.8833,120.1137
325.5071,134.5179,58.4170,120.3503
