1
197.8315,22.3565,71.3046,81.5174
200.0613,21.1596,69.1960,82.2571
198.2472,20.9401,69.1549,81.9791
198.3365,21.4248,68.1589,82.0958
198.1136,22.1833,67.6951,81.8019
198.9318,22.1819,67.0616,81.5675
198.9521,23.1619,66.2344,82.4076
199.1626,24.0790,65.6878,82.2500
198.0143,24.9714,65.5010,81.6984
196.8009,26.3370,65.6410,82.2426
196.6378,27.8903,64.9233,82.6129
194.7525,29.7972,64.3191,82.3149
193.4229,31.4231,64.1577,82.5461
192.5814,31.9372,64.0100,82.9246
192.6760,31.9010,63.9391,82.3999
191.3963,35.1170,63.2591,82.2688
189.9743,34.7535,64.0893,81.9067
189.6900,36.6948,63.6250,82.1046
188.7140,38.4878,63.6396,80.9209
189.1776,41.8055,62.6214,79.6485
187.2635,43.4667,63.0514,78.9338
186.7124,44.7077,62.4886,78.1968
188.2577,46.8406,61.0906,78.3163
185.8503,46.5637,61.7336,78.0089
187.8495,48.1205,60.5649,78.2688
186.8429,47.9476,60.9244,76.8400
187.6331,48.4806,60.2001,77.5392
186.0488,51.5061,65.4421,72.1148
186.0746,53.1122,67.6980,69.5349
186.8135,53.9114,68.6570,67.9472
187.8485,55.4303,68.7779,67.2397
189.8766,55.1764,68.3593,66.7810
190.5963,54.4921,68.4863,65.7123
192.5135,54.2089,67.9765,64.6508
196.2948,54.2875,66.0088,66.2016
199.8062,54.7429,64.0839,68.4712
201.9523,54.9924,63.1931,69.8775
204.6394,54.3759,61.4451,70.3596
205.6747,54.5863,61.4298,71.5561
207.5425,54.6065,61.0440,72.3154
207.5038,53.8107,61.7187,71.9847
209.8829,54.2321,61.3656,72.3021
211.2207,53.0200,61.0790,72.0966
213.6425,52.2143,60.5723,72.9627
216.5865,50.8890,59.6978,72.6203
217.5635,50.8891,58.9165,72.9206
217.5027,50.0541,58.0694,73.6562
218.5163,49.8902,57.3505,74.6006
217.6852,49.0371,56.9851,75.5449
217.2623,47.9121,57.4139,76.3087
216.4228,45.9163,57.2368,77.7884
211.6169,43.7001,57.6434,78.6066
211.0567,41.6516,57.5789,80.0318
207.8407,40.4331,58.3108,79.4936
205.4666,40.4397,59.0196,78.4250
199.9643,39.2262,60.5645,75.7759
200.2735,41.1998,60.5147,74.0350
199.7186,43.1468,60.5564,73.2216
199.3762,44.7446,60.3958,72.0267
198.6769,46.1112,60.0494,72.4310
197.5092,47.1305,59.6901,73.2577
196.4315,47.6366,59.5988,73.5508
194.8862,48.8005,59.4715,73.4995
190.7269,50.8500,60.0875,72.4101
187.9807,50.4723,60.7468,72.6014
183.4169,45.4980,62.5166,69.2534
179.7697,47.8401,63.7263,66.8840
177.8243,50.4875,64.0520,65.1395
176.7216,43.7293,62.7243,63.2771
174.8483,44.5101,62.1014,61.6184
171.2525,51.6701,60.8799,62.1237
166.0871,58.6798,60.3271,63.2742
158.0241,62.7123,61.3378,67.1386
154.8494,64.8437,62.7338,70.9883
149.9963,61.8943,65.7101,72.1404
148.0848,65.6499,67.8779,74.5297
145.0256,68.1158,69.2645,76.5298
141.6207,70.5996,71.1999,77.3728
137.9023,69.4250,71.9602,77.8264
135.5037,68.7180,73.0211,78.7000
132.7801,68.9359,74.8894,79.2741
128.6663,70.2845,75.6566,78.8246
123.2843,76.9551,77.7596,79.0360
118.8922,77.2695,79.5673,79.5408
113.0382,77.6815,81.7589,78.3577
107.5693,80.1492,83.8555,77.3829
104.4326,82.9275,84.6596,76.6737
101.8780,85.8889,84.4720,75.9402
97.8831,88.2789,83.9222,74.8723
94.9279,89.1696,83.0013,73.2422
91.7947,90.6336,83.5267,70.9815
87.9510,97.3577,84.7443,70.5757
84.2075,103.2274,84.2779,70.8998
80.1413,104.1212,87.0595,69.1336
79.2110,105.2103,88.3051,68.3603
78.9668,111.5386,87.7538,69.4568
77.6048,117.1552,86.6927,71.6496
78.2381,116.0252,86.7443,72.1159
77.1377,115.9233,87.3069,71.6157
75.8017,117.0143,87.9303,70.6659
72.1931,122.6657,89.0876,70.5020
72.3005,123.1083,89.7750,69.9362
70.6740,124.9406,90.6563,69.6578
70.5864,127.9165,92.5108,70.2537
96.2223,121.4995,97.0202,65.5179
105.8402,116.0654,101.0635,61.7407
106.9907,120.3564,104.0023,58.2430
107.8988,122.7380,104.9499,56.9755
109.7267,123.1554,105.0404,56.9749
110.6064,126.7872,100.3345,61.6835
111.5052,122.7530,93.7517,66.2742
121.5832,117.7530,89.8514,68.3947
122.9502,114.7883,84.1014,70.1786
132.9577,110.2711,80.5827,72.2544
132.7963,108.5680,76.0943,74.2409
132.0195,108.0796,73.9346,75.0480
136.3682,105.9562,71.6880,76.3798
143.6924,103.7342,69.7272,75.3374
139.2921,104.1826,69.8137,77.1780
149.9325,98.8639,66.7156,81.8161
154.7010,90.0753,66.0685,84.3595
157.9595,87.4810,66.1222,85.6664
163.9638,79.9941,65.8297,85.4487
173.1869,71.8886,64.1546,85.6410
180.1291,69.4071,64.8308,84.3648
180.5609,64.1415,65.6600,83.9524
187.2647,57.1167,65.1344,82.2572
194.0804,50.8645,64.6851,80.3047
193.9514,54.4426,64.1495,77.9979
198.9896,52.5222,64.1079,78.0413
202.6388,50.0651,65.9971,77.5927
198.6694,49.3544,66.8948,77.9230
209.1811,51.6705,65.5846,80.9401
211.0091,50.4374,64.2663,82.8050
214.3858,55.3848,62.4580,84.8016
216.8448,55.5723,62.0799,86.5060
217.5748,57.8022,62.3963,86.7243
218.7524,60.5647,62.3117,86.4739
220.2360,67.7492,62.2868,86.0540
226.7274,66.1605,62.9573,85.3472
226.0161,74.3859,63.1269,84.7012
225.8917,74.1225,62.3194,84.7481
225.5356,74.0186,61.7890,83.5442
225.3786,74.1013,61.0566,81.8920
225.5054,75.3691,60.0302,81.5117
222.3836,76.6718,59.9333,81.3693
221.5684,77.7517,59.7973,80.9690
218.7290,79.0216,60.3349,80.0741
223.2372,80.5703,63.2994,76.8538
221.5203,84.6275,65.7985,74.6318
219.9022,93.5942,65.2669,75.4654
218.9979,95.1590,66.5171,73.9938
217.7525,95.5094,67.9049,72.5263
217.9735,95.8667,68.1090,73.2570
218.4170,95.4321,68.2743,74.4297
219.8419,94.1112,68.2388,73.7762
222.3822,92.7387,67.8018,73.3878
224.7537,92.2387,67.8238,73.0267
219.9555,91.9688,67.3135,70.1155
221.3366,91.2909,66.8005,70.1143
222.9757,91.6443,65.7256,70.7649
224.6547,92.5466,65.0540,71.5984
218.0562,92.3055,65.9292,70.6323
220.7440,93.2182,65.7996,70.2180
223.1544,95.1268,65.3171,70.9150
224.5684,96.0057,64.6674,71.0653
225.7664,97.8377,64.7323,71.5514
219.5971,98.3315,65.0909,69.7831
222.1024,99.9039,64.9947,68.9374
224.9507,101.3495,64.8349,68.7863
226.5866,95.7802,64.6345,70.5983
221.1918,96.8134,64.9198,70.3280
224.3507,97.5047,64.5947,69.5550
218.4623,95.4028,64.9346,69.2891
220.7621,96.1732,65.3553,68.7388
222.3804,95.8124,64.9113,69.1293
223.5209,97.0746,63.9436,70.5928
223.7721,98.9798,64.0703,71.2526
216.3262,98.7192,65.5120,70.5130
209.6111,96.1839,67.0988,70.3278
203.4997,92.4276,67.9179,69.7894
199.2080,98.8175,67.6476,71.1173
196.0294,100.0848,66.2201,71.9875
215.3193,92.4228,66.4166,70.3708
214.8929,93.3967,66.7374,70.3678
223.5010,95.7374,66.9332,71.4539
223.3633,98.0476,67.2339,72.4023
217.1120,90.5906,67.3840,71.3827
217.5556,91.8559,67.1554,71.2248
219.9544,91.9875,67.0382,71.7643
2
0
0
0
0
1
137.3571,72.8345,64.3956,94.6186
134.1454,73.0478,62.1398,93.6073
132.5521,71.0287,61.2726,93.0961
130.1401,71.1139,60.3415,92.9889
129.1253,70.1677,59.3894,93.3580
128.6678,70.2130,59.2249,92.6363
129.2491,72.2222,59.9847,90.8856
128.8924,77.4469,60.5607,87.0422
127.8294,80.6791,60.1830,83.6197
127.2556,75.5158,59.0238,81.5138
128.1381,77.5774,56.9016,80.2356
127.4795,71.9089,56.2844,77.1645
130.0964,72.5564,51.9661,81.1571
131.2587,68.9751,48.9575,82.4421
131.4610,65.5915,47.5221,82.9738
133.2672,67.3308,46.3030,85.0560
133.4277,63.5760,45.4895,84.7683
132.7201,58.5213,43.9806,84.4584
132.5929,59.8070,42.2003,84.0170
131.2813,59.9446,40.7797,85.6469
123.5499,58.4350,42.3862,86.2072
123.2832,55.7667,42.9719,86.0481
122.3241,51.9828,42.7564,84.4664
121.5015,47.1656,41.9152,84.0844
118.4890,43.7005,45.4793,79.4834
116.0277,44.4078,47.6004,75.8283
115.5926,45.9054,47.5903,75.0803
114.5325,45.7568,48.4214,73.3897
114.1189,47.5583,48.2394,73.9071
114.0297,46.5884,48.6424,73.8103
114.1938,47.0039,49.2078,74.1155
115.2346,51.5818,48.8808,75.4890
120.2096,50.7177,49.0115,74.9571
119.7938,58.0187,48.0067,75.4931
127.7207,63.6828,44.8218,78.4746
128.2811,61.5947,43.4409,79.2456
129.3112,65.7595,42.1632,79.5124
130.4620,61.1872,41.5297,79.5231
131.4785,64.1489,41.7684,79.2568
132.6031,62.5383,41.8524,78.9479
135.0249,68.5954,42.3045,78.7477
128.1199,81.4432,51.6646,72.4932
130.7500,84.8465,56.8421,69.8629
124.8957,88.5750,62.9655,66.8828
128.0467,90.4177,64.6752,66.0748
121.3021,83.5221,64.7443,68.6283
122.9615,85.5913,65.7502,69.4520
123.2542,88.7124,67.7768,69.3418
123.1938,90.9429,69.3180,69.3503
124.0839,91.9577,70.1763,69.6194
124.8297,93.3908,72.1835,69.0930
134.7396,96.5040,73.2649,67.8932
127.4036,95.8272,74.3099,69.1820
128.5532,95.4491,75.8704,70.1031
129.7765,93.4527,75.9671,72.1429
131.7041,91.5895,74.5609,75.3424
132.3891,90.5378,76.1133,78.0826
138.4627,89.2476,76.7022,81.6491
139.0530,87.4158,78.7270,84.1728
135.1929,88.6401,81.0562,85.4062
134.0275,88.4262,81.8347,85.9325
133.7603,89.3835,81.7570,85.0478
132.4010,89.0905,79.5680,84.5108
140.4393,90.6387,79.6821,85.0677
146.4773,94.4192,80.5163,84.2494
158.5030,102.4560,79.4640,81.7047
166.5694,103.5043,78.3615,79.4253
168.8775,105.0860,80.2687,76.5610
172.7812,104.5336,80.6002,75.6428
177.0187,108.3371,79.1667,74.8793
183.1385,107.7809,76.8181,73.9337
190.3091,106.5890,77.5204,72.7820
196.4637,108.0637,75.9405,71.6088
202.5138,107.7207,72.5994,71.3371
209.4194,106.2603,69.1605,71.6240
211.9160,115.8723,71.1260,70.2511
207.1651,118.6912,72.3621,69.6521
203.4060,122.7345,73.6161,69.6219
206.5774,128.6850,76.4579,67.1124
207.9185,129.1214,75.9071,66.0459
209.9717,129.6835,73.3589,66.8264
213.1293,130.7647,71.5711,67.2069
216.6246,132.2806,69.4807,67.1519
218.4303,135.4362,70.2072,65.2554
221.6996,135.1215,70.3074,64.4935
224.3998,136.2887,69.0109,64.5371
227.2733,137.0724,66.9463,64.2911
232.5631,134.7445,63.0834,66.0714
237.3672,129.8151,61.2655,67.6858
241.5754,118.9965,59.4006,69.0417
244.8819,113.2004,59.3487,70.3412
248.3244,107.8919,59.8646,71.8828
244.8321,95.8864,59.6245,73.6887
240.2894,84.2424,57.6574,75.3049
233.8871,81.6433,56.0071,75.5557
225.9576,70.8859,57.0250,75.6836
215.7121,67.2119,58.3402,75.9462
215.2492,61.8887,59.7779,78.2394
216.7858,57.8920,60.6059,80.6988
216.8664,53.1333,60.5736,84.1638
212.0922,51.2445,60.0382,84.9078
208.3701,52.1822,60.3630,84.6679
202.3050,54.6263,59.4768,83.3020
197.5936,55.0404,59.6153,82.2999
200.8056,52.6495,59.8307,83.4260
200.7490,51.7509,58.7858,85.9328
198.9597,52.6151,57.5309,88.0060
187.5152,51.7136,57.7393,90.8626
184.4448,51.9622,57.6263,91.4952
179.7975,52.4610,58.0145,89.3072
174.7495,57.4364,57.9555,86.3537
171.3409,57.6087,57.0890,88.1761
167.4450,57.9555,56.8237,89.9073
163.0738,59.8272,56.9202,89.5701
158.2968,59.6273,57.5120,90.3102
154.4209,59.4217,57.7846,90.8693
151.2009,58.9821,58.1058,90.2189
147.2597,58.0960,57.9882,90.6823
145.2028,55.6154,57.8000,92.5739
142.9936,54.5128,57.4964,93.7590
141.1325,53.6619,58.1395,93.3546
138.7876,53.8310,58.5806,93.2726
136.2538,54.7033,59.2886,93.1254
135.6064,55.8913,60.1412,91.9161
134.3191,56.6701,60.8200,90.0283
136.5697,55.1505,57.9696,91.2425
137.5891,55.2552,55.2322,91.1209
137.7182,56.2346,53.3680,89.9528
137.4016,55.6198,52.3123,90.0154
