1
214.6773,137.5280,88.8305,55.5232
213.2666,137.2750,88.8195,57.1550
212.9079,137.1738,89.8593,58.3384
211.4921,137.3064,90.7491,58.9837
209.4622,137.7276,91.7578,59.4223
206.9486,138.9614,93.0918,59.8739
205.0410,139.5815,94.0981,59.8188
202.4590,140.5011,94.5557,60.0511
200.8386,140.4244,94.9455,60.3995
200.2578,140.8741,94.8238,60.2634
197.6306,142.0061,94.8198,60.2643
195.5441,142.4473,95.1672,60.5911
194.0002,142.7289,95.8958,61.0702
191.5423,143.7337,96.6525,61.3371
190.6155,143.7417,97.2087,62.0108
188.8011,144.7228,97.9953,62.5407
187.0346,145.2229,98.8136,62.9428
186.8787,145.4716,99.7860,63.4587
185.7433,146.8579,99.8218,63.9212
184.2865,147.4263,100.4907,63.6581
185.7812,152.1223,99.3713,65.0437
183.2575,153.2623,99.5221,63.9108
180.2270,154.0530,99.2376,62.9581
179.7523,155.2499,98.3659,62.4707
178.1765,157.0029,97.8540,62.4556
175.9788,155.9122,97.4248,61.2604
174.5883,156.4289,96.9464,62.0361
173.2465,158.0574,96.4681,62.9569
170.9916,158.6537,96.3563,62.4203
169.2579,159.0221,95.8313,62.2155
166.0953,159.5614,95.3432,61.7115
164.0542,160.5226,95.0214,62.3105
162.2085,161.2649,94.0783,62.4602
160.9807,162.4367,93.6413,62.7974
160.3316,163.7199,92.8086,62.9946
160.0853,164.5006,92.2820,62.7148
161.9002,165.6705,91.3177,62.1844
160.6654,165.9672,91.1511,61.5032
160.9788,165.1332,91.0989,61.3120
160.9482,164.1741,90.4363,61.1100
160.7298,162.7984,89.4415,60.8953
158.9502,161.7224,89.2641,61.2974
159.4891,162.3069,88.5466,61.0454
158.1344,161.6435,88.5974,61.5830
158.1768,160.7783,88.0860,61.8874
158.4610,161.8219,88.0323,62.1847
160.6539,162.6403,87.6379,62.9106
161.9439,161.2524,86.8442,62.7166
160.6684,161.6705,86.0371,62.0668
162.8098,162.7558,84.7794,62.3041
161.6027,162.5515,83.8707,62.9091
161.5981,161.9875,82.9535,63.7107
161.7365,162.9117,81.8902,63.7782
162.1280,163.4450,80.8332,64.4347
163.2328,162.7853,79.9697,64.4501
164.0816,162.6107,79.0320,63.6282
164.6816,162.9460,78.7599,62.7115
165.4003,162.5922,78.1179,61.6437
166.0430,162.6745,78.2961,60.8800
166.9450,163.7171,78.6526,60.0577
165.7873,163.9688,79.7905,60.2280
167.6537,164.0488,80.3607,60.7166
167.3785,164.6681,81.0530,60.9390
168.5070,164.3895,81.5328,60.9984
167.0773,164.7778,81.6610,60.5115
167.4360,164.3917,80.8734,61.0648
168.8385,163.7497,80.2847,61.0086
166.2833,163.3720,78.6915,61.0345
166.6243,163.7352,78.1219,60.0268
164.9104,163.7525,78.0100,59.7988
164.6446,163.1833,77.1078,59.2969
163.3028,162.3957,75.7163,58.2700
163.2702,162.6918,75.1238,59.1943
161.4067,162.1277,75.3615,58.8868
162.1069,162.0008,75.2722,59.1945
161.4603,163.2423,75.1739,59.4547
159.8759,162.5120,74.5604,59.3152
158.3670,160.8516,72.8506,59.5039
156.8203,159.9630,71.5780,59.4312
153.3810,160.6930,69.6242,58.8277
152.8229,160.0929,67.7623,58.4984
151.3382,161.5351,65.7560,57.4841
151.2614,161.5107,63.7280,56.8200
149.6907,162.3087,62.1108,55.8408
149.6681,162.3202,61.6005,55.8153
149.2169,161.8564,60.6679,55.7464
149.7669,162.4283,59.7974,55.7332
149.0058,161.9361,58.8003,55.7042
149.8859,162.3605,58.4474,56.1581
148.5930,161.8157,58.7038,55.9064
150.5950,163.1245,58.2057,56.2581
148.8830,161.9682,57.5375,56.4317
147.8850,163.3046,56.3214,56.4498
146.9248,162.6654,55.0651,56.4775
147.7427,163.5577,53.4445,56.6142
148.8677,162.5232,51.7650,56.7892
148.6765,162.9167,50.3849,56.8699
149.2182,162.5144,48.9451,57.3512
150.0273,162.1873,47.6986,57.4923
150.9072,161.4106,46.4048,57.7971
152.9123,162.1015,45.6080,58.3783
155.5332,161.3349,44.9074,58.0013
159.4838,162.5305,43.7485,58.7582
161.0882,161.5635,43.2363,58.5964
162.3566,161.9049,42.3886,60.2075
164.0450,160.8924,41.9115,61.2483
165.0415,158.3513,41.3811,62.7898
165.6458,159.4477,41.0103,62.7624
165.5619,157.5263,40.3242,63.6908
165.7941,156.9998,39.9237,64.4620
165.6955,157.2194,39.8409,64.7517
164.4695,157.3427,39.8343,65.0273
163.9310,158.1658,39.9151,64.8101
161.3006,158.5260,40.3859,64.4381
159.8157,157.4301,40.4995,64.1820
158.2344,156.1234,40.5438,64.7943
157.8716,156.6633,40.7545,65.0662
158.4144,157.5598,41.2938,65.5878
157.9545,157.9052,41.8409,65.3647
158.1156,157.6403,42.3157,65.5257
159.5580,157.1451,42.2953,65.4227
159.7711,156.4891,42.4422,64.7607
161.7953,156.3402,42.3809,64.8625
162.6912,157.6417,42.3362,66.0558
161.5422,158.5854,42.6117,65.9370
159.4203,157.9131,42.9010,65.2312
159.6722,159.7877,42.6274,65.7463
158.8897,158.1180,42.7708,64.5156
158.1731,159.1862,42.6136,63.5483
159.2024,159.5725,42.3348,61.7469
159.7441,159.3707,42.0081,60.7281
161.4144,159.8480,41.5186,61.3705
160.4886,159.9737,41.5290,60.1764
163.6036,159.5396,40.9515,60.6590
164.9785,159.0503,41.2888,61.3007
164.5013,157.8456,41.6149,62.3183
165.1375,157.4511,41.4228,62.9665
166.7195,158.6755,41.2556,62.9514
170.4773,157.2798,38.3357,64.6828
172.8125,157.0826,37.1858,64.8829
174.5242,157.7521,37.1109,64.0217
176.3423,159.7617,37.2918,63.7501
177.7980,159.1335,37.4844,63.0123
178.5868,160.4253,38.3858,61.8991
179.9532,160.6773,39.5967,60.1520
180.7540,161.3036,40.0418,59.7922
180.5643,161.1038,40.7143,58.7405
181.0186,162.4383,41.6676,58.2950
182.2009,161.2721,42.1362,58.0241
181.4438,161.3532,42.5866,57.8673
181.9579,163.7306,43.0731,57.7378
182.1078,162.5819,43.9152,57.6243
180.5511,163.7309,44.4589,58.3109
180.0397,163.8074,45.2177,58.7538
178.2027,163.3730,46.3027,59.0313
177.4835,163.5927,47.1761,58.7577
176.6573,165.9913,47.7529,59.0764
175.8559,164.5816,48.7912,59.6267
176.9190,165.8461,49.6478,60.3848
171.6107,166.8602,57.7440,54.7925
168.6759,168.3168,62.7257,51.7109
165.9801,169.3737,66.0127,49.8172
167.4814,169.2723,67.5354,49.2072
168.0559,170.7318,68.2695,48.6627
169.2480,169.8971,69.4104,48.7513
171.7087,170.4234,71.1296,49.3198
174.0512,169.7586,72.1696,49.8638
176.0961,169.6448,72.9599,50.3080
178.5494,170.1712,74.1284,50.7905
180.8492,168.5842,74.6697,50.8670
182.2605,171.2551,75.0395,51.6726
182.7493,172.8634,76.0181,51.5451
184.1499,174.4700,76.5684,51.4025
185.0721,176.0705,76.3096,51.8352
185.4079,178.2421,76.1651,52.0445
185.8732,178.2960,76.1723,51.6173
185.0455,181.5340,76.7220,51.5791
185.4347,182.5191,76.6512,51.1248
183.4363,184.8984,78.0633,50.8414
185.0065,186.2224,78.5967,51.3568
184.0997,187.8234,79.2544,52.0816
183.2698,189.1051,79.8967,52.8253
182.0295,188.9150,80.1452,52.7631
182.5013,190.7260,79.8727,52.6106
182.1438,191.7314,79.8716,51.6691
181.1510,192.8735,79.6785,50.9568
180.6258,194.3696,80.3098,50.9522
179.6150,194.5236,80.9645,50.9648
179.6678,195.3750,81.1433,51.3601
180.5317,196.4137,80.9833,52.5761
181.6566,199.3670,80.3252,55.6333
183.3260,201.1127,79.9476,57.8787
179.6830,203.6750,75.9922,60.5404
175.6030,204.8824,72.3075,62.5881
174.6265,202.2968,71.0738,62.2890
171.6356,198.7852,73.6200,58.8439
176.9187,199.5090,74.4923,57.7735
176.0839,200.3117,76.8289,57.0379
175.7947,199.5825,80.5828,58.5315
175.9646,198.3172,83.0017,59.7758
177.5441,195.6005,85.2426,60.6104
174.8649,197.2995,86.1942,60.6151
177.4501,194.2350,87.3611,61.3226
178.1378,193.0940,86.8778,60.7093
177.0512,194.4859,87.6852,61.6514
179.0769,192.5732,88.7328,62.2166
178.9712,190.3565,89.3481,63.3191
177.7992,190.8245,90.2279,63.7395
179.0993,189.6992,91.2872,64.4091
178.7173,189.3423,92.3828,64.7377
179.4605,190.1938,92.7478,65.0951
179.1175,190.2078,92.9813,65.5586
178.3092,189.4878,93.7075,66.0343
178.9575,189.3907,94.3850,66.4460
179.1629,187.7308,94.5598,66.7701
173.8794,190.7074,97.3678,62.5817
162.5258,202.2206,95.9974,57.2576
162.3373,203.8079,92.1764,53.5651
165.9724,205.4774,89.1848,51.0049
167.8930,205.5489,86.2396,48.9407
169.4880,206.5491,83.2373,47.0760
170.9151,207.2043,81.7737,46.0341
172.3872,206.4556,79.5108,45.5473
172.3277,207.6555,78.1204,45.2801
172.5810,207.8746,76.5290,44.4802
174.5114,209.6559,77.5300,43.2843
172.2934,209.3267,76.0405,42.8808
174.3354,211.2703,74.4714,41.7919
174.3635,211.5103,73.3165,41.1034
174.4800,209.8582,71.5482,40.8812
173.9007,210.6089,69.7935,40.3755
172.7207,209.9253,67.2833,40.0410
174.2301,211.7026,66.1874,39.4315
173.1333,210.2344,63.6999,39.2742
174.7351,211.5006,62.0533,39.1938
176.0119,211.2956,60.5804,38.8099
176.2522,211.4842,59.6421,38.2467
177.4177,209.5744,59.5449,38.0927
176.9759,209.2082,57.4759,37.5732
179.6133,210.2215,56.2234,37.4573
176.3809,209.7153,54.5120,37.0559
179.6444,206.1844,50.0314,40.5680
181.2134,206.8788,46.9509,42.2125
181.1340,205.2893,44.7612,43.2181
182.1905,205.7634,42.7546,44.6459
182.7589,204.4684,41.2087,44.9817
184.9148,206.5970,41.2600,44.7862
185.7434,206.1191,40.9556,45.0404
186.1762,204.6398,41.4607,44.7350
185.9080,205.3875,43.0865,43.6261
187.6686,205.5966,42.8120,43.7918
187.9372,205.6535,42.6575,44.3382
192.3756,205.1300,41.9960,44.8726
194.3016,205.3294,42.5107,45.5313
195.6571,204.3175,43.5149,45.9358
196.8291,204.0475,44.5595,46.2231
196.4928,204.1777,46.6937,46.0093
197.3737,204.3688,48.5113,46.1192
197.1510,204.8252,50.9248,46.2490
195.7072,204.7504,53.2478,46.1170
195.7182,204.2530,55.1350,46.4809
195.4789,204.8125,57.4847,46.4824
192.5915,202.3562,59.3820,47.0235
193.7452,201.2740,61.3137,47.3514
193.3498,200.0623,63.2278,47.0732
192.4295,198.8195,65.1602,47.2605
192.4787,199.7940,66.4480,46.6313
191.5914,198.4026,68.1126,46.9759
190.8677,197.2156,69.9982,47.2197
190.5683,197.7551,71.1478,47.1831
190.0533,196.9434,72.1863,47.5825
190.1182,196.5719,73.4020,48.2971
187.6415,196.0049,75.3822,49.2457
191.3282,195.7054,75.4569,49.9057
192.9078,195.8464,74.8231,50.1040
195.7497,195.6647,74.7267,50.4845
196.5443,195.6179,74.9077,50.5864
198.8919,194.7570,74.7739,51.0718
199.8793,195.0535,75.3522,50.8860
200.2485,194.9512,76.1851,51.0877
200.3579,195.4000,77.0776,51.1979
200.0907,194.9061,78.3090,51.9728
199.0250,194.2883,79.8193,52.7098
199.7832,193.0577,80.4038,53.2605
198.2108,193.6900,82.1023,53.9904
199.3777,193.4357,82.2162,54.3334
199.6811,192.4878,83.6297,54.7379
200.8933,192.3472,83.8439,54.8276
200.9258,191.8193,84.9030,55.1177
203.9421,192.2854,83.9148,54.4685
208.0200,192.5389,83.2321,54.6239
208.7397,192.3775,83.2262,54.0620
212.5840,192.2145,82.4909,54.0458
214.4130,193.6999,82.1132,53.8335
216.5581,193.5213,82.3990,53.8473
218.7373,192.9558,82.6956,54.1201
220.4626,192.4802,83.0779,53.7461
222.4159,191.9475,83.2175,53.6891
224.7358,191.4102,83.6704,53.5399
226.5220,191.4197,83.4753,52.9520
227.3975,191.2859,83.3698,52.3674
229.2738,190.8780,83.2958,51.9362
231.0552,190.2323,82.8530,51.9051
231.6003,189.3931,83.1582,51.8799
232.5701,188.4572,83.6731,52.3948
234.7402,187.8950,83.4618,52.5692
235.9282,187.6859,83.7032,52.4851
236.9183,187.6301,83.5245,52.5747
238.6617,187.4884,83.3122,52.5729
241.9767,187.4681,82.8207,52.8499
244.9087,187.8775,82.8208,53.1734
245.8687,189.7149,83.0866,53.0466
247.4530,189.4392,82.7618,53.1441
251.0090,190.5380,82.5990,52.9383
253.7453,191.5443,82.1772,52.4870
254.3302,191.6076,82.4600,52.2536
255.0584,191.8618,83.3917,52.5641
257.0099,192.4178,83.6663,52.9614
259.5722,192.1718,83.5068,52.9335
261.9312,192.7328,83.9494,53.2985
264.1038,192.5299,84.2693,53.5093
266.9591,193.1490,84.2795,53.7170
269.6100,193.5407,84.7799,53.9113
272.8405,194.5425,84.8503,54.1225
276.3208,194.6156,83.7635,53.8745
278.9751,195.8936,83.7307,54.2359
280.9900,196.0963,83.3870,54.2278
282.5101,195.9997,84.0788,54.2049
284.3473,195.1784,84.1585,54.2581
286.3831,196.1555,84.2788,54.5320
286.9619,197.3581,84.1012,54.4138
289.3446,195.9400,83.5529,54.1177
291.7687,196.6539,83.8768,53.6936
293.2880,195.8335,83.7451,53.6302
293.7619,194.6932,83.5950,53.6773
296.8729,192.0821,83.7309,54.3693
298.3588,188.8344,83.6287,54.2984
298.6301,186.7338,83.9492,54.4888
298.8565,185.3185,84.7729,54.2464
299.9581,183.8870,85.5715,54.5387
300.4202,180.5983,86.1937,54.6550
301.3928,180.0695,86.6908,54.9411
302.0063,179.8999,87.0460,54.8233
302.8138,180.0061,87.2945,54.7527
305.8968,179.1389,87.5239,55.2402
306.4055,177.0813,88.1011,54.9150
309.4596,175.8127,87.7760,55.1735
310.7334,175.4059,87.5209,55.1701
311.8795,174.2220,87.9921,55.8436
312.8703,174.2653,88.2759,55.9158
313.9290,173.6696,88.5323,56.1093
317.3594,173.9309,88.0032,56.5108
318.8737,173.7784,87.4433,56.5095
320.1110,173.5982,87.0252,56.2046
321.7967,173.4563,87.1087,56.2538
321.2091,172.4898,87.1697,56.1220
323.2856,172.2163,86.7853,56.6948
322.3949,170.0527,87.1826,56.8913
324.4121,170.4966,86.9674,57.2466
326.7242,170.8741,86.6230,57.3809
326.9728,170.8526,86.6534,57.4167
326.9854,170.8431,87.4602,57.2080
327.3898,171.6164,87.9373,57.6129
328.0905,171.4591,88.3511,57.8433
326.0375,170.4303,89.1295,56.8501
324.2952,170.6531,89.9088,56.4755
322.8456,170.8867,89.8992,56.3381
322.7180,169.0829,89.9346,55.8123
322.1919,170.3967,90.1629,56.1048
322.8837,170.1887,90.4528,56.3534
323.4027,170.1021,90.1047,56.6460
323.7762,170.0983,90.6039,56.5432
323.3854,169.8551,90.5424,56.2038
323.5584,169.4829,91.1758,56.2052
322.7682,169.5038,91.6388,56.4930
323.5162,168.8021,92.1730,56.7798
324.0679,168.1872,91.7679,56.8380
323.9748,168.1471,91.8993,56.9403
322.9912,168.1102,91.7089,56.8111
322.0659,169.0466,91.6551,56.9419
322.4676,168.0769,92.1990,57.1478
321.8636,169.0190,91.8876,56.9406
321.6515,169.8090,91.2289,57.0134
323.6070,169.6565,91.3675,57.3304
324.0084,171.0987,91.1501,57.1743
326.4835,172.2139,90.2043,57.1730
328.6639,173.3037,89.1249,57.3438
329.3337,172.9276,88.8705,57.7351
331.9683,172.4910,89.3757,58.3305
332.6851,173.1551,90.2995,58.6914
332.7024,173.5620,91.2880,59.2494
332.1280,174.9197,91.5826,59.7952
334.0889,176.0970,92.6461,59.8561
332.8988,176.0973,93.4995,60.3257
334.4276,176.8768,94.4992,60.9752
335.8406,176.7367,95.2481,61.4043
338.7581,177.2605,95.1623,61.7199
340.4457,177.7366,95.1829,61.5227
343.2024,178.8953,95.4371,61.6086
345.1154,177.6635,96.2335,61.8005
348.5167,177.7871,96.6749,61.8971
351.7169,178.2307,96.9552,62.1257
355.2953,178.3051,96.8049,62.0458
358.5135,178.6304,96.6998,62.2351
362.7604,177.5951,97.4889,62.4409
364.8912,176.7801,98.9927,62.8988
369.6362,176.1870,99.6969,62.9195
372.7866,175.0333,99.1840,63.5440
375.2784,174.0618,98.4041,63.3022
377.2328,174.9571,98.1427,62.4039
378.8144,174.6944,97.0243,61.9983
381.2191,174.3668,97.2068,61.4824
382.4798,174.7353,97.0936,60.9809
383.6104,174.4892,95.7173,60.9461
384.7613,174.2363,94.5267,60.3388
384.9056,175.0373,93.4577,59.4068
385.6968,174.5976,92.1634,58.3641
387.1700,173.9384,90.3472,58.0549
386.7646,173.6843,89.0628,57.4969
387.6827,173.0266,87.9172,57.2338
387.8206,172.7476,86.7276,56.7708
386.7407,172.5136,85.7743,56.8075
385.7471,171.2622,84.6898,56.8057
385.5312,170.9648,83.8078,56.9220
385.0031,171.1004,82.9655,56.6641
384.9588,171.1415,82.2981,56.7788
382.2276,170.5648,81.6774,57.2469
382.4840,170.2859,80.7355,56.8970
381.9000,169.6784,80.0816,57.4457
383.4075,169.5457,79.8104,57.8052
383.6497,169.5660,79.5396,58.1589
383.1460,169.2942,79.4174,57.7896
384.7450,169.4925,79.6445,57.6620
385.7754,170.0311,78.4166,57.4342
388.1338,169.7489,77.9706,57.5614
390.7817,168.3924,78.0855,57.7126
393.7059,168.2856,77.3596,57.8589
397.1326,167.7562,75.7060,58.2645
400.3438,166.5704,74.1763,58.4640
404.2978,166.4143,72.3260,59.6099
406.5006,164.6275,70.7702,60.2207
409.2247,164.5452,70.0761,60.4081
412.0500,163.9570,69.6568,60.3772
414.1481,164.6397,69.7798,61.1033
414.3427,163.3988,70.3219,62.0232
414.5591,162.9060,70.5902,62.4534
412.4340,163.7313,71.3487,62.1136
411.1001,163.8066,71.0601,62.1950
410.4958,162.8390,69.8041,62.1584
410.0069,162.0445,68.4798,61.9904
409.2990,161.2897,66.7406,62.0159
411.1118,161.3628,64.7555,61.6587
410.4371,161.0713,63.1614,62.4113
409.6408,160.5993,60.7600,63.1964
410.8195,160.7800,58.4267,63.3649
411.4033,159.5291,56.5574,63.1701
412.8298,158.1196,53.8755,63.9728
413.0963,157.8105,51.9011,64.5440
413.4532,157.9771,50.9734,64.7835
413.8304,158.4740,51.0666,64.1381
411.1405,158.8477,50.5512,63.7902
410.9277,158.3607,49.7225,63.4162
408.6337,159.7318,49.7040,62.3169
406.4284,160.3551,48.4267,62.0627
405.8656,161.6551,46.5382,61.7515
406.8458,162.3079,45.7188,61.0791
408.1351,163.4986,44.9063,60.4552
406.8541,162.4567,44.2330,60.3287
406.2522,162.9446,42.9841,60.3951
404.7831,163.1727,42.2151,59.7572
403.3463,162.4140,41.5860,59.3483
402.2154,161.8802,41.0576,58.9203
401.3842,162.0397,40.7450,58.3504
400.4903,162.2553,40.3366,58.0323
398.7917,163.3657,39.9422,57.7366
397.9070,162.8647,39.4519,57.5352
397.1420,163.2406,38.9297,57.4211
396.2409,163.5720,38.6280,56.6939
395.8384,163.8027,38.3765,56.2246
396.5341,163.3481,38.0591,56.3203
396.7865,163.3400,37.7586,56.0116
396.4084,164.3197,37.9214,55.2894
396.9579,164.3157,38.3680,54.7523
396.8456,164.2349,38.3091,54.2367
397.5127,163.5213,38.3432,54.2298
400.0381,161.6392,34.8726,57.3060
401.4019,160.9369,33.1485,58.3162
402.8805,161.3355,32.1328,58.1461
403.6095,163.1331,31.3149,57.9684
404.9214,162.0484,30.3778,58.3239
405.9035,162.8077,30.2073,57.6704
406.9382,163.0380,30.4538,57.3654
407.0222,163.5639,30.8605,57.1221
407.9556,164.8228,31.5774,56.9910
409.2968,164.5542,31.8648,57.6678
410.4771,164.0093,32.4938,57.7769
410.3483,164.4634,32.9961,58.2395
409.8983,163.7655,33.1248,59.0903
408.2577,163.6611,33.1397,59.9223
406.0161,161.6345,31.9082,60.7540
406.1832,160.4189,30.2499,61.6554
406.4001,160.9674,29.5409,61.6557
405.8676,161.5109,28.4829,61.6997
406.4223,160.8076,28.4203,61.4418
406.6014,160.7046,28.7200,61.1889
407.1721,161.1621,29.5681,60.7424
407.6880,161.2033,30.0036,60.2780
407.9529,161.8464,29.7950,60.8995
407.4713,162.2430,30.2687,60.6015
407.3664,161.6243,31.2240,60.2623
407.6951,160.1029,31.9034,60.3035
406.5703,158.9067,32.7994,60.7663
407.4371,158.4972,32.6669,61.1030
407.9898,157.4943,32.9252,62.0989
406.6320,156.7134,33.9877,62.3336
405.4808,157.2311,35.3413,62.7223
405.5016,156.3035,37.4597,62.6407
405.4317,155.4319,39.4988,62.7257
