1
277.0010,68.8904,20.4245,62.8636
277.4157,68.0195,19.8476,61.7757
277.1152,69.7563,19.7611,60.7721
277.4901,69.9427,20.1970,60.3205
275.6211,71.4994,20.5168,59.9741
275.7314,71.3616,20.5843,60.1663
276.5255,69.7330,20.2239,60.5107
275.2801,67.7775,20.9801,61.7458
275.6089,67.2456,21.5294,61.9607
276.8268,68.8143,21.4966,61.3220
275.9513,69.7862,21.9623,61.3417
276.4521,69.5169,21.6405,62.0235
277.3336,67.9571,20.9040,62.1173
278.9151,68.2271,20.2405,61.5826
277.8297,68.6055,20.0196,61.0971
277.8924,68.6164,20.1955,60.5849
275.9005,69.8747,20.4017,59.8412
275.4776,70.4400,20.7033,60.5865
276.5224,68.8351,20.3769,61.0914
277.0132,68.2986,20.5873,61.3498
276.7547,68.5778,21.0614,61.1739
277.7544,68.3076,21.0310,61.2960
278.3682,68.7539,20.8215,61.6688
278.4588,68.2624,20.7008,62.6826
278.2140,66.6349,20.1274,61.8792
279.4745,65.7699,19.5364,61.0508
278.8190,66.9813,19.8064,60.6915
279.2863,67.0925,19.9507,60.0965
277.6976,67.3502,20.8015,60.2709
275.9843,67.8272,21.4905,61.8425
276.3757,65.8798,20.9327,62.0328
275.8502,64.4437,21.5289,62.4957
275.7415,66.0698,20.8296,61.8989
278.2878,66.0223,20.2935,61.1566
278.3982,67.0058,20.5169,61.8486
278.7283,67.1043,20.3852,62.7540
278.6009,65.9079,20.0048,62.6396
279.7741,64.7029,19.3934,61.4253
279.4230,65.9481,19.5543,60.7811
278.9430,66.2132,20.0083,60.4665
278.1944,66.8760,20.5371,61.2091
276.7673,67.6865,21.1240,62.3092
275.8300,66.0875,21.3420,63.1805
275.9688,64.5286,20.9680,62.6933
276.0002,65.6200,21.0701,61.8858
276.7229,65.7949,21.1582,61.5778
277.9355,67.3447,20.8454,62.5562
277.9016,67.0927,20.6637,63.8004
277.7380,66.1842,20.2943,63.5644
277.9798,65.1037,20.0860,61.7764
277.6194,64.8717,19.6315,62.1327
278.2200,64.8985,19.3856,61.5667
276.8056,66.1229,20.1466,61.5718
275.4682,67.4579,21.0966,62.9799
275.1924,64.5365,21.4537,62.9014
276.0050,63.7646,21.2340,64.1257
275.9518,63.7295,20.4743,63.8776
276.6938,63.4326,20.4031,63.0508
276.5494,64.4352,20.5621,63.9115
276.2478,66.1762,20.8430,64.8171
276.6286,65.9704,20.4292,64.8767
276.6991,65.2963,19.7527,62.5241
276.3263,66.2370,19.9899,61.2963
276.5798,65.9319,19.6209,61.8633
275.4182,67.8758,20.6209,63.6069
274.6607,66.5044,20.6320,66.2259
273.9818,63.7329,21.7742,66.4407
272.7918,63.4197,22.2530,64.8860
274.6303,64.7520,21.6437,63.2580
275.2517,66.7713,21.9479,62.1230
274.3809,67.8552,21.7672,64.2874
274.2707,66.2702,21.9220,65.7078
273.7276,65.1842,21.8380,66.6375
273.9816,63.7233,21.5740,65.1812
273.3119,65.1435,21.5633,63.0863
272.9382,66.9730,22.4415,64.6572
271.0425,67.8819,23.6330,66.5138
270.5846,67.3487,24.4611,67.9638
270.7632,64.6214,24.3990,67.0233
269.8939,61.8752,23.3993,65.5690
271.2338,62.9714,22.7975,63.8927
270.5312,64.6241,23.3366,64.1087
270.6652,64.1396,23.1664,64.7702
269.8798,62.9807,22.6557,64.7635
269.9489,62.5251,22.5243,63.8447
269.7291,64.1770,22.9107,63.2939
269.1175,65.2064,23.3048,62.8388
269.3959,64.2846,23.4031,64.3847
268.7599,67.6909,24.7042,65.5975
268.2766,68.1769,25.1730,67.2458
267.3921,66.3896,25.9216,67.6205
267.6907,66.5029,25.7489,66.2001
268.7162,66.2716,25.1135,66.4846
270.2573,69.5209,24.6962,66.8891
268.5966,74.2117,25.2607,67.4458
269.2419,76.9704,25.2417,69.3761
268.8895,77.4365,25.3325,71.5233
269.1247,79.3374,25.6905,73.3037
269.3262,79.6055,25.8514,74.7027
267.7577,79.4834,26.9811,75.5040
266.7442,79.1567,27.5084,75.3235
265.7042,78.3843,27.5061,73.4880
265.8071,73.7825,26.6270,71.6920
266.7454,75.1311,26.3487,71.5006
265.5858,75.9045,26.5536,71.5304
264.7109,77.2241,26.9842,73.1182
263.7917,74.5333,26.9182,74.7338
263.5608,73.4162,26.7530,74.5587
263.6642,72.7541,26.3832,74.5209
263.2906,72.4481,27.3644,75.0978
262.3758,72.0195,27.5997,77.8889
260.7565,72.6627,28.2151,77.7407
262.4544,70.8480,27.5805,77.4313
264.1109,70.8357,26.9861,76.9926
263.8063,71.3631,27.0944,76.7688
264.2528,70.8534,26.6324,75.9103
265.1916,72.0742,26.9542,76.2056
265.2762,72.0537,27.7140,76.6262
265.4948,70.3367,27.6764,77.3109
267.9317,68.8698,27.4108,75.7775
269.9665,68.2929,26.6678,76.2326
272.0700,70.0208,26.2772,78.1178
272.5921,71.4010,27.1020,80.3971
274.5047,69.5923,26.6009,81.3346
276.2144,68.2783,25.9847,82.2732
276.6484,68.2364,25.6825,82.3599
277.5799,68.5807,24.9804,81.5774
277.2598,69.2497,25.2712,80.2531
276.7574,70.4714,26.5019,79.0979
277.5278,71.1404,27.0575,78.3209
277.3123,70.8999,27.8723,78.5516
276.9915,70.8360,28.3394,78.1869
277.9121,72.6607,28.4045,78.2687
278.0199,74.5592,29.1202,79.3114
277.1188,74.2094,29.6549,79.4168
276.9597,72.7401,29.6890,80.1456
276.6986,70.0338,29.8340,80.0842
276.5258,69.5874,29.2598,79.3591
277.0570,69.2904,29.7559,80.1832
278.6154,71.5928,30.0786,80.2033
277.7162,71.3806,30.4902,80.9598
278.7277,71.0671,30.6597,82.0879
277.9200,68.7432,30.6834,81.3521
279.3332,69.4177,31.2562,80.9956
280.6492,70.8652,30.7252,80.5098
281.3311,72.2002,30.7063,80.2667
280.2751,73.3264,30.9326,79.8904
280.5695,72.7750,30.3788,80.3526
280.6722,72.5025,30.8238,80.1009
282.3880,71.6374,30.7881,79.7633
284.4124,73.5072,30.7014,79.1909
284.7556,71.8510,30.6952,80.7620
283.6366,70.9052,30.3399,80.6318
284.5109,71.1833,29.9131,80.4357
285.2671,68.1677,29.5916,80.5254
286.7614,68.2613,28.8336,80.2928
287.0300,69.0385,29.5101,79.7787
288.0246,68.5538,29.1029,80.8923
287.9681,66.1348,29.4759,80.2386
287.5139,64.2339,30.1912,81.4892
287.8844,64.0010,30.6452,82.9255
287.0826,63.2492,31.6744,84.0386
285.9610,62.8070,32.7372,84.4392
288.9259,62.0475,31.0664,85.6056
288.3309,61.2802,30.4602,85.4753
288.7089,57.6782,29.8619,84.7641
290.2477,57.3151,28.6413,83.1606
289.2966,57.1135,28.7470,79.7166
290.8066,61.1478,28.6934,80.2363
289.4462,62.9053,30.1179,82.4536
290.3946,62.2857,30.4652,85.1398
290.9262,59.0884,29.9962,84.7577
290.8892,58.8469,30.0905,83.6608
290.1866,61.7708,30.8721,85.0496
290.3267,63.3900,31.3848,86.6853
289.1955,62.7496,31.9684,88.4269
289.2122,61.2745,31.5960,88.6149
287.7531,59.0786,31.4842,87.0934
291.1433,59.3693,30.9722,84.8295
292.4457,60.2278,29.9844,82.8033
292.5256,63.1136,30.1595,84.3407
292.4747,64.4265,30.4052,86.1778
293.3772,61.4365,30.0545,87.8668
293.9417,58.7601,29.1765,86.7409
293.6426,57.9856,28.8162,84.8073
295.0412,59.9984,28.3683,84.8378
295.3801,62.7278,28.1852,86.0518
294.3530,64.0969,29.1951,87.6756
295.0909,61.9238,28.8485,88.9721
293.4392,59.1843,28.6628,87.9135
294.3934,55.5767,27.8932,85.9999
295.6740,58.0428,26.6612,85.1244
296.3241,60.0835,26.1568,86.6230
296.9378,61.4518,26.2210,90.2623
297.9180,59.6265,25.3286,91.9252
297.6059,57.5894,25.0335,91.8929
297.6335,58.0576,25.3841,93.1340
298.2519,56.8693,24.9294,91.5101
298.3668,60.3698,24.8637,92.7638
297.9538,61.1491,25.5610,94.1547
298.3607,59.0453,25.4381,97.3203
296.4470,56.3207,25.8588,95.6544
295.5926,55.4082,26.0750,92.9967
297.0573,55.7806,24.7945,89.2160
296.3824,58.7266,25.6022,88.1923
297.5892,61.9440,25.4408,92.4543
299.0899,61.8650,25.0225,95.0763
297.5887,57.7164,24.8084,94.3738
298.4617,58.3624,25.0249,95.4009
298.0584,58.3370,25.3999,96.8453
297.4155,59.7555,25.8390,98.8254
298.5251,60.7844,26.2392,100.1286
298.3727,58.6030,25.9977,100.7462
298.7188,58.1154,25.9055,99.8712
297.9383,56.4754,25.9546,97.8533
297.7275,56.5419,26.2829,94.2395
298.4179,60.6390,26.1343,93.3721
298.7605,61.7490,26.2479,95.9349
298.8610,58.7115,25.8301,97.8417
299.2569,58.3670,25.2603,97.5983
298.8761,56.8169,25.2059,96.3126
300.2520,57.3622,25.2598,94.3449
299.8678,59.4533,24.9689,95.3467
300.0434,60.6155,25.6462,98.2972
300.3974,59.1757,25.6288,102.3063
300.6570,55.4179,25.0441,100.9986
299.5396,53.9538,25.4377,95.1662
300.5021,55.1282,24.5449,89.8261
301.4972,58.5896,24.1806,87.0966
300.2404,61.8187,24.7886,90.5614
300.9620,63.3506,24.6839,94.8234
302.2429,58.1866,24.1664,96.6466
302.3456,56.8822,23.8046,97.0169
302.8916,59.3293,23.7253,100.5810
303.0757,59.8386,22.9862,102.2239
302.9099,60.8457,23.6425,103.5428
303.0345,61.4350,23.6829,104.7907
302.4269,57.4559,24.1000,100.6477
301.9528,56.5258,24.0886,93.5147
303.1022,56.8091,23.6933,89.5098
303.0897,58.1943,23.0302,87.3911
302.2614,61.6796,23.6683,88.8235
301.5657,63.7323,23.8438,92.4060
303.1980,62.7769,23.9148,96.5277
303.9875,58.9868,23.9006,98.3858
304.6725,59.7261,23.5791,100.4264
305.0312,59.6174,23.6484,100.1163
304.6976,61.3107,23.9916,101.0281
303.4964,61.8917,24.5827,102.0864
302.5635,59.4405,24.8755,100.7866
303.5048,55.4527,24.6457,96.5117
302.8335,59.3730,24.7736,92.3602
302.6670,59.5047,25.1424,90.5847
302.8402,63.0387,25.1466,92.1155
302.7555,61.8865,24.7750,94.5806
302.5334,61.2832,24.6075,95.2384
302.0729,62.3513,24.5610,97.0738
302.5703,58.7283,24.2020,96.6525
301.4847,61.4777,24.5239,100.6562
299.4939,59.2123,26.0630,101.7488
306.4821,61.3835,26.5876,106.1621
304.3928,58.1864,26.5241,105.6701
304.9320,56.5698,25.7111,100.3115
303.9677,58.8270,25.9285,95.9697
303.0886,58.9268,26.0562,93.2413
302.6123,61.2570,26.0576,93.2598
302.8387,63.4971,25.5926,93.9311
303.0327,61.7946,25.5606,92.6197
303.2370,59.8089,25.4388,95.0911
302.5991,60.4657,25.9015,96.7907
301.6830,57.7275,25.8149,95.4283
302.3073,59.8198,25.2989,95.3344
310.4451,53.9009,25.0472,93.7491
309.4486,56.8776,25.4661,92.2899
308.9036,60.5348,25.8222,91.0847
301.5784,64.3992,25.9263,89.1664
301.8296,61.6526,25.9830,89.0300
301.4567,60.3524,29.0093,82.7084
301.2855,62.6988,29.4415,78.9310
301.5662,63.6435,29.8165,76.8967
301.0389,62.3033,29.2544,76.0137
300.9133,62.6242,28.0249,74.8282
300.0027,64.6483,28.0985,73.3440
299.2509,66.7208,28.3783,74.1655
305.5618,56.4192,28.1706,71.4560
312.8517,56.2431,27.6210,70.6663
315.9722,55.2659,24.8393,76.4350
317.6816,56.2034,23.2916,79.7597
318.6302,56.2577,22.7368,81.8388
318.7490,57.5423,23.4744,79.4023
318.6715,56.0976,23.4966,78.0816
311.6207,56.4015,26.0035,73.6763
311.1482,57.0281,27.2301,72.3914
310.3361,58.7709,28.1388,71.1521
299.6197,63.1045,26.1191,72.3451
296.8728,64.6522,28.0508,70.9693
295.8651,64.1053,27.5298,73.2985
294.8379,65.3402,26.9828,76.2813
295.9512,68.5281,25.9611,80.5790
300.6727,68.1220,25.1448,87.1302
299.9526,69.8835,25.9467,89.7783
297.7454,60.9588,28.6290,85.8057
296.2314,59.3393,29.9417,81.3178
293.9072,61.1106,31.5181,78.8012
291.9659,63.5098,33.2842,78.5551
290.9628,67.4168,33.4150,82.2453
290.9015,71.1204,33.6235,87.9014
290.6598,73.4582,34.1830,92.9676
290.2327,67.4394,32.8252,101.6157
289.5717,68.2718,32.1889,110.5573
288.7232,61.9583,32.7191,114.9276
287.7747,61.4128,32.5296,116.0009
286.1101,64.2587,33.3476,119.1537
283.9519,66.8845,35.1191,121.0180
282.4493,68.7505,36.4034,124.4775
280.1259,65.0415,37.7694,123.7151
278.8026,64.1762,38.1124,122.0169
277.3762,66.1869,38.4602,121.6083
275.9565,71.8074,39.5792,128.3060
274.8331,70.9307,40.6523,130.3149
274.7610,68.4593,40.6166,134.5363
275.3761,61.9480,39.6175,133.9296
273.2214,62.8368,40.2647,134.8850
272.4531,62.9848,40.7880,136.7645
272.9567,65.4883,40.0349,140.3123
274.6293,65.5940,39.9548,139.6334
273.5324,62.4338,41.1319,139.2318
271.3548,58.2206,42.3015,137.8945
271.3678,54.6738,39.8611,137.5890
272.0026,56.8012,39.7408,136.1400
274.8920,56.1817,39.3952,130.1150
279.1795,56.9309,37.9565,124.0160
281.7921,65.1979,36.2198,124.7419
282.5296,68.2458,35.2203,126.6419
271.5615,64.0934,37.5226,130.4488
270.2728,65.9936,37.4771,135.2004
268.1237,67.0431,37.6351,136.5806
265.9274,70.1307,39.1825,137.0341
264.5862,67.4541,41.0698,135.6413
264.4762,63.6995,41.3922,137.0549
265.1033,59.9860,41.0568,138.3348
266.5565,60.8125,40.9613,137.4737
270.5710,57.6547,39.2662,134.8503
274.6666,60.5684,38.7150,133.7949
274.3122,62.8960,39.9924,131.1120
261.8191,66.6270,41.5676,134.5318
260.9662,60.0721,42.4492,138.0905
261.0109,62.1565,44.1016,138.0677
260.1880,65.1111,45.7497,137.0161
258.3965,69.1931,48.0312,137.4635
258.3440,73.6306,49.4127,137.5896
256.4430,71.3096,50.7165,138.5965
257.4245,63.4939,49.5523,140.1928
256.4198,63.8680,50.0222,138.9040
256.1263,66.0428,50.7968,139.7893
256.4755,69.5449,51.8466,142.1761
258.3694,67.3994,51.2397,144.9203
259.8155,65.1687,50.7332,146.7978
259.5404,62.6457,50.0591,145.8329
260.3274,60.5102,49.2318,145.5880
263.3785,63.7801,48.3911,145.4249
262.9926,67.3651,49.2537,145.5946
263.3401,69.8704,50.5012,143.7728
263.3463,69.5941,51.0793,144.0656
263.8076,65.9804,50.6763,145.5430
263.6593,65.3594,51.1749,146.2533
262.4679,65.6421,52.4119,147.2958
263.4529,66.1616,52.8555,148.3164
262.4009,67.0162,54.3871,148.5484
266.0158,66.4629,52.5686,148.6181
267.6421,66.4673,51.5489,148.7433
270.1639,63.5706,50.2299,149.4109
270.3741,62.6344,50.5355,149.8014
270.8205,64.1901,51.0163,149.8170
273.3800,66.1587,51.7522,149.0617
274.9095,69.0017,51.6854,149.5604
274.9632,68.2890,52.4168,151.5385
274.4715,63.4765,52.1508,151.7310
274.4915,64.8704,53.1596,151.4464
276.6467,63.8035,52.8717,150.2691
279.2415,64.3832,51.4260,150.4552
278.0239,65.2961,52.4429,150.3674
278.6155,65.3755,52.5267,153.8819
279.1615,64.4505,52.0301,155.6697
281.4740,63.0907,51.7287,154.7273
284.3041,62.9112,51.1205,153.8451
283.6468,64.8512,52.4507,152.0990
283.2052,68.1711,55.2946,151.5533
284.2101,68.0165,55.6583,153.5944
283.4422,67.0176,55.5350,157.3954
284.0159,59.2423,54.0319,155.9822
285.7263,56.2738,53.9367,153.9212
288.3347,57.2331,52.6738,153.9950
290.6008,58.4629,51.6110,154.2352
287.6266,60.2357,53.8960,156.8530
288.1471,63.7325,54.5091,159.5126
288.2685,61.8719,54.6759,160.6298
288.7576,57.7755,55.2527,162.9447
294.0972,55.2011,53.7407,161.8677
294.7112,58.9026,54.9627,159.7798
294.5688,61.5432,56.9299,159.0269
294.8089,64.7909,57.6667,160.4985
294.1294,62.9407,57.9591,163.1227
294.4736,58.9950,58.2411,160.2132
294.1940,54.4295,58.0506,161.1918
295.1692,57.0993,57.7685,161.1170
297.2343,59.9223,56.7734,162.8866
297.8090,60.7539,57.7590,165.0494
300.0394,55.1149,53.6400,174.4541
299.3836,49.1161,51.5190,179.3610
299.3212,42.1904,49.4001,181.2400
299.9548,42.5433,47.8315,180.5098
299.8270,48.5972,49.2153,178.0551
297.0901,50.3288,51.3783,178.5425
294.5243,50.4297,52.2219,180.2752
294.4430,48.1346,51.6297,184.5439
294.5678,44.0815,50.6207,185.5278
294.2068,45.2215,51.3212,183.5933
294.3422,48.5638,51.7535,183.9170
296.9411,48.6395,50.2890,186.1693
296.3230,50.2299,51.6415,188.4735
294.7455,46.4560,52.5270,190.5846
293.7635,43.0724,52.2842,194.4443
297.0168,38.1792,49.6408,192.7304
299.0399,39.8688,48.9460,191.8692
298.2728,45.6775,51.7621,189.2139
295.3062,45.5129,54.4269,189.0616
294.0364,44.0446,54.6654,191.1824
293.5070,42.0237,54.5566,194.1061
292.4365,36.7949,53.5620,194.5972
294.2965,37.2289,52.7146,195.6698
295.4059,40.4447,54.5696,194.8187
294.9760,41.9605,55.0447,194.7648
294.3952,41.0215,54.0815,198.9467
295.1845,44.0970,54.3510,199.3580
295.9547,40.0316,53.1032,201.0661
298.7046,38.2725,51.8992,198.9009
299.7425,41.5735,52.9656,195.4742
301.0811,43.5816,54.5008,195.2151
298.7605,45.0521,55.4498,196.0945
296.6694,44.8219,58.1952,196.1913
297.0057,42.5866,57.2634,198.9444
295.5559,35.7152,55.5719,199.7674
297.6938,35.4098,57.2689,200.6924
296.5187,38.1875,58.9403,200.7989
296.9155,40.4630,57.9473,202.4880
298.1032,39.8639,56.9571,204.6670
298.6230,37.9692,55.9896,204.8509
301.2652,38.7743,55.4599,205.9268
304.7224,36.5931,53.8521,204.6977
309.0273,36.5155,52.0306,202.8781
309.4750,39.1613,53.0101,199.5650
310.6485,42.0204,53.1508,198.5150
310.8396,40.9007,54.1567,201.2784
310.3405,41.8827,56.2969,199.4514
312.1687,37.2466,56.3937,203.0590
311.7760,37.2377,56.2602,205.4299
310.8707,41.2485,57.1046,204.8156
309.8504,40.6689,57.9798,204.7937
313.5292,42.1278,57.7631,205.6458
315.7463,40.9068,57.6046,204.8089
314.7633,41.6621,59.8581,203.5612
315.0462,42.3176,59.2662,203.1926
317.1367,41.0365,58.6366,203.0668
316.1344,42.7900,60.5638,201.7355
312.3791,46.0193,63.0627,198.8011
310.4331,45.9394,65.5465,196.8760
310.0045,45.5216,66.4120,196.6249
307.9125,43.2785,64.3085,196.5311
305.6637,38.5460,62.4292,198.5647
302.2584,36.1902,62.2656,201.3140
300.7849,35.7540,61.4811,205.2138
298.9980,35.0093,59.0258,206.0233
297.6717,35.1598,58.2681,206.7257
296.1059,35.2207,57.8472,206.7577
292.5691,37.4124,59.7076,206.6549
289.9994,42.3356,58.6777,204.1221
285.3931,43.5458,60.4116,199.5789
300.7653,31.1581,60.9395,195.5627
294.8517,36.2116,68.3976,184.8652
292.8238,26.5912,69.5784,177.1279
307.5905,29.3887,69.0507,171.2994
307.7243,32.9084,68.6676,166.9314
307.1549,41.1452,67.7356,162.2689
306.6653,46.0666,66.7573,163.4599
279.3419,40.1509,61.8270,165.9466
279.7895,48.8184,58.0582,165.6280
278.0236,59.6485,56.3781,163.7288
277.6415,62.8054,53.3461,164.5319
278.2148,72.5095,51.3624,163.1568
320.2926,26.7794,47.8877,159.1520
330.5718,27.4481,49.5094,155.4109
328.4407,26.7498,56.2814,142.5238
326.9252,25.5451,59.2498,132.1469
323.9049,23.7611,59.2774,127.0249
320.5468,19.8605,57.6765,123.1451
316.5047,15.9320,54.7191,117.2114
304.5923,25.1705,52.8976,109.8672
299.3022,30.0246,55.1290,101.1900
297.4712,26.2188,51.3916,98.7629
296.9832,20.8587,48.3393,96.6770
302.9404,17.4840,45.7866,95.5749
299.8875,19.9962,44.3975,93.8789
298.4677,25.4312,44.0911,91.5050
297.6047,32.5496,43.6247,89.7928
294.6997,31.0119,43.6047,89.4736
287.7585,26.3367,44.0232,89.8786
286.7702,23.6032,43.7579,90.8335
286.0910,22.1806,43.6118,91.4970
286.1149,26.8061,43.9144,91.9750
286.5117,32.2009,44.2923,92.7107
286.4398,31.0010,44.6718,92.5597
285.0231,28.5822,44.6774,92.7237
283.9768,23.1203,44.3227,92.9127
285.6415,19.1751,43.8030,92.6925
287.5550,22.5907,43.5653,93.8203
285.7511,27.4781,43.9729,94.6293
275.7053,39.4807,44.8253,95.4520
260.5329,47.5614,45.1671,94.6752
215.3270,71.4437,43.2747,90.8393
217.5954,67.4921,40.9472,92.2592
210.1925,110.9416,37.4903,94.1601
205.9837,122.2669,33.9817,95.6148
207.7150,129.5049,32.7649,97.8449
209.6555,129.0209,31.2539,102.2151
212.4335,126.8987,30.2100,105.3299
219.7295,117.0252,30.2522,106.3580
229.8751,113.4206,29.9268,103.4104
246.5473,103.5080,30.2616,105.8187
271.5981,63.5021,34.6162,97.6186
281.6616,72.8082,37.0513,90.8290
281.3107,78.7548,36.8108,87.6940
279.6023,75.8639,36.3238,86.1615
271.2884,77.1167,35.9782,84.1146
268.5309,79.8095,35.4076,82.9558
265.4259,81.3386,34.4865,81.5403
259.8832,84.2554,33.7014,78.9412
254.5337,90.8473,34.4285,74.9480
255.9331,91.7943,34.3248,72.0731
256.6898,90.6135,32.7030,71.5740
260.1333,88.4095,30.8227,70.1561
262.8758,90.9845,30.8018,67.2729
271.5283,94.0808,29.9508,64.7919
278.5964,101.5282,29.2961,61.9618
285.5899,101.4073,28.8978,60.5156
291.1300,99.7461,28.8669,59.0352
296.3471,96.8438,28.3622,58.2806
297.3965,97.4695,28.1697,56.8243
304.3183,97.8386,27.5903,56.2800
307.2753,98.9321,27.0308,54.1525
309.5908,105.6878,25.7750,52.1649
312.5739,106.6421,24.4600,51.1945
314.1068,106.6512,23.2213,50.3472
313.0830,109.7139,22.7653,52.6618
320.2193,102.3235,21.7498,51.1735
320.9185,104.6990,21.3615,49.3491
321.9617,113.1664,20.7450,49.2329
322.8949,112.5412,18.3230,51.5445
319.4777,115.3318,18.0060,49.0887
320.4236,113.7750,18.6882,46.1233
316.2937,119.9625,18.2234,45.0186
315.2276,118.8799,18.4893,44.3761
313.7856,121.8604,25.0285,37.2400
306.8586,127.1987,28.0684,33.3272
301.5420,127.8831,29.0218,32.0040
298.8050,131.3741,29.2378,33.2779
301.2790,133.3023,29.0727,34.3367
299.8090,134.9063,28.5448,35.2938
295.4557,137.6238,28.1242,37.3412
293.3907,135.1289,25.8770,39.6357
293.4721,135.5290,24.4643,41.2376
285.9554,130.9389,23.3944,42.1585
283.8940,133.7725,27.7052,37.5584
282.7104,134.8558,29.7245,35.5627
284.2152,135.6672,26.8367,37.7147
285.2831,136.9680,24.4078,40.2037
287.5905,137.1238,22.0322,43.8588
289.7882,139.9333,20.9653,45.5285
291.6604,142.2245,19.5279,45.0857
293.4574,142.4417,19.2942,43.7318
293.6635,143.8042,19.0323,43.3728
295.2722,147.2235,18.4573,44.5952
296.9300,150.2903,18.0806,46.1917
298.4108,153.1125,18.0546,47.4964
299.0913,156.1509,18.2497,48.5865
300.1031,158.4438,18.3730,49.5032
301.2518,159.6242,19.0207,50.1033
305.8496,159.6890,19.5823,51.3107
306.8197,161.0073,20.0362,52.5990
308.5676,162.5660,19.7566,54.3166
309.7060,165.4343,19.6393,57.0393
310.1373,166.7295,19.7719,59.0627
311.2497,168.8925,19.9852,62.4608
310.6587,168.2700,21.0782,66.3264
309.8027,167.4212,22.2643,68.7282
308.8242,166.3891,22.1897,68.2388
307.8473,169.0807,21.6651,67.4855
306.1893,170.3819,19.6921,68.4430
304.3693,171.6400,19.5760,67.4444
302.6360,170.2227,19.6092,67.0440
302.2099,169.6843,19.2689,67.2389
300.4153,169.8646,18.4629,66.1690
298.7041,170.6404,17.5482,64.8349
297.7757,172.1466,17.2928,61.9138
297.1422,175.5197,17.2954,58.1577
297.6643,175.4618,16.8898,57.1012
297.3272,176.1801,17.1481,55.1999
297.0986,174.1652,17.1961,54.6625
296.4022,172.6217,17.0743,55.1541
298.2801,171.2265,16.9275,54.5036
299.3763,170.5775,16.9411,53.4843
299.4781,171.8221,16.6041,52.5477
299.7973,171.8012,15.9817,51.4388
299.7691,171.0488,15.2812,50.0698
300.5113,172.9530,15.1848,48.5652
300.5808,173.9579,14.6362,47.5806
300.4911,172.3566,14.6493,46.9389
299.5428,171.7042,14.4189,45.5525
299.5474,170.3460,13.7502,44.8348
299.3976,170.8618,14.0305,44.5543
298.4749,169.1517,14.7319,43.9869
298.7242,168.0801,15.2927,43.4656
298.6043,166.3281,15.7523,42.3096
298.8417,167.1122,15.6264,41.7903
297.7148,166.2375,16.2486,40.1595
297.2133,166.9420,16.3708,39.1986
297.0738,165.8163,16.4994,37.7986
296.9354,165.9428,15.9695,36.8524
296.0258,166.6465,15.6115,35.4527
294.5321,167.1491,15.4993,34.4474
293.1514,166.7346,15.6009,34.1563
292.2445,166.8918,15.4724,34.2244
291.2485,166.8729,14.8830,34.1555
288.3012,163.5692,13.3757,36.4829
287.5405,163.9143,13.3465,37.3882
286.1523,165.0321,13.0403,36.9503
284.3897,164.4808,12.8205,37.4388
282.7688,164.1030,13.2173,37.3938
281.2021,163.3651,13.3566,37.7089
278.0605,162.7700,13.9370,37.6346
275.0871,163.1434,14.0920,37.5007
274.1565,163.2859,13.5873,36.5748
272.8208,163.9091,12.9128,35.5126
272.0941,164.6324,11.4536,35.5910
270.6878,165.1139,10.8331,34.9463
269.1801,165.1704,10.7623,35.3970
266.4330,165.0754,11.1460,36.2976
264.3285,164.3861,11.0466,37.5116
262.4514,164.3999,11.1281,38.0343
260.4448,165.4851,11.8518,37.7535
259.0569,166.2521,12.1140,37.2437
255.5525,167.5408,13.2892,36.3648
254.5369,166.5735,14.2249,35.5128
252.1777,166.3317,14.9890,35.0349
249.6469,166.5544,15.3097,35.5738
247.0142,166.0410,15.3097,35.7305
246.2012,165.2944,13.7538,35.6012
244.4312,165.5551,12.6856,34.2348
243.2680,165.9968,11.9461,33.3902
240.9993,167.0811,11.5079,33.6726
239.9857,166.8335,11.1781,34.8936
237.0837,166.2051,11.1863,35.7684
234.4942,165.6045,10.6805,35.9723
233.5965,165.9884,10.9154,35.4678
229.8347,166.7551,11.2881,34.3638
228.5838,166.8764,11.4385,34.0410
226.0183,167.1923,11.9997,34.5881
224.7247,167.1109,12.2888,35.2898
221.5002,165.7477,12.5597,35.7489
219.7158,166.1709,12.8518,35.8937
216.0353,166.0646,12.7085,35.5129
214.6556,166.8117,11.9122,35.1197
213.1060,167.5221,11.3871,34.4225
209.2204,167.8893,11.2396,33.1325
208.3036,168.4687,11.1968,32.2155
205.9546,168.2946,11.3258,31.6578
203.8017,168.4349,11.3188,31.1010
202.1884,169.5211,11.2345,30.3488
199.5157,169.2652,11.0106,29.6776
196.8149,169.7092,10.6885,29.2522
195.6623,169.4594,10.7257,30.0482
192.9443,169.0497,11.0224,30.7383
192.2165,169.0733,11.6503,31.3059
189.6729,168.8127,11.8310,31.7368
188.2031,168.1707,12.6386,31.5885
186.5483,167.9212,13.0378,31.5559
184.3793,168.9231,12.8677,31.9724
183.1118,169.0480,12.8756,31.8845
181.2524,168.8897,12.3272,32.2554
179.9459,168.7644,12.5660,31.5764
178.6340,169.0623,12.0557,30.5132
177.7101,169.5286,11.5208,31.1089
176.3579,169.8445,12.3777,30.3464
173.7015,169.6347,13.5750,29.5924
173.0994,170.2638,14.3970,29.4844
171.2929,170.5488,14.7466,28.9387
169.6487,170.9757,14.3177,28.4791
169.2486,170.0717,13.0964,29.1545
169.4916,168.2130,12.0621,30.2544
170.1943,168.5214,11.4966,31.1192
170.3338,168.6887,10.9389,30.7729
169.6102,169.1819,10.7427,30.9022
169.0782,168.8183,10.2281,31.4180
168.6059,168.5655,10.0000,31.3421
167.7732,168.4715,10.3650,31.4103
165.9896,168.8032,10.2102,31.7025
165.9392,168.5242,10.4265,31.2647
165.7516,168.2256,10.2832,31.8040
165.6441,167.8964,10.4499,31.8410
165.1566,168.1062,10.8175,32.3614
164.5448,167.8814,12.1298,31.8525
164.2661,168.2046,12.7090,31.7493
163.9740,168.2742,13.3086,31.6787
164.1239,167.6370,13.6603,31.9397
165.2012,167.8211,13.2159,32.2059
165.9721,167.7327,12.6178,32.3847
167.0229,168.1676,11.9604,32.4024
167.4328,168.1390,11.7430,32.4930
167.2982,167.8532,11.5727,32.6851
167.3424,167.9312,11.5915,32.6197
168.0655,168.0775,11.2347,32.6863
168.7419,167.9808,11.1543,32.9452
168.6709,167.6115,11.2415,33.0573
168.7792,167.4832,11.1962,32.9836
169.1783,167.9753,11.1189,33.1874
169.2871,167.7382,11.0815,33.1845
169.2610,167.3425,11.1242,33.2456
169.3776,167.0151,10.7352,34.3047
169.1674,166.3115,10.5553,34.8885
169.1312,166.2077,10.5792,34.8805
169.0973,166.1253,10.3827,34.9719
168.9667,165.7920,10.4152,35.1202
168.8995,165.4521,10.4088,35.3845
168.8016,165.7005,10.2676,35.4050
169.3867,166.0950,10.2268,35.2614
169.0577,166.4651,10.4722,34.8387
168.8116,167.9384,10.4543,33.6942
168.5606,167.4008,10.2281,33.6061
168.8868,167.3165,10.0000,33.3882
169.1512,166.7397,10.0000,33.2618
168.7258,167.1281,10.2173,33.4633
168.3354,167.4005,10.4169,33.3875
167.5274,167.9265,11.2204,33.0270
167.1591,169.1803,12.2605,31.7500
166.8825,169.9698,13.0595,30.6503
166.5313,170.6909,13.5309,29.8952
166.1544,171.1171,13.4608,29.6127
166.7541,171.6319,13.4204,28.9185
168.4471,171.1966,13.0442,28.7873
170.2899,172.2281,12.5898,28.4329
171.0715,172.6159,12.1090,28.2136
172.9421,172.1573,11.6113,28.0378
173.9879,171.9625,11.6335,27.4979
175.1131,172.1687,11.9617,27.4488
175.5373,172.4281,11.9775,27.5811
176.4395,171.9606,12.1350,27.4683
177.7597,172.9933,12.2572,26.9944
179.6713,173.6707,11.6475,26.6685
182.6481,173.1255,11.1020,27.0021
183.8612,172.8175,11.0474,27.5020
185.1596,172.4922,10.9006,28.1850
186.3042,171.3982,11.2755,28.1248
187.7513,171.7490,11.3004,28.6172
191.7404,170.6906,10.7795,29.1745
193.2186,170.8214,10.7537,28.7496
194.7829,171.0307,10.8458,28.3206
197.8630,171.0901,11.0033,28.7863
198.2422,171.0462,11.9826,28.7866
200.9403,170.3102,12.5707,28.7459
204.4288,170.1102,12.4487,29.1236
206.2207,170.1908,11.8232,29.8023
206.9776,169.4329,11.6008,29.9293
208.3979,169.9788,11.5215,30.8716
210.4107,169.2996,11.6454,30.4436
212.4613,168.6168,11.1940,30.2256
214.2173,168.6807,11.0762,30.1961
217.9914,168.7027,10.8689,31.1055
221.7909,167.7751,10.7750,32.0158
224.9976,168.0804,10.6976,32.2759
226.1556,167.6337,10.8693,32.2794
230.1750,167.7227,10.8594,31.4388
233.6503,167.6263,10.7498,31.5494
234.6225,167.3737,11.0605,31.0425
237.7163,169.2131,11.2379,31.6314
240.1956,167.9861,11.4018,32.2620
241.6212,168.5735,11.5848,31.9581
244.7488,168.1837,11.7173,31.4953
246.2377,169.1820,11.4513,31.1599
249.6374,168.7275,10.8159,30.4992
253.4139,169.3342,10.2108,31.0996
256.3667,168.9760,10.0000,32.3687
257.5493,167.2924,10.3045,32.9846
260.8193,166.8809,11.2283,33.5059
264.3762,165.8915,11.1941,34.6829
265.2935,166.3369,11.5999,34.5981
269.1325,166.0124,11.3527,33.7169
272.9332,165.8314,11.3952,33.4160
274.0593,164.6498,11.2081,33.6103
277.2132,165.3979,11.3899,33.8971
281.0544,165.3895,11.5838,33.5876
284.7059,165.9992,11.3921,32.7180
288.1664,166.4243,11.1445,32.4889
291.2500,167.3328,11.1889,32.2092
295.1160,165.4779,10.2664,34.8525
299.2648,162.2137,10.0000,37.1445
302.6673,162.8150,10.0000,38.5013
303.9736,163.2002,10.3053,38.4221
307.5312,162.7389,10.6088,38.8422
311.3138,165.4291,10.8357,37.5059
315.0887,166.8282,10.3227,36.7900
319.1185,165.3972,10.0356,35.5938
322.1585,165.0553,10.0496,34.3369
325.6510,165.7027,10.0203,33.2153
329.6557,167.1875,10.0727,32.7826
332.6801,165.4821,10.2053,32.1182
336.0919,167.4397,10.1143,32.2391
338.6420,168.5620,10.3316,33.1115
342.1960,168.3304,10.0000,33.2326
342.3351,167.3791,10.0941,32.6360
345.0032,165.7808,10.8250,31.0540
349.7101,169.1768,11.6385,30.4758
349.7797,167.3447,12.4095,29.0349
353.2403,167.9649,12.4140,27.4448
356.1754,168.4621,12.4364,26.0908
356.9797,169.7574,12.2645,25.7936
361.6390,167.8301,12.0057,26.2456
361.9890,166.7711,11.6217,26.1471
362.5734,168.0860,11.7816,25.9757
363.1704,167.8352,11.5743,25.9640
364.0496,168.6347,11.2281,25.2356
366.5496,169.7568,11.1257,25.2343
366.7873,169.8889,10.7193,24.9228
369.3856,170.1558,10.2283,25.6013
372.1426,170.0471,10.0736,26.6527
372.3638,170.4084,10.2817,28.2630
372.8754,169.1517,10.1804,30.2053
373.3741,169.4528,10.2414,31.4105
373.6806,169.2042,10.6622,31.6381
373.6087,168.0583,10.7764,31.9693
373.8515,167.1996,11.0087,32.1934
373.5188,166.3359,10.9860,32.5844
373.3574,165.7991,10.6755,33.3481
373.0489,166.1028,10.1819,34.2555
