1
124.5382,335.6029,71.6683,103.6857
130.9917,326.2599,66.2225,112.6241
127.6801,325.7260,64.8487,115.7894
121.2389,328.3877,65.9226,112.3793
120.0960,338.2468,68.0334,103.0463
121.4141,342.8116,76.5821,92.8591
126.6870,332.5443,88.0159,83.5627
117.2162,312.9620,90.8953,82.6619
111.5233,275.0420,79.0694,99.8278
122.8377,245.9200,68.1147,119.6446
133.0228,233.6611,61.5135,132.7748
138.0992,224.3414,58.8194,136.9342
141.0182,216.8193,59.3239,135.8918
135.1223,209.4700,58.4897,133.8499
135.4672,216.0277,59.2420,124.6934
132.9518,232.6250,71.8114,104.6205
145.5276,254.9992,91.7901,83.8042
140.6520,245.0119,88.3821,83.6419
145.6637,231.3935,83.6428,85.9530
153.0040,219.3844,86.1288,83.9947
150.1115,201.2314,98.4634,73.2240
130.7902,170.8542,89.0576,79.5637
140.5475,145.9126,75.6357,93.5092
155.0326,129.0715,63.9532,105.5592
164.2327,121.5581,59.8213,115.6551
171.0182,121.5196,58.4808,123.0211
174.7944,118.3812,59.4963,126.0329
177.1832,117.0177,60.4241,128.5264
180.5265,115.3072,61.2794,127.7117
182.5666,114.9980,61.9406,127.5726
185.9227,114.3902,61.6956,124.4534
186.4283,114.8218,60.0612,122.1688
185.9477,115.4401,56.8129,121.5026
182.9169,118.7635,52.9612,120.3249
182.1971,121.4037,53.1766,118.7593
180.8560,124.0551,54.5098,116.4714
179.3812,130.9718,55.7884,113.9815
178.4712,145.6940,60.9240,104.2750
183.5061,162.6061,68.3979,94.5990
187.7174,178.8784,75.2123,87.1707
193.3668,170.8298,76.1000,85.9456
204.3972,167.8353,75.0947,85.2409
206.0165,155.9214,74.9790,84.3764
200.3625,138.0106,74.9397,82.0412
197.1090,113.7541,69.4738,84.7428
204.7130,81.6526,63.4106,95.4646
223.4502,54.9717,54.0979,113.5839
241.1724,42.7580,51.0477,123.2548
254.3668,40.4161,46.6258,128.7412
254.2764,31.3839,49.7613,127.9794
242.3102,37.2492,67.8479,117.8143
245.6915,42.5958,83.7732,108.7982
247.5290,66.2784,86.7088,106.5570
270.8347,83.8682,83.5377,111.4398
276.0331,67.0783,76.8790,113.7758
278.9044,47.2483,73.1847,115.1601
257.6992,25.2557,91.0567,102.8296
248.9357,-2.0778,108.1699,89.2194
251.3598,-5.4044,114.3165,80.8391
248.7283,-5.1571,112.9995,81.0133
249.2440,3.2774,107.2394,84.3455
241.1254,-0.1613,100.2183,87.5440
246.3242,-3.7487,90.9552,91.3616
250.7699,-6.3234,81.0187,93.3483
254.1067,-9.3945,71.4423,93.4144
257.6265,-8.3926,64.5128,89.6107
260.3084,-6.6800,58.8010,86.5487
261.9726,-4.6294,53.8491,85.2158
258.0339,-2.1269,52.7048,82.8296
257.2120,-0.4434,53.1465,83.5887
253.7827,0.2541,54.4038,84.6220
251.3688,-3.7554,53.4278,85.1203
254.4346,-0.4881,53.0628,86.9878
255.0517,-0.0757,53.5411,88.1003
251.2635,-2.3874,51.0309,87.7022
252.7055,-2.9434,50.2962,85.8636
248.3964,1.1715,49.2355,85.5781
249.5734,3.8019,49.0886,85.3725
250.0825,5.3726,50.3137,86.1809
250.2109,6.3058,51.4902,87.5719
248.6515,6.0903,53.9394,88.0721
246.5931,6.0749,54.8510,88.1206
245.7120,5.9679,55.3683,89.3532
244.5397,5.2311,57.5135,89.8316
243.3950,3.5414,59.6149,91.2094
242.5426,5.8200,61.8766,92.3329
238.1091,13.6035,68.3980,85.1806
234.9604,18.4309,74.5553,79.1828
235.8192,25.5392,86.4705,69.2026
235.1411,39.6821,96.6258,61.2794
242.7722,43.2239,102.0657,58.2960
232.7346,36.0360,103.1343,58.1947
233.9957,37.8127,100.7112,60.1865
235.6661,35.6925,95.4661,66.2955
246.3015,34.5380,92.6212,70.6016
247.0305,28.8036,96.7579,67.5243
240.9138,22.7882,99.0495,65.2371
250.9787,24.6466,104.6672,62.8486
248.8962,18.3528,111.6763,58.5330
240.9040,12.0750,111.4434,56.9573
236.8533,3.4047,108.0414,57.8765
237.5733,0.5036,96.8373,62.9863
260.9025,-1.8731,92.5540,65.5882
268.1760,-2.5966,89.3943,66.4485
274.0243,-3.2154,85.8641,66.6726
275.1170,-3.4039,81.5822,67.0680
276.1141,-2.2929,76.8655,68.1483
275.8889,-1.5413,68.6206,71.8759
276.4630,-1.9701,60.1110,75.0603
278.6255,-1.1959,55.7186,75.6677
279.2661,-0.0798,52.4255,76.5746
279.5974,1.9129,49.3169,78.9762
278.8135,3.1424,48.3143,80.8852
278.5524,4.0435,47.3527,82.9795
278.9469,4.4114,46.7744,86.3153
278.5611,4.7010,48.4361,89.4587
278.1625,5.5678,49.9210,92.2948
277.8688,5.6217,51.7624,94.5330
278.1213,5.7562,53.6182,96.1890
278.8693,3.0847,54.0664,98.9271
271.4377,6.3723,48.6049,101.8098
273.1998,8.8782,43.9457,105.5253
272.9717,10.7559,41.6528,108.3893
271.5984,12.5282,43.2169,112.2576
269.8034,15.2398,44.3911,115.5956
268.0580,19.2727,45.9372,116.7067
266.5966,23.4332,47.6506,116.7724
266.4944,29.3172,49.3892,114.9768
265.9516,34.5117,50.6024,115.3881
266.0741,39.1263,51.7686,114.6564
268.2664,43.6471,51.7217,114.3442
269.0411,54.6943,52.4038,110.2947
268.0494,69.2580,56.3025,103.6965
267.0954,82.0680,59.7496,96.6931
269.8654,88.3087,62.4862,91.2335
282.6480,73.5901,60.4258,97.4603
301.4167,61.3972,52.3024,111.9344
313.1803,64.4666,52.6166,119.1371
318.1160,71.9798,49.9368,126.0355
320.9326,73.2593,48.9757,131.6218
328.4731,81.5991,45.7386,133.1022
326.8385,89.8603,47.2834,133.6133
325.2433,97.7428,51.8941,133.5797
321.7346,111.5601,53.3120,129.8960
319.3543,120.7255,54.7940,126.0259
320.1733,127.5644,56.2805,123.6516
321.5247,132.6012,56.9119,122.0260
323.2691,134.6451,57.2419,122.1364
325.3474,135.5060,57.2066,122.5750
327.8209,135.0744,57.7851,123.4376
