1
608.5438,303.7816,178.3206,224.8017
626.4457,313.6120,176.7279,222.9471
616.4653,321.9763,182.7677,213.3123
627.7775,332.6323,174.6671,210.3317
648.4651,340.1830,168.8386,208.0534
665.2339,351.7529,164.0925,200.5829
675.4545,353.4273,158.9810,196.9724
680.1113,334.2114,163.3392,184.9308
677.0208,337.3836,170.4479,170.5191
679.1189,338.7708,167.4326,167.8396
670.6119,341.0104,171.6684,158.5828
660.2776,343.3508,173.2578,155.2568
656.9742,346.2231,169.5813,154.6904
659.9114,344.4056,166.7198,156.0712
664.6497,342.8338,163.4341,156.7576
662.1414,343.6976,158.5178,162.2642
657.1700,344.5371,159.8868,161.9017
649.2084,343.5305,164.7406,164.8223
645.2151,334.9364,173.6326,161.4222
645.5363,328.9340,179.7392,165.5065
653.9667,319.4378,173.3638,179.1388
667.1726,309.2330,166.7044,188.1058
663.9658,287.2196,159.4211,196.3294
659.5756,275.1206,160.5703,192.9111
653.3562,264.5669,165.7574,186.7904
650.9424,254.0044,168.4431,186.5510
652.8056,242.2636,176.5636,185.6773
659.4448,233.8102,190.0617,175.3282
661.4706,231.2569,204.8621,167.2323
682.3730,234.1322,200.4344,172.0143
686.7469,238.2409,193.5058,180.4207
698.7354,238.7853,180.2996,188.7176
704.9570,236.9879,166.9733,195.1241
694.7629,234.8333,169.2819,191.4670
682.4177,210.5746,171.0685,191.9414
658.9327,205.1145,167.0590,199.3927
655.5972,202.9983,172.2747,199.6664
586.4001,204.9890,164.2938,201.9601
566.5525,227.8614,166.8186,188.3398
556.1259,241.2489,171.5117,175.2274
553.7128,247.6177,172.6790,168.4522
555.1581,252.8628,173.2317,163.1657
554.8649,256.3689,172.4861,160.4693
548.5872,262.0874,173.0607,158.8412
541.8378,268.5551,172.9297,154.3739
545.7560,263.9823,174.9146,149.9369
553.1051,257.2187,172.6197,153.0421
570.7946,265.0165,168.6052,156.5731
590.8271,264.0538,161.8997,165.1272
609.6425,286.4154,158.3577,168.5305
629.2817,305.3843,150.7923,173.2029
645.9932,352.1662,149.9700,172.4213
660.5621,406.8830,127.3755,198.9843
649.4481,432.5584,140.3081,184.5225
685.0461,475.6579,116.6086,210.0074
702.8588,493.3823,111.8301,213.5002
696.1572,511.8040,111.1235,210.9318
678.6297,536.6813,137.5098,190.5046
655.6145,564.9937,171.6874,168.7299
640.1791,573.7971,189.3994,156.9096
