1
37.4029,59.5840,66.9059,83.5464
43.4499,65.4342,65.6719,81.6136
50.6749,72.5504,64.6969,80.6009
58.8594,76.8707,65.2776,79.6433
68.5736,81.1299,66.6411,76.6168
77.8608,85.1053,66.5770,75.7578
86.4816,88.2499,66.2628,74.4642
95.9171,91.2643,66.0887,73.4726
106.1800,93.9183,65.2880,72.9996
116.7662,97.7126,63.5767,73.4233
125.4247,99.4410,62.2783,74.1521
133.9632,98.1067,61.4215,76.1383
138.7123,95.2818,60.7314,78.8245
142.5027,92.2352,60.7613,80.7151
145.7677,89.7791,61.1702,84.3742
151.8470,87.7169,61.8380,86.4059
155.4506,85.2181,62.9227,87.7931
163.6167,77.3657,65.3394,85.5527
179.4118,73.7602,65.6736,81.6015
197.4019,73.3389,63.8302,78.9031
208.8308,73.4008,65.7349,77.7446
228.7316,73.3309,64.4712,76.2758
246.2482,75.3728,62.9494,73.9400
262.0795,75.7141,62.4757,71.5125
272.8259,76.6107,63.2585,71.0933
288.3311,75.3686,61.4359,70.9334
295.8123,73.9276,60.4711,71.9191
298.4600,71.8001,60.0622,71.6805
299.4866,70.6917,59.7335,72.2946
292.4523,71.0626,59.4173,71.8775
282.9693,72.4276,58.8706,70.0857
269.2115,71.7757,58.4014,69.5203
255.6346,69.1078,59.2554,70.1189
239.4676,69.0125,60.1701,70.4439
224.3087,69.3972,61.6553,72.1028
208.0001,70.5360,62.4613,73.9155
191.7025,69.8902,62.4236,77.1051
179.8985,74.2882,64.4888,76.4473
170.2474,78.0896,63.9756,76.3666
160.3611,81.9764,63.7938,77.4039
152.6970,83.7336,63.7478,77.7913
144.6849,86.9344,64.0551,79.4818
138.2870,86.3106,62.7569,83.9045
132.4031,86.4791,63.0636,83.4864
128.2384,87.4917,62.5816,84.1016
123.8184,89.9450,62.4874,83.4514
120.3295,89.2888,61.9516,82.2980
119.3903,87.0283,61.8569,82.5743
116.4579,85.6549,62.8179,82.7402
114.7216,84.7805,62.6503,83.0551
114.1879,83.8250,63.0928,83.0928
122.4176,82.2562,63.8774,82.0132
137.8377,80.6674,64.1752,83.6614
155.2910,79.1370,64.0556,83.0055
174.4709,79.5529,63.7860,81.3612
192.6907,77.6865,63.3192,78.6120
211.8748,77.4162,62.6539,76.3574
230.6763,77.9582,61.4541,75.1111
248.1206,80.4247,59.7041,72.7176
264.9324,81.0995,59.6313,71.4926
278.4394,80.3944,58.6705,70.8473
292.5999,77.1622,58.6932,71.8020
301.7985,72.4761,59.4655,72.9571
309.7625,69.9382,60.7536,73.2254
313.8141,67.4599,60.7326,73.7885
315.1561,66.2358,60.7502,74.5712
310.3087,65.0669,62.2217,76.0366
301.8955,68.8569,63.2337,77.1860
286.9619,72.0515,64.9910,79.8864
267.8246,76.3244,67.5819,82.4222
247.8813,80.0174,68.8835,82.5246
223.8099,79.3509,71.4339,80.5673
204.2022,79.3308,72.1247,79.1738
181.9797,79.1793,73.0935,79.0980
156.0293,81.8355,74.2343,84.2234
135.6636,81.5229,77.6704,89.3247
113.2873,79.7265,82.2910,92.4896
93.0978,73.7583,85.2862,94.0687
74.7460,67.8422,87.7768,93.8906
59.1958,61.0800,87.4563,95.7666
39.4780,60.8049,90.0680,95.6671
23.1615,65.7139,93.8105,92.5284
6.4759,68.7315,93.3197,89.2557
0.9649,69.2358,88.1152,87.7229
3.9532,69.5453,83.9585,85.5581
4.2680,70.2455,81.0563,83.5581
2.3543,69.2833,79.9466,82.5461
1.2795,69.4220,75.9584,83.2851
5.7227,68.2865,78.0391,80.5861
10.7516,63.6640,78.8882,82.2933
10.6761,64.1876,78.3767,82.0293
12.7397,63.5436,77.5399,82.8562
14.1300,72.7538,75.9869,82.3363
20.6936,73.9836,74.1951,82.1788
29.4053,74.9307,73.4621,81.4015
40.7103,78.4290,72.9891,79.7427
46.9672,81.7523,73.4715,76.7370
56.0365,84.8008,74.0722,75.1356
67.4887,86.4477,72.4992,76.9104
82.3216,87.2687,72.7447,80.4318
98.4750,90.3488,74.0286,82.8282
117.8292,90.5864,74.5240,87.2452
136.2909,91.6880,73.5984,90.6257
157.5194,91.7852,72.0112,91.0031
178.2159,92.5281,72.5956,84.4510
194.7412,82.1816,74.9034,80.8450
216.8124,83.9538,74.9336,77.8209
239.7285,93.4317,75.7393,73.8392
267.1309,111.2519,74.6317,75.9886
295.6196,113.5218,73.9010,78.9894
314.7866,111.4699,72.4948,79.3285
333.4711,106.3819,71.0966,78.9011
346.9112,102.2127,69.5212,77.5198
353.3672,101.9064,68.0459,77.8338
355.7693,96.5219,67.1323,78.7800
357.6635,93.6543,68.7188,80.1722
349.8846,88.6183,71.9439,81.8188
337.8916,80.0285,75.7170,84.1897
324.7860,75.8372,78.9215,86.2098
312.2340,72.2484,83.0105,90.5544
290.8308,69.3342,86.2438,91.9956
281.0631,70.5567,89.1818,92.3406
272.1156,74.0824,90.3466,94.9269
264.4995,80.7561,91.6900,96.0838
256.5243,86.6383,91.7055,95.7621
253.5534,74.5364,89.3495,96.7209
258.2137,87.5859,89.6289,95.2588
251.0641,91.8462,90.2312,94.5226
241.1687,91.2837,91.5256,94.3996
210.9070,79.8883,87.8818,89.5345
194.4606,77.2477,84.1823,85.3735
180.0771,74.1228,79.4648,83.7331
175.0308,73.6196,76.8786,82.9085
161.4476,76.9804,76.2049,84.1570
162.5650,79.7405,74.1226,83.7883
176.9754,82.3398,74.7003,80.6069
195.3221,83.4209,75.4665,78.6512
215.1607,82.6713,75.7941,77.5197
231.2739,81.9469,76.5595,75.3794
245.2165,97.0882,74.7429,72.8803
253.5979,100.0455,72.1463,73.2690
255.1897,100.0564,70.4065,73.5226
255.0166,100.5153,69.4171,72.6118
252.1599,101.5610,67.9540,72.4780
247.6118,103.9329,64.9035,72.6111
242.2816,105.2730,64.0126,71.7582
235.9177,105.8804,63.5422,70.5557
232.0781,103.8489,63.8765,69.7714
226.1676,99.0785,62.6539,68.7710
226.2542,90.8847,61.8892,66.5457
234.9675,87.0238,60.6825,67.3536
249.4028,85.9728,59.0305,68.6919
266.3039,86.6217,60.0423,68.6111
283.1456,87.9605,59.9856,69.5305
297.3427,86.4697,58.5731,70.8468
306.4101,82.4272,59.1365,73.1535
312.0188,77.4319,59.2875,77.0714
314.6161,69.8936,59.4864,77.4660
315.1879,69.3233,59.1873,79.0472
312.0307,69.5186,59.9419,79.7001
306.2204,71.2374,61.0039,79.4404
300.0285,76.1110,62.0021,79.7097
291.4313,83.5004,63.2201,83.7126
283.2949,94.2626,64.7549,87.4748
274.8966,103.9259,68.1568,86.9400
272.9427,106.2086,69.4479,86.3174
268.2753,102.0825,69.3651,86.7316
254.2678,94.8758,69.8235,85.6974
239.6491,83.0202,70.4315,81.4684
231.4679,77.8138,71.8586,78.8151
222.2158,75.0284,73.2870,77.7152
212.9975,72.9400,74.6158,78.5989
209.5403,72.0915,74.8819,78.1754
212.1195,75.4444,76.9882,76.0326
208.0271,75.6782,78.0684,75.7560
198.4529,77.2905,77.8844,75.2644
174.3156,81.2331,76.8620,77.3650
159.9515,92.4319,76.6703,76.8553
156.9070,98.6637,77.4601,75.0702
163.9563,97.2665,74.6659,74.9785
169.3911,95.7032,72.1074,75.7569
168.8973,93.7885,69.5521,75.1258
173.0436,92.6341,69.2294,75.0025
191.1192,91.1315,68.9098,73.0815
196.4670,92.1356,68.6978,70.4714
204.6033,91.8234,67.3525,68.0646
207.8979,89.3091,66.1293,67.0118
211.7097,84.1510,65.4218,67.1382
220.6505,84.8743,65.9695,68.2222
224.5519,80.4352,66.3109,70.1090
221.8374,76.3518,65.1000,70.3167
221.2006,75.8213,65.5612,70.2833
222.7044,74.4595,65.6865,72.5977
222.5573,71.9726,64.2740,74.9317
224.5340,74.0662,62.4884,75.7108
224.5760,77.3357,61.9830,73.3877
223.7827,80.6779,60.7231,70.9737
222.1594,82.7817,60.6273,69.3612
226.5348,82.0576,60.4530,69.7607
228.7332,80.3965,62.2290,70.9521
236.5711,80.4430,65.0444,71.8145
252.1185,80.3631,66.2901,73.3686
272.6093,80.7126,70.1763,76.3258
279.8183,78.7411,73.2348,79.5399
263.5775,74.2046,76.7272,78.8115
254.2572,72.9858,78.5257,80.6846
238.4049,74.6687,76.7492,80.6720
234.4887,79.2878,76.2045,80.9785
241.7639,82.3342,75.9320,79.8025
246.6559,84.2811,74.6027,77.5809
245.4019,86.4247,74.8531,76.2126
231.9338,88.7962,74.5178,75.8629
216.8038,88.6873,73.6123,73.5375
198.8052,86.1096,73.4007,71.9829
178.2266,88.5601,72.4933,70.2881
161.4292,97.3460,71.5347,68.5584
152.2574,103.8217,70.2216,67.9958
151.7149,109.5058,69.3955,71.3499
154.2787,108.8040,69.5965,77.0569
156.8717,104.3188,71.4547,81.5153
165.8981,95.2762,72.4592,81.9791
176.6263,84.0922,71.1354,81.9677
189.2384,76.4776,68.8566,82.5637
201.2959,66.7360,67.0669,83.1958
218.4601,62.7727,65.7632,84.1679
228.1294,59.5023,66.9191,85.0192
236.9885,55.9020,66.5150,85.1244
243.9819,60.1434,65.8455,83.6501
247.3105,67.2105,63.9546,81.0451
243.2056,72.7546,64.6096,80.8931
231.1128,75.5249,68.4083,77.3879
220.7823,79.7936,72.0269,77.0275
211.7352,78.7015,76.4869,77.0438
194.6824,85.3229,75.7376,73.6283
182.8280,99.7423,74.6885,68.4432
183.5822,106.2187,72.8431,65.8409
185.9327,105.7542,71.0807,65.1317
190.7998,100.9102,70.9521,65.0700
198.2226,94.4072,71.7010,65.0527
208.9351,88.0231,71.2657,66.9157
220.8160,87.6758,73.4818,69.5296
223.8715,82.7476,74.9008,69.7209
229.0090,84.9167,75.4943,71.0448
234.6654,88.6417,74.7620,73.8380
241.0769,90.0570,74.4342,72.3698
245.6037,92.3636,72.7924,70.3108
245.5217,92.9652,71.3538,69.1819
241.5879,95.3081,71.2805,69.5217
229.5064,95.1583,70.0374,68.6273
217.7238,93.2885,67.3047,66.2414
215.7484,96.7868,66.6289,62.3193
209.6686,98.8207,65.9784,59.9119
206.3036,99.1608,64.3216,58.9222
204.3609,107.9536,64.1550,55.9974
205.4358,117.0404,64.1350,53.4723
209.2110,116.2480,64.3706,52.2934
213.8677,105.3170,64.1364,51.9435
224.9684,103.8412,63.5772,52.4576
232.1541,100.5959,62.9077,53.6117
237.1131,98.1298,63.0038,53.8920
233.8965,96.0317,62.7952,55.4287
227.7672,93.8499,62.5454,56.2433
214.8704,91.2355,62.2366,57.3103
199.4028,90.4324,62.2880,57.9161
191.2755,87.8382,61.2275,59.5857
192.1837,78.6662,60.2610,60.1624
197.8160,68.1073,60.1515,59.9493
210.0507,67.9704,61.1125,63.9637
220.0557,66.2590,60.3632,70.2567
223.2677,62.6117,59.0205,71.7451
221.5455,58.1842,58.6693,73.3534
218.2877,57.7470,59.2646,72.8488
212.8292,59.6866,62.1997,72.2677
198.0201,61.7952,66.2071,70.3319
182.8301,65.7088,70.1112,70.6957
169.3512,69.6717,72.3026,74.5490
155.0801,71.3861,73.7287,79.6123
147.7687,73.6839,74.8882,82.0541
134.7857,77.9123,74.2602,85.1412
130.3844,76.4815,75.8487,88.2946
130.7693,71.4376,78.1849,88.5509
139.7730,66.0793,79.9853,89.5352
160.9867,57.7321,80.0871,86.6274
184.6928,56.3336,80.3174,85.3616
203.8029,61.7460,81.2603,86.1303
224.3027,68.2353,79.4672,86.0916
246.3396,75.1756,78.9174,85.7487
264.6811,83.7051,79.1116,82.3492
272.4485,88.8637,78.5758,85.3812
268.9892,84.8352,79.6887,87.7787
260.3773,81.5367,80.3183,90.4383
251.5234,86.1992,81.5509,88.3351
245.4797,84.6069,81.0947,85.2618
240.6842,77.6714,79.2293,82.7156
245.1321,80.0448,77.5504,80.5608
241.8609,83.0550,76.5115,81.1104
235.7456,81.4583,76.2525,81.3546
227.6425,77.1590,74.9017,79.4827
215.8826,76.5456,72.9588,75.9709
210.3594,77.3885,72.4164,72.1244
205.3026,81.1455,72.0037,68.5777
210.0875,83.4550,71.4923,65.2074
224.3600,90.7934,68.9188,66.8617
242.4197,99.7517,67.8053,69.1463
251.0896,107.3512,68.3933,73.1898
256.3140,106.1570,71.4536,76.9747
252.8618,100.6565,73.7191,80.3380
248.5571,95.9816,74.4925,81.4225
246.3282,93.6130,75.8731,83.9691
248.9595,92.1627,76.2077,86.6007
247.4938,85.2879,76.2895,87.1763
241.8146,76.5839,76.9805,90.3075
208.8657,65.6004,77.7639,84.9858
172.7708,71.0742,77.3105,83.1472
160.1371,76.9407,77.0540,82.0453
154.7968,77.7975,77.6327,81.7142
175.5562,73.1396,77.9890,80.4290
195.9910,72.8604,78.8325,78.2201
237.6689,64.7244,79.6225,80.3913
265.1762,66.2507,83.1241,83.7069
296.4443,66.3489,82.5646,85.6983
296.5196,61.0694,83.5408,87.4766
271.4373,61.2885,83.4754,88.2139
236.2411,56.1945,88.5115,87.7507
192.2801,76.0939,84.7725,84.0628
173.6134,87.9311,81.1514,80.5503
165.4993,100.4998,78.8371,77.8565
179.4510,112.9879,79.2964,76.8975
201.6508,119.7831,79.2361,78.1779
210.1697,114.2738,77.0700,78.7458
223.8506,93.6299,74.5303,82.5458
240.7483,74.2145,72.6490,80.7036
244.5217,71.0761,70.0530,79.4543
228.1688,71.3347,73.3944,76.9223
214.6177,68.3539,74.1858,75.5986
198.8470,91.0062,72.1167,69.6479
200.1282,103.9176,71.1006,66.3333
221.9515,116.2249,68.0288,69.0018
244.7932,123.8650,67.0105,71.0283
268.7358,123.0517,69.4153,72.3244
302.9557,111.9402,71.8680,75.3865
329.5681,97.8352,73.8365,78.9084
337.6256,82.4030,73.6502,83.0652
315.5587,71.6417,73.3253,82.3640
285.0633,72.2982,74.2040,84.0624
254.5750,66.1034,76.6661,87.3422
223.7901,69.8618,77.9261,83.0266
186.7205,75.5476,77.9082,77.1198
160.4090,86.0356,78.2433,74.5553
139.6414,92.8503,76.2388,77.5405
141.9857,97.8369,74.9590,76.3701
144.9083,105.4004,71.9777,74.4854
167.2037,120.3202,71.4948,74.0612
193.7127,130.5331,73.0202,73.2654
207.1610,132.6053,69.3387,71.9609
207.6352,123.2829,68.4966,71.3063
197.9754,92.1922,68.7502,71.7177
179.9193,77.3912,71.3937,70.3287
152.7768,86.7758,70.3365,70.9075
138.1698,92.4656,71.0517,73.9872
127.5101,97.3663,70.7130,76.2747
126.9666,98.9074,70.4849,78.5840
143.7808,95.4891,69.0956,77.7460
162.1456,85.2260,66.4417,80.9874
